58.99119883072908 16.296537067039957 49.00880116927092 15.703462932960045
55.181425410517214 7.741474336243354 46.818574589482786 2.2585256637566458
88.96028133858796 34.9699005603999 95.03971866141204 27.0300994396001
2.301572605699655 5.7101988248411555 11.698427394300346 2.2898011751588445
5.8592217022936115 82.35852451673819 2.1407782977063885 91.64147548326181
53.940050022500735 84.77194933460072 44.059949977499265 83.22805066539928
86.0459852423244 75.03490556183816 79.9540147576756 82.96509443816184
57.55846894122165 75.0195331218716 58.44153105877835 84.9804668781284
19.670391418889274 12.57587027102332 24.329608581110726 21.42412972897668
89.20138089784534 79.15927606473583 82.79861910215466 86.84072393526417
85.88526941184632 27.14717041123789 78.11473058815368 20.85282958876211
47.979496050500046 95.45234840892218 38.020503949499954 94.54765159107782
62.64144932780869 83.01287242839416 63.35855067219131 92.98712757160584
89.89403407837607 39.97607107683506 80.10596592162393 42.02392892316494
65.45288551408764 7.2741615154664006 56.54711448591236 2.7258384845335994
44.966771397618444 47.42451595695509 35.033228602381556 48.57548404304491
86.01811134678124 95.57481128080563 95.98188865321876 96.42518871919437
44.38733216255474 34.80367666176036 41.61266783744526 25.196323338239637
84.40606366398833 10.363599583026227 75.59393633601167 5.636400416973773
39.13070914154735 40.86421545362272 48.86929085845265 43.13578454637728
67.01906615573037 43.02559127962165 58.980933844269636 48.97440872037835
8.761602297335209 57.83184060389326 3.2383977026647917 66.16815939610674
45.10732623691964 64.08279134365415 38.89267376308036 71.91720865634585
20.88565480031854 73.93680802668361 11.114345199681459 76.06319197331639
21.496322163013318 92.57431550543903 14.50367783698668 85.42568449456097
28.50473233029081 81.23179482255874 25.49526766970919 90.76820517744126
21.0267091496088 42.48388168273624 30.9732908503912 43.51611831726376
37.89048652923873 10.07993559582353 36.10951347076127 19.920064404176472
16.289488012406835 67.99161263427689 15.710511987593165 58.0083873657231
94.23259283999302 69.84569034202536 91.76740716000698 60.15430965797463
5.968273842790446 76.89239625710445 8.031726157209555 67.10760374289555
76.78623529534993 64.51678175498387 81.21376470465007 73.48321824501613
69.22807265228967 75.66897014725909 60.77192734771033 70.33102985274091
69.17420340103659 48.24754183196646 60.82579659896341 53.75245816803354
84.9555486293059 65.05837130531862 77.0444513706941 58.94162869468139
51.994881382823884 90.22618570140347 42.005118617176116 89.77381429859653
75.53277160378667 51.88955417318869 66.46722839621333 56.11044582681131
32.46463789348477 58.219326842277496 29.53536210651523 67.7806731577225
74.91449397267183 80.92073285624674 65.08550602732817 79.07926714375326
85.66965989815056 59.42374445574248 90.33034010184944 50.57625554425752
92.48159981398781 8.411342488445015 85.51840018601219 15.588657511554985
25.043612502981794 67.90767999726421 26.956387497018206 58.09232000273579
66.04476150312378 96.66754133885168 75.95523849687622 95.33245866114832
7.358596238126216 12.140599258023196 16.641403761873782 15.859400741976804
68.42927420098577 29.62980242363976 63.57072579901423 38.37019757636024
81.89691406814747 29.98993435402475 72.10308593185253 32.010065645975246
50.84097678975656 74.74902289347955 41.15902321024344 77.25097710652045
8.893168489036093 49.922062274378305 3.106831510963907 58.077937725621695
21.61732746347562 32.96174433066021 20.38267253652438 23.038255669339787
13.134126912539394 80.15033868783354 22.865873087460606 77.84966131216646
2.4589339936972294 46.09253901430807 11.54106600630277 41.90746098569193
30.665948420073526 20.818745312018024 33.334051579926474 11.181254687981976
64.4606827028831 18.531746461784756 71.5393172971169 11.468253538215246
71.45974326441053 21.530804758990985 78.54025673558947 14.469195241009015
92.61762522494746 22.917690611628725 83.38237477505254 19.082309388371275
79.84429814262703 50.78031330476025 88.15570185737297 45.21968669523975
53.543792204137745 26.732355389375027 62.456207795862255 31.267644610624973
16.118218744973547 26.908543444621742 9.881781255026453 19.091456555378258
21.346824011799168 63.957152522208474 22.653175988200832 54.042847477791526
48.18880373368105 30.33957425926855 51.81119626631895 39.66042574073145
52.580145597807025 67.64754655457628 59.419854402192975 60.35245344542371
42.99678971678642 16.418826726565854 47.00321028321358 25.581173273434146
75.3700487092105 74.40259799618018 70.6299512907895 65.59740200381982
34.37910687995793 77.41317693796066 25.62089312004207 72.58682306203934
32.84284516094735 6.756275453692074 23.15715483905265 9.243724546307925
91.44218725689186 74.70376979536785 96.55781274310814 83.29623020463215
20.62905912938701 46.572063446956456 29.37094087061299 51.427936553043544
56.39182726890107 56.67362324931928 49.60817273109893 49.32637675068072
47.51218073281706 53.2264904076561 50.48781926718294 62.7735095923439
94.96250523730549 91.61118063591347 85.03749476269451 90.38881936408653
17.29298414522771 35.00859135206852 16.70701585477229 44.99140864793148
46.884548116918054 12.148060661319667 39.115451883081946 5.851939338680333
34.3440352684079 68.41085354146945 41.6559647315921 61.58914645853055
11.242600822066045 9.298780292420403 18.757399177933955 2.701219707579596
2.1800656226967825 26.773841083719358 9.819934377303218 33.22615891628064
3.400415585354573 19.529698566141303 10.599584414645427 26.470301433858697
93.59835160983204 47.98384174815729 94.40164839016796 38.01615825184271
14.9029263116418 96.0709972769799 9.0970736883582 87.9290027230201
35.58755800047837 26.203646426921036 38.41244199952163 35.79635357307896
72.1362996103559 58.19090307512013 63.86370038964409 63.80909692487987
59.568215356121726 34.70998019997803 54.431784643878274 43.29001980002197
80.9524229735491 37.68811822462648 71.0475770264509 36.31188177537352
42.992595076541775 54.27201912008314 33.007404923458225 53.72798087991686
67.052185476762 25.27949223207857 76.947814523238 26.72050776792143
33.50673467083672 91.83451100056402 24.49326532916328 96.16548899943598
50.073092219818065 21.148190323145624 59.926907780181935 22.851809676854376
24.165338248654862 38.275164989356426 33.83466175134514 35.724835010643574
12.773541806310757 36.512284091836264 3.2264581936892442 39.487715908163736
76.82629403919987 85.6935215856418 67.17370596080013 88.3064784143582
87.70599347816412 5.689267706278903 78.29400652183588 2.3107322937210975
