57.66127678870981 17.95607839008965 56.33872321129019 8.043921609910349
73.58150288457334 10.488959313003356 66.41849711542666 3.5110406869966435
85.17228777768075 27.653973359655687 88.82771222231925 18.346026640344313
3.576043213946374 11.37314915128041 8.423956786053626 2.62685084871959
3.1171021519162454 82.07856815653726 4.882897848083754 91.92143184346274
46.66381848920682 87.40241591786575 39.33618151079318 80.59758408213425
88.3388378178797 68.18258229988149 85.6611621821203 77.81741770011851
49.081488243686 68.0006640774858 48.918511756314 77.9993359225142
24.869029140987223 19.101664267919862 31.130970859012777 26.898335732080138
54.801770617163726 89.60608503123645 45.198229382836274 92.39391496876355
79.90799628611549 23.95476303629565 70.09200371388451 22.04523696370435
56.99950113416834 95.929371327002 47.00049886583166 96.070628672998
60.858595170839635 77.0742701725926 59.141404829160365 86.9257298274074
86.62991191983083 45.88783357704231 77.37008808016917 42.11216642295769
96.99711680494869 3.8302247435596914 87.00288319505131 4.1697752564403086
55.955971352860104 50.33792149284996 46.044028647139896 51.66207850715004
72.22159477782981 92.4720202215787 81.77840522217019 89.5279797784213
50.9624121196913 38.598797524624096 47.0375878803087 29.401202475375904
79.6921336386878 18.727391651217047 70.3078663613122 15.272608348782953
46.21517814497602 47.451027158837796 55.78482185502398 44.548972841162204
67.15222447742293 57.486915711092735 62.847775522577074 66.51308428890727
3.958017628210315 46.03183376737808 10.041982371789684 53.96816623262192
28.82650628359353 77.87557734600269 23.17349371640647 86.12442265399731
20.520906016243284 77.31798944617381 15.479093983756716 68.68201055382619
12.375665697190014 74.39956958067431 7.624334302809986 65.60043041932569
32.37888121206158 88.31446587930904 25.62111878793842 95.68553412069096
19.9603261489133 33.434944624520625 24.0396738510867 42.565055375479375
42.46524631610538 6.75020549015975 33.53475368389462 11.24979450984025
14.366298054704595 86.6970308907138 7.633701945295405 79.3029691092862
95.65023219299127 90.71982348284502 92.34976780700873 81.28017651715498
5.961022619542502 39.59939020802135 2.0389773804574984 30.400609791978653
85.34089944682441 60.8146024455508 94.65910055317559 57.1853975544492
64.40395122581201 73.36753323116464 55.59604877418799 68.63246676883536
61.0244302701054 59.03285305367944 52.9755697298946 64.96714694632055
96.8168615909716 72.13101570770542 91.1831384090284 63.86898429229458
40.51031674197451 88.4394275220109 33.48968325802549 95.5605724779891
72.87027244502636 59.905914498777236 67.12972755497364 68.09408550122276
37.115725246223676 58.46969022223736 32.884274753776324 67.53030977776264
77.99988498777499 81.96608674267563 68.00011501222501 82.03391325732437
93.71492700592634 46.94862398816046 92.28507299407366 37.05137601183954
95.55607727563496 11.248303091289124 92.44392272436504 20.751696908710876
19.005386688055026 65.00716884927202 26.994613311944974 58.99283115072798
78.00543762042942 96.23312365083407 87.99456237957058 95.76687634916593
10.240197225376491 8.46889662442853 19.75980277462351 11.53110337557147
77.57017611519014 4.018509115932565 78.42982388480986 13.981490884067435
80.31498218870493 32.526050021507714 71.68501781129507 27.473949978492286
47.38663149422006 62.6063693702364 42.61336850577994 71.3936306297636
2.334782642553507 67.044448984487 3.665217357446493 76.955551015513
35.659239968187926 31.988374745417534 36.340760031812074 22.011625254582466
2.4772820323111606 51.683068907719296 7.522717967688839 60.316931092280704
21.555297357392057 48.70988681092091 30.444702642607943 53.29011318907909
23.784236498938196 8.688370901329487 32.21576350106181 3.311629098670514
82.34344182039096 11.988190825941459 81.65655817960904 2.0118091740585404
59.71466364135193 23.76915972207932 66.28533635864807 16.23084027792068
66.74171143209603 11.316563818008317 59.258288567903975 4.6834361819916825
81.3711768192959 48.1094984893483 90.6288231807041 51.8905015106517
61.902754844416414 32.13423969337161 70.09724515558358 37.86576030662839
31.76570097425545 21.165440927561264 26.23429902574455 12.834559072438735
14.955756739971859 62.966432020566245 21.04424326002814 55.033567979433755
60.61687924278213 37.59412127744437 69.38312075721787 42.40587872255563
53.52523439019509 85.77755862299321 56.47476560980491 76.22244137700679
45.01759210857578 11.986866166052952 50.98240789142422 20.013133833947048
81.14981504844788 77.86599685104325 78.85018495155212 68.13400314895675
22.20301292451756 93.48851134056812 17.79698707548244 84.51148865943188
22.991182286420056 2.703184596547541 13.008817713579942 3.296815403452459
87.98483155936476 84.42407428427124 92.01516844063524 93.57592571572876
9.812142046152227 43.504082121103075 14.187857953847773 52.495917878896925
87.92828122759606 55.15617291953603 78.07171877240394 56.84382708046397
41.7664483761402 61.32243010373638 38.2335516238598 70.67756989626362
68.59798229944884 87.52803753291417 61.40201770055115 94.47196246708583
19.23008283124348 18.837361548461377 24.76991716875652 27.162638451538623
53.92371243011458 3.8700895962688233 44.07628756988542 2.1299104037311767
23.809203476477233 72.49448668843513 28.190796523522767 63.50551331156487
6.317788700301179 25.82321811048998 3.682211299698821 16.17678188951002
10.217293315229456 24.845900397615225 15.782706684770544 33.154099602384775
11.421248553315582 16.71630521906345 16.578751446684418 25.28369478093655
84.3444816436551 32.823773240766435 93.6555183563449 29.17622675923357
16.24669059200746 96.80249920444045 9.75330940799254 89.19750079555955
40.615641228130904 35.01479505591924 41.384358771869096 44.98520494408076
76.92126037378969 48.116146882470076 67.07873962621031 49.883853117529924
59.867321357979165 44.12998571933204 62.132678642020835 53.87001428066796
88.73013386762524 41.62044240698171 79.26986613237476 38.37955759301829
54.99998927927081 57.01035408986834 45.00001072072919 56.98964591013166
57.02125782159227 27.539428267319952 66.97874217840773 28.460571732680048
33.81883495626696 77.1415178152572 36.18116504373304 86.8584821847428
44.04969905543942 20.93485360098351 51.95030094456058 27.06514639901649
29.80109169493203 33.15721641830207 36.19890830506797 40.84278358169793
18.300670480046495 45.75573885968522 11.699329519953505 38.24426114031478
73.28170352326977 67.16706754874042 70.71829647673023 76.83293245125958
90.45732282945856 10.387948110435747 83.54267717054144 17.612051889564253
