95.01170819253133 26.901354843641737 96.98829180746867 17.098645156358263
68.75919258128239 48.29673643727117 61.24080741871761 41.70326356272883
59.54212905114403 20.305528990417965 54.45787094885597 11.694471009582035
18.048645127007298 44.30423788426546 27.951354872992702 45.69576211573454
2.1171021519162454 61.07856815653726 3.8828978480837546 70.92143184346274
17.06945232807451 92.05115913567612 22.93054767192549 83.94884086432388
96.83506079334023 76.34891927776506 93.16493920665977 85.65108072223494
65.00446130049357 72.00334986597069 58.995538699506426 79.99665013402931
14.817617771213797 35.259985603626625 23.182382228786203 40.740014396373375
87.60608503123647 71.19822938283626 90.39391496876353 80.80177061716374
82.62111006358924 27.806106796905905 85.37888993641076 18.193893203094095
80.86808120645091 64.14095809186817 71.13191879354909 61.85904190813183
83.70556169428178 79.94996794894293 82.29443830571822 70.05003205105707
68.15853304291652 23.99748609545876 67.84146695708348 14.00251390454124
82.87078524863698 12.129358694862022 73.12921475136302 9.870641305137978
3.295729654759294 34.00875326483493 2.704270345240706 43.99124673516507
60.003428119310655 96.18512007212765 69.99657188068934 95.81487992787235
14.722085201405372 53.338574808728886 7.277914798594628 46.661425191271114
71.96494108341649 4.40893313559032 62.03505891658351 5.59106686440968
16.472481269001037 71.45646904875215 23.527518730998963 78.54353095124785
61.61452848955893 66.39426053766432 66.38547151044108 57.60573946233567
27.827506073968646 79.06895206902782 26.172493926031354 88.93104793097218
24.211402254382655 50.004471090380726 23.788597745617345 59.995528909619274
77.99773939037993 90.15033624261883 68.00226060962007 89.84966375738117
49.99989685838837 89.96788449785305 40.00010314161163 90.03211550214695
60.9680019577095 84.43523761793598 51.0319980422905 85.56476238206402
19.78103986188804 27.17399743475697 26.21896013811196 34.82600256524303
43.263206851008896 40.78833486475636 36.736793148991104 33.21166513524364
8.300204430120242 74.20845623487493 13.699795569879758 65.79154376512507
31.164290865494177 12.728812694188248 40.83570913450582 15.271187305811752
42.01164564711481 53.01546506459978 49.98835435288519 46.98453493540022
55.20047570711647 54.40162996615398 64.79952429288353 51.59837003384602
88.62730053059273 60.894225382465414 79.37269946940727 57.105774617534586
86.12222611411411 43.998505854455765 85.87777388588589 34.001494145544235
85.38528394086441 49.40193354570784 76.61471605913559 44.59806645429216
53.02409516867532 77.03239859929877 44.97590483132468 82.96760140070123
37.115736070619334 86.46969527741453 32.884263929380666 95.53030472258547
31.427301522303466 65.71266719942831 36.572698477696534 74.28733280057169
40.96084222320095 84.05151255657069 33.03915777679905 77.94848744342931
72.76088813608492 73.70519796833622 65.23911186391508 80.29480203166378
59.02619522549449 10.511141922665535 68.97380477450551 9.488858077334465
19.77511313980736 80.72150632429253 12.22488686019264 87.27849367570747
80.80801650011642 86.15146244185262 87.19198349988358 93.84853755814738
9.276352618204447 39.99235708162102 8.723647381795553 30.00764291837898
79.65268941169029 22.414360856987102 72.34731058830971 15.585639143012898
84.06636172128445 54.18808046285816 93.93363827871555 55.81191953714184
66.0093842933796 66.69380583148306 75.9906157066204 67.30619416851694
43.901680377169484 67.37575825209272 40.098319622830516 76.62424174790728
28.804085732903694 93.61408504196282 19.195914267096306 96.38591495803718
50.03413596314663 69.41673816558394 59.96586403685337 70.58326183441606
13.10945915419508 30.920054573066547 14.89054084580492 21.079945426933453
12.315861725025345 10.25104356231567 21.684138274974657 13.74895643768433
25.06072367307403 3.776884396978522 34.93927632692597 2.223115603021478
52.1489215569722 51.20957890022108 43.8510784430278 56.79042109977892
96.68173872960143 10.75536961001095 87.31826127039857 7.24463038998905
74.93628582196402 52.60985869801463 71.06371417803598 43.39014130198537
25.87000328744274 26.094274188432898 20.12999671255726 17.905725811567102
20.593366555523826 68.73932305500882 17.406633444476174 59.26067694499118
12.713023921961334 95.66955248824954 3.2869760780386663 92.33044751175046
94.85645677274476 67.1894652640836 85.14354322725524 64.8105347359164
30.803496260968373 34.14527253056535 33.19650373903163 43.85472746943465
77.0333202053029 3.57627408144703 86.9666797946971 2.42372591855297
45.767791030762034 15.322937367154754 42.232208969237966 24.677062632845246
49.794438024854955 31.936483386446728 48.205561975145045 22.063516613553272
34.998500501222445 7.8775551582181365 25.001499498777555 8.122444841781864
87.0071208815927 84.99466922931433 92.9928791184073 93.00533077068567
58.65373423325291 63.413242762060115 51.34626576674709 56.586757237939885
51.47850080582934 38.237118497995354 54.52149919417066 47.762881502004646
57.93900491486219 34.08309771872856 66.06099508513782 39.91690228127144
93.86642116705002 49.924359284342245 92.13357883294998 40.075640715657755
26.42512742745718 67.74550064590159 29.57487257254282 58.254499354098414
55.4931469652451 7.193542875967714 46.5068530347549 2.8064571240322858
53.453794334775424 20.245081699878806 56.546205665224576 29.754918300121194
10.264472876293482 3.3953870059606692 19.735527123706518 6.60461299403933
7.023927609354471 88.89403435325107 4.976072390645529 79.10596564674893
11.400415585354573 43.5296985661413 18.599584414645427 50.4703014338587
42.0014765694089 95.12150520084268 51.9985234305911 94.87849479915732
63.99826765215138 90.13160728496987 54.00173234784862 89.86839271503013
2.7739501665929587 14.994887533550346 3.2260498334070413 5.0051124664496545
62.79390265656449 25.513003843183416 67.2060973434355 34.48699615681659
7.296081254000407 9.049798145627761 8.703918745999593 18.95020185437224
94.3542618491047 34.41106009320323 89.6457381508953 25.58893990679677
29.510578338481302 51.7988427713844 38.4894216615187 56.2011572286156
72.8006266976668 36.996023447334565 73.1993733023332 27.003976552665435
7.925272987063803 63.913641205807565 6.074727012936197 54.086358794192435
31.001080443941028 29.10393878992537 40.99891955605897 28.89606121007463
40.37145399871611 8.108819967851034 49.62854600128389 11.891180032148966
28.002174628155846 21.852549830278708 37.99782537184416 22.147450169721292
78.7777585521595 82.5258822240856 69.2222414478405 85.4741177759144
81.67392209287144 32.04562526520856 80.32607790712856 41.95437473479144
