59.98526336155405 3.3836003336115126 50.01473663844595 2.6163996663884874
63.77509681863563 11.482717226127704 54.22490318136437 8.517282773872296
87.18047364346722 7.668772859844772 96.81952635653278 10.331227140155228
30.602565060532896 46.953559536733344 21.397434939467104 43.046440463266656
17.99947613044095 94.07237693797875 8.00052386955905 93.92762306202125
65.5984708399162 72.03682249033858 56.401529160083804 75.96317750966142
87.56021952597239 89.3712384632635 94.43978047402761 96.6287615367365
32.951523495403016 73.06574745604163 41.048476504596984 78.93425254395837
28.86729383425855 23.14431233978696 19.13270616574145 20.85568766021304
67.59610344512441 93.03128642974264 58.40389655487559 96.96871357025736
52.69871324463461 19.2905866957651 43.30128675536539 22.7094133042349
55.875565512429475 91.89145999891376 46.124434487570525 94.10854000108624
75.71497699600488 79.80132164709366 70.28502300399512 88.19867835290634
89.78616951533931 61.55342426038709 80.21383048466069 64.44657573961291
79.34406869539767 14.988147625406384 78.65593130460233 5.011852374593616
30.643536498719847 51.546181391786696 39.35646350128015 56.453818608213304
76.05990664287842 92.22832803412128 85.94009335712158 93.77167196587872
29.019864952132266 3.4452582452908147 38.98013504786773 2.5547417547091853
95.6921336386878 15.727391651217047 86.3078663613122 12.272608348782953
55.17331369100553 51.69497154262241 64.82668630899447 54.30502845737759
44.663454735568216 57.181945749981125 47.336545264431784 66.81805425001887
7.3331336452394185 77.28602539725051 10.666866354760582 86.71397460274949
25.30279725360281 81.56185570212061 20.69720274639719 90.43814429787939
13.67401393227751 34.426035337947596 18.32598606772249 25.573964662052404
26.736952662448914 72.83784160789759 29.263047337551086 63.16215839210241
31.487616932093125 58.84630572075159 40.512383067906875 63.15369427924841
33.78402692473417 37.15011242602176 36.21597307526583 46.84988757397824
39.54511100537986 19.029803425234192 38.45488899462014 28.970196574765808
23.059094326758807 76.55632862659287 18.940905673241193 67.44367137340713
94.09694941319862 89.92541772708188 87.90305058680138 82.07458227291812
3.0952666136627167 45.999092344848336 2.9047333863372833 36.000907655151664
91.32973861638698 71.77274271623017 96.67026138361302 80.22725728376983
82.4040132613682 83.38414418549 77.5959867386318 74.61585581451
41.115718890058645 72.839165021272 32.884281109941355 67.160834978728
82.79928751014317 55.59755948611581 73.20071248985683 58.40244051388419
51.38391616440629 78.31908823899977 44.61608383559371 85.68091176100023
70.04903124740362 63.39633614102935 73.95096875259638 72.60366385897065
29.7945530107946 85.33314029657544 26.2054469892054 94.66685970342456
56.08550602732819 47.0792671437532 65.91449397267182 48.9207328562468
94.98912636356633 44.32957264505319 85.01087363643367 43.67042735494681
95.2227867183441 23.17722015176588 88.7772132816559 30.82277984823412
46.28267943233963 40.34387915410369 53.71732056766037 33.65612084589631
80.07761304711691 70.89921290768739 87.92238695288309 77.10078709231261
3.1665886103868637 22.720103778129644 12.833411389613136 25.279896221870356
66.9599117388437 24.09300810540408 65.0400882611563 33.90699189459592
79.53136845844034 40.243063116762016 88.46863154155966 35.756936883237984
57.09726133341499 29.92886892454784 62.90273866658501 38.071131075452165
12.401440848222048 76.26242586989217 15.598559151777952 85.73757413010783
95.999091667151 48.90469783097233 86.000908332849 49.09530216902767
9.583261834416067 36.03413596314663 8.416738165583933 45.96586403685337
21.559819669296235 29.21190219240939 24.440180330703765 38.78809780759061
18.52631961349018 12.232976443977266 27.47368038650982 7.767023556022734
73.2889235070729 38.8310119222493 70.7110764929271 29.168988077750697
73.03939511447373 24.906856249565813 74.96060488552627 15.093143750434187
69.82821720579098 12.123249620974683 64.17178279420902 3.876750379025318
43.39014130198541 27.936285821964102 52.60985869801459 24.063714178035898
85.28450205125347 28.422590026246354 76.71549794874653 33.577409973753646
26.066381881463563 57.09061202413552 17.933618118536437 62.90938797586448
12.846948347063034 46.51268972784363 17.153051652936966 37.48731027215637
67.77019407874474 39.18314871772236 74.22980592125526 46.81685128227764
62.94699326170634 81.92799186804646 71.05300673829366 76.07200813195354
47.42651805429301 8.502825885989349 54.57348194570699 15.497174114010651
56.556709487469845 71.29285180970327 65.44329051253015 66.70714819029673
18.639580070304408 78.72353439630332 15.360419929695592 69.27646560369668
13.995602248240399 2.7903379448363164 4.0043977517596 3.2096620551636836
95.06583951029747 54.08804069851157 96.93416048970253 63.91195930148843
9.091708293752601 53.00084111186122 8.908291706247399 62.99915888813878
61.996027973571614 60.199259848664866 52.003972026428386 59.800740151335134
51.18627354914073 85.64795057179931 60.81372645085927 88.35204942820069
93.92435928434226 67.13357883295006 84.07564071565774 68.86642116704994
45.03405515880249 2.025769345729413 38.96594484119751 9.974230654270587
33.34704789386353 7.285532286291387 26.652952106136468 14.714467713708613
26.940779161379513 53.07737868993028 19.059220838620487 46.92262131006972
2.5561644542285773 72.2917952880086 11.443835545771423 67.7082047119914
16.964652246300687 17.406511943421325 7.035347753699312 18.593488056578675
3.007071532918416 14.265829499127438 12.992928467081583 13.734170500872562
79.61039912727503 19.605964875326137 88.38960087272497 24.394035124673863
41.899767573553994 95.00386862053804 32.100232426446006 96.99613137946196
40.96432782457223 40.00012725202928 41.03567217542777 49.99987274797072
64.70386306110454 43.69519093389983 55.29613693889546 40.30480906610017
80.76820697410064 46.71357090441018 73.23179302589936 53.28642909558982
67.66509306592168 19.200859458994543 58.33490693407831 22.799140541005457
34.23474455740333 32.65837140624535 25.765255442596672 27.34162859375465
43.4579969282658 33.090504268437904 52.5420030717342 28.909495731562096
30.518948465278772 79.78185276792263 39.48105153472123 84.21814723207737
13.635012317222637 8.438623080593207 22.36498768277736 3.5613769194067926
33.23718026116499 14.058531994837598 34.76281973883501 23.941468005162402
3.3757725835355044 63.985859501175604 2.6242274164644956 54.014140498824396
47.205163710290186 46.063580723585126 48.794836289709814 55.936419276414874
95.94185859725043 3.760285212786598 86.05814140274957 2.239714787213402
