92.82047563806461 14.327785608758267 83.17952436193539 11.672214391241733
60.77144603343756 60.67567951752666 57.22855396656244 51.32432048247334
78.18436434843437 43.85484418575124 71.81563565156563 36.14515581424876
30.00075970318984 22.912842356907355 39.99924029681016 23.087157643092645
2.1171021519162454 61.07856815653726 3.8828978480837546 70.92143184346274
18.299627567008443 74.70199251266123 21.700372432991557 65.29800748733877
92.43671237491859 67.03183061365354 93.56328762508141 76.96816938634646
60.2040055920683 70.14712759963048 57.7959944079317 79.85287240036952
14.74915250850945 37.63254546097281 23.25084749149055 32.36745453902719
80.6421998329639 59.29524926098229 87.3578001670361 66.70475073901771
91.12404249871022 45.8720148256233 88.87595750128978 36.1279851743767
78.9269002203333 68.14814659777652 69.0730997796667 69.85185340222348
78.96365605248111 88.9062579439443 77.03634394751889 79.0937420560557
75.9823402360533 30.5801360074925 66.0176597639467 31.4198639925075
72.98814762540638 2.655931304602424 63.01185237459361 3.344068695397576
6.424515956955144 35.03322860238155 7.575484043044856 44.96677139761845
69.79859552535079 86.51069957131465 74.20140447464921 95.48930042868535
11.70528816428947 68.95000692982477 10.29471183571053 59.04999307017523
89.80120058733371 20.395877115002033 80.19879941266629 17.604122884997967
17.72073586036878 64.30542141413727 14.27926413963122 73.69457858586273
56.7513804029456 66.68323250374975 53.2486195970544 57.31676749625026
39.75319075853807 77.31744491071629 36.24680924146193 86.68255508928371
7.6853152679030385 25.568043931738806 12.31468473209696 34.431956068261194
87.94791811374873 95.28020395969605 78.05208188625127 96.71979604030395
31.958714490237135 85.35878973471077 22.041285509762865 86.64121026528923
54.253121569404534 71.15957787664205 51.746878430595466 80.84042212335795
23.71475717330975 11.230758754115062 30.28524282669025 18.76924124588494
54.92610091985708 39.09608326230052 47.07389908014292 32.90391673769948
6.895654766932856 63.91912619664006 5.104345233067144 54.08087380335994
54.49569043508026 15.829471183473347 63.50430956491974 20.170528816526655
15.09034277431475 58.053815067612774 24.90965722568525 59.946184932387226
69.36643743980578 42.04030258157616 70.63356256019422 51.95969741842384
71.99610339955865 65.19735962332386 62.00389660044135 64.80264037667614
84.10579003151155 42.918426760852306 77.89420996848845 35.081573239147694
92.42653556135465 52.32503396191595 83.57346443864535 47.67496603808405
56.71590402871268 89.33860023113897 47.28409597128732 92.66139976886103
51.41610739739312 67.65521952953165 42.58389260260688 72.34478047046835
28.272541934718994 65.54628771080309 23.727458065281006 74.45371228919691
77.97790318075886 73.53044710309605 68.02209681924114 74.46955289690395
88.09562555546408 82.46035755468716 83.90437444453592 91.53964244531284
50.36842444976095 7.116251629747796 59.63157555023905 10.883748370252205
25.53254698696501 78.88907181293288 16.46745301303499 83.11092818706712
91.48213197915514 86.23596004726068 94.51786802084486 95.76403995273932
2.635944052473357 25.8103379685857 5.3640559475266425 16.1896620314143
88.99999642723162 3.005977262830736 79.00000357276838 2.994022737169264
96.8978997383184 33.08128308804748 95.1021002616816 42.91871691195252
47.39134515567308 84.98466136955473 46.60865484432692 75.01533863044527
41.32395223444726 86.1784701099234 38.67604776555274 95.8215298900766
12.992720357844592 77.73029010332549 3.0072796421554084 78.26970989667451
30.522786991542375 78.34320339274231 35.477213008457625 69.65679660725769
37.979503640339615 64.02713573804078 30.02049635966038 57.97286426195922
11.9793950257107 17.027671680194107 20.0206049742893 22.972328319805893
52.80956522842099 24.27231665599879 61.19043477157901 29.72768334400121
54.19786091675738 44.50896366184926 49.80213908324262 53.49103633815074
96.64804382620439 11.957826055774685 95.35195617379561 2.042173944225315
77.77422454052761 55.674625897308744 74.22577545947239 46.325374102691256
35.87000328744274 36.0942741884329 30.12999671255726 27.905725811567102
22.958161269530642 50.64547410895117 13.041838730469358 49.35452589104883
22.39382322631128 91.3862769026095 13.60617677368872 86.6137230973905
73.98273909331515 58.41510375564296 64.01726090668485 57.58489624435704
9.47402662966369 21.45493134175384 16.52597337033631 28.54506865824616
69.02203995655586 9.53105031626662 78.97796004344414 10.46894968373338
40.148776607707404 34.002213938052265 39.851223392292596 43.997786061947735
19.96422918855861 54.59701638458483 10.035770811441392 53.40298361541517
46.39810776283696 7.621629106620818 37.60189223716304 12.37837089337918
82.8015997024551 54.15679358651337 89.1984002975449 61.84320641348663
35.9958522262733 45.994477585213055 28.004147773726704 52.005522414786945
58.75215416587663 41.53377238533298 63.24784583412337 50.46622761466702
44.84878818232004 15.134333411460048 47.15121181767996 24.865666588539952
96.34693911267169 65.98794880207271 95.65306088732831 56.01205119792729
40.61994838525836 57.98553515383577 41.38005161474164 48.01446484616423
36.98113675592811 3.566091462699834 27.018863244071888 4.433908537300166
48.0384057645007 40.10901712656324 45.9615942354993 49.89098287343676
11.225710226064718 5.4853138235729855 20.77428977393528 2.5146861764270145
10.680042794295103 94.95353831093767 9.319957205704897 85.04646168906233
20.091072870453758 39.050034507571525 29.908927129546242 40.949965492428475
61.08885187394111 89.06512196473166 66.91114812605889 80.93487803526834
87.90410318479248 70.92984217848027 82.09589681520752 79.07015782151973
14.483652107093592 11.145367500042791 23.51634789290641 6.8546324999572095
62.1933650057485 37.337804165680524 65.8066349942515 46.662195834319476
18.003336324549547 45.182625612754556 27.996663675450453 44.817374387245444
94.74613237562711 27.993550963922893 95.25386762437289 18.006449036077107
45.7159088320279 54.16770138833122 48.2840911679721 63.83229861166878
74.99874207266981 26.112150305040576 65.00125792733019 25.887849694959424
3.8834501011490077 92.99864142753587 4.116549898850992 83.00135857246413
45.00108044394103 3.1039387899253685 54.99891955605897 2.8960612100746315
66.08816422859242 16.93480979601249 75.91183577140758 15.06519020398751
27.384555357747708 8.546225247818091 34.61544464225229 15.453774752181909
63.949539241828106 94.29143716326377 54.050460758171894 95.70856283673623
79.71033205533782 22.55506797541442 84.28966794466218 31.44493202458558
