65.99561393238945 6.209383472405158 56.004386067610554 5.790616527594842
62.018199169195945 24.895229356409022 59.981800830804055 15.104770643590978
71.03272651152736 67.57113403918589 80.96727348847264 66.42886596081411
2.2842060128581014 4.654424556952854 9.715793987141899 11.345575443047146
2.7759511155278753 60.15214435771623 5.224048884472125 69.84785564228376
40.96420152338685 69.90615077451749 39.03579847661315 60.09384922548252
96.94467268489241 84.74176279178653 87.05532731510759 83.25823720821347
66.64754507374997 86.58797599508321 71.35245492625003 95.41202400491679
20.99476972154858 43.99301360113447 29.00523027845142 38.00698639886553
95.84749243909917 92.77451354439296 86.15250756090083 95.22548645560704
83.99999994648938 20.000731509513336 74.00000005351062 19.999268490486664
43.875565512429475 73.89145999891376 34.124434487570525 76.10854000108624
53.709128037782314 84.43320865595699 62.290871962217686 89.56679134404301
75.93019952870314 28.090878785164755 68.06980047129686 21.909121214835245
84.72912908553006 3.3766275558598204 75.27087091446994 6.62337244414018
6.494437091722805 36.22855810274472 3.5055629082771946 45.77144189725528
75.23343417797534 89.28830988630264 82.76656582202466 82.71169011369736
36.05529843979287 56.90994286750286 37.94470156020713 47.09005713249714
96.3393041414469 6.51596305018991 87.6606958585531 11.48403694981009
23.011322349519844 27.0000128195763 22.988677650480156 36.9999871804237
77.34773262853608 58.95727216078798 78.65226737146392 49.04272783921202
23.08444311440111 74.11901822051874 20.91555688559889 83.88098177948126
43.7324191308454 43.053934673220375 42.2675808691546 52.946065326779625
47.97880837800581 94.5401444410479 38.02119162199419 95.4598555589521
10.574315505439092 89.50367783698674 3.4256844945609086 96.49632216301326
48.087744816639066 85.88643943687208 55.912255183360934 92.11356056312792
48.246748502295816 43.55132208118524 57.753251497704184 40.44867791881476
33.920064404176486 15.890486529238656 24.079935595823518 14.109513470761344
17.57154836311006 87.74660254733911 14.428451636889937 78.25339745266089
89.18505550717 64.23205793831518 96.81494449283 57.76794206168483
8.945399413482178 61.04037402910409 3.0546005865178207 52.95962597089591
89.51482026021378 70.22566851375728 92.48517973978622 79.77433148624272
76.99189806845116 72.2845235916291 67.00810193154884 71.7154764083709
82.82045969512573 31.672156512359873 73.17954030487427 34.32784348764013
87.09816494646209 78.92445842945413 80.90183505353791 71.07554157054587
85.79639199174571 90.58768846867358 76.20360800825429 93.41231153132642
66.72854226575562 65.37491906633463 57.27145773424438 68.62508093366537
26.72563241364663 59.80823092887038 21.27436758635337 68.19176907112961
70.91449397267183 82.92073285624674 61.08550602732817 81.07926714375326
69.03495956025033 78.40976832374875 78.96504043974967 79.59023167625125
52.976884941671855 24.427582099067727 57.023115058328145 33.57241790093227
2.964136862803713 90.566756101064 7.035863137196287 81.433243898936
51.177849732968305 71.67830911247518 60.822150267031695 74.32169088752482
14.105039672869857 2.864831097040822 21.894960327130143 9.135168902959178
71.1512449125027 42.11803458265973 64.8487550874973 49.88196541734027
95.96325051239761 35.972699862094295 90.03674948760239 44.027300137905705
34.74717711147991 91.84049943807456 37.25282288852009 82.15950056192544
16.507445616732525 47.835991217162295 7.492554383267473 52.164008782837705
6.908857475890721 47.874465662940636 15.09114252410928 42.125534337059364
13.341577457278927 93.81634231725964 22.658422542721073 90.18365768274036
31.458341058350534 46.021051971125814 30.541658941649466 55.978948028874186
12.449273084264163 16.928554963703505 21.550726915735837 21.071445036296495
75.21691378136904 44.456738214348306 84.78308621863096 41.543261785651694
62.98734957383457 10.35544933305901 53.01265042616543 9.64455066694099
96.90662827217821 21.917115534140635 95.09337172782179 12.082884465859365
83.9811452055377 62.9999644495462 84.0188547944623 53.0000355504538
70.03131698628343 7.431219932932162 65.96868301371657 16.568780067067838
17.691259200681472 27.372625907714102 10.308740799318528 20.627374092285898
29.82469582949138 88.93151871017636 28.17530417050862 79.06848128982364
58.18880373368105 45.33957425926855 61.81119626631895 54.66042574073145
42.412693673414644 57.517007993227566 49.587306326585356 64.48299200677243
75.01623409703345 15.40258840572961 84.98376590296655 14.59741159427039
72.88700880188752 51.00127686412329 73.11299119811248 60.99872313587671
18.420555665495797 71.33638344632318 9.5794443345042 66.66361655367682
49.99486572561608 6.226531196672178 40.00513427438392 5.773468803327822
86.47881307171073 46.450177100749286 93.52118692828927 53.549822899250714
10.503852180691428 26.66765120700548 15.496147819308572 35.332348792994516
53.21410057632171 47.51694762043405 48.78589942367829 56.48305237956595
61.191004220079364 29.065881453788265 62.808995779920636 38.934118546211735
96.12295481898255 77.87226564080038 93.87704518101745 68.12773435919962
13.654281872260071 61.47279880989792 22.34571812773993 56.52720119010208
34.774779247782725 22.7211218945333 27.225220752217275 29.2788781054667
40.06174277840626 32.783336207115 49.93825722159374 31.216663792885
27.154517904993938 5.233411231899419 36.84548209500606 2.7665887681005805
18.84099949066497 53.87565681943345 25.15900050933503 46.12434318056655
2.128714819717864 23.906624691835333 7.871285180282136 32.09337530816467
63.60596487532609 61.38960087272494 68.39403512467392 52.61039912727506
63.95731859842341 95.34808565460995 54.04268140157659 96.65191434539005
10.825755639977562 6.1368183135055965 17.17424436002244 13.863181686494404
66.20216933380804 26.0640637941639 67.79783066619196 35.9359362058361
31.397655881664335 34.53256335990224 38.602344118335665 41.46743664009776
95.83524577078016 29.20794168863976 88.16475422921984 22.79205831136024
56.219653413568004 55.15103665194591 53.780346586431996 64.84896334805408
47.49115543666541 10.42063780583166 40.50884456333459 17.57936219416834
31.67854738616904 62.57158518635196 36.32145261383096 71.42841481364803
49.84045292690439 14.124788742159602 56.15954707309561 21.875211257840398
35.38972180916177 28.45917495723443 42.61027819083823 21.54082504276557
51.8656915140745 36.848893536694604 42.1343084859255 39.151106463305396
50.89338826481192 81.02701085184188 41.10661173518808 78.97298914815812
91.2284600059078 4.331643581071278 82.7715399940922 9.668356418928722
