96.052353712539 34.99972590136533 95.947646287461 25.00027409863467
81.16353422541397 24.12804297484664 74.83646577458603 31.87195702515336
40.93227561409692 13.820156854866704 31.06772438590308 12.179843145133296
31.06115820457829 42.04514633869808 36.93884179542171 33.95485366130192
3.59456800659794 85.03547697300837 2.40543199340206 94.96452302699163
14.381947626361955 87.73095196722227 17.618052373638044 78.26904803277773
94.65535338032451 80.04313486698526 93.34464661967549 89.95686513301474
67.90696429570721 72.00086563916044 68.09303570429279 81.99913436083956
22.368811448850952 29.013620740938727 21.631188551149048 38.98637925906127
81.50635947958382 64.02570607247264 80.49364052041618 73.97429392752736
72.62714909903141 19.727830983603504 69.37285090096859 10.272169016396496
69.96473063719782 52.40716806760317 60.03526936280218 53.59283193239683
88.8778832752729 86.92232881418909 87.1221167247271 77.07767118581091
61.94482262456907 44.8873920148049 64.05517737543093 35.1126079851951
96.98814762540638 15.655931304602424 87.01185237459362 16.344068695397574
11.14038402567763 62.17649164132638 20.85961597432237 59.82350835867362
52.09390336994911 96.9644769860413 61.90609663005089 95.0355230139587
20.20040516810294 74.48979031761905 15.799594831897059 65.51020968238095
48.999525927696354 2.9311487233818605 39.000474072303646 3.0688512766181395
6.598297584849881 64.33551904374414 13.401702415150119 71.66448095625586
45.997199032553084 73.89955039666654 44.002800967446916 64.10044960333346
28.045631274412393 87.03463366883699 21.954368725587607 94.96536633116301
21.522342299381272 67.77500977168667 30.477657700618728 72.22499022831333
77.57986434364919 81.50935947409803 70.42013565635081 88.49064052590197
47.652713052655905 92.81506156570362 50.347286947344095 83.18493843429638
63.91382613596699 78.88841439497132 56.08617386403301 85.11158560502868
33.652291804762434 31.585213832043774 26.347708195237566 38.41478616795622
47.54171390836273 36.97895308857312 48.45828609163727 27.02104691142688
3.0278504587376256 60.999922434593174 2.9721495412623744 51.000077565406826
34.32365664170345 6.230307146616758 43.67634335829655 9.769692853383242
50.06488021470561 56.08461217584717 57.93511978529439 49.91538782415283
68.20047570711647 45.40162996615398 77.79952429288353 42.59837003384602
96.9995854180974 71.93561329991473 87.0004145819026 72.06438670008527
91.75245816803361 33.17420340103654 86.24754183196639 24.825796598963457
95.59259984422103 50.0231270473647 86.40740015577897 53.9768729526353
67.55315805925721 64.93390424050067 58.44684194074279 69.06609575949933
42.42660032632174 82.62831715968608 37.57339967367826 91.37168284031392
25.018774022332682 77.43288307822354 34.981225977667314 76.56711692177646
36.68263980996023 83.43055772444269 41.31736019003977 74.56944227555731
77.22866366903958 76.81781755879244 70.77133633096042 69.18218244120756
55.76589796114015 6.340605346225796 64.23410203885986 11.659394653774203
7.732174124723595 71.54388444949788 12.267825875276404 80.45611555050212
46.0527197091743 78.27583308277194 55.9472802908257 79.72416691722806
17.54590893941075 38.525128337154115 10.45409106058925 31.474871662845885
55.72472334312629 24.45231581704236 60.27527665687371 15.547684182957637
81.92159738709412 58.107486883859906 90.07840261290588 63.892513116140094
59.64775219446301 63.46128808537287 68.35224780553699 58.53871191462713
45.30357997309636 56.246820100054265 38.69642002690364 63.753179899945735
24.651279506381655 83.58413144774607 17.348720493618345 90.41586855225393
25.103867193437097 58.98615408443962 34.8961328065629 61.01384591556038
14.641281656215506 28.426524171826088 7.358718343784494 21.573475828173912
17.784236498938196 24.688370901329485 26.215763501061804 19.311629098670515
26.284869723417764 11.696629444010984 29.715130276582236 2.303370555989015
50.31075362971899 64.0477339084966 51.68924637028101 73.9522660915034
92.26078169097579 7.616436389795374 83.73921830902421 2.383563610204626
75.0483660755307 51.06342770879016 82.9516339244693 44.93657229120984
35.95097924043003 25.301569931323897 26.04902075956997 26.698430068676103
11.46853000185714 51.311804685801825 16.53146999814286 42.688195314198175
17.58508113825217 94.9942494717673 8.414918861747827 91.0057505282327
77.40587872255563 54.61687924278214 72.59412127744437 63.38312075721786
41.536068850592336 30.02882004073232 40.463931149407664 39.97117995926768
77.05340500791654 8.271166696497216 86.94659499208346 9.728833303502784
50.36056440583164 20.553476331078283 41.63943559416836 25.446523668921717
41.83282902977783 49.28209343221806 32.16717097022217 46.71790656778194
11.796489669821902 14.588020238356169 2.203510330178097 17.41197976164383
84.09576796261956 93.02608618269821 93.90423203738044 94.97391381730179
37.190929185920155 70.72692364370596 28.809070814079842 65.27307635629404
52.90939258873471 36.458044402246685 57.09060741126529 45.541955597753315
63.20868301205563 18.740258369605897 70.79131698794437 25.259741630394103
83.95382923399725 49.937431213210736 92.04617076600275 44.062568786789264
25.794172570094904 52.99576171060016 26.205827429905096 43.00423828939984
56.7282037304128 12.373934354427686 47.2717962695872 15.626065645572314
42.80600546764653 44.27779319988558 51.19399453235347 49.72220680011442
3.256252105759935 2.820066089894099 8.743747894240066 11.179933910105902
3.85250452454724 78.92678759798171 2.14749547545276 69.07321240201829
12.092658685258536 55.95812380235099 21.907341314741466 54.04187619764901
27.001476569408904 96.12150520084268 36.9985234305911 95.87849479915732
64.94518610067152 90.26166780530359 55.05481389932848 91.73833219469641
2.5128477446390636 45.97621167959089 3.4871522553609364 36.02378832040911
62.09870889947812 28.461782182921215 57.90129110052188 37.53821781707879
23.467436640097755 5.397655881664329 16.532563359902245 12.60234411833567
79.50677147357354 20.326210440937654 74.49322852642646 11.673789559062346
30.012912708112964 54.640889511293764 39.987087291887036 55.359110488706236
80.18494270579201 38.658923375495924 83.81505729420799 29.341076624504076
6.399744113018626 47.27067551122989 11.600255886981374 38.72932448877011
12.635012317222637 20.438623080593207 21.36498768277736 15.561376919406793
65.01085165154649 3.3292396651734553 74.98914834845351 2.6707603348265447
32.00036246087627 17.93979636734574 41.99963753912373 18.06020363265426
83.64801024140614 83.58064022387292 76.35198975859386 90.41935977612708
94.99880280256977 39.8905900323526 85.00119719743023 40.1094099676474
