62.51667423027926 18.14468037188092 53.48332576972074 13.85531962811908
65.18142541051722 11.741474336243353 56.818574589482786 6.258525663756646
85.89145998436761 36.916245519781945 92.10854001563239 29.08375448021805
2.5853110518351086 7.347449997540046 11.41468894816489 2.6525500024599538
8.530919768988825 87.24013816787512 5.469080231011175 96.75986183212488
53.91010003424532 87.9438843433939 44.08989996575468 86.0561156566061
85.6287615367365 74.56021952597237 78.3712384632635 81.43978047402763
54.99422539019556 74.00000333461296 55.00577460980444 83.99999666538704
20.74795793972126 10.53588681161247 25.25204206027874 19.46411318838753
85.17713098846683 80.49887784446396 80.82286901153317 89.50112215553604
89.49364951073657 25.192513186883254 80.50635048926343 20.807486813116746
47.948997737687186 96.7123351685598 38.051002262312814 95.2876648314402
64.77249856368826 86.06003583321704 63.22750143631175 95.93996416678296
90.46226160489587 41.74429138196616 81.53773839510413 46.25570861803384
70.23773470433504 9.653602188662509 61.76226529566497 4.346397811337491
45.99481632966173 46.77238226575126 36.00518367033827 47.22761773424874
85.21537927225543 93.54830978110442 94.78462072774457 96.45169021889558
43.134025860466956 35.86970074519905 40.865974139533044 26.130299254800953
79.59529853873657 8.970591621794222 70.40470146126343 5.029408378205778
42.13070914154735 40.86421545362272 51.86929085845265 43.13578454637728
66.12042321654856 47.167666595097316 57.87957678345144 52.832333404902684
9.154630905162419 58.488064089271774 4.845369094837581 67.51193591072823
44.0384882585129 66.02915763308599 37.9615117414871 73.97084236691401
18.975078222249447 74.4985947076527 9.024921777750553 73.5014052923473
24.73713694365713 92.321717547347 17.26286305634287 85.678282452653
29.833070960104713 77.88008386796389 24.166929039895287 86.11991613203611
24.047751013532483 41.31063074043626 33.95224898646752 42.68936925956374
37.718236297455604 5.051855234432074 36.281763702544396 14.948144765567925
14.809667764673602 67.93400832091399 13.190332235326398 58.06599167908601
95.06272982362559 72.88575534815004 92.93727017637441 63.11424465184996
2.2156367125921435 91.67076521124227 5.7843632874078565 82.32923478875773
76.02390269683794 64.40706635706158 79.97609730316206 73.59293364293842
69.65965456156769 77.81317935319741 60.34034543843231 74.18682064680259
76.12553063099026 46.1751111503705 67.87446936900974 51.8248888496295
90.36437435375986 70.69878158421972 83.63562564624014 63.301218415780276
53.94387605620489 92.74705390761576 44.05612394379511 91.25294609238424
76.49524888238305 52.81076783199362 67.50475111761695 57.18923216800638
34.63058876275692 58.27335422452974 31.369411237243078 67.72664577547026
68.70995404492112 82.6781933424761 59.290045955078874 79.3218066575239
87.8254659334228 61.50237732684582 92.1745340665772 52.49762267315418
93.48159981398781 2.411342488445016 86.51840018601219 9.588657511554985
23.043612502981794 72.90767999726421 24.956387497018206 63.09232000273579
70.00034427479893 95.05867392490852 79.99965572520107 94.94132607509148
5.391754163879059 11.05987878887065 14.60824583612094 14.94012121112935
70.27527665687387 33.54768418295772 65.72472334312613 42.45231581704228
83.83734026615697 32.73503393349214 74.16265973384303 35.26496606650786
48.9998178430633 81.95732054140599 39.0001821569367 82.04267945859401
9.618120035766013 52.54902804897105 2.381879964233987 59.45097195102895
20.746351011109788 31.993562074354834 21.253648988890212 22.006437925645166
16.517608825214964 81.21543886311701 25.482391174785036 76.78456113688299
2.574672397125532 51.327332294116445 11.425327602874468 46.672667705883555
28.34957104615489 29.957513709108625 29.65042895384511 20.042486290891375
64.98665120241174 23.989953511517815 71.01334879758826 16.010046488482185
72.98558984679181 21.98915171787629 79.01441015320819 14.01084828212371
92.34949845105008 19.466143390866172 83.65050154894992 14.533856609133828
83.89345423396617 52.85241684742423 92.10654576603383 47.14758315257577
58.192978302465825 26.624302940529535 67.80702169753417 29.375697059470465
15.765700974255449 26.165440927561264 10.234299025744551 17.834559072438736
19.520224037065564 66.9769282720761 20.479775962934436 57.023071727923906
45.78951301533574 29.515164742085847 50.21048698466426 38.484835257914156
52.580145597807025 70.64754655457628 59.419854402192975 63.35245344542371
42.239295130838634 7.320265139592688 45.760704869161366 16.67973486040731
74.97731825995825 77.5924081372234 71.02268174004175 68.4075918627766
35.724023957813536 77.33641207910995 28.275976042186464 70.66358792089005
33.17408295323246 3.2473591771656394 24.825917046767543 8.75264082283436
89.73501363396169 75.21319870740702 96.26498636603831 82.78680129259298
21.06268562049178 47.91818957803732 28.93731437950822 54.08181042196268
55.39182726890107 57.67362324931928 48.60817273109893 50.32637675068072
47.346493989837725 56.281322444332815 50.653506010162275 65.71867755566718
96.85103129298676 90.21140224304862 87.14896870701324 87.78859775695138
16.380051614741564 35.01446484616422 15.619948385258436 44.98553515383578
53.0946831638082 8.869419765044086 44.9053168361918 3.130580234955915
36.133083196364424 69.09643601695815 41.866916803635576 60.90356398304185
12.672628094036497 9.732103455077954 19.327371905963503 2.2678965449220456
2.016456598125438 23.978182340811802 9.983543401874563 30.021817659188198
2.057712880779772 13.957358968685108 7.942287119220228 22.042641031314893
95.85973617864495 44.998032218825614 96.14026382135505 35.001967781174386
20.441248547365884 95.62736935467733 13.558751452634118 88.37263064532267
35.26882718899052 25.053750277185706 36.73117281100948 34.946249722814294
82.75035842696728 57.43984141340023 73.24964157303272 60.56015858659977
64.86121596613428 33.899580119653805 59.138784033865726 42.100419880346195
82.92539111157232 40.860536110831134 73.07460888842768 39.139463889168866
42.980060392132195 54.44609246879558 33.019939607867805 53.55390753120442
75.052185476762 26.27949223207857 84.947814523238 27.72050776792143
38.50673467083672 87.83451100056402 29.49326532916328 92.16548899943598
49.04636582990862 20.32065582441362 58.95363417009138 21.67934417558638
21.01085165154648 36.32923966517345 30.98914834845352 35.67076033482655
11.822554430050353 35.67978457469937 2.177445569949648 38.32021542530063
77.52610419230615 85.87529276360513 68.47389580769385 90.12470723639487
83.94185859725043 3.760285212786598 74.05814140274957 2.239714787213402
