48.57235975408604 9.498320423772864 41.42764024591396 2.501679576227137
62.440971964432386 21.787859625941415 59.559028035567614 12.212140374058585
73.6258487538348 70.68986495254255 80.3741512461652 63.31013504745745
2.0274014375344143 3.5227461492590715 11.972598562465585 2.4772538507409285
8.159618804022537 79.00254846572751 7.8403811959774625 88.99745153427249
56.19898017760269 96.71451017093318 47.80101982239731 91.28548982906682
89.6530935544091 76.17004907882303 80.3469064455909 79.82995092117697
48.34550829905891 72.76282242410883 53.65449170094109 81.23717757589117
7.165212522829332 15.274688217013749 16.834787477170668 12.725311782986251
94.9646991270276 92.59309575794413 85.0353008729724 91.40690424205587
85.9082754433062 15.046673102950836 76.0917245566938 16.953326897049163
43.98663221741659 83.36537532514232 34.01336778258341 82.63462467485768
50.6440001350192 67.58986795705498 55.3559998649808 76.41013204294502
77.84758958830797 44.22510211138835 68.15241041169203 41.77489788861165
67.87291104847961 3.8798491558698966 58.12708895152039 6.120150844130103
22.01360818360508 37.018230500441334 13.98639181639492 42.981769499558666
67.94867633012933 91.06967979190914 76.05132366987067 96.93032020809086
50.47095658264102 40.77873275377323 47.52904341735898 31.221267246226773
96.89729111541959 5.867728945050969 89.10270888458041 12.132271054949031
7.393063538814957 37.94322835575334 16.606936461185043 34.05677164424666
62.76869501732925 35.50317924137448 53.23130498267075 32.49682075862552
14.121933055013812 69.16986433364326 5.8780669449861875 74.83013566635674
44.5593577703379 47.03138662353744 43.4406422296621 56.96861337646256
25.88565480031854 93.93680802668361 16.11434519968146 96.06319197331639
29.797357101518557 82.59097024853644 20.202642898481443 85.40902975146356
34.92768202335944 87.44967053899475 39.07231797664056 96.55032946100525
27.0267091496088 36.48388168273624 36.9732908503912 37.51611831726376
38.876883969816966 10.89727485521444 29.123116030183034 13.10272514478556
7.073308590662981 67.91337389497899 8.92669140933702 58.08662610502101
93.32761262872167 69.95458325421477 94.67238737127833 60.04541674578523
2.659204489056569 89.98837232168177 3.340795510943431 80.01162767831823
78.19373244529947 49.06543490971725 79.80626755470053 58.93456509028275
70.9789274088766 76.45856499772377 61.021072591123406 75.54143500227623
68.69223270941447 50.62843988344715 61.307767290585524 57.37156011655285
80.85073878792032 93.99777161248576 81.14926121207968 84.00222838751424
62.97619842651227 90.48728761525085 53.02380157348773 89.51271238474915
85.74123483266963 56.00670043075959 86.25876516733037 65.9932995692404
38.35168185185857 51.01238334722151 37.64831814814143 60.98761665277849
74.8793670824484 82.0916853368618 65.1206329175516 79.9083146631382
75.33903250782038 76.80980165676928 84.66096749217962 73.19019834323072
70.14314811120698 14.073966622050573 71.85685188879302 23.926033377949427
27.027141634992862 72.52026885509179 36.97285836500714 71.47973114490821
64.04083474855739 85.36228532329567 73.95916525144261 86.63771467670433
3.0289479487860786 7.5372536683186695 12.97105205121392 6.4627463316813305
59.42993497980773 62.711088041008054 64.57006502019227 71.28891195899195
93.16196241042208 34.22906714368002 84.83803758957792 39.77093285631998
47.97334759961469 81.01985124747988 42.02665240038531 72.98014875252012
9.368578842911303 51.30504714792051 2.6314211570886967 58.69495285207949
10.231732661163916 26.28635988033283 17.768267338836086 19.71364011966717
18.09694482970998 90.9798214108154 27.90305517029002 89.0201785891846
20.98703221911976 47.42310577868157 25.01296778088024 56.57689422131843
14.38145271137978 29.915468857167564 23.61854728862022 26.084531142832436
65.79016472761558 26.1663388876745 72.20983527238442 33.8336611123255
66.86683440780548 19.63841883553367 63.13316559219451 10.36158116446633
94.95174108203256 23.999767102259526 95.04825891796744 14.000232897740474
75.64035891316236 38.70308138819988 82.35964108683764 31.29691861180012
53.77961424418891 3.061153815894065 52.22038575581109 12.938846184105934
3.659786453207439 21.956277013662973 2.340213546792561 12.043722986337027
15.686488052449672 83.74441431647745 22.313511947550328 76.25558568352255
49.019252776856824 54.104989910442505 46.980747223143176 63.895010089557495
52.5117025437348 60.66313756626474 57.4882974562652 69.33686243373526
71.56972311993592 9.317897056810255 80.43027688006408 4.682102943189745
73.22654724817899 57.32861489880051 64.77345275182101 62.67138510119949
21.838194485391277 68.20441306518245 14.161805514608723 61.79558693481755
35.901299723399134 7.011434867392362 26.098700276600866 8.988565132607638
95.5175153787313 48.68003283370679 90.4824846212687 57.31996716629321
34.19491917324123 65.61753906083561 43.80508082675877 68.38246093916439
60.9196753617321 27.89263337108028 51.0803246382679 26.10736662891972
54.93388110834741 49.11498305951132 57.06611889165259 58.88501694048868
89.27525537140332 87.192346205758 94.72474462859668 78.807653794242
19.99499867840293 55.419610311295116 24.00500132159707 64.58038968870488
47.993245571568906 22.740194953845158 38.006754428431094 23.259805046154842
23.048823797036487 43.697032429093376 32.95117620296351 42.302967570906624
23.00224945311997 2.8500351002389355 32.997750546880035 3.1499648997610645
2.5783425039688534 49.64585517812404 9.421657496031147 42.35414482187596
2.9085831275936997 27.000835774307923 3.0914168724063003 36.99916422569208
84.3444816436551 45.823773240766435 93.6555183563449 42.176226759233565
11.999815870554192 94.95709008792332 2.000184129445808 95.04290991207668
18.85463249995719 4.483652107093601 23.14536750004281 13.5163478929064
64.17759207779199 43.49910089618334 59.822407922208015 52.50089910381666
32.42767577221283 52.01832423437031 31.57232422778717 61.98167576562969
90.90663729615545 24.038277356003174 81.09336270384455 25.961722643996826
58.98853182148313 44.66154724694546 49.01146817851687 45.33845275305454
48.516997901121584 17.785797619581324 57.483002098878416 22.214202380418676
35.994595098208315 77.76757838965906 26.005404901791685 78.23242161034094
29.112757131990694 32.055867960065164 38.88724286800931 29.944132039934836
24.424340710423138 22.015773317044598 33.57565928957686 17.984226682955402
36.95936013652147 46.363802675043516 27.040639863478535 47.636197324956484
51.723402102280616 85.36003884796894 42.276597897719384 88.63996115203106
88.87175086148729 3.836213460649972 81.12824913851271 10.163786539350028
