50.96508849030936 13.999878117163568 51.03491150969064 4.000121882836431
68.3280639361026 12.424942746456553 63.6719360638974 3.575057253543447
93.66877285984471 24.819526356532762 96.33122714015529 15.18047364346724
2.621913581719812 11.806337256555317 5.378086418280188 2.1936627434446834
2.289395483822708 78.05075346930582 3.710604516177292 87.94924653069418
45.41755307486879 83.64970286194026 38.58244692513121 76.35029713805974
81.92903286230349 68.44905557992837 86.07096713769651 77.55094442007163
44.99422539019556 65.00000333461296 45.00577460980444 74.99999666538704
18.905125126393962 22.460011094293943 23.094874873606038 31.539988905706057
58.96469912702761 92.59309575794413 49.03530087297239 91.40690424205587
74.95123848427065 20.69658988786612 65.04876151572935 19.30341011213388
43.86808120645091 96.14095809186817 34.13191879354909 93.85904190813183
64.10421194020367 76.46433112863116 59.89578805979633 85.53566887136884
87.99748609545877 43.841466957083576 78.00251390454123 44.158533042916424
92.96330437825982 2.3953433629348955 83.03669562174018 3.6046566370651045
52.91452885458408 43.07945334856918 43.08547114541592 44.92054665143082
72.01144954621351 87.66182198470828 81.98855045378649 88.33817801529172
39.04886514620247 45.88875054641589 36.95113485379753 36.11124945358411
88.88687656933313 26.05756200579581 79.11312343066687 23.94243799420419
49.39306353881496 35.94322835575334 58.60693646118504 32.05677164424666
62.83172894911076 57.87916135249534 57.16827105088924 66.12083864750467
4.6660242935103735 44.18123368334845 7.3339757064896265 53.81876631665155
32.85385717836697 70.81444120306196 25.146142821633028 77.18555879693804
17.975885026436174 68.5930249686133 14.024114973563826 59.406975031386686
16.14215424885531 83.51787285944515 11.85784575114469 74.48212714055485
31.505446174813514 77.43463226083405 24.494553825186486 84.56536773916595
28.080703473280224 28.000651347485302 27.919296526719776 37.9993486525147
37.67214283677783 7.606570026315372 30.32785716322217 14.39342997368463
13.100206083573589 87.92284619114405 6.899793916426411 80.07715380885595
91.48450745205113 78.77454056688228 88.51549254794887 69.22545943311772
11.443753602877784 51.980269344115136 10.556246397122216 42.019730655884864
68.1767448820693 69.31765324245617 77.8232551179307 66.68234675754383
60.823657337750085 71.31618003630574 51.176342662249915 68.68381996369426
61.31958227450984 53.26096623139613 54.68041772549016 60.73903376860387
96.72086033402358 77.94776316923429 95.27913966597642 68.05223683076571
30.920895080984323 85.38370688887174 27.079104919015677 94.61629311112826
77.5776916378374 50.71566740084023 72.4223083621626 59.28433259915977
37.87026266289989 56.90590764076299 32.12973733710011 65.09409235923701
74.02505821251769 76.03370493951734 65.97494178748231 81.96629506048266
96.88363290400689 47.08468619050825 91.11636709599311 38.91531380949175
96.09882237381015 28.000976681547233 95.90117762618985 37.99902331845277
29.058477419993814 58.07642645797058 36.941522580006186 51.92357354202942
67.01026688517602 96.32025527759752 76.98973311482398 95.67974472240248
11.046636013754078 8.318688602941425 20.953363986245922 9.681311397058575
75.61527899083485 5.038001233027437 74.38472100916515 14.961998766972563
82.79791558624017 29.407126869658036 73.20208441375983 26.592873130341964
54.24796504296993 53.19858933030837 47.75203495703007 60.80141066969163
2.16224163866912 62.070683523243794 3.83775836133088 71.9293164767562
45.89078544569068 38.14034848633103 38.10921455430932 31.85965151366897
6.402325418492469 57.72775389653292 11.59767458150753 66.27224610346708
19.340263891161754 44.187030227502675 28.659736108838246 47.812969772497325
22.034585714520095 14.045568837592068 29.965414285479905 7.954431162407933
83.9487893978788 18.909154578791828 82.0512106021212 9.090845421208172
49.398661422954376 24.468481000882516 56.601338577045624 17.531518999117484
62.22684775457686 12.476734197820548 57.77315224542314 3.523265802179451
83.0037394165391 55.80666044854958 92.9962605834609 56.19333955145042
64.46263525966582 33.46629787703597 71.53736474033418 40.53370212296403
23.917529969370865 21.106921134995403 16.082470030629135 14.893078865004599
20.768518972002635 62.47442649081285 25.231481027997365 53.52557350918715
61.44982395691592 36.47916912318813 68.55017604308408 43.52083087681187
51.640728826995854 83.40838287042217 56.359271173004146 74.59161712957783
40.679173410972794 11.262071326842905 47.320826589027206 18.737928673157093
77.67689380479361 81.98954931698438 78.32310619520639 72.01045068301562
22.58582933495048 96.27942597207962 17.41417066504952 87.72057402792038
23.99015146885785 4.313669121616804 14.00984853114215 3.6863308783831963
87.1487280907107 87.89265919367557 92.8512719092893 96.10734080632443
15.222220207910345 46.060864590333956 16.777779792089653 55.939135409666044
91.92828122759606 62.15617291953603 82.07171877240394 63.84382708046397
39.841471331466565 61.071315997315324 38.158528668533435 70.92868400268468
69.01055057565499 85.0079347160369 62.98944942434501 92.9920652839631
15.677712173245126 30.263370021503817 22.322287826754874 37.73662997849618
42.907777367592 3.9558877079196013 33.092222632408 2.0441122920803987
19.06202717536756 76.04577751263231 24.93797282463244 67.95422248736769
5.373263808111265 39.986047946977074 4.626736191888735 30.013952053022926
2.2172933152294565 17.845900397615225 7.7827066847705435 26.154099602384775
8.572318250903187 11.628917602572306 13.427681749096813 20.371082397427692
73.0002810644711 35.946985231174 82.9997189355289 36.053014768826
11.931308660991217 96.82595090049773 2.068691339008783 95.17404909950227
32.26882718899052 33.053750277185706 33.73117281100948 42.946249722814294
92.69301588751554 48.27500670159947 83.30698411248446 51.72499329840053
57.28225873005721 38.30432486967685 60.71774126994279 47.69567513032315
71.78380502231607 30.454375985934693 62.21619497768393 27.545624014065307
51.940050850746 48.228055965730825 42.059949149254 49.771944034269175
47.422204367181656 32.01091699086494 56.577795632818344 27.989083009135058
35.485240636364935 84.44381291047003 42.514759363635065 91.55618708952997
36.9085659031294 22.070237255926784 43.0914340968706 29.929762744073216
29.145142843884116 18.35677860420099 32.854857156115884 27.64322139579901
14.294030996322086 39.44268182384396 9.705969003677914 30.557318176156038
68.94145303226185 52.089433211120635 67.05854696773815 61.910566788879365
93.92097593904475 7.941934011931099 88.07902406095525 16.0580659880689
