87.06550683712024 3.089389384110511 78.93449316287976 8.910610615889489
78.75919258128239 15.296736437271175 71.24080741871761 8.703263562728825
68.93241599287822 56.90770705969621 77.06758400712178 51.09229294030379
16.538041633729797 14.218506746288085 19.461958366270203 23.781493253711915
8.195159348457043 54.144941387398525 5.804840651542956 63.855058612601475
37.58500828992353 64.37810633039696 42.41499171007647 55.62189366960304
93.9057499101448 78.93101763831625 88.0942500898552 87.06898236168375
45.05640394110627 77.95831195636461 50.94359605889373 86.04168804363539
9.339331831546078 24.189427653044387 18.660668168453924 27.810572346955613
96.67965137359126 82.04640796892038 95.32034862640874 91.95359203107962
81.92391168706943 30.868961275282757 72.07608831293057 29.131038724717243
63.40690367794407 69.3620330169841 54.59309632205593 64.6379669830159
37.66498487258952 81.50848563216618 46.33501512741048 86.49151436783382
89.93894219073059 38.608742038887065 86.06105780926941 29.391257961112935
93.28385970377484 3.2295536808059615 86.71614029622516 10.770446319194038
3.685245368369899 42.009916882268655 4.314754631630101 51.990083117731345
81.0129324932443 95.35938514585541 90.9870675067557 94.64061485414459
27.470956582641023 33.77873275377323 24.529043417358977 24.221267246226773
86.57518554439488 16.983151658066447 77.42481445560512 21.016848341933553
24.620583109155852 53.0386618131163 23.379416890844148 62.9613381868837
67.50387874558007 68.76847446450041 64.49612125441993 59.231525535499586
19.30753804658839 83.00946692728115 18.69246195341161 92.99053307271885
38.64598683751591 40.04190550657249 37.35401316248409 49.95809449342751
61.98607566749172 95.6271066666632 52.01392433250828 96.3728933333368
10.750436083275472 67.0566361973937 9.249563916724528 76.9433638026063
39.46339545214528 87.69121393339113 44.53660454785472 96.30878606660887
51.11062999816168 35.045973701927316 60.88937000183832 32.954026298072684
55.885989702186365 11.061651840354832 46.114010297813635 8.938348159645168
12.374063310746845 85.25493319618936 17.625936689253155 76.74506680381064
65.10438923358646 41.98363627387839 74.89561076641354 44.01636372612161
2.1343923869238504 77.63891239775363 5.86560761307615 68.36108760224637
71.90249787993102 62.07501839288792 78.09750212006898 69.92498160711207
88.64112753659072 74.42668794352227 81.35887246340928 67.57331205647773
88.62090429961448 44.44805047135819 81.37909570038552 37.55194952864181
94.89641994622434 71.62640155926422 91.10358005377566 62.373598440735776
82.95827464604433 90.3553973825728 73.04172535395567 91.6446026174272
76.21170174726097 79.8320975831313 69.78829825273903 72.1679024168687
33.69874372262822 62.0490650165764 32.30125627737178 71.95093498342361
69.69294625821004 79.62922146470991 62.30705374178995 86.37077853529009
77.79619174990789 74.29297281202099 86.20380825009211 79.70702718797901
69.21895941373444 12.327966777721414 72.78104058626556 21.672033222278586
9.793985721375462 90.14652189054273 4.206014278624538 81.85347810945727
71.32192807276522 87.76511842198133 80.67807192723478 84.23488157801867
5.952901834094511 5.438269067651361 10.047098165905489 14.561730932348638
71.33311255622941 33.505178247840725 62.6668874437706 38.494821752159275
96.89691406814747 46.989934354024754 87.10308593185253 49.010065645975246
22.91687129151099 91.88127362486954 25.08312870848901 82.11872637513046
18.491414685017766 61.22761252229942 15.508585314982236 70.77238747770059
16.084640163775763 56.93509784630845 9.915359836224237 49.06490215369155
2.045071610885733 95.33016072170297 11.954928389114267 96.66983927829703
34.109910705119006 34.001208182280415 33.890089294880994 43.998791817719585
28.06820591742534 7.1769525365560085 37.931794082574655 8.823047463443991
64.1293567190002 45.87002919097375 73.8706432809998 48.12997080902625
75.97190641240087 4.529288792935488 66.02809358759913 3.470711207064512
93.25637764280525 28.944393369249674 94.74362235719475 19.055606630750326
87.33161740095746 66.72831402830253 80.66838259904254 59.27168597169746
50.40809723801731 24.341465701101225 43.59190276198269 31.658534298898775
17.552794837295437 33.06689602290391 8.447205162704563 28.93310397709609
36.54957835586786 95.07396643748608 27.450421644132142 90.92603356251392
62.690587212292016 52.29448038176072 59.309412787707984 61.70551961823928
39.336953718232216 35.195561202453334 48.663046281767784 38.804438797546666
79.3845636214028 25.922952686657077 88.6154363785972 22.077047313342923
53.60348700829783 54.264091490091886 50.39651299170217 63.735908509908114
17.66522835128016 49.40089710708397 10.33477164871984 42.59910289291603
39.99486572561608 3.2265311966721772 30.00513427438392 2.7734688033278228
79.51755637984105 46.659784144454086 84.48244362015895 55.340215855545914
24.29839016011468 38.17152374013112 21.70160983988532 47.82847625986888
52.64514494345746 44.14996528295505 43.35485505654254 47.85003471704495
47.26783239402568 53.16341018685075 44.73216760597432 62.83658981314925
95.34427966996498 60.71696024851746 88.65572033003502 53.28303975148254
23.260471213133382 74.68764755497492 26.739528786866618 65.31235244502508
44.07978648387141 15.061102284424868 37.92021351612859 22.93889771557513
27.80600546764653 11.27779319988558 36.19399453235347 16.72220680011442
9.657652440776747 2.521287093084828 18.342347559223253 7.478712906915172
33.7769170073122 56.67360310136886 30.2230829926878 47.32639689863114
2.300117252930746 32.29380476972863 11.699882747069253 35.70619523027137
43.08544394740525 71.07959856263456 52.91455605259475 72.92040143736544
63.93130866099122 90.82595090049773 54.06869133900878 89.17404909950227
3.041742889902559 19.644737489345992 12.958257110097442 18.355262510654008
67.02404224355585 22.10598963186498 64.97595775644415 31.89401036813502
22.07455541424995 18.13977001173783 31.92544458575005 19.86022998826217
94.05363502544499 41.9096225246892 95.94636497455501 32.0903774753108
58.01035408986841 42.00001072072919 57.98964591013159 51.99998927927081
56.903325252378465 6.9784689414527605 47.096674747621535 5.0215310585472395
39.032418561467026 71.02452044803772 32.967581438532974 78.97547955196228
49.577828352415686 16.354627424463985 56.422171647584314 23.645372575536015
58.639816112463365 15.702588856724327 65.36018388753664 8.297411143275673
40.79877899546497 26.59582046992409 31.20122100453503 29.40417953007591
66.97125260263824 75.46460522904826 57.028747397361755 76.53539477095174
96.84970804328808 5.891574015755031 91.15029195671192 14.108425984244969
