88.63286977627591 12.435441338259324 81.36713022372409 5.564558661740676
74.08320212457775 48.88573394647597 65.91679787542225 43.11426605352403
43.93227561409692 8.820156854866704 34.06772438590308 7.179843145133295
37.99924029681016 21.08715764309282 28.000759703189843 20.91284235690718
14.399089041581426 79.3330948079612 7.600910958418574 86.6669051920388
29.33581651724817 68.80149727705178 38.66418348275183 65.19850272294822
76.8718603473564 84.00164224675541 77.1281396526436 93.99835775324459
62.99422539019556 62.00000333461295 63.00577460980444 71.99999666538704
14.237667563626221 12.058456794031603 15.762332436373779 21.941543205968397
74.99598555677025 60.99699231281977 69.00401444322975 69.00300768718023
73.7730679473079 43.28084718708412 66.2269320526921 36.71915281291588
61.28766483144028 85.9489977376872 62.71233516855972 76.0510022623128
89.41714728044948 95.65008280230965 82.58285271955052 88.34991719769035
57.26342240084531 55.18463176920081 62.73657759915469 46.81536823079919
91.99339273307683 21.74303888765903 82.00660726692317 22.25696111234097
35.87997400828691 42.09289905287376 42.12002599171309 49.90710094712624
37.10758963860532 83.86166579559995 44.89241036139468 90.13833420440005
47.80384901742978 63.13985877626979 42.19615098257022 54.86014122373021
58.73355549736278 3.3895800692407483 49.26644450263722 6.610419930759251
13.793353272386488 66.0633421644605 12.206646727613512 75.9366578355395
52.9137559666465 55.61925731044774 49.0862440333535 46.38074268955226
42.998225897853445 79.13318361020467 33.001774102146555 78.86681638979533
21.09113411589381 64.11781453907552 28.90886588410619 57.882185460924475
73.69950518453908 76.63642134184906 66.30049481546092 83.36357865815094
56.596223568610924 78.9836697917754 57.403776431389076 69.0163302082246
74.46339545214528 68.69121393339113 79.53660454785472 77.30878606660887
58.993440517144975 10.000004302683383 59.006559482855025 19.999995697316617
64.54171390836274 17.97895308857312 65.45828609163726 8.021046911426877
8.072011147211455 68.61333490910026 11.927988852788545 59.38666509089974
35.07190092488206 2.15510976699829 44.92809907511794 3.84489023300171
57.24719747736289 59.55269706665991 66.75280252263711 56.44730293334009
70.35991923082436 58.427799876579385 77.64008076917564 51.572200123420615
91.72801667851972 60.16450018820433 94.27198332148028 69.83549981179567
74.9857993299202 38.588747216974205 71.0142006700798 29.411252783025795
87.39148205791602 63.32605805015462 80.60851794208398 70.67394194984539
96.9806186677915 74.98553710227472 91.0193813322085 83.01446289772528
47.91565610726928 75.00071143983877 48.08434389273072 84.99928856016123
29.396340802549204 62.95097975225954 38.603659197450796 59.04902024774046
17.856221448366103 47.48289766315235 22.143778551633897 56.51710233684765
60.228663669039584 94.81781755879244 53.771336330960416 87.18218244120756
20.05283828190451 18.069187900927776 27.94716171809549 11.930812099072224
24.915124089356627 69.0007204439247 25.084875910643373 78.9992795560753
33.00008174539748 72.97140896482286 42.99991825460252 73.02859103517714
21.185331748344787 31.264493071422194 12.814668251655213 36.735506928577806
57.71519610147264 29.769623767462672 64.28480389852736 22.230376232537328
82.69702321564489 74.7537107456504 89.30297678435511 67.2462892543496
82.19735115188669 81.24651532230214 89.80264884811331 74.75348467769786
36.99143304147064 54.29256826983649 27.008566958529357 53.70743173016351
31.950214783168445 86.29617217979069 22.049785216831555 87.70382782020931
47.37272043029177 19.254104143364824 52.62727956970823 10.745895856635176
11.272200808111537 47.83544259647867 8.727799191888463 38.16455740352133
18.95858818559602 11.999828503221663 19.04141181440398 2.0001714967783375
6.522859232735025 12.592978163672019 13.477140767264974 5.407021836327982
47.13759522958162 54.90040990704118 52.86240477041838 63.09959009295882
66.46614339086625 27.650501548949954 61.53385660913375 36.349498451050046
85.0011261307936 39.89388666546886 94.9988738692064 40.10611333453114
44.17144302915461 29.215921566361835 51.82855697084539 22.784078433638165
5.031691341661915 60.023573499867396 10.968308658338085 51.976426500132604
14.747567763526035 93.84060053020706 17.252432236473965 84.15939946979294
86.39478672466247 57.32911140266346 79.60521327533753 64.67088859733654
56.29047358033885 24.235324234798956 49.70952641966115 31.764675765201044
81.29024934888602 29.678764070479065 90.70975065111398 26.321235929520935
72.02268174004188 17.407591862776552 75.97731825995812 26.592408137223448
83.28209343221813 47.16717097022219 80.71790656778187 56.83282902977781
16.398107762836958 28.62162910662082 7.6018922371630415 33.378370893379184
94.6324027315176 96.2509358803796 89.3675972684824 87.7490641196204
51.412648490674954 71.3512833299592 42.587351509325046 66.6487166700408
41.021247363852055 39.539541328619116 50.978752636147945 40.460458671380884
66.57018802648233 3.361815036819216 73.42981197351767 10.638184963180784
89.52803753291401 44.4020177005513 96.47196246708599 51.5979822994487
37.34254688215738 33.71729256694492 40.65745311784262 24.28270743305508
30.474642016446914 2.4046053265960206 23.525357983553086 9.59539467340398
24.80600546764653 33.27779319988558 33.19399453235347 38.72220680011442
3.149964899761075 30.00224945311997 2.850035100238925 39.99775054688003
4.938358983569097 96.91115896891509 3.061641016430903 87.08884103108491
24.39910100676329 49.957480128643304 33.60089899323671 46.042519871356696
30.00876200518338 92.29587713514057 39.991237994816615 91.70412286485943
72.61912101358278 94.9140849150124 63.38087898641722 91.0859150849876
2.241508700072194 53.68056709684609 5.758491299927806 44.31943290315391
56.766506116771986 39.0591024729356 55.233493883228014 48.9408975270644
11.040298977725037 2.0544976369736156 2.9597010222749622 7.945502363026384
81.43088689718783 14.369300732735221 76.56911310281217 5.630699267264779
14.000010720729193 40.9896459101316 23.999989279270807 41.0103540898684
77.93610525890773 43.88550181454026 80.06389474109227 34.11449818545974
24.000085813560037 27.97070617409081 33.999914186439966 28.02929382590919
7.49394900191454 27.974325319813403 8.50605099808546 18.025674680186597
87.06466039068161 4.19848709262236 96.93533960931839 5.80151290737764
35.494232720514226 11.832498852799528 44.505767279485774 16.167501147200472
51.723402102280616 93.36003884796894 42.276597897719384 96.63996115203106
94.31900843836488 30.480840197737948 85.68099156163512 35.51915980226205
