86.85980622758731 9.824294496779261 77.14019377241269 12.175705503220739
72.06107865798464 44.95345386334924 65.93892134201536 37.04654613665076
37.86304958848371 7.162217148362725 28.13695041151629 4.837782851637275
52.95394248991231 8.09184416242313 51.04605751008769 17.90815583757687
24.099589761361763 80.46218964323268 19.900410238638237 89.53781035676732
33.69591144537608 57.173059660437175 36.30408855462392 66.82694033956282
53.976320884321424 86.98234969247545 48.023679115678576 95.01765030752455
77.00284766651029 55.83127372493198 86.99715233348971 56.16872627506802
3.869029140987224 33.10166426791986 10.130970859012777 40.89833573208014
49.13386343689672 68.1039892250044 42.86613656310328 75.8960107749956
37.49936646742308 52.33049272733728 32.50063353257692 43.66950727266272
66.8474273097569 62.22574405020911 57.152572690243105 59.77425594979089
95.65008280230971 82.58285271955057 88.34991719769029 89.41714728044943
75.33687108929503 32.23175429402126 80.66312891070497 23.768245705978742
90.98055945308282 16.440485566514173 81.01944054691718 15.559514433485829
18.738456857288675 21.679768031267805 11.261543142711323 28.320231968732195
51.519069804065055 77.41069296785183 58.480930195934945 84.58930703214817
16.037587880308603 58.401202475375946 19.962412119691397 67.59879752462405
47.2763240625146 20.590955907065702 38.7236759374854 15.409044092934298
28.707075881852774 15.050248117602044 27.292924118147226 24.949751882397955
57.68323250374978 46.24861959705448 48.31676749625022 49.75138040294552
3.8229698100679146 81.93180704120881 2.1770301899320854 72.06819295879119
19.568043931738796 56.31468473209694 28.431956068261204 51.68531526790306
72.62906470040743 76.74699884774627 67.37093529959257 85.25300115225373
54.89985057348803 69.91836039197955 53.10014942651197 60.081639608020446
71.02690045117603 55.979965289604735 76.97309954882397 64.02003471039527
62.469107391331704 9.54016911828398 69.5308926086683 2.45983088171602
46.38869306784288 45.93283428607827 55.61130693215712 42.06716571392173
26.187739132754654 94.23522287950456 33.81226086724535 87.76477712049544
23.558035917052816 38.94468771743647 14.441964082947184 43.05531228256353
46.24719747736289 32.55269706665991 55.75280252263711 29.44730293334009
83.49836477067905 30.024898739186707 82.50163522932095 39.97510126081329
87.48068022451014 27.448325983730214 94.51931977548986 34.551674016269786
57.606597992600825 23.38994610798101 62.393402007399175 14.61005389201899
74.4664388162321 72.24742615025615 65.5335611837679 67.75257384974385
85.93412955599368 50.08989733298705 94.06587044400632 55.91010266701295
57.50252798088723 73.66841443421133 62.49747201911277 82.33158556578867
56.30054356653598 52.70736909599933 65.69945643346402 49.29263090400067
22.321704552719087 61.77782834348551 27.678295447280913 70.22217165651449
75.22614873210759 86.67476755351498 78.77385126789241 77.32523244648502
18.27156016853987 14.781123386458496 11.728439831460129 7.218876613541504
5.654749585869999 66.58414215638422 10.34525041413 75.41585784361578
38.15350680148692 56.353446129888844 41.84649319851308 65.64655387011115
15.998960439863627 53.89804647785159 6.001039560136374 54.10195352214841
50.925073187369044 36.137646186847576 41.074926812630956 37.862353813152424
90.70324056127198 77.44127189897374 95.29675943872802 68.55872810102626
89.03265306612354 95.04305082216204 96.96734693387646 88.95694917783796
14.036102327924826 38.02682388359205 19.963897672075174 29.97317611640795
45.59937626039718 90.03894466796706 36.40062373960282 93.96105533203294
46.134126912539394 5.150338687833537 55.865873087460606 2.8496613121664627
22.4839936790303 74.21219363673625 13.516006320969701 69.78780636326375
12.861330653429746 14.83061371736098 3.1386693465702526 17.169386282639017
41.377221889497235 4.2706669387668335 44.622778110502765 13.729333061233167
29.093143750434216 29.039395114473585 38.906856249565784 30.960604885526415
57.01049822796618 34.4128568041673 60.98950177203382 43.5871431958327
91.66930667138192 43.57644163507079 96.33069332861808 52.42355836492921
63.11590056667873 57.14861423360713 70.88409943332127 50.85138576639287
2.9336181185365398 96.90938797586463 11.06638188146346 91.09061202413537
31.903067213946386 67.07089679939317 26.096932786053614 58.92910320060683
91.94737807757627 4.440751899316564 96.05262192242373 13.559248100683437
66.13609714026022 77.89421297913348 59.86390285973979 70.10578702086652
86.08185425540546 20.098977006438467 95.91814574459454 21.901022993561533
67.1487766077074 14.002213938052263 66.8512233922926 23.997786061947735
81.11264911475175 85.12537058357847 78.88735088524825 94.87462941642153
2.24735917716566 38.82591704676753 7.752640822834341 47.17408295323247
85.85424335004217 81.64346654976909 82.14575664995783 72.35653345023091
19.872848748402554 79.8795781708697 10.127151251597446 82.1204218291303
42.08032463826791 54.10736662891966 51.91967536173209 55.89263337108034
12.071315997315319 47.158528668533435 21.928684002684683 48.841471331466565
86.41134291399908 43.34449189262173 79.58865708600092 50.65550810737827
79.82380538283586 60.250563963360996 88.17619461716414 65.74943603663901
25.534206212685504 9.536861100780632 18.465793787314496 2.463138899219368
25.809203476477233 46.49448668843513 30.190796523522767 37.50551331156487
4.386293646368958 27.544406506875173 11.613706353631041 34.45559349312482
13.944821312541661 96.88739173154083 16.055178687458337 87.11260826845917
2.007071532918416 61.26582949912744 11.992928467081583 60.73417050087256
28.23249597732633 80.16424320669255 33.76750402267367 71.83575679330745
73.99071806538923 90.69547874984241 64.00928193461077 91.30452125015759
2.082280961980431 23.903349026179743 11.91771903801957 22.096650973820257
41.607696463017945 44.46186744846301 34.392303536982055 37.53813255153699
57.37985158150621 11.730234571567468 60.62014841849379 2.2697654284325326
51.58279662806098 25.376885634636416 56.41720337193902 16.623114365363584
35.94387907519638 23.91010104696496 34.05612092480362 14.089898953035037
71.01691866039042 20.41097489319263 80.98308133960958 19.58902510680737
68.74186948486339 32.20729838422061 75.25813051513661 39.79270161577939
8.362072127352652 11.406882715160878 3.6379278726473476 2.5931172848391224
70.61743869610721 7.406897674937928 79.38256130389279 2.5931023250620724
22.512284091836307 24.226458193689233 25.487715908163693 33.77354180631077
43.9938024283582 84.24887206858892 34.0061975716418 83.75112793141108
71.99880280256977 27.8905900323526 62.00119719743023 28.1094099676474
