83.43907452880825 11.301003547951595 74.56092547119175 6.698996452048405
63.32940102484039 62.730293395403606 56.67059897515961 55.269706604596394
79.9162455197819 41.10854001563246 72.0837544802181 34.89145998436754
26.00688528311719 31.009158496625574 33.993114716882815 24.990841503374426
2.3758799743444023 52.03910550469216 3.6241200256555977 61.96089449530784
24.446087125535954 83.98006087075561 23.553912874464046 74.01993912924439
96.1336297909573 73.0017860110867 95.8663702090427 82.9982139889133
56.69014662901313 66.04785928809956 55.30985337098687 75.95214071190044
24.74915250850945 25.632545460972803 33.250847491490546 20.367454539027197
78.48583681307758 70.6780810431564 83.51416318692242 79.3219189568436
88.62714909903141 31.727830983603504 85.37285090096859 22.272169016396496
72.94101672136635 71.23426260429692 63.05898327863365 72.76573739570308
78.35855067219123 91.98712757160584 77.64144932780877 82.01287242839416
77.94909202638092 30.711679783619516 68.05090797361908 29.288320216380484
73.98814762540638 2.655931304602424 64.01185237459362 3.344068695397576
4.815836967784315 35.06700800304759 3.184163032215685 44.93299199695241
68.1629539556279 89.79421185145239 75.8370460443721 96.20578814854761
15.358275089335365 68.9871473770445 14.641724910664635 59.012852622955506
96.96045313071528 19.627618305960706 87.03954686928472 18.372381694039294
20.707075881852774 58.050248117602045 19.292924118147226 67.94975188239796
50.82559972293367 62.93136746729463 49.17440027706633 53.06863253270537
32.04593225586112 84.00021098166418 31.954067744138882 93.99978901833582
15.020502201334006 21.98470513315093 20.979497798665996 30.01529486684907
93.99435448125526 94.23753592478944 84.00564551874474 93.76246407521056
22.997971871176205 88.14239794567139 13.002028128823795 87.85760205432861
50.39355335615661 78.01551248814305 49.60644664384339 87.98448751185695
18.756287171772033 10.35596871585577 27.243712828227967 15.64403128414423
52.32738114879061 32.42530190927739 47.67261885120939 23.57469809072261
9.505063682465137 64.9754435019991 10.494936317534863 55.024556498000905
44.237446840013554 15.477473350544187 53.762553159986446 18.522526649455813
23.755522467399967 66.35719647433761 32.24447753260004 71.64280352566239
69.86481540939612 45.47882904945547 74.13518459060388 54.52117095054453
78.99878686917228 60.11013553736551 69.00121313082772 59.88986446263449
83.6440426822729 38.958347408503236 82.3559573177271 29.041652591496767
91.978709346667 47.53907349673658 82.021290653333 48.46092650326342
70.61939301830301 76.74103531176115 65.38060698169699 85.25896468823885
50.502527129082594 69.6713330033132 45.497472870917406 78.3286669966868
27.785043030150096 87.06201382739758 26.214956969849904 96.93798617260242
65.47900026568811 76.77771365032184 56.52099973431189 81.22228634967816
95.52336822787555 66.8694742726158 86.47663177212445 71.1305257273842
42.17337633455104 10.694739875684531 51.82662366544896 13.305260124315469
14.941522580006296 79.92357354202956 7.058477419993705 86.07642645797044
89.75555941181226 80.53206015639249 94.24444058818774 89.46793984360751
6.303714609998306 24.70346849417181 9.696285390001695 15.296531505828193
90.99345693166681 2.7442894769692967 81.00654306833319 3.2557105230307033
91.45068489345365 36.69872199369366 96.54931510654635 45.30127800630634
40.92566639981482 96.54941096353613 45.07433360018518 87.45058903646387
38.943670820332756 81.00031730771661 39.056329179667244 90.99968269228339
17.41850749826158 76.34025457756334 8.58149250173842 71.65974542243666
35.08236904729557 77.06047160115929 40.91763095270443 68.93952839884071
28.08272494795229 57.88640901456602 19.91727505204771 52.11359098543398
2.0323926296301282 10.568222679806894 11.967607370369873 9.431777320193106
54.672552157502416 22.495365262066542 63.327447842497584 27.504634737933458
55.52928879293555 39.02809358759914 54.47071120706445 48.97190641240086
93.51616630642246 14.97653543712482 94.48383369357754 5.023464562875181
77.93628582196402 51.60985869801463 74.06371417803598 42.39014130198537
29.47515437687243 41.594899450179994 22.52484562312757 34.405100549820006
18.516029115134437 47.146038450554435 9.483970884865563 42.853961549445565
18.995217098652784 95.2186461463801 9.004782901347216 94.7813538536199
68.61059236877345 54.934538190113614 59.389407631226554 51.065461809886386
14.293324295447832 15.644324923166325 21.70667570455217 22.355675076833677
59.38456362140281 10.922952686657078 68.6154363785972 7.077047313342922
34.23597734194914 30.005571634902886 33.76402265805086 39.994428365097114
36.99378233351267 47.24927495962642 27.00621766648733 46.75072504037358
38.991182286420056 7.7031845965475405 29.008817713579944 8.29681540345246
85.62943947884096 57.03977763175113 84.37056052115904 66.96022236824886
39.65979989035069 50.593261858817286 32.34020010964931 57.406738141182714
57.56185628131176 29.211290085586977 60.43814371868824 38.78870991441302
45.6286875935406 30.5980825233801 50.3713124064594 39.4019174766199
90.95223112658323 61.908488146218346 89.04776887341677 52.091511853781654
31.965944841197473 65.97423065427056 38.03405515880253 58.025769345729444
45.993245571568906 2.740194953845158 36.006754428431094 3.259805046154842
39.807085177381154 29.50654647506636 44.192914822618846 38.49345352493364
7.293198478157983 3.3129850522340725 16.706801521842017 6.6870149477659275
3.938358983569097 91.91115896891509 2.061641016430903 82.08884103108491
10.281496581474823 35.657436264419694 17.718503418525177 42.342563735580306
51.68293859699959 94.43071398927145 56.31706140300041 85.56928601072855
75.46274686134458 76.64857748581714 70.53725313865542 85.35142251418286
21.284141165480374 6.661528047576445 30.715858834519626 3.3384719524235558
63.1933650057485 33.337804165680524 66.8066349942515 42.662195834319476
3.006433267444275 29.746442733267724 12.993566732555724 30.253557266732276
96.88028362344103 33.632983217692406 93.11971637655897 24.367016782307594
44.5745369100653 58.0181347710819 45.4254630899347 67.9818652289181
68.84539630782811 22.233748199628167 59.15460369217189 19.766251800371833
4.31955391504761 75.98977808077451 3.68044608495239 66.01022191922549
44.00002782159585 7.016679783704599 53.99997217840415 6.983320216295401
67.79601108964334 17.706746615699046 76.20398891035666 12.293253384300954
33.65640578001303 14.523472339727293 42.34359421998697 19.47652766027271
67.5729284279901 95.02196082862153 58.42707157200989 90.97803917137847
81.48079112565235 17.658839395866053 76.51920887434765 26.341160604133947
