90.75055190382128 14.30656323344082 83.24944809617872 7.69343676655918
74.70486412164729 38.20520036186449 69.29513587835271 29.79479963813551
34.99501375651787 5.77675669730717 25.004986243482126 6.22324330269283
43.962718033358826 23.390549656350014 34.037281966641174 24.609450343649986
19.78361026294485 84.84650581991161 14.216389737055149 93.15349418008839
35.011468541656065 69.66154189459711 44.988531458343935 70.33845810540289
71.07596466346101 83.45133308363195 66.92403533653899 92.54866691636805
66.53262016451298 67.22016774160367 69.46737983548702 76.77983225839633
11.826210454380828 19.497263164323638 16.173789545619172 28.502736835676362
67.52393982427236 57.45290990882565 60.47606017572764 64.54709009117435
79.34671190424385 36.41508133996196 74.65328809575615 27.584918660038046
59.01847475632463 72.5744682377387 54.98152524367537 63.4255317622613
76.00979282726715 90.99999041004422 75.99020717273285 81.00000958995578
65.04816608017063 48.035675471311436 70.95183391982937 39.964324528688564
91.63414717635226 19.877413099961327 82.36585282364774 16.122586900038673
35.9178653817988 50.45415404663905 40.0821346182012 59.54584595336095
45.05341098748546 89.93007570674789 52.94658901251454 96.06992429325211
38.73068259541764 65.61883976397067 29.26931740458236 62.38116023602933
55.46336172504282 4.746468968169567 46.53663827495718 9.253531031830434
5.883526064452318 82.36833404005333 2.116473935547682 91.63166595994667
57.627124282321184 58.44150685610185 50.372875717678816 51.55849314389815
31.822969810067914 82.93180704120881 30.177030189932086 73.06819295879119
21.614385081450237 67.98510793610248 22.385614918549763 58.01489206389753
64.7692504997658 85.32348926344882 61.2307495002342 94.67651073655118
50.77039710576767 74.99472546902831 51.22960289423233 65.00527453097169
71.61531514822246 64.60531250739 76.38468485177754 73.39468749261
31.16556472614664 12.791089572669701 38.83443527385336 19.2089104273303
57.70993587977342 26.44472792477232 62.29006412022658 17.55527207522768
11.066784186727446 82.88487169728626 8.933215813272554 73.11512830271374
44.33033388242142 12.772366758971055 49.66966611757858 21.227633241028947
72.00090765515166 46.09526661366281 81.99909234484834 45.90473338633719
63.17674488206929 53.31765324245617 72.8232551179307 50.68234675754383
89.44444677301165 66.70242536958001 94.55555322698835 75.29757463041999
79.14473460299031 25.516648478987044 74.85526539700969 16.483351521012956
85.16913375081975 67.49501844942128 80.83086624918025 76.50498155057872
96.25973723488522 87.16129541105848 93.74026276511478 96.83870458894152
56.349934357594485 80.58663297300157 51.650065642405515 89.41336702699843
21.224545820591917 75.27810093486916 28.775454179408083 68.72189906513084
14.35700682639151 53.0415163831376 15.64299317360849 62.9584836168624
56.904374444536074 89.53964244531291 61.095625555463926 80.46035755468709
30.13760791932234 29.89299583156799 23.86239208067766 22.10700416843201
26.653598332749336 77.01201384475398 27.346401667250664 86.98798615524602
39.342420294068845 82.1814975163893 48.657579705931155 85.8185024836107
14.810337968585674 43.36405594752673 5.189662031414325 40.63594405247327
63.12587327729266 32.92299730577307 64.87412672270733 23.077002694226927
81.35287711860137 80.84506068333302 90.64712288139863 77.15493931666698
89.53705257383064 89.3513089956846 94.46294742616936 80.6486910043154
29.864798010981325 54.15487675201821 20.135201989018675 51.84512324798179
25.695706681128936 93.28234498085294 16.304293318871064 96.71765501914706
36.8210139689184 10.745191387139494 45.1789860310816 5.254808612860506
11.777155618080986 69.157812727019 6.222844381919015 60.84218727298099
18.582052900887682 20.79472898338571 21.417947099112318 11.20527101661429
2.0750344510333942 16.8629683316855 11.924965548966606 15.137031668314497
42.97242433442016 55.42955834515433 47.02757566557984 64.57044165484567
69.35195617379574 15.042173944225297 70.64804382620426 24.957826055774703
86.0011261307936 46.89388666546886 95.9988738692064 47.10611333453114
49.52857160415053 38.59849758822901 56.47142839584947 31.401502411770995
2.755089298761968 76.84254038144681 5.244910701238032 67.15745961855319
15.607156484282042 82.98454350689794 16.392843515717956 73.01545649310206
85.45833552198799 59.38891769446388 78.54166447801201 66.61108230553612
56.187991029509035 39.00353531256108 55.812008970490965 48.99646468743892
87.48263791865146 23.85676883514764 96.51736208134854 28.14323116485236
78.19242062479957 2.06564942948407 79.80757937520043 11.93435057051593
76.86151060284108 51.35944202972205 73.13848939715892 60.64055797027795
24.820401585894295 32.67194557690291 15.179598414105703 35.32805442309709
86.27452588174675 94.83483027383151 83.72547411825325 85.16516972616849
45.75665489105308 75.45914496223013 36.24334510894692 78.54085503776987
41.53377238533297 51.24784583412335 50.46622761466703 46.75215416587665
56.08675235944362 11.07263943227719 65.91324764055638 12.92736056772281
88.73169399865256 53.5441288299311 93.26830600134744 62.4558711700689
46.017522659559695 36.59018339444523 49.982477340440305 27.40981660555477
21.501625604078626 2.6708119309715537 16.498374395921374 11.329188069028447
19.00000013886545 40.00117841184244 28.99999986113455 39.99882158815756
9.248055005171702 27.533877666955096 4.751944994828298 36.46612233304491
9.63528370187848 96.986680461177 10.36471629812152 87.013319538823
36.076684531094145 44.87233296030377 45.923315468905855 43.12766703969623
31.3444816436551 96.82377324076643 40.6555183563449 93.17622675923357
81.98452990693933 96.3930160388933 72.01547009306067 95.6069839611067
2.160089367483484 55.64916431892364 5.839910632516516 46.35083568107636
66.92608248834799 37.94561456304618 61.07391751165201 46.05438543695382
12.827517685019345 2.698050307874587 3.1724823149806545 5.3019496921254134
72.58189246308476 11.281802343530835 67.41810753691524 2.7181976564691652
33.89830969849388 39.85939445871511 42.10169030150612 34.14060554128489
86.3253493790103 30.426369874461052 81.6746506209897 21.573630125538948
35.235746742033484 30.517198370008174 44.764253257966516 27.482801629991826
2.554100567118796 31.786373870686848 5.445899432881204 22.213626129313152
87.02077191584154 3.544711425656594 96.97922808415846 4.455288574343406
25.628782906848894 12.598031179443906 30.371217093151106 21.401968820556093
39.88805556808113 88.94790078255372 30.11194443191887 91.05209921744628
96.48421525548537 35.78825554313518 87.51578474451463 40.21174445686482
