95.96508849030936 27.99987811716357 96.03491150969064 18.00012188283643
65.03221723141297 47.956556138262265 56.96778276858703 42.043443861737735
69.02234633084981 34.96997137944106 60.977653669150186 29.030028620558934
20.54501477889667 44.270045523717734 29.45498522110333 39.729954476282266
3.6811203246449917 52.04660973641734 2.3188796753550083 61.95339026358266
21.285489829066897 77.19898017760273 26.714510170933103 68.80101982239727
89.08487882522365 71.11911504595925 86.91512117477635 80.88088495404075
71.14195597743281 66.19924997884341 62.858044022567185 71.80075002115659
13.371640518365762 32.10836353683736 22.628359481634238 35.89163646316264
79.35669008634771 73.27776191539519 82.64330991365229 82.72223808460481
90.82477145445758 23.996928552303615 91.17522854554242 14.003071447696387
72.99892047829981 53.10389442542732 63.0010795217002 52.89610557457268
75.18428401056924 84.99660278623873 74.81571598943076 75.00339721376127
67.93894219073059 28.608742038887065 64.06105780926941 19.391257961112935
96.56580340681155 11.037998834726842 87.43419659318845 6.962001165273158
2.946837500351627 36.00028263312503 3.053162499648373 45.99971736687497
57.42795964341831 91.97603187332696 66.5720403565817 96.02396812667304
20.89171171809976 60.139200519751014 13.10828828190024 53.860799480248986
65.94128863937127 13.236019252585223 56.058711360628735 14.763980747414777
14.382868893150452 72.26873304671365 17.61713110684955 81.73126695328635
52.73699080312185 66.61280550124427 61.26300919687815 61.38719449875574
33.688437280052966 81.784278829047 28.311562719947034 90.215721170953
23.168153745786167 49.06968238250816 24.831846254213833 58.93031761749184
83.99773939037993 96.15033624261883 74.00226060962007 95.84966375738117
50.99472546902831 90.22960289423241 41.00527453097169 89.77039710576759
70.8178149166789 78.33740772714468 61.1821850833211 75.66259227285532
37.72420491266051 40.54794915567651 42.27579508733949 49.45205084432349
33.7201874631553 34.64919080541687 24.2798125368447 31.350809194583128
9.320976627476732 71.82234597987953 6.679023372523268 62.17765402012048
35.029923815519865 16.54620758001276 44.970076184480135 15.45379241998724
45.67388148817796 52.50693011902419 54.32611851182204 47.49306988097581
51.72678406102906 61.59607887763926 60.27321593897094 56.40392112236074
96.79995216243539 62.40016400408375 87.20004783756461 59.59983599591625
81.99831462349007 34.581839767327786 86.00168537650993 25.418160232672218
86.95479125154291 42.67085292995837 77.04520874845709 41.32914707004163
56.93275789217673 70.18274876741104 47.06724210782327 71.81725123258896
36.87027244502635 87.90591449877724 31.12972755497365 96.09408550122276
37.20644565430445 74.85318747498208 42.79355434569555 83.14681252501792
52.38943941714318 79.39433113900934 43.61056058285682 74.60566886099066
79.23000595553043 67.3340949724011 70.76999404446957 72.6659050275989
63.089671008213585 3.9426925227356975 72.91032899178641 2.0573074772643025
12.495015881424395 81.81028946530769 3.5049841185756048 86.18971053469231
85.64931921996323 86.18588934169152 88.35068078003677 95.81411065830848
2.5788613573718626 31.982232656519095 3.4211386426281374 22.017767343480905
85.63367683815382 17.87857365028811 76.36632316184618 14.121426349711887
81.8717372330382 47.179105367633014 90.1282627669618 52.820894632366986
68.04265135855567 61.65168585006126 77.95734864144433 60.34831414993874
39.368578842911305 65.3050471479205 32.631421157088695 72.6949528520795
25.695706681128936 83.28234498085294 16.304293318871064 86.71765501914706
41.130857528724476 71.16697592933258 48.869142471275524 64.83302407066742
19.405418628359445 29.27412534981554 24.594581371640555 20.72587465018446
14.11803974584578 8.919970335195158 23.881960254154222 11.080029664804842
31.14981925138477 2.78519684485007 40.85018074861523 5.21480315514993
54.83451490114476 52.79118472440391 47.16548509885524 59.20881527559609
96.68173872960143 5.75536961001095 87.31826127039857 2.24463038998905
82.48365349378558 56.339523628557245 77.51634650621442 47.660476371442755
11.698430068676192 20.950979240430016 10.301569931323808 11.049020759569984
17.571307638565866 66.49939448343868 10.428692361434134 59.500605516561315
19.99981438237536 93.95691703593634 10.000185617624641 94.04308296406366
93.42444156000131 68.32901629065431 84.57555843999869 63.670983709345684
41.66457266351895 38.5789391368115 46.33542733648105 47.4210608631885
68.32026513959268 9.760704869161355 77.67973486040732 6.239295130838644
45.84676394007373 21.889533473011134 40.15323605992627 30.110466526988866
54.733603930187584 38.18657491905531 49.266396069812416 29.81342508094469
38.985241962124604 11.616121661105973 29.014758037875396 12.383878338894027
90.1487280907107 86.89265919367557 95.8512719092893 95.10734080632443
43.49201902926077 62.195851780234534 34.50798097073923 57.804148219765466
46.90939258873471 35.458044402246685 51.09060741126529 44.541955597753315
57.656352157884285 34.523566390212835 66.34364784211571 39.476433609787165
96.86642116705002 57.924359284342245 95.13357883294998 48.075640715657755
26.85853524095243 64.51819971733846 31.14146475904757 55.48180028266154
54.92436440587256 3.13360794199426 45.07563559412744 4.86639205800574
51.044798288516226 16.092089070655575 52.955201711483774 25.907910929344425
22.99209875545949 2.010563997338188 31.00790124454051 7.989436002661812
5.938940953507054 75.60874255939873 2.0610590464929457 66.39125744060127
14.3468805272812 43.7619630648754 19.6531194727188 52.2380369351246
46.00011731058893 96.03425043251511 55.99988268941107 95.96574956748489
66.7943039084051 82.58061631901319 57.20569609159491 85.41938368098681
2.3067913349731146 11.21267457639729 7.693208665026885 2.7873254236027085
71.80965554710468 38.003624414713 72.19034445289532 47.996375585287
8.253557266732287 27.006433267444276 7.746442733267714 36.99356673255572
93.30164965169335 42.827598593943634 90.69835034830665 33.172401406056366
32.549677589731516 51.7208268067867 41.450322410268484 56.2791731932133
72.41097489319255 26.983081339609598 71.58902510680745 17.016918660390402
8.970706174090722 54.999914186439966 9.029293825909278 45.000085813560034
30.198315835618743 25.394212747585634 39.80168416438126 22.605787252414366
43.17547760995193 9.686994399126622 52.82452239004807 12.313005600873378
18.016740919761215 15.591185935641034 27.983259080238785 16.408814064358967
70.75922990579139 91.53288313443034 61.240770094208614 88.46711686556966
76.97784783423094 20.00004907208563 77.02215216576906 29.99995092791437
