95.79061652759493 24.995613932389453 96.20938347240507 15.004386067610548
62.75919258128239 45.29673643727117 55.24080741871761 38.70326356272883
64.56986100622093 31.500870234136546 57.43013899377907 24.499129765863454
21.39751652801532 47.95375174730769 30.60248347198468 44.04624825269231
3.59456800659794 55.03547697300837 2.40543199340206 64.96452302699163
21.861447254551006 79.89223414815123 28.138552745448994 72.10776585184877
89.91387751799695 72.08422662421265 88.08612248200305 81.91577337578735
74.23717757589115 66.34550829905889 65.76282242410885 71.65449170094111
19.866074613174582 32.1874102865579 28.133925386825418 37.8125897134421
82.115642746859 72.07883019508401 83.884357253141 81.92116980491599
90.08653063315172 23.999251188880827 89.91346936684828 14.000748811119173
73.9975070456227 52.84212875831383 64.0024929543773 53.15787124168617
77.6190653813218 85.96152779430378 76.3809346186782 76.03847220569622
67.52988559478064 28.76019433078973 64.47011440521936 19.23980566921027
94.63414717635226 9.877413099961325 85.36585282364774 6.122586900038674
3.2515287042718484 41.05633832878189 4.748471295728152 50.94366167121811
56.4639791016726 91.89654702692523 65.53602089832741 96.10345297307477
20.28747142288727 58.7672976579638 13.712528577112733 51.2327023420362
66.85590023479679 13.808264748486266 57.144099765203215 16.191735251513734
12.818326346125527 68.50107789931965 17.181673653874473 77.49892210068035
54.98093384426974 67.97440872037849 63.01906615573026 62.02559127962151
32.233046883772374 76.52635477324425 27.766953116227622 85.47364522675575
24.514101652887756 53.02366572703626 25.485898347112244 62.97633427296374
79.98944824337417 96.3246632512163 70.01055175662583 95.6753367487837
47.99573024145365 90.79341017782706 38.00426975854635 91.20658982217294
72.76820517744127 79.50473233029074 63.231794822558726 76.49526766970926
31.344843201961808 34.76323916442861 36.65515679803819 43.23676083557139
33.59364758861373 29.974437092343855 24.40635241138627 26.025562907656145
9.320976627476732 73.82234597987953 6.679023372523268 64.17765402012047
39.000056173922225 15.023700971851943 48.999943826077775 14.976299028148057
45.764007442109836 50.65638232366863 54.235992557890164 45.34361767633137
51.63878534249105 62.445364330959514 60.36121465750895 57.554635669040486
94.7200950727664 60.649455214319694 85.2799049272336 57.350544785680306
83.45484907871653 38.30374334595942 88.54515092128347 29.696256654040585
82.98951796387591 42.323590000092075 73.01048203612409 41.676409999907925
59.946269609929914 72.2689617343232 50.053730390070086 73.7310382656768
32.475390703496764 86.40532901950009 25.524609296503233 93.59467098049991
36.20644565430445 75.85318747498208 41.79355434569555 84.14681252501792
52.50873345269739 80.16132428213062 43.49126654730261 75.83867571786938
79.98156057302083 67.97557023500858 72.01843942697917 74.02442976499142
64.08967100821359 4.9426925227356975 73.91032899178641 3.0573074772643025
12.374255023652896 82.57803943301147 3.6257449763471037 87.42196056698853
81.48213197915514 87.23596004726068 84.51786802084486 96.76403995273932
2.232344248447357 30.940719041506828 3.767655751552643 21.059280958493172
84.45231581704232 21.275276656873785 75.54768418295768 16.724723343126215
83.64158935232626 46.5496415310726 92.35841064767374 51.4503584689274
67.00471740250062 60.21714458574827 76.99528259749938 59.78285541425173
40.30357997309636 64.24682010005426 33.69642002690364 71.75317989994574
22.804085732903694 84.61408504196282 13.195914267096306 87.38591495803718
40.8210139689184 72.7451913871395 49.1789860310816 67.2548086128605
15.405418628359445 27.27412534981554 20.594581371640555 18.72587465018446
12.230747866142504 5.498589302124254 21.769252133857496 8.501410697875746
32.01949594310868 3.5588885182982772 41.98050405689132 4.441111481701723
56.88993243432429 50.85859495505723 49.11006756567571 57.14140504494277
96.65039025423484 5.8368098658591965 87.34960974576516 2.1631901341408035
80.01644404387092 55.5753637470629 75.98355595612908 46.4246362529371
11.04209158152463 19.890198885087955 8.95790841847537 10.109801114912043
21.124714925838216 68.82607975481362 12.875285074161784 63.17392024518637
15.945160542793884 95.2614966445611 6.054839457206116 96.7385033554389
96.50302780610313 67.17318673322428 87.49697219389687 62.82681326677571
37.820288141767605 36.50012708900783 42.179711858232395 45.49987291099217
69.3845636214028 9.922952686657078 78.6154363785972 6.077047313342922
45.45473418425277 23.385472130947754 38.54526581574723 30.614527869052246
50.58582933495048 39.279425972079615 45.41417066504952 30.720574027920385
40.968807926595616 10.442373073999645 31.031192073404387 11.557626926000355
90.59368167916492 87.61712056533455 95.40631832083508 96.38287943466545
46.45301197526034 62.27391388319523 37.54698802473966 57.72608611680477
41.90939258873471 34.458044402246685 46.09060741126529 43.541955597753315
55.613793990616614 32.59975067060751 64.38620600938339 37.40024932939249
96.86642116705002 53.924359284342245 95.13357883294998 44.075640715657755
29.591702381420095 63.797572075279554 32.4082976185799 54.202427924720446
57.66857456381632 2.2099129791858516 48.33142543618368 5.790087020814148
52.302967570906624 19.048823797036487 53.697032429093376 28.951176202963513
20.746803514504855 2.3712513136909137 29.253196485495145 7.628748686309086
5.858211995096932 78.64187981116248 2.141788004903068 69.35812018883752
11.3468805272812 39.7619630648754 16.6531194727188 48.2380369351246
39.02212849561327 96.46988858872567 48.97787150438673 95.53011141127433
65.7943039084051 83.58061631901319 56.20569609159491 86.41938368098681
2.0792304894970526 12.616345360512174 5.920769510502947 3.383654639487826
68.89688331491456 37.00106341816012 69.10311668508544 46.99893658183988
8.16636889254417 27.00276862737039 7.83363110745583 36.997231372629614
94.96172264399692 38.90663729615544 93.03827735600308 29.09336270384456
32.5105783384813 49.7988427713844 41.4894216615187 54.2011572286156
72.3239455388768 28.989494893056992 71.6760544611232 19.010505106943008
9.145218507760422 55.99789071359147 8.854781492239578 46.00210928640853
24.013371025418763 21.36541958057402 33.98662897458124 20.63458041942598
45.278820544737655 9.353651145349584 54.721179455262345 12.646348854650416
15.016740919761215 13.591185935641034 24.983259080238785 14.408814064358966
73.98869843156844 89.33598803381463 64.01130156843156 88.66401196618537
78.8033655578104 28.003868006532976 79.1966344421896 37.996131993467024
