70.50916488246737 3.8395759530307596 61.49083511753262 8.16042404696924
58.10347762486249 18.876713763532553 55.89652237513751 9.123286236467447
69.65076049308503 67.46660003070826 78.34923950691497 62.533399969291736
8.654269380917324 15.28434573398807 15.345730619082676 22.715654266011928
2.289395483822708 61.05075346930582 3.710604516177292 70.94924653069418
36.228050665399365 56.94005002250075 37.771949334600635 47.05994997749925
96.99084087936752 87.69749823664324 87.00915912063248 88.30250176335676
58.906964295707205 87.00086563916044 59.093035704292795 96.99913436083956
17.10166426791984 41.13097085901275 24.89833573208016 34.86902914098725
93.93585444913604 94.20166369433436 84.06414555086396 95.79833630566564
83.45470047489403 24.270604254153287 74.54529952510597 19.729395745846713
45.73298267162929 64.38789732645314 36.26701732837071 67.61210267354686
47.396505227311984 81.53375917985923 54.603494772688016 88.46624082014077
85.66215400069245 30.806742946250885 76.33784599930755 27.193257053749115
81.7567405719585 5.459409486241093 72.2432594280415 8.540590513758907
8.57748262499805 38.25536633997636 5.42251737500195 47.74463366002364
64.33591767272658 91.80175915272152 73.66408232727342 88.19824084727848
39.97501425476537 41.571589737891685 44.02498574523463 32.428410262108315
85.99996609614507 16.018412968248672 76.00003390385493 15.98158703175133
18.79335327238649 25.063342164460487 17.20664672761351 34.93665783553951
71.56638043522055 58.96781775054192 70.43361956477945 49.03218224945808
28.871414154813284 76.0016537054324 29.128585845186716 85.9983462945676
41.996594880614566 48.10171681439394 44.003405119385434 57.89828318560606
41.73540788454807 94.60496484913534 32.26459211545193 91.39503515086466
10.924052866210786 78.38502214869605 7.075947133789214 87.61497785130395
38.02690045117603 76.97996528960473 43.97309954882397 85.02003471039527
46.34770819523753 39.41478616795619 53.65229180476247 32.58521383204381
37.94814476556793 12.718236297455537 28.051855234432065 11.281763702544463
18.591972525866204 95.98332354762883 19.408027474133796 86.01667645237117
87.11424465184997 49.06272982362567 96.88575534815003 46.93727017637433
7.717621621525698 63.6957188975989 4.282378378474302 54.3042811024011
87.99218271364252 64.01045143890016 96.00781728635748 69.98954856109984
78.9789274088766 72.45856499772377 69.0210725911234 71.54143500227623
77.9998776976241 33.965028457266264 68.0001223023759 34.034971542733736
92.9555486293059 78.05837130531862 85.0444513706941 71.94162869468138
73.90123133265062 95.0110958469883 64.09876866734938 96.9889041530117
69.92353112199132 75.87111496989948 60.07646887800869 74.12888503010052
28.194467818549242 66.50730470726629 23.805532181450758 75.49269529273371
75.9948077019195 80.22780698155609 66.0051922980805 79.77219301844391
81.7713363309605 76.18218244120749 88.2286636690395 83.81781755879251
49.717076593479554 10.1673912290563 52.282923406520446 19.8326087709437
2.287656925143491 87.69764634620263 5.712343074856509 78.30235365379737
61.030460397716574 83.4489318178876 70.96953960228343 84.5510681821124
14.798662285567442 6.289140097812759 23.201337714432558 11.710859902187241
68.08301532440024 40.0636290177991 61.916984675599764 47.9363709822009
92.99862180984724 42.117388253754825 83.00137819015276 41.882611746245175
25.042679458594105 91.9998178430633 24.957320541405895 82.0001821569367
18.10262627254229 57.07906768574994 11.897373727457708 64.92093231425005
9.973665667257592 55.57099214306363 14.026334332742408 46.42900785693637
2.040539539160638 93.63541477585198 11.959460460839363 92.36458522414802
29.58679257587507 42.01710328978735 30.41320742412493 51.98289671021265
24.099934175364297 17.00533678351051 33.9000658246357 18.99466321648949
80.147229047354 38.20441441420936 89.852770952646 35.79558558579064
60.78347359088673 2.5445342995146736 51.21652640911327 5.455465700485327
96.47462342132995 23.97742228547318 95.52537657867005 14.02257771452682
83.63241124602305 67.98646954346958 84.36758875397695 58.013530456530425
67.6473996385472 11.758387670493667 62.3526003614528 20.24161232950633
9.049530336381938 22.962368575421305 2.9504696636180623 15.037631424578695
33.73850335543898 79.94516054279387 32.26149664456102 70.05483945720613
57.80476649353387 34.003813066152055 58.19523350646613 43.996186933847945
50.13949307686985 52.35903954024765 53.86050692313015 61.64096045975235
74.16185744256542 12.261894050204061 83.83814255743458 9.738105949795939
65.49704212757753 54.0247664252406 64.50295787242247 63.9752335747594
17.893305391323363 73.02740563909573 8.106694608676637 70.97259436090427
44.932814409621976 2.1830899680957456 35.067185590378024 3.8169100319042544
76.23976737822592 45.704449874429756 83.76023262177408 52.295550125570244
13.61376030233181 27.03781315433593 12.38623969766819 36.96218684566407
52.958937289607434 38.96952978969319 47.041062710392566 47.03047021030681
60.26439354826402 28.310898780715814 63.73560645173598 37.68910121928418
95.34572620204877 63.415605121047605 90.65427379795123 54.584394878952395
19.92979463414295 67.88412330668369 22.07020536585705 58.11587669331632
29.71698001726482 24.65574230190704 22.28301998273518 31.34425769809296
38.148806586987284 28.210752852378242 47.851193413012716 25.789247147621758
20.533877666955092 2.7519449948283063 29.466122333044908 7.248055005171693
17.190806190064066 52.136233810874046 22.809193809935934 43.863766189125954
3.7263457047463584 23.5468554766688 8.273654295253642 32.453144523331204
50.13591585574957 70.17314571461073 57.86408414425043 63.826854285389274
46.74138888106799 90.58720870665607 37.25861111893201 87.41279129334393
8.934050398545885 10.090007931551167 17.065949601454115 15.909992068448833
71.27877154173045 16.16629093303493 68.72122845826955 25.83370906696507
29.278838538781923 31.660395625295514 36.721161461218074 38.339604374704486
96.28619488917377 34.76841122362836 89.71380511082623 27.231588776371634
55.63176916593525 49.19084785178151 58.36823083406475 58.80915214821849
46.912824924615826 6.070402635506364 37.087175075384174 7.929597364493636
29.81883495626696 56.1415178152572 32.18116504373304 65.8584821847428
42.637927872647246 11.593117284839174 47.362072127352754 20.406882715160826
33.10197304495883 27.13135527492051 40.89802695504117 20.86864472507949
57.86864270358305 23.832413595177925 50.13135729641695 30.167586404822075
53.874719167275686 77.11225583396764 44.125280832724314 74.88774416603236
96.26354449903909 5.2119560056948 89.73645550096091 12.7880439943052
