60.267751272785354 15.605052604773842 51.732248727214646 10.394947395226158
65.31917259321854 7.518878343626345 56.680827406781454 2.481121656373655
84.34980261789092 26.837298099771992 93.65019738210908 23.162701900228008
2.06115820457829 13.045146338698082 7.93884179542171 4.954853661301918
2.945884495037685 70.1123788503815 5.054115504962315 79.8876211496185
40.201152411776214 80.48942402320517 35.798847588223786 71.51057597679483
89.78464649261758 67.00463986614997 90.21535350738242 76.99536013385003
52.784788249503386 73.14992160873095 55.215211750496614 82.85007839126905
27.74795793972126 15.53588681161247 32.25204206027874 24.46411318838753
70.52393982427236 82.45290990882565 63.47606017572763 89.54709009117435
80.99925118888083 29.913469366848368 71.00074881111917 30.086530633151632
43.33842075767474 91.51442052442958 34.66157924232526 96.48557947557042
66.68616664599101 63.0473062547812 65.31383335400899 72.9526937452188
85.56120706088845 47.048265155613734 76.43879293911155 42.951734844386266
78.95068053611486 3.7005442379560725 69.04931946388514 2.2994557620439275
48.68001486991825 39.24003954097144 39.31998513008175 42.75996045902856
68.09390336994912 96.9644769860413 77.90609663005088 95.0355230139587
50.22122231516933 21.824098167706364 43.77877768483067 14.175901832293636
94.6921336386878 11.727391651217047 85.3078663613122 8.272608348782953
37.501077899319654 39.181673653874455 46.498922100680346 34.818326346125545
61.99340903016361 42.41455340904922 58.00659096983639 51.58544659095078
8.349649104476654 48.04247605021499 9.650350895523346 57.95752394978501
34.17521769365328 64.1376182739259 27.82478230634672 71.8623817260741
17.05924677245641 67.91933479414442 8.940753227543588 62.08066520585559
17.369450485823307 85.69415801280685 10.63054951417669 78.30584198719315
24.15369427924842 83.48761693209313 19.84630572075158 92.51238306790687
21.53186986971827 35.22039814204583 24.46813013028173 44.77960185795417
39.42648397252684 3.358680515799705 32.57351602747316 10.641319484200295
11.809667764673602 95.93400832091399 10.190332235326398 86.06599167908601
94.02370097185185 90.99994382607778 93.97629902814815 81.00005617392222
6.880453519025069 41.632914262403986 3.1195464809749307 32.367085737596014
86.04532211612302 61.32831028962753 95.95467788387698 62.67168971037247
60.72009507276639 62.649455214319694 51.27990492723361 59.350544785680306
52.17420340103659 52.24754183196646 43.82579659896341 57.75245816803354
96.37396584287337 76.98599534179125 95.62603415712663 67.01400465820875
50.86373337772249 83.84064775394698 41.13626662227751 86.15935224605302
69.71767639828559 45.65651645770009 62.28232360171442 52.34348354229991
31.412116993222828 60.345214421534415 24.587883006777172 67.65478557846558
84.99565563732064 78.79161393207194 75.00434436267936 79.20838606792806
95.32320631515975 56.95398327693588 96.67679368484025 47.04601672306412
93.33589660919029 15.510019961041412 84.66410339080971 20.48998003895859
19.27480366870464 59.192052594600206 24.72519633129536 50.807947405399794
51.00008174539748 95.97140896482286 60.99991825460252 96.02859103517714
10.240197225376491 9.46889662442853 19.75980277462351 12.53110337557147
69.35474482201586 9.012600265543885 68.64525517798414 18.987399734456115
83.88438431355243 37.069013506707414 74.11561568644757 34.930986493292586
51.07113107545215 66.09726133341498 42.92886892454785 71.90273866658502
3.4213702488225244 46.03359409521812 4.578629751177475 55.96640590478188
38.31209861054431 18.95245309704039 39.68790138945569 9.047546902959612
2.457420467719719 64.91074865252926 11.542579532280282 69.08925134747074
11.073933260581134 36.90387339444445 18.926066739418864 43.09612660555555
26.374657299253446 10.443383554317421 33.62534270074656 3.556616445682578
73.78519684484999 17.85018074861521 76.21480315515001 8.149819251384791
78.45974326441053 20.530804758990985 85.54025673558947 13.469195241009015
74.99984784776353 22.96099360034019 65.00015215223647 23.03900639965981
82.3570505586498 55.85553778863861 91.6429494413502 52.14446221136139
63.061153815894066 38.220385755811094 72.93884618410594 39.779614244188906
36.80671353205594 34.24174830683417 29.19328646794406 27.758251693165832
14.565469865091966 60.967921480022895 13.434530134908034 51.032078519977105
45.77019407874474 27.183148717722364 52.22980592125526 34.81685128227764
58.19556120245327 77.66304628176776 61.80443879754673 68.33695371823224
46.87935255987674 11.093395393125617 53.12064744012326 18.90660460687438
77.61452786905231 72.4547341842527 70.38547213094769 65.5452658157473
28.605316280685116 81.46434618885394 21.394683719314884 74.53565381114606
26.9583192213285 2.355740347837661 17.0416807786715 3.644259652162339
88.8457403017039 87.0023801719737 89.1542596982961 96.9976198280263
11.062685620491779 42.91818957803732 18.93731437950822 49.08181042196268
76.9196753617321 59.89263337108028 67.0803246382679 58.10736662891972
39.363695292383426 58.04065363993752 40.636304707616574 67.95934636006248
84.78206367823243 85.53990857227018 75.21793632176757 88.46009142772982
22.162652342553297 22.07061373997041 23.837347657446703 31.92938626002959
52.993245571568906 5.740194953845158 43.006754428431094 6.259805046154842
21.59087013025648 62.65757208148008 28.40912986974352 55.34242791851992
4.149747731967719 22.64505829292178 7.850252268032281 13.35494170707822
10.124343180566518 20.840999490665006 17.87565681943348 27.159000509334994
11.075241339957252 16.135851783353132 20.924758660042748 17.864148216646868
89.7456309472644 34.79592967118687 96.2543690527356 27.20407032881313
7.585837824241069 96.74184757190764 4.414162175758931 87.25815242809236
43.089968746358586 20.120249173168624 40.910031253641414 29.879750826831376
81.99997485388415 49.98414249306557 72.00002514611585 50.01585750693443
53.4692696155746 39.02824726489263 54.5307303844254 48.97175273510737
96.96177135467384 40.38288977974915 87.03822864532616 41.61711022025085
39.5635061065844 53.043137786632826 30.436493893415598 48.956862213367174
55.40725930079866 30.02345430867396 64.59274069920134 33.976545691326045
34.96257502450831 84.97220293160646 29.03742497549169 93.02779706839354
56.21553017341005 21.73231150021452 63.78446982658995 28.26768849978548
26.80109169493203 36.15721641830207 33.19890830506797 43.84278358169793
13.009404927457489 32.987418974245095 4.9905950725425114 27.012581025754905
70.59749822511378 77.03454583618044 61.40250177488622 80.96545416381956
94.93492787284728 2.195955915515236 85.06507212715272 3.804044084484764
