65.51667423027925 16.14468037188092 56.48332576972074 11.85531962811908
68.44508122406387 12.289378280554544 59.55491877593613 7.710621719445457
92.09134311248393 30.62136656041668 95.90865688751607 21.37863343958332
3.284345733988046 9.345730619082648 10.715654266011954 2.654269380917351
10.110244863715435 77.12482242963463 7.889755136284565 86.87517757036537
58.10168723357175 88.85939885954276 49.89831276642825 83.14060114045724
85.65535338032451 75.04313486698526 84.34464661967549 84.95686513301474
63.51689899188858 87.0267902284154 62.48310100811142 96.9732097715846
24.06484459540942 19.389666654125335 27.93515540459058 28.610333345874665
77.44757705165807 84.71547414775748 68.55242294834193 89.28452585224252
89.66763993296519 38.79252265151344 80.33236006703481 35.20747734848656
50.9211228031166 96.88461876344887 41.0788771968834 95.11538123655113
66.59962571528635 70.03608531483796 65.40037428471365 79.96391468516204
84.75032230044292 49.560268580057524 75.24967769955708 46.439731419942476
70.41251772698386 7.351528717462996 61.587482273016136 2.6484712825370047
39.955971352860104 43.33792149284996 30.0440286471399 44.66207850715004
87.00630730643918 95.74893570091038 96.99369269356082 96.25106429908962
49.352719134963344 21.709349592859997 42.647280865036656 14.290650407140001
88.52372655122079 10.12976479682147 79.47627344877921 5.870235203178529
37.39306353881496 37.94322835575334 46.60693646118504 34.05677164424666
58.38547151044123 39.605739462335755 53.61452848955877 48.394260537664245
8.833926103805439 64.88067204046945 3.1660738961945607 73.11932795953055
43.0384882585129 68.02915763308599 36.9615117414871 75.97084236691401
24.99773939037994 66.15033624261883 15.002260609620059 65.84966375738117
28.822531799237797 86.12714359361186 23.177468200762203 77.87285640638814
32.870376609902195 86.00168050473566 33.129623390097805 95.99831949526434
20.900480938306636 44.13749349995275 29.099519061693364 49.86250650004725
39.054306580757505 7.441510724784316 34.945693419242495 16.558489275215685
18.7234341297698 94.94738749845655 17.2765658702302 85.05261250154345
95.54620758001268 79.97007618448015 94.45379241998732 70.02992381551985
8.356768332294058 59.98725539320698 7.643231667705942 50.01274460679302
75.09895790779584 62.87240178493922 82.90104209220416 69.12759821506077
63.92001451393185 65.89076213587018 54.07998548606815 64.10923786412982
62.839165021272066 44.884281109941405 57.160834978727934 53.115718890058595
86.81538927192665 62.65879402757555 83.18461072807335 53.34120597242445
53.85995307702325 93.17509833168644 44.14004692297675 90.82490166831356
73.71767639828559 50.65651645770009 66.28232360171441 57.34348354229991
31.547849073031845 60.24561641775567 28.452150926968155 69.75438358224433
80.96895019399284 73.44364222876052 71.03104980600716 74.55635777123948
91.89401362739935 64.87614541862952 94.10598637260065 55.12385458137048
93.2802485461572 12.550228481399524 88.7197514538428 21.44977151860048
19.588263230723655 60.65514051948318 26.411736769276345 53.34485948051682
72.00134223953168 94.88415271384349 81.99865776046832 95.11584728615651
12.000021591718127 15.01469410477294 21.999978408281873 14.98530589522706
73.52858646164188 25.028018870453256 72.47141353835812 34.97198112954675
77.95544404930882 40.33398628079459 68.04455595069118 41.66601371920541
52.977072266770335 75.52172011191604 43.022927733229665 76.47827988808396
3.9843942301621076 57.09786087512568 2.0156057698378924 66.90213912487432
32.92077833036813 32.99937235331204 33.07922166963187 23.000627646687963
14.281025809713771 76.65265924842734 23.71897419028623 73.34734075157266
2.0012081822804175 37.89008929488101 11.998791817719582 38.10991070511899
27.754448897267906 10.803471840247342 34.245551102732094 3.196528159752658
70.05674444037797 18.041936010225044 75.94325555962203 9.958063989774955
74.9164286589384 20.935935439585304 81.0835713410616 13.064064560414696
88.99544077182973 26.786525188508914 79.00455922817027 27.213474811491086
89.45115887901208 53.52217641494364 96.54884112098792 46.47782358505636
58.30065174152978 30.29233318659263 67.69934825847022 33.70766681340737
28.220831022035586 34.680407708432064 19.779168977964414 29.319592291567936
15.251367788937074 61.84087581505772 12.748632211062926 52.15912418494228
49.78951301533574 29.515164742085847 54.21048698466426 38.484835257914156
54.842916176714255 80.87721829830969 61.157083823285745 73.12278170169031
45.42651805429301 10.502825885989347 52.57348194570699 17.49717411401065
73.36473298641208 69.69845534380914 66.63526701358792 62.30154465619085
36.1521208277817 81.78565838384777 27.847879172218303 76.21434161615223
27.86381355845068 3.8409841810262755 18.13618644154932 6.1590158189737245
89.8457403017039 72.0023801719737 90.1542596982961 81.9976198280263
7.3030597088378 43.28572117167097 16.6969402911622 46.71427882832903
61.747566865024254 60.56863280028303 52.252433134975746 57.43136719971697
47.45034473301148 59.03030392403401 48.54965526698852 68.969696075966
91.98081210978502 91.43761938601814 82.01918789021498 90.56238061398186
15.91536522732723 30.455300024802128 20.084634772672768 39.54469997519787
49.7547021319826 6.546870271263917 40.2452978680174 3.4531297287360827
31.3440352684079 73.41085354146945 38.6559647315921 66.58914645853055
6.021642376761411 14.02864171232244 13.978357623238589 7.9713582876775595
2.307024518824063 25.274896776108317 11.692975481175937 28.725103223891683
6.243434939701 21.458867680196548 15.756565060299 24.541132319803452
93.73901851402984 40.83838048235569 96.26098148597016 31.16161951764431
13.018854327652502 95.97469492437607 4.981145672347498 90.02530507562393
38.877073446285046 21.001511322170295 39.122926553714954 30.998488677829705
78.18469513314537 54.26351929613426 69.81530486685463 59.73648070386574
47.620148418493955 40.26976542843259 44.379851581506045 49.73023457156741
91.90962252468918 44.946364974555095 82.09037747531082 43.053635025444905
42.77848628462521 53.47175705456056 33.22151371537479 50.52824294543944
57.114498185459766 23.93610525890758 66.88550181454023 26.06389474109242
44.10133839435622 82.07804893405184 37.89866160564378 89.92195106594816
60.189120692666876 19.637854526757884 69.81087930733312 22.362145473242116
24.113372046539222 37.941289820368326 33.886627953460774 40.058710179631674
12.955034021876582 33.66905742806249 3.044965978123419 32.33094257193751
74.87764635225156 78.84344194305409 67.12235364774844 85.15655805694591
95.92014375527347 2.109952008348169 86.07985624472653 3.890047991651831
