94.44265016309963 27.968839015233552 95.55734983690037 18.031160984766448
68.87195702515342 47.1635342254139 61.128042974846586 40.8364657745861
61.8053733667995 19.243321374648687 54.1946266332005 12.756678625351313
28.170397891603777 47.29419607269331 37.82960210839622 44.70580392730669
3.487118582779299 62.6773356615408 8.5128814172207 71.32266433845919
12.861447254551006 87.89223414815123 19.138552745448994 80.10776585184877
96.42270943807587 48.20668195768215 93.57729056192413 57.79331804231785
69.26480576980474 72.54234873222914 64.73519423019526 81.45765126777086
19.77043492339555 37.333395555623596 28.22956507660445 42.666604444376404
93.03128642974266 82.40389655487557 96.96871357025734 91.59610344512443
83.78144981341298 27.938556083423254 82.21855018658702 18.061443916576746
67.85423937873598 57.10527923153503 62.14576062126402 48.89472076846497
91.21730608086298 75.67140261491897 94.78269391913702 66.32859738508103
66.77489788861173 32.84758958830799 69.22510211138827 23.15241041169201
92.98814762540638 12.655931304602424 83.01185237459362 13.344068695397576
4.4697415032192245 30.022114613598127 3.530258496780775 39.97788538640187
57.050150179532515 96.70638994529793 66.94984982046749 95.29361005470207
11.89171171809976 54.139200519751014 4.108288281900241 47.860799480248986
76.98650200629609 3.3671481188907064 67.01349799370391 2.6328518811092936
25.662645245751115 73.57995783359591 30.337354754248885 82.42004216640409
57.74845502729644 62.840830009543865 60.25154497270356 53.159169990456135
27.114372594901628 86.08839120819506 20.885627405098372 93.91160879180494
20.211402254382655 55.004471090380726 19.788597745617345 64.99552890961928
81.99875815325515 94.88856874197464 72.00124184674485 95.11143125802536
51.95570781988597 88.66404819397466 42.04429218011403 87.33595180602534
59.995295986907536 82.78316364883754 50.004704013092464 83.21683635116246
27.50315814770887 35.814041776363766 36.49684185229113 40.185958223636234
39.63040522173026 37.2521721942431 34.36959477826974 28.747827805756895
12.732826327260609 69.83676243815181 15.267173672739391 60.1632375618482
32.04021341888137 13.632864179548518 41.95978658111863 12.367135820451482
49.35719647433757 49.2444775326 54.64280352566243 40.7555224674
45.34089944682441 60.8146024455508 54.65910055317559 57.1853975544492
87.75849914466085 64.29752697935645 80.24150085533915 57.702473020643545
90.29659699585285 41.991195269877856 89.70340300414715 32.008804730122144
90.89592529428629 50.014847531783815 81.10407470571371 47.985152468216185
66.5103167419745 68.4394275220109 59.48968325802549 75.5605724779891
36.794564161453906 87.33314458436676 33.205435838546094 96.66685541563324
30.721899065130813 65.22454582059194 37.27810093486919 72.77545417940806
38.96084222320095 81.05151255657069 31.03915777679905 74.94848744342931
74.77998146479152 73.84407614898737 69.22001853520848 82.15592385101263
64.10687112815492 11.028246003403883 73.89312887184508 8.971753996596117
21.2870651408597 72.42685552717583 12.7129348591403 77.57314447282417
77.42322080293054 84.50619826329383 84.57677919706946 91.49380173670617
8.491973549540289 38.97412395559593 9.508026450459711 29.02587604440407
77.34120866920247 24.71972104180491 70.65879133079753 17.28027895819509
78.3119281035235 51.26161514805634 87.6880718964765 54.73838485194366
61.20563067390891 65.41916269857859 70.79436932609109 62.58083730142141
51.67779674365283 74.61269855011741 44.32220325634717 81.38730144988259
23.00264901705058 83.00198813403397 16.99735098294942 90.99801186596603
48.26674756699432 64.67391727832016 55.73325243300568 71.32608272167984
13.281709075965594 31.948136836067672 14.718290924034406 22.051863163932328
16.20527101661427 13.58205290088775 25.79472898338573 16.41794709911225
28.147229047354003 5.20441441420936 37.852770952646 2.79558558579064
58.540256735589594 46.46919524100914 51.459743264410406 53.53080475899086
96.94576103060854 7.2655288786385634 87.05423896939146 8.734471121361436
75.3600525883505 58.811471392092145 72.6399474116495 49.188528607907855
23.272259777752925 33.45385625075689 18.727740222247075 24.546143749243107
13.138100054215194 45.998092473636895 12.861899945784806 36.001907526363105
12.549578355867858 95.07396643748608 3.450421644132142 90.92603356251392
86.98273909331515 68.41510375564296 77.01726090668485 67.58489624435704
24.467762214684086 21.240562284339653 27.532237785315914 30.759437715660347
84.00870628737326 2.7050642878647153 93.99129371262674 3.2949357121352847
49.5787748569786 18.508242487935654 42.4212251430214 25.491757512064346
45.448151140019746 50.97987555624626 44.551848859980254 41.02012444375374
35.88330039122729 7.9260459558065754 26.116699608772713 10.073954044193425
88.47418534602518 86.23849922380394 91.52581465397482 95.76150077619606
37.10906014635322 65.53341651506504 32.89093985364678 56.46658348493495
47.47850080582934 28.237118497995354 50.52149919417066 37.762881502004646
65.23639178579316 38.48077757338132 74.76360821420684 41.51922242661868
96.95223112658323 43.908488146218346 95.04776887341677 34.091511853781654
24.097934346682514 65.62408328757927 27.902065653317486 56.375916712420725
59.28486932592039 8.576799344106275 50.71513067407961 3.4232006558937247
52.453794334775424 24.245081699878806 55.546205665224576 33.75491830012119
11.186983796192393 2.6454244126349358 20.813016203807607 5.354575587365064
7.278658319915228 83.8337390187009 4.721341680084772 74.1662609812991
17.651259982929336 42.28705773030747 24.348740017070664 49.71294226969253
50.08202428850699 93.90195060904955 59.91797571149301 92.09804939095045
72.91640620491928 86.08953307131388 63.083593795080716 87.91046692868612
3.8611574024215236 11.998071901553404 4.138842597578477 2.001928098446596
59.112273628418 25.37004436889144 62.887726371582 34.62995563110856
10.286237334679782 7.1682722014919085 7.713762665320217 16.83172779850809
90.21719819136916 26.84958024605508 87.78280180863084 17.15041975394492
32.17306105963651 51.695906266404684 41.82693894036349 54.304093733595316
80.27003425489866 42.83601209586825 77.72996574510134 33.16398790413175
9.2438125501531 64.46825527916383 4.7561874498469 55.53174472083617
30.05100858435165 23.712379089978732 39.94899141564835 22.287620910021268
41.966459454380114 2.0452494746864964 50.033540545619886 7.954750525313504
36.040639863478525 17.636197324956434 45.959360136521475 16.363802675043566
76.99246007102533 90.72551422765872 67.00753992897467 91.27448577234128
84.45533199920429 34.029754858268134 85.54466800079571 43.970245141731866
