71.90135484364171 3.988291807468757 62.09864515635828 2.011708192531243
61.188419950554874 36.856712676401926 58.811580049445126 27.143287323598074
82.25688665668456 50.83944582904368 79.74311334331544 41.16055417095632
7.037256519109415 13.390756909864379 16.962743480890584 14.609243090135621
5.939943450425582 38.391679328741226 2.0600565495744183 47.608320671258774
35.66178459596198 76.41958694046393 40.33821540403802 67.58041305953607
91.41608106361925 60.257511117253465 94.58391893638075 69.74248888274653
50.53262016451297 67.22016774160367 53.46737983548703 76.77983225839633
11.517410652605111 24.65986749831282 16.48258934739489 33.34013250168718
91.85930060016479 78.131858169772 94.14069939983521 87.868141830228
80.82975196935186 29.214498382834485 73.17024803064814 22.785501617165515
68.5237513265019 84.54727734875301 61.47624867349811 77.45272265124699
71.66129324154491 80.41932695078746 76.33870675845509 71.58067304921254
87.36282524346177 33.81068678628981 84.63717475653823 24.189313213710193
68.99931870663362 7.917462314648116 59.00068129336639 8.082537685351884
4.917865381798796 24.454154046639047 9.082134618201204 33.54584595336095
70.6217580826896 88.58525410995149 79.3782419173104 93.41474589004851
13.532105771271258 69.97160572131176 12.467894228728742 60.02839427868824
63.72156614518118 16.64523953778133 54.27843385481882 13.354760462218671
27.14139989700699 72.89775604684846 32.85860010299301 81.10224395315154
47.44203888232069 41.62661940829094 40.55796111767931 34.37338059170906
30.071912586722593 90.09835772602995 21.928087413277407 95.90164227397005
17.3685188313672 37.56309084759789 24.6314811686328 44.43690915240211
93.94791811374873 95.28020395969605 84.05208188625127 96.71979604030395
25.47213558847968 81.65390455326022 20.52786441152032 90.34609544673978
51.15369427924843 81.48761693209313 46.84630572075157 90.51238306790687
42.80307821839443 30.28230841354565 51.19692178160557 35.71769158645435
35.45700086714646 10.612360032520101 28.54299913285354 3.3876399674798985
15.591972525866204 91.98332354762883 16.408027474133796 82.01667645237117
66.35525427039369 39.148963234480746 75.64474572960631 42.851036765519254
17.289637636979446 72.35159829560175 24.710362363020554 65.64840170439825
71.23730509719114 60.00563454572584 70.76269490280886 69.99436545427416
94.99189806845116 56.28452359162909 85.00810193154884 55.71547640837091
78.5091908221417 33.16036990571361 69.4908091778583 28.83963009428639
94.34269652040459 49.47810147727366 85.65730347959541 44.52189852272634
71.96183250715667 95.05022674324987 64.03816749284333 88.94977325675013
57.99142043122349 67.01140547605462 50.00857956877651 60.98859452394539
33.17740230584956 49.00314814889622 32.82259769415044 58.99685185110378
66.99988498777499 72.96608674267563 57.00011501222502 73.03391325732437
85.85649250790648 62.13251701435681 88.14350749209352 71.86748298564319
64.31558616785642 24.04706372881999 65.68441383214358 33.95293627118001
10.595040807123501 81.47500814317273 3.4049591928764986 74.52499185682727
80.40872238721236 87.02005811137926 89.59127761278764 90.97994188862074
3.5921795643923904 7.36032180167026 12.40782043560761 2.6396781983297397
86.60485648116271 2.051847852991523 77.39514351883729 5.948152147008477
93.81191953714185 28.066361721284448 92.18808046285815 37.933638278715556
39.78095072002216 94.99519943675337 40.21904927997784 85.00480056324663
33.99072131430123 87.10292367482452 36.00927868569877 96.89707632517548
21.33414215596503 79.49303264557182 12.66585784403497 74.50696735442818
37.7277538965329 81.5976745815075 46.2722461034671 76.4023254184925
37.88640901456609 62.91727505204776 32.11359098543391 71.08272494795224
28.451115104663497 21.075486981163557 37.5488848953365 16.924513018836443
67.36608879917954 46.12200453064692 76.63391120082046 49.87799546935308
59.219055078611134 20.174077313788494 52.780944921388866 27.825922686211506
89.76487153355423 11.472605587181123 94.23512846644577 2.527394412818877
81.48365349378558 69.33952362855725 76.51634650621442 60.660476371442755
34.72843542025572 27.625391791683185 25.27156457974428 24.374608208316815
22.397525079740923 48.37944808160413 13.602474920259077 43.62055191839587
12.683168396996667 94.75155181635363 3.316831603003333 91.24844818364637
62.98922475747393 58.328079745502905 53.01077524252607 57.671920254497095
21.474183952214663 32.8746790591516 30.525816047785337 37.1253209408484
73.75977496287905 11.529944991048051 78.24022503712095 20.47005500895195
45.92877090977222 61.08701876686254 44.07122909022778 70.91298123313746
13.9856900621861 49.98101428817708 6.0143099378139 56.01898571182292
48.54629877663247 11.081145702153055 39.45370122336753 6.918854297846945
71.09576796261956 54.02608618269821 80.90423203738044 55.97391381730179
32.50385020313382 40.67209818038039 27.49614979686618 49.32790181961961
62.80663724474193 44.06549532826291 61.19336275525807 53.93450467173709
38.841471331466565 49.071315997315324 37.158528668533435 58.928684002684676
95.30230479150919 44.951082850856864 96.69769520849081 35.048917149143136
29.084634772672672 61.544699975197915 24.915365227327328 52.455300024802085
50.907777367592 15.9558877079196 41.092222632408 14.0441122920804
35.65347133046184 35.28506448724084 42.34652866953816 42.71493551275916
8.596838614743778 9.369001860570922 17.403161385256222 4.630998139429077
19.896766223303196 62.99893416513449 20.103233776696804 53.00106583486551
3.009324673154945 53.0123928089992 10.990675326845055 46.9876071910008
51.01834909515554 93.01369628667146 56.98165090484446 84.98630371332854
84.378483901299 76.31410166598923 77.621516098701 83.68589833401077
17.00981832558199 9.686811787733529 26.99018167441801 10.313188212266471
55.116146882470126 34.0787396262103 56.883853117529874 43.9212603737897
2.0183242343703087 18.57232422778718 11.981675765629692 19.42767577221282
93.39841827769591 21.96367801447572 94.60158172230409 12.036321985524278
47.87843581467736 46.077769761633235 46.12156418532264 55.922230238366765
54.77418646879736 7.485645839745182 45.22581353120264 4.514354160254818
7.5802607848104095 70.96621560361723 6.4197392151895905 61.03378439638277
34.370354879853025 22.888487771074868 43.629645120146975 19.111512228925132
48.70494697034256 25.760668229416858 55.29505302965744 18.239331770583142
22.927466951861437 15.086772440319413 21.072533048138563 24.913227559680585
64.99246007102533 95.72551422765872 55.00753992897467 96.27448577234128
82.78825554313521 8.515784744514614 87.21174445686479 17.48421525548539
