51.469704804305195 12.347477220134895 46.530295195694805 3.652522779865106
62.27300027201783 13.835232187542033 59.72699972798217 4.164767812457966
91.31784801778679 11.21972282790111 96.68215198221321 2.7802771720988897
3.782275444608165 11.938425369362495 2.217724555391835 2.061574630637505
12.411016915235756 83.61970349925407 7.588983084764245 92.38029650074593
48.606557978088595 81.94412540606523 39.393442021911405 78.05587459393477
83.17004907882306 78.34690644559089 86.82995092117694 87.65309355440911
48.881676526731965 72.47090454256022 53.118323473268035 81.52909545743978
26.593534519398517 24.617201363207123 31.406465480601483 33.38279863679288
60.91123310081229 95.93797091078865 51.08876689918771 94.06202908921135
61.939603363640494 23.078883781046713 54.060396636359506 16.921116218953287
44.9989204782998 96.10389442542731 35.0010795217002 95.89610557457269
59.68616664599101 78.0473062547812 58.31383335400899 87.9526937452188
88.98890903854847 44.66715378162065 79.01109096145153 45.33284621837935
81.92321607397267 5.872893744379656 72.07678392602733 4.127106255620344
49.01360818360508 46.018230500441334 40.98639181639492 51.981769499558666
83.05990664287842 95.22832803412128 92.94009335712158 96.77167196587872
37.877611272320806 32.92237731738389 36.122388727679194 23.077622682616106
85.99215015608144 15.28006574073967 76.00784984391856 14.71993425926033
54.01298234422634 45.63992375668235 63.98701765577366 46.36007624331765
64.99648030625653 57.10030337681577 63.00351969374347 66.89969662318423
2.0983577260299606 71.9280874132774 7.901642273970039 80.0719125867226
32.82650628359353 66.87557734600269 27.17349371640647 75.12442265399731
13.024173927532834 64.99994156178126 12.975826072467166 55.00005843821874
19.75007332655279 77.17577498179475 14.24992667344721 68.82422501820525
30.68723901264821 77.62297935102478 23.31276098735179 84.37702064897522
33.12530002924709 37.077104514499126 34.87469997075291 46.922895485500874
38.23152369223854 9.154037825626869 35.76847630776146 18.84596217437313
12.48846937182999 77.7733069175493 9.51153062817001 68.2266930824507
88.89498708239648 81.62698864895414 85.10501291760352 72.37301135104586
10.802598135635927 50.14070569953118 5.197401864364073 41.85929430046882
70.14267505320532 71.81408501095312 79.85732494679468 74.18591498904688
62.84589318031188 72.23179514733854 53.15410681968812 69.76820485266146
55.839165021272066 57.884281109941405 50.160834978727934 66.1157188900586
94.89309564979455 82.91959146274547 93.10690435020545 73.08040853725453
32.91807600332787 89.89376748582043 25.081923996672128 96.10623251417957
75.78505482862269 50.06201570313795 74.21494517137731 59.93798429686205
49.14681252501791 54.20644565430443 40.85318747498209 59.79355434569557
71.1747858986157 80.24842541429102 62.825214101384304 85.75157458570898
92.88363290400689 42.08468619050825 87.11636709599311 33.91531380949175
93.38309598357237 19.268655434058918 96.61690401642763 28.731344565941082
26.43130256521445 58.03150283026727 35.56869743478555 53.96849716973273
65.01661607096605 96.40728935150103 74.98338392903395 95.59271064849897
8.240197225376491 5.46889662442853 17.75980277462351 8.53110337557147
65.65718058302205 4.011766359988448 66.34281941697795 13.988233640011552
87.95896842278779 23.63924344485772 78.04103157721221 22.36075655514228
49.74541018136562 58.68761376447089 42.25458981863438 65.31238623552912
3.3796362284162034 81.01443319831397 2.6203637715837966 90.98556680168603
46.72993580109455 36.18896771554786 41.27006419890545 27.81103228445214
6.364585224148023 53.04053953916064 7.635414775851977 62.95946046083936
26.0090472722272 42.99323050572803 31.9909527277728 51.00676949427197
21.93071251815612 13.905322596564567 30.06928748184388 8.094677403435433
69.44982453823512 19.753625567684317 72.55017546176488 10.246374432315685
52.95390496965385 32.889344044704266 55.04609503034615 23.110655955295734
56.53370445689738 11.310492051390229 51.46629554310262 2.689507948609771
85.33888801075234 54.19057052536118 94.66111198924766 57.80942947463882
64.34146570110123 30.591902761982677 71.65853429889877 37.40809723801732
17.311804685801782 16.53146999814294 8.688195314198218 11.468530001857063
20.49594672083989 56.76841941668806 23.50405327916011 47.23158058331194
66.86812085093561 40.47726948693773 71.13187914906439 49.52273051306227
44.00054410347076 86.07376136291458 53.99945589652924 85.92623863708542
44.164579745745456 9.07028672245725 45.835420254254544 18.92971327754275
78.67689380479361 93.98954931698438 79.32310619520639 84.01045068301562
22.66012178200102 91.2336452502452 17.33987821799898 82.7663547497548
25.94382437067941 3.747395873601373 16.05617562932059 2.252604126398627
91.44218725689186 85.70376979536785 96.55781274310814 94.29623020463215
13.734010681384566 35.54295025741009 18.265989318615432 44.45704974258991
84.99775756492913 66.85026916752493 75.00224243507087 67.14973083247507
37.01929878451689 63.097120731044875 38.98070121548311 72.90287926895513
74.8314096540772 84.78747761678709 67.1685903459228 91.21252238321291
22.33519553164909 25.044393577082552 23.66480446835091 34.95560642291745
40.9724128961769 4.524509284887956 31.0275871038231 3.475490715112044
23.807289085823943 66.72418339877274 32.19271091417606 61.27581660122726
3.4602254935117713 66.9787741960368 2.5397745064882287 57.021225803963205
6.980920708280107 23.425798559994554 11.019079291719894 32.574201440005446
6.624888346657146 16.579587220992344 15.375111653342854 21.420412779007656
75.49112080518339 32.83897977645975 84.50887919481661 37.16102022354025
19.967941048907605 95.43470208334116 10.032058951092397 96.56529791665884
38.26882718899052 38.053750277185706 39.73117281100948 47.946249722814294
91.97956636723644 49.54842631355708 82.02043363276356 50.45157368644292
57.95888932251808 29.435586872086475 62.04111067748192 38.564413127913525
74.99936887991657 26.07944055967628 65.00063112008343 25.92055944032372
64.98006039213219 51.44609246879558 55.019939607867805 50.55390753120442
44.49517302748497 42.16945475815953 53.50482697251503 37.83054524184047
31.921112321180388 82.10817094150198 40.07888767881961 87.89182905849802
40.641970089536855 20.29545750187221 47.358029910463145 27.70454249812779
28.72483501064357 15.165338248654864 31.27516498935643 24.834661751345138
3.7226531977939255 34.94750162766201 2.2773468022060745 25.052498372337993
69.07443927106767 53.000554151216065 68.92556072893233 62.999445848783935
91.06082101999395 2.0463466662385326 84.93917898000605 9.953653333761467
