49.25386713179362 19.796359926117802 42.74613286820638 12.203640073882198
55.40493525996177 21.383638488218732 50.59506474003823 12.616361511781268
85.69447100958209 7.542129051144109 94.30552899041791 2.457870948855891
7.953751747307608 26.602483471984712 4.046248252692392 17.397516528015288
16.992346417833783 95.72345480596799 7.007653582166217 96.27654519403201
48.999397015463195 88.00080381109863 41.000602984536805 81.99919618890137
81.00585136143 87.09982974944447 82.99414863857 96.90017025055553
56.36670031252106 81.27429030399864 59.63329968747894 90.72570969600136
28.30878286289099 12.294706747167737 31.69121713710901 21.705293252832263
61.97952008131828 95.5479162027367 52.02047991868172 96.4520837972633
77.97253296005859 31.523369812972565 68.02746703994141 30.476630187027435
40.97432082850775 95.49390485570994 31.02567917149225 96.50609514429006
68.98727642078867 70.98310975601984 61.01272357921133 77.01689024398016
83.75032230044292 45.560268580057524 74.24967769955708 42.439731419942476
72.79204604356451 11.147828213730136 67.20795395643549 2.852171786269863
35.20857534704961 48.00435226175793 34.79142465295039 57.99564773824207
67.01996418341398 94.44636673881504 76.98003581658602 93.55363326118496
47.66104903874518 35.419197710087786 52.33895096125482 26.58080228991221
90.80120058733371 14.395877115002035 81.19879941266629 11.604122884997965
46.08971626066907 46.942928204723074 55.91028373933093 45.057071795276926
54.955901920428516 50.03345655741057 61.044098079571484 57.96654344258943
17.22039439553051 81.00485973065634 16.77960560446949 90.99514026934366
30.739487802453816 84.40712355457445 21.260512197546184 87.59287644542555
9.80603948982023 57.93460234880688 8.19396051017977 48.06539765119312
25.034661624026448 79.9737675860147 18.965338375973552 72.0262324139853
36.38690259888281 71.60651664582117 31.61309740111719 80.39348335417883
28.731769950658585 48.00719991982152 29.268230049341415 57.99280008017848
40.458286091637426 34.02104691142689 39.541713908362574 43.97895308857311
9.987699532059642 89.89645256921864 12.012300467940358 80.10354743078136
91.52049755675695 94.3182278849526 86.47950244324305 85.6817721150474
9.132554551555744 43.87004314023504 6.867445448444256 34.12995685976496
80.00395711211601 66.19888555106856 89.99604288788399 65.80111444893144
67.79995216243539 65.40016400408375 58.20004783756461 62.59983599591625
61.57231774983877 70.50163668350658 54.42768225016123 77.49836331649342
95.58938018880069 54.9831106119221 96.41061981119931 45.0168893880779
39.238232206312496 75.52894681415827 34.761767793687504 84.47105318584173
66.22071044472358 51.06110257354568 67.77928955527642 60.93889742645432
46.12758720758277 58.12880434705239 43.87241279241723 67.8711956529476
75.34555556216904 66.18445431657887 72.65444443783096 75.81554568342113
95.15072707654853 39.92734568520336 96.84927292345147 30.072654314796637
93.71707659347956 8.1673912290563 96.28292340652044 17.8326087709437
21.24398049882118 65.54281512321042 30.75601950117882 62.457184876789576
67.07107695728405 88.84007002028625 76.92892304271595 87.15992997971375
3.3917541638790594 10.05987878887065 12.60824583612094 13.94012121112935
61.130578533992995 3.1294977488482516 58.869421466007005 12.870502251151748
93.17686541218757 24.748416876762175 84.82313458781243 19.251583123237825
50.5669631852979 60.03224872336418 49.4330368147021 69.96775127663582
5.682084842903845 77.01011724056681 6.317915157096155 86.98988275943319
64.35162468496685 32.71033852513768 57.64837531503314 25.289661474862324
3.322569251401851 42.010415941378476 2.677430748598149 51.989584058621524
28.71829092403456 29.05186316393235 27.28170907596544 38.94813683606765
22.001655730692875 7.871335453661087 31.998344269307125 8.128664546338914
74.38534014658414 23.962075499687487 75.61465985341586 14.037924500312515
69.86683440780548 22.63841883553367 66.13316559219452 13.36158116446633
54.909142073838 11.621166145238835 51.090857926162 2.3788338547611643
85.81694603245347 57.2610112259096 94.18305396754653 62.7389887740904
83.87272139556914 32.12873292171406 86.12727860443086 41.87126707828594
21.680828296605586 17.242204091000193 12.319171703394414 20.757795908999807
16.00575052823278 65.5850811382522 19.99424947176722 56.41491886174779
69.3525535782805 46.27920342658533 72.6474464217195 55.72079657341467
61.07832385796385 82.11846500187902 70.92167614203615 83.88153499812098
38.03330738365246 9.000110939411332 37.96669261634754 18.999889060588668
78.68279745467679 83.52225339382362 87.31720254532321 78.47774660617638
15.948966022777986 77.03777158795553 10.051033977222014 68.96222841204447
25.91472898662424 3.919477562551404 16.08527101337576 2.080522437448596
93.75854330374538 75.00583353663158 94.24145669625462 84.99416646336842
23.917184298406045 47.000685891087706 24.082815701593955 56.999314108912294
82.97875263614796 61.46045867138083 73.02124736385204 60.53954132861917
48.84878818232004 74.13433341146005 51.15121181767996 83.86566658853995
89.89112183505554 70.96224897270929 80.10887816494446 73.03775102729071
22.06228514576049 36.44511471301684 17.93771485423951 45.55488528698316
42.98113675592811 2.566091462699834 33.01886324407189 3.433908537300166
33.06067184416729 66.07923589233818 40.93932815583271 59.920764107661824
3.762835166803148 65.99437211688263 4.237164833196852 56.00562788311737
26.12755844906032 20.475235360172636 21.87244155093968 29.524764639827364
10.624888346657146 7.5795872209923445 19.375111653342856 12.420412779007656
88.25775452726293 33.31336146980299 91.74224547273707 42.68663853019701
31.745257501606037 89.68744113310213 24.254742498393963 96.31255886689787
55.159738011434364 31.49050648941973 50.840261988565636 40.50949351058027
86.32217648827987 51.486279569212044 77.67782351172013 56.513720430787956
69.12632652389755 34.88317107472296 78.87367347610245 37.11682892527704
91.37688563463638 28.417203371939095 82.62311436536362 23.582796628060905
52.971516517738976 54.53293856479759 43.028483482261024 53.46706143520241
57.01397802306887 37.626389446669684 66.98602197693113 38.373610553330316
38.30394104000947 87.63263483354214 45.69605895999053 94.36736516645786
36.498742838478094 24.82314815252674 45.501257161521906 29.17685184747326
33.410099696690864 28.034920178672273 34.589900303309136 37.96507982132773
13.315353580439758 45.70764977893034 16.68464641956024 36.29235022106966
60.46460522904832 42.02874739736175 61.53539477095168 51.97125260263825
84.27438523171058 2.405846787305256 75.72561476828942 7.594153212694744
