53.99119883072908 5.296537067039955 44.00880116927092 4.703462932960045
71.75919258128239 15.296736437271175 64.24080741871761 8.703263562728825
87.00023799199566 8.0487838427803 96.99976200800434 7.951216157219701
17.455080018837826 41.26985947268811 8.544919981162172 36.73014052731189
18.785855116144226 96.4476155592132 9.214144883855775 93.5523844407868
51.99730459729856 77.16415468868928 42.00269540270144 76.83584531131072
86.88957633616258 88.08525037436107 93.11042366383742 95.91474962563893
30.65005782810197 64.28814231887333 37.34994217189803 71.71185768112667
33.99954861630993 27.932816421995785 24.00045138369007 28.067183578004215
55.84749243909918 93.77451354439296 46.15250756090082 96.22548645560704
56.94050408809289 20.922269093679038 49.05949591190711 27.077730906320962
47.73298267162929 91.38789732645314 38.26701732837071 94.61210267354686
63.944430241584584 83.09000493699021 62.055569758415416 92.90999506300979
88.99228621718866 60.27762983569511 79.00771378281134 59.72237016430489
83.88275451607386 11.150272586286475 76.11724548392614 4.849727413713525
34.28361983858315 58.339952358215704 43.71638016141685 61.660047641784296
68.08984697750331 93.05639134400609 77.91015302249669 94.94360865599391
39.02839427868825 10.532105771271347 48.97160572131175 9.467894228728653
91.81135119109533 13.639522247169918 82.18864880890467 16.360477752830082
65.8128245051908 55.26731608566425 74.1871754948092 60.73268391433575
52.99648030625653 53.10030337681577 51.00351969374347 62.89969662318423
2.2632274331738733 83.05458129328038 3.7367725668261267 92.94541870671962
28.499763779815463 75.4290542589544 21.500236220184537 82.5709457410456
13.650678644190227 34.7196673626024 10.349321355809773 25.2803326373976
31.964847623363962 73.02612451002612 26.035152376636038 64.97387548997388
25.74932160858551 49.15894602785211 28.25067839141449 58.84105397214789
32.283736857341005 44.3037844145365 35.716263142658995 53.6962155854635
44.804483940147854 16.06514381262795 43.195516059852146 25.93485618737205
18.418305601460947 74.96604788808045 19.581694398539053 65.03395211191955
96.88726466126116 94.08211988748891 91.11273533873884 85.91788011251109
3.703792612459189 45.950219788923306 2.296207387540811 36.049780211076694
85.15413617062336 73.80479556117415 92.84586382937664 80.19520443882585
83.32595654402503 95.98936392052207 82.67404345597497 86.01063607947793
47.907643065436176 71.11934699466869 40.092356934563824 64.88065300533131
96.87746808955346 52.10013864371166 87.12253191044654 49.89986135628834
59.69332325480019 76.78739868428633 54.30667674519981 85.21260131571367
78.85644488653288 76.20161635552583 87.14355511346712 81.79838364447417
26.782372786048327 86.54092134027519 17.217627213951673 89.45907865972481
63.8359434338513 45.232215161195896 72.1640565661487 50.767784838804104
93.89470488175283 39.02071745382601 84.10529511824717 36.97928254617399
96.3892975248056 21.1968913829095 93.6107024751944 30.8031086170905
39.88474605104472 49.5305298510692 44.11525394895528 40.4694701489308
60.15551748325704 71.76266853876099 69.84448251674296 74.23733146123901
4.106228040049859 18.97481903841041 13.89377195995014 21.02518096158959
58.045404356565385 29.110508233847398 55.954595643434615 38.8894917661526
88.01639356946365 29.902297256369458 89.98360643053635 20.097702743630542
50.04458589480383 34.000198794153455 49.95541410519617 43.999801205846545
6.302801972730837 80.78987852886698 11.697198027269163 89.21012147113302
96.9254287841515 44.86032045904524 87.0745712158485 43.13967954095476
2.7845611368829664 23.51760882521497 7.215438863117034 32.48239117478503
19.939575039100102 35.046040078769025 26.060424960899898 42.953959921230975
13.02323236713891 13.481439433891971 22.97676763286109 12.518560566108029
79.78684090149929 41.66981793999822 76.21315909850071 32.33018206000178
66.16781784231036 35.99718292358828 65.83218215768964 26.002817076411723
77.37453862614377 12.689510680383474 70.62546137385623 5.310489319616527
36.165525227757804 32.27587369145766 45.834474772242196 29.72412630854234
84.45938163056319 24.21771965937015 81.54061836943681 33.782280340629846
9.561189421130047 68.49030914369493 2.4388105788699534 75.50969085630507
13.747567763526035 69.84060053020706 16.252432236473965 60.159399469792945
72.78951301533574 41.515164742085844 77.21048698466426 50.484835257914156
68.00001823153426 87.98649759243024 77.99998176846574 88.01350240756976
58.75977496287904 7.529944991048051 63.24022503712096 16.47005500895195
53.15481130339939 69.23456328081377 62.84518869660061 66.76543671918623
16.28101271919257 84.4493798416051 11.71898728080743 75.5506201583949
14.946320163994253 4.269303869406808 5.053679836005747 5.730696130593192
96.45594677713297 62.020832144180915 95.54405322286703 71.97916785581909
11.376364567475166 44.270961198906285 14.623635432524834 53.729038801093715
79.98603045988685 65.37349732673815 70.01396954011315 64.62650267326185
46.097229237645784 83.87455917085076 53.902770762354216 90.12544082914924
84.96295560137376 69.39248728507728 75.03704439862624 70.60751271492272
55.432854510146235 11.364685720303038 48.567145489853765 18.63531427969696
39.24123499371628 4.351995897269715 30.758765006283717 9.648004102730285
23.46298540386266 57.78117911273828 20.53701459613734 48.21882088726172
4.872511344711324 65.90112992747494 11.127488655288676 58.09887007252506
27.99228614265837 20.27763117588131 18.00771385734163 19.72236882411869
5.149528351372997 11.21364112729655 14.850471648627003 8.78635887270345
74.77741160680426 18.521149607942725 79.22258839319574 27.478850392057275
32.462746861344584 85.64857748581714 27.53725313865542 94.35142251418286
48.57392492846297 50.03304820070813 47.42607507153703 59.96695179929187
64.82550061736013 40.690594107292576 55.174499382639866 43.309405892707424
83.70245563832914 45.298761354757524 80.29754436167086 54.701238645242476
70.75285945863713 19.447477225144965 61.24714054136287 22.552522774855035
31.87920543582857 40.15464184760141 24.12079456417143 33.84535815239859
36.21125742832674 38.43803497253863 45.78874257167326 35.56196502746137
35.729324488770196 82.39974411301847 44.270675511229804 87.60025588698153
23.05100858435165 3.712379089978732 32.94899141564835 2.287620910021268
39.97326551579176 16.09563926329123 38.02673448420824 25.90436073670877
3.071282976971397 60.61303052722174 6.928717023028603 51.38696947277826
53.710036926851174 47.23487809263536 60.289963073148826 54.76512190736464
93.96538172179415 3.587353689758222 84.03461827820585 2.412646310241778
