86.1156848001864 2.1607855619001466 77.8843151998136 7.839214438099853
79.58150288457334 15.488959313003356 72.41849711542666 8.511040686996644
71.03637136809462 58.047892397762745 78.96362863190538 51.952107602237255
17.538041633729797 14.218506746288085 20.461958366270203 23.781493253711915
4.939427289001199 58.08904526912741 3.0605727109988012 67.91095473087259
38.2178254575699 65.67160078563163 41.7821745424301 56.32839921436837
94.68881359804666 81.78451883707692 89.31118640195334 90.21548116292308
46.570902927884745 75.62970396720759 51.429097072115255 84.37029603279241
11.405359048319477 25.027875631421715 20.594640951680525 28.972124368578285
96.5930957579442 87.0353008729724 95.4069042420558 96.9646991270276
83.99925118888083 28.913469366848368 74.00074881111917 29.086530633151632
63.595998820958634 71.96895780496861 54.404001179041366 68.03104219503139
38.94916670711655 79.06900193905439 47.05083329288345 84.93099806094561
92.01908051967071 36.574200897980575 87.98091948032929 27.42579910201943
90.34916291764875 4.287439192276237 83.65083708235125 11.712560807723763
2.3379214928500076 42.044028647139896 3.6620785071499924 51.955971352860104
79.00342811931066 96.18512007212765 88.99657188068934 95.81487992787235
28.445258245290727 33.98013504786774 27.554741754709273 24.01986495213226
86.60968757846184 17.06330683148451 77.39031242153816 20.93669316851549
22.749627722343394 47.006272562245606 23.250372277656606 56.993727437754394
65.82559972293367 63.93136746729463 64.17440027706633 54.06863253270537
20.91343869343852 83.084145063844 19.08656130656148 92.915854936156
41.07565507075815 40.11707401563854 38.92434492924185 49.88292598436146
59.99605207457151 95.80134535452267 50.00394792542849 96.19865464547733
11.577458029161324 69.03345771944332 10.422541970838676 78.96654228055668
39.31456621797567 87.78236495149682 44.68543378202433 96.21763504850318
48.17207274371656 33.30043008579296 57.82792725628344 30.699569914207036
53.903773921701664 10.976217867506382 44.096226078298336 9.023782132493618
14.60034806328857 84.38653286578786 19.399651936711432 75.61346713421214
72.04541674578522 42.327612628721745 81.95458325421478 43.672387371278255
5.297424572603298 73.70119526440085 8.702575427396702 64.29880473559915
74.76740491187607 62.185510650658856 81.23259508812393 69.81448934934114
93.64112753659072 77.42668794352227 86.35887246340928 70.57331205647773
88.25866885667966 40.61987396054595 79.74133114332034 35.38012603945405
94.36962180478218 72.40282778476524 89.63037819521782 63.59717221523476
79.94626960992991 91.2689617343232 70.05373039007009 92.7310382656768
72.21170174726097 75.8320975831313 65.78829825273903 68.1679024168687
33.95689803529501 61.092419521796046 32.04310196470499 70.90758047820395
69.80833508950683 83.76015681767913 62.19166491049317 90.23984318232087
77.66027806655455 73.51669302333109 86.33972193344545 78.48330697666891
66.97688494167186 13.427582099067726 71.02311505832814 22.572417900932273
12.533846010508086 91.53722099592548 5.4661539894919144 84.46277900407452
71.53206015639249 88.24444058818773 80.46793984360751 83.75555941181227
6.873600434771644 5.4746906305759975 11.126399565228356 14.525309369424003
70.63815508228777 38.13251039289421 61.36184491771223 41.86748960710579
95.79024681010053 43.566983775974 86.20975318989947 46.433016224026
27.00222622849236 83.89943338569792 28.99777377150764 74.10056661430208
20.239603290818117 61.15609829978013 17.760396709181883 70.84390170021986
15.802627585773703 61.14068576632667 10.197372414226297 52.85931423367333
6.021385052598678 96.46194502433961 15.978614947401322 95.53805497566039
36.28429906904613 33.00808913948381 35.71570093095387 42.99191086051619
26.015239569865845 7.609918656984536 35.98476043013416 8.390081343015463
63.110377831741985 47.955205737152134 72.88962216825801 50.044794262847866
75.99279342256611 3.2683539445965555 66.00720657743389 2.7316460554034445
95.25637764280525 23.944393369249674 96.74362235719475 14.055606630750328
85.58357578804036 64.48683016095865 78.41642421195964 57.51316983904135
51.40809723801731 23.341465701101225 44.59190276198269 30.658534298898775
11.220831022035586 30.680407708432064 2.7791689779644138 25.319592291567936
32.01895728442559 95.9745558233058 23.98104271557441 90.0254441766942
58.772452368547164 52.324701870336874 55.227547631452836 61.675298129663126
41.63346350704848 35.564151265837175 50.36653649295152 40.435848734162825
81.20884417553317 24.42997407867333 90.79115582446683 21.57002592132667
54.767791030762034 49.32293736715475 51.232208969237966 58.67706263284525
17.018985711822992 54.985690062186045 10.981014288177006 47.014309937813955
35.99805849788794 3.1393242681305877 26.001941502112057 2.8606757318694123
81.1487280907107 47.89265919367557 86.8512719092893 56.10734080632443
20.52706472201668 33.02785732517605 19.47293527798332 42.97214267482395
52.34246364372737 45.521490467457106 43.65753635627263 50.478509532542894
47.7664483761402 54.32243010373638 44.2335516238598 63.67756989626362
95.40864022094121 57.658028409427935 88.59135977905879 50.341971590572065
24.591702381420095 74.79757207527956 27.408297618579905 65.20242792472044
46.65804855862646 16.591381402572168 39.34195144137354 23.408618597427832
30.43179353536994 12.967393373888557 39.56820646463006 17.032606626111445
14.890210448690564 6.152258817246944 23.109789551309436 11.847741182753056
29.680042794295105 53.95353831093768 28.319957205704895 44.04646168906232
3.3958536378065833 35.05017019319605 12.604146362193417 38.94982980680395
45.12055930909395 70.90864371357 54.87944069090605 73.09135628643
55.99062981453853 90.30596413881226 46.00937018546147 89.69403586118774
5.008846341274208 20.297296409309208 14.991153658725793 19.702703590690792
65.27877154173045 24.16629093303493 62.72122845826956 33.83370906696507
23.242210377380964 17.462652314244238 32.757789622619036 20.537347685755762
96.3565854436358 37.98726847296063 95.6434145563642 28.012731527039367
57.44609246879565 35.01993960786781 56.55390753120435 44.98006039213219
59.996023447334565 4.199373302333287 50.003976552665435 3.800626697666713
37.67439342019905 69.77535565591658 32.32560657980095 78.22464434408342
53.452691378740106 18.476280155072594 60.547308621259894 25.523719844927406
58.771081533294485 14.817602066136294 65.22891846670552 7.182397933863706
42.82255443005035 26.67978457469937 33.17744556994965 29.32021542530063
67.99246007102533 79.72551422765872 58.00753992897467 80.27448577234128
95.19693696201362 5.155576238119545 88.80306303798638 12.844423761880455
