59.98526336155405 3.3836003336115126 50.01473663844595 2.6163996663884874
63.823934043616504 10.315165519179128 54.176065956383496 7.684834480820871
86.03156020494438 10.43910250231637 95.96843979505562 11.56089749768363
31.82965615238863 46.293994377767795 22.17034384761137 43.706005622232205
18.97414354859417 96.5078345773763 9.025856451405827 95.4921654226237
57.77848786371572 74.5282480724247 48.22151213628428 77.4717519275753
85.95837187031911 89.03156223171713 92.04162812968089 96.96843776828287
33.90093032999711 74.13685001432647 42.09906967000289 79.86314998567353
28.904264735093623 21.97374915050904 19.095735264906377 20.02625084949096
60.66201073584156 93.19288741388424 51.33798926415844 96.80711258611576
52.72783098360353 19.372850900968675 43.27216901639647 22.627149099031325
54.91128293776518 91.06229007405453 45.08871706223482 92.93770992594547
74.85985486670725 82.89863069922119 69.14014513329275 91.10136930077881
85.83373867544307 60.72134038246068 76.16626132455693 63.27865961753932
78.77750512136176 13.93917865502517 77.22249487863824 4.06082134497483
34.02743884694272 49.96375925110998 41.97256115305728 56.03624074889002
76.14596083290093 93.80070697314287 85.85403916709907 96.19929302685713
31.000009056450445 4.0095165341597925 40.999990943549555 3.990483465840208
94.66127186283435 18.809017584422186 85.33872813716565 15.190982415577814
55.51100468200637 51.79797342544843 64.48899531799363 56.20202657455157
46.57957165687748 63.20600549415686 49.42042834312252 72.79399450584314
5.005413937332577 81.09991851456043 6.994586062667423 90.90008148543957
25.60677705141888 83.73330181472888 20.39322294858112 92.26669818527112
14.751613158845432 33.46595528554899 19.24838684115457 24.534044714451007
29.82157700869636 71.85914799667256 32.17842299130364 62.14085200332744
33.64884298889823 57.53678408077166 42.35115701110177 62.46321591922834
35.12530002924709 37.077104514499126 36.87469997075291 46.922895485500874
39.28424395923631 21.008086001177738 38.71575604076369 30.991913998822262
26.138299615772524 77.51969852459067 21.861700384227476 68.48030147540933
95.73154142769384 92.3280021895132 88.26845857230616 85.6719978104868
5.132554551555744 43.87004314023504 2.867445448444256 34.12995685976496
88.18383611583828 71.868508625503 93.81616388416172 80.131491374497
82.77696860791646 86.15793763188513 77.22303139208354 77.84206236811487
43.961488024040094 72.05067412802268 36.038511975959906 65.94932587197732
90.65879402757558 53.18461072807343 81.34120597242442 56.81538927192657
54.691851940287066 80.62802294625266 47.308148059712934 87.37197705374734
68.4273117661605 59.7126610524168 73.5726882338395 68.2873389475832
28.577681401148826 87.71566124189842 23.422318598851174 96.28433875810158
57.033250410331874 47.42432777248549 66.96674958966813 48.57567222751451
95.96034748543829 41.371547278066245 86.03965251456171 42.628452721933755
96.2227867183441 26.17722015176588 89.7772132816559 33.82277984823412
47.588263230723655 40.65514051948318 54.411736769276345 33.34485948051682
79.97178655036593 74.03799115393164 88.02821344963407 79.96200884606836
2.08908151040945 23.060383275692867 11.91091848959055 24.939616724307133
67.215408326247 23.149970866016425 64.784591673753 32.850029133983575
75.98876083513477 41.984955671739755 84.01123916486523 36.015044328260245
58.38832000688933 30.736301181651612 63.61167999311067 39.26369881834839
10.074858392554763 79.3854762118629 13.925141607445237 88.6145237881371
95.99272035784459 46.73029010332549 86.00727964215541 47.26970989667451
8.886470873382912 29.00128905242466 9.113529126617088 38.99871094757534
21.81238306373161 29.143090899276736 24.18761693626839 38.856909100723264
18.48803016421663 13.154559862473313 27.51196983578337 8.845440137526687
71.16914725563208 38.997138101544934 70.83085274436792 29.002861898455063
73.55756355178879 23.98038653010931 74.44243644821121 14.01961346989069
71.22684775457687 11.476734197820548 66.77315224542313 2.523265802179451
44.26630221498212 26.610001639787004 53.73369778501788 23.389998360212996
85.37184235924722 28.573687079972654 76.62815764075278 33.42631292002734
19.73999196187785 57.681497306752775 12.260008038122152 64.31850269324723
12.690769327680208 52.43480030012824 17.309230672319792 43.56519969987176
67.40704543767227 40.72488752923344 72.59295456232773 49.27511247076656
61.8472768013589 78.78476031921385 70.1527231986411 73.21523968078615
48.923434985220176 9.104897639068145 57.076565014779824 14.895102360931855
53.63943559416845 70.44652366892187 62.36056440583155 65.55347633107813
19.30608903256295 83.82639942804352 16.69391096743705 74.17360057195648
12.983917163621518 3.4007114999084043 3.016082836378482 2.5992885000915957
95.67141985583558 51.01080817277378 96.32858014416442 60.98919182722622
8.95840986949582 55.09271454650812 7.041590130504178 64.90728545349188
59.9917894904469 61.286422211191585 50.0082105095531 60.713577788808415
55.263631393655224 86.39787253165309 64.73636860634477 89.60212746834691
89.9728022780137 67.47919533049168 80.0271977219863 68.52080466950832
45.89350824476348 5.922303341654044 40.10649175523652 14.077696658345957
36.146237337501006 9.205592023144689 27.853762662498998 14.794407976855311
26.53636707074476 55.534700544735315 19.46363292925524 48.465299455264685
5.280455299285972 73.65102932074574 14.719544700714028 70.34897067925426
13.810687152142002 15.637176047973956 4.189312847857999 18.362823952026044
3.0492397005826692 12.699980326661555 12.95076029941733 11.300019673338445
81.09280686458153 17.880089456003773 88.90719313541847 24.119910543996227
40.39443040416205 91.61484142603135 31.60556959583795 96.38515857396865
42.35526251065401 42.04174288990256 43.64473748934599 51.95825711009744
63.70386306110454 43.69519093389983 54.29613693889546 40.30480906610017
82.27415251454255 45.22112115680924 75.72584748545745 52.77887884319076
68.7792308335905 15.53066251689481 59.220769166409504 18.46933748310519
32.139389041311645 30.80454245192849 23.860610958688355 25.19545754807151
40.422204367181656 36.01091699086494 49.577795632818344 31.989083009135058
29.37513395244548 82.09983841682413 38.62486604755452 85.90016158317587
15.593117284839163 7.362072127352731 24.406882715160837 2.6379278726472686
32.151055934283086 17.07259764446985 33.848944065716914 26.92740235553015
3.4627305980046437 59.97854199476817 2.5372694019953563 50.02145800523183
49.44272335525147 47.24869602617126 52.55727664474853 56.75130397382874
93.91231457924093 4.932290445396154 84.08768542075907 3.0677095546038466
