90.68640813197942 11.742865118280015 81.31359186802058 8.257134881719985
58.52431216957929 56.76198198334186 55.47568783042071 47.23801801665814
77.69084124961572 40.21418715405077 72.30915875038428 31.78581284594923
23.037281966641192 24.609450343650163 32.962718033358804 23.390549656349837
2.2031274503204217 64.06390902235715 3.7968725496795783 73.93609097764285
21.88533062549118 76.87416784544112 24.11466937450882 67.12583215455888
93.35009165497245 70.04241801448896 94.64990834502755 79.95758198551104
59.03390934005839 74.10806464918637 56.96609065994161 83.89193535081363
14.843616521581616 38.779294223419086 23.156383478418384 33.220705776580914
78.26309062493567 57.81558521741869 83.73690937506433 66.18441478258131
89.73758971458093 45.99310933608571 90.26241028541907 36.00689066391429
67.96473063719782 68.40716806760318 58.03526936280218 69.59283193239682
77.21910909642351 89.84910022695112 74.78089090357649 80.15089977304888
82.99997448536546 27.01597328063916 73.00002551463454 26.98402671936084
73.95199572957765 2.3088138497881023 64.04800427042235 3.6911861502118977
3.404441824850945 29.261414334454315 6.595558175149055 38.738585665545685
68.36211255607327 84.27587841805197 71.63788744392673 93.72412158194803
12.70528816428947 68.95000692982477 11.29471183571053 59.04999307017523
90.84699123443212 17.227467300313215 81.15300876556788 14.772532699686785
18.3050284573776 65.17331369100553 15.694971542622401 74.82668630899447
53.99408164836362 62.585154128233796 50.00591835163638 53.414845871766204
40.99585406979282 79.41561710455034 37.00414593020718 88.58438289544966
8.234729795969832 22.83427308879915 13.765270204030168 31.16572691120085
85.99773939037993 96.15033624261883 76.00226060962007 95.84966375738117
32.969149916163786 85.44542889483002 23.030850083836217 86.55457110516998
54.42128649753551 73.20625984309504 51.57871350246449 82.79374015690496
21.916526329340247 12.063988043419068 28.083473670659753 19.936011956580934
57.08275681313665 33.886363941845566 48.91724318686335 28.113636058154434
5.066784186727447 59.88487169728625 2.933215813272553 50.11512830271375
52.53425741433398 18.751190724278974 61.46574258566602 23.248809275721026
18.00643972981555 59.746315495082136 27.99356027018445 60.253684504917864
67.34910322562227 41.28040893293188 70.65089677437773 50.71959106706812
68.99770025416314 61.84836830958646 59.00229974583686 62.15163169041354
84.96714694632063 41.02443027010534 79.03285305367937 32.97556972989466
90.34269652040459 51.47810147727366 81.65730347959541 46.52189852272634
55.796391991745715 89.58768846867358 46.203608008254285 92.41231153132642
52.941849947361476 66.9239930116324 45.058150052638524 73.0760069883676
30.7945530107946 65.33314029657544 27.2054469892054 74.66685970342456
73.99853161312342 75.87883188288265 64.00146838687658 76.12116811711735
90.01607869650606 79.42447525528553 85.98392130349394 88.57552474471447
53.72012999901419 9.414905654591745 62.27987000098581 14.585094345408255
24.53254698696501 80.88907181293288 15.467453013034993 85.11092818706712
93.98842479419604 85.10339754492948 96.01157520580396 94.89660245507052
2.4688966244284622 17.759802774623488 5.531103375571538 8.240197225376512
87.98823364001154 3.6571805830219972 78.01176635998846 4.342819416978003
95.63924344485778 33.041031577212216 94.36075655514222 42.958968422787784
47.39134515567308 86.98466136955473 46.60865484432692 77.01533863044527
42.98439423016211 87.09786087512568 41.01560576983789 96.90213912487432
16.849526948185225 78.78258947810309 7.1504730518147745 81.21741052189691
30.598963633932144 79.38577523008415 35.401036366067856 70.61422476991585
42.59362579090562 63.97448780526158 33.40637420909438 60.02551219473842
13.196528159752628 13.754448897267942 20.803471840247372 20.24555110273206
55.62949934534594 25.571271108652013 64.37050065465407 30.428728891347987
54.42989150603561 40.63014562383413 49.57010849396439 49.36985437616587
95.82067468950011 12.932189478721789 94.17932531049989 3.0678105212782123
77.85553778863853 52.64294944135023 74.14446221136147 43.35705055864977
34.577409973753724 37.284502051253426 29.422590026246276 28.715497948746574
20.91758477710751 50.90407962036564 11.08241522289249 49.09592037963436
25.070258334963633 95.90396230806446 16.929741665036367 90.09603769193554
72.83495807962369 58.27404096020562 63.16504192037632 55.72595903979438
10.536433631558216 19.39393455253527 17.463566368441782 26.60606544746473
66.05340500791654 8.271166696497216 75.94659499208346 9.728833303502784
39.148776607707404 31.002213938052265 38.851223392292596 40.997786061947735
21.98204068561108 55.423403598137625 12.017959314388921 54.576596401862375
46.553300960152605 7.934219187262753 37.446699039847395 12.065780812737247
81.66942211194399 51.27075732465795 88.33057788805601 58.72924267534205
34.776463885666466 48.72306232585102 27.223536114333537 55.27693767414898
58.39560879374056 42.26439773024831 61.60439120625944 51.73560226975169
42.18282178922871 14.341903462754551 45.81717821077129 23.65809653724545
96.95223112658323 64.90848814621835 95.04776887341677 55.091511853781654
39.27310081983159 56.94687958028801 40.72689918016841 47.05312041971199
39.98113675592811 5.566091462699834 30.018863244071888 6.433908537300166
48.0384057645007 37.10901712656324 45.9615942354993 46.89098287343676
9.407121856436802 5.976226292300424 18.592878143563198 2.023773707699575
13.612728161457017 96.73276957787334 10.387271838542983 87.26723042212666
24.108399707707765 40.964506600481435 33.89160029229224 43.035493399518565
60.529720399943095 89.34715064122958 65.47027960005691 80.65284935877042
85.83262682724605 76.87977849411394 80.16737317275395 85.12022150588606
14.687819272281724 9.530829384114046 23.312180727718278 4.469170615885955
61.1933650057485 38.337804165680524 64.8066349942515 47.662195834319476
12.047534268371784 43.31218957768278 21.952465731628216 44.68781042231722
96.96172264399692 26.90663729615544 95.03827735600308 17.09336270384456
45.9705716030387 54.10711974645509 48.0294283969613 63.89288025354491
80.97874217840773 22.460571732679995 71.02125782159227 21.539428267320005
3.23242161034103 89.99459509820831 2.76757838965897 80.00540490179169
46.03526410172306 3.40721212870009 55.96473589827694 4.59278787129991
66.10522700547298 18.020390774188495 75.89477299452702 15.979609225811503
26.570266803279857 11.361740773485785 33.42973319672014 18.638259226514215
63.93641927641487 93.20516371029014 54.06358072358513 94.79483628970986
85.43386223062896 20.25160948453589 88.56613776937104 29.74839051546411
