94.59479161020093 19.738843711289995 91.40520838979907 10.261156288710007
76.54071996850021 35.90671020456712 67.45928003149979 40.09328979543288
45.583243828533604 2.0015315843855253 36.416756171466396 5.998468415614475
30.908115994759733 23.04585253656279 21.091884005240267 24.95414746343721
10.334202990834715 85.57829259249571 5.665797009165286 94.42170740750429
22.00632141074218 71.74865532194212 31.99367858925782 72.25134467805788
69.81888537870269 86.66645446012315 60.18111462129731 89.33354553987685
47.28041438255345 56.658640570892615 54.71958561744655 63.341359429107385
7.3240254910066795 30.045904879476854 8.67597450899332 39.95409512052315
50.10879908766 73.12449340240377 47.89120091234 82.87550659759623
56.14477876348423 40.79657093630219 47.85522123651577 35.20342906369781
51.06518145709198 67.95027374179303 44.93481854290802 60.049726258206974
86.73077204321551 96.61857835001292 77.26922795678449 93.38142164998708
78.79379876139598 46.4869450737425 83.20620123860402 37.5130549262575
90.72605244855438 26.632307646711592 81.27394755144562 23.367692353288408
28.42707438186037 49.502257509872756 35.572925618139635 56.497742490127244
43.00001129855073 96.01062945810756 52.99998870144927 95.98937054189244
39.533560060626506 58.60330322713983 46.466439939373494 51.39669677286017
73.94128863937127 8.236019252585223 64.05871136062873 9.763980747414777
12.280034966023207 14.55011904050102 7.719965033976793 23.44988095949898
67.9952250981419 44.781536687534825 58.0047749018581 45.218463312465175
9.460116008739162 56.35291043137178 4.539883991260838 47.64708956862822
23.757858051681556 67.80637827691282 30.242141948318444 60.19362172308717
59.7692504997658 77.32348926344882 56.2307495002342 86.67651073655118
44.077500153382196 79.91416259732928 45.922499846617804 70.08583740267072
59.31708108743293 63.24778127554758 68.68291891256708 66.75221872445242
48.85114768804801 6.209475946419632 57.14885231195199 11.790524053580368
27.5347536838947 29.24979450984041 36.4652463161053 24.75020549015959
13.159199928446665 95.92879855945401 14.840800071553335 86.07120144054599
41.93076874014908 24.08739686598222 40.06923125985092 33.91260313401778
64.50954509041674 36.19904859086823 73.49045490958326 31.80095140913177
82.10773520820645 55.08025777694343 83.89226479179355 64.91974222305657
92.89422538246549 60.3726994694073 89.10577461753451 69.62730053059269
82.0655815645324 14.553391351538309 77.9344184354676 5.44660864846169
90.978709346667 74.53907349673658 81.021290653333 75.46092650326342
95.78999239966589 67.00441226602896 96.21000760033411 76.99558773397104
53.9569097611179 75.09242180815453 52.0430902388821 84.90757819184547
32.00071164137836 66.08435583767691 41.99928835862164 65.91564416232309
17.66226628235681 54.04405373604058 16.33773371764319 63.95594626395942
69.93688783733973 80.95187852532979 76.06311216266027 73.04812147467021
21.205072191950055 9.83764410079784 14.794927808049945 2.162355899202159
2.708210079800549 54.169753753474765 5.2917899201994505 63.830246246525235
37.152595131803814 72.13466090984994 34.847404868196186 81.86533909015006
22.13516890295935 33.10503967287 15.864831097040648 40.89496032713
66.1900943926913 28.728206183619 57.80990560730871 23.271793816381
78.8380375895779 85.77093285631994 87.1619624104221 80.22906714368006
90.16718326492791 92.1200909389837 95.83281673507209 83.8799090610163
19.26086178476742 67.68779247282957 22.73913821523258 58.31220752717042
30.906595183849674 95.03806252707197 21.093404816150326 96.96193747292803
57.1147918302584 5.065242290884989 66.8852081697416 2.9347577091150114
30.44470264260798 82.29011318907902 21.55529735739202 77.70988681092098
15.614386231355725 12.262039961485298 10.385613768644275 3.737960038514702
33.063244365680546 9.917475859680248 40.936755634319454 16.08252414031975
34.2095789002211 43.85107844302779 39.7904210997789 52.14892155697221
52.26552887863861 22.05423896939145 53.73447112136139 31.94576103060855
89.83876749000585 45.8738364727691 96.16123250999415 38.1261635272309
70.27897723091692 50.19476281691009 75.72102276908308 41.80523718308991
2.0128760012977396 90.58817373404511 5.987123998702261 81.41182626595489
38.652085926110466 95.9572960316052 37.347914073889534 86.0427039683948
94.19801482243776 34.156472818429876 87.80198517756224 41.843527181570124
66.98213214066158 71.57767390207704 57.017867859338416 72.42232609792296
75.4534167636094 22.69710401936854 80.5465832363906 31.30289598063146
84.32861489880054 9.773452751820994 89.67138510119946 18.226547248179006
75.11264911475175 82.12537058357847 72.88735088524825 91.87462941642153
3.487631817595421 32.02383529106315 2.512368182404579 41.97616470893685
85.83768766050767 89.87295503039921 92.16231233949233 82.12704496960079
22.453011975260342 83.27391388319522 13.546988024739658 78.72608611680478
75.06549532826291 68.19336275525808 84.93450467173709 69.80663724474192
43.065881453788265 46.808995779920636 52.934118546211735 45.191004220079364
94.94042090836031 48.95600137466918 89.05957909163969 57.04399862533082
63.51986213970888 56.78000793857589 72.48013786029112 61.21999206142411
38.962501624388395 19.611209970421417 29.037498375611605 18.388790029578583
26.29100667577896 45.698866014025924 29.70899332422104 36.301133985974076
3.708204711991386 4.556164454228586 8.291795288008615 13.443835545771414
9.859685274449566 72.86823195079002 12.140314725550434 63.131768049209974
10.246003181956251 48.54903655671191 19.75399681804375 45.45096344328809
41.038952002159185 82.94875455611954 48.961047997840815 89.05124544388046
68.86201828374269 93.83347601458357 59.137981716257315 96.16652398541643
14.098795568769042 20.98903747314347 23.90120443123096 19.01096252685653
39.15890972775864 39.87573081261739 32.84109027224136 32.12426918738261
52.04986026259182 17.93234238339927 43.95013973740818 12.067657616600732
44.96809443365992 31.89235841922445 47.03190556634008 22.10764158077555
12.11737090402151 34.632030622413374 15.88262909597849 25.36796937758663
61.0022390361544 17.14961733943993 70.99776096384561 16.85038266056007
54.15415994166733 49.35318663178147 57.84584005833267 58.64681336821853
2.6678587246055265 26.988956020369326 3.3321412753944735 17.011043979630674
87.0459715642288 4.67646304967106 96.9540284357712 3.3235369503289394
30.098371133071392 3.1221335756259716 27.901628866928608 12.877866424374028
32.91056678887938 90.94145303226178 23.089433211120625 89.05854696773822
72.2519377246789 27.630784214916247 63.74806227532111 22.369215785083753
