64.39824038712389 14.378125626848234 55.60175961287611 9.621874373151766
65.44508122406387 8.289378280554544 56.55491877593613 3.7106217194454567
81.38257613865962 30.918175405098403 90.61742386134038 27.081824594901597
5.853479183342316 9.88579551061811 12.146520816657684 2.1142044893818897
4.487118582779299 73.67733566154081 9.5128814172207 82.32266433845919
42.87635321839309 85.08981566369924 37.12364678160691 76.91018433630076
88.1336297909573 68.0017860110867 87.8663702090427 77.9982139889133
47.64754507374997 82.58797599508321 52.35245492625003 91.41202400491679
30.869029140987223 18.101664267919862 37.13097085901278 25.898335732080138
74.46149785322771 83.39194891775352 67.53850214677229 90.60805108224648
82.99922565567815 35.087993429353425 73.00077434432185 34.912006570646575
48.6738378945271 93.2237006627028 39.3261621054729 96.7762993372972
68.20010521953252 68.14616157437736 65.79989478046748 77.85383842562264
78.94909202638092 44.711679783619516 69.05090797361908 43.288320216380484
75.97310115634777 2.4820570603507788 66.02689884365223 3.5179429396492212
42.73858566554567 42.404441824850906 33.26141433445433 45.595558175149094
75.00001129855073 96.01062945810756 84.99998870144927 95.98937054189244
51.4801311829382 18.590081746916237 44.5198688170618 11.409918253083763
92.99952592769635 11.93114872338186 83.00047407230365 12.06885127661814
38.501077899319654 37.181673653874455 47.498922100680346 32.818326346125545
60.152224477422926 41.486915711092735 55.847775522577074 50.513084288907265
7.654910888620013 56.04307638469515 6.345089111379987 65.95692361530486
33.68185633523731 70.61711160002686 26.318143664762687 77.38288839997314
23.426035337947553 67.32598606772257 14.573964662052447 62.67401393227743
16.304465355110967 81.75240039399733 9.695534644889033 74.24759960600267
20.7402949522097 86.05510734355812 19.2597050477903 95.94489265644188
26.36595851564515 40.274546748997786 29.63404148435485 49.725453251002214
37.78833486475642 5.73679314899117 30.21166513524358 12.26320685100883
14.115106895461274 94.99867486466336 13.884893104538726 85.00132513533664
96.80557271122252 93.93467857179509 95.19442728877748 84.06532142820491
9.469512742034706 50.779176948073555 6.5304872579652935 41.220823051926445
81.14267505320532 60.81408501095312 90.85732494679468 63.18591498904688
63.934811114724894 65.80476037550791 54.065188885275106 64.19523962449209
50.86362645553856 55.826297018928436 43.13637354446144 62.173702981071564
95.56907890365048 77.74741944577463 92.43092109634952 68.25258055422537
42.82030971287429 89.67161215303295 33.17969028712571 92.32838784696705
67.24178636440189 48.352879217191976 58.75821363559811 53.647120782808024
32.1488602934751 64.11610004606504 25.8511397065249 71.88389995393496
81.9948077019195 73.22780698155609 72.0051922980805 72.77219301844391
96.89087111427538 65.62867221016988 93.10912888572462 56.37132778983011
93.46026989994436 17.74035568735912 84.53973010005564 22.25964431264088
21.573864916749002 61.37194105150317 26.426135083250998 52.62805894849683
56.008430298761354 94.70977264485172 65.99156970123865 95.29022735514828
11.166588610386864 9.720103778129644 20.833411389613136 12.279896221870356
70.65718058302205 9.011766359988448 71.34281941697795 18.98823364001155
84.99581178801873 40.204608354406915 75.00418821198127 39.795391645593085
55.55020157985409 71.92740124898876 46.44979842014591 76.07259875101124
3.8986901777334175 54.08142744645914 2.1013098222665825 63.91857255354086
38.31209861054431 19.95245309704039 39.68790138945569 10.047546902959612
9.071467073066831 69.15764426271582 18.92853292693317 70.84235573728418
7.251766390868575 34.43338658466271 16.748233609131425 37.56661341533729
24.889165252254603 11.914422967976229 31.110834747745397 4.085577032023771
75.61666800306641 16.804830130843307 78.38333199693359 7.195169869156693
77.33867658411573 23.40510070986125 84.66132341588427 16.59489929013875
77.99976710225953 28.048258917967534 68.00023289774047 27.951741082032466
82.74979814890384 56.633587709748575 91.25020185109616 51.366412290251425
58.192978302465825 36.62430294052954 67.80702169753417 39.37569705947046
37.38326912900445 32.68150648522116 30.616730870995557 25.318493514778833
16.16669226732488 58.86197790547883 13.833307732675118 49.13802209452117
47.11514497384444 22.916176855192553 52.88485502615556 31.083823144807447
56.33896264904208 82.23306983367944 61.66103735095792 73.76693016632056
46.550744539402075 7.3802435485884725 53.449255460597925 14.619756451411527
81.7903811013272 68.26082981872737 74.2096188986728 61.73917018127262
26.246809543541353 82.63905450888876 17.753190456458647 77.36094549111124
24.901299723399134 4.011434867392362 15.098700276600864 5.988565132607638
88.98025627733179 85.10509216224874 91.01974372266821 94.89490783775126
11.58735150932508 42.648716670040734 20.41264849067492 47.351283329959266
68.79941927080596 62.40198953741332 59.200580729194044 59.59801046258668
37.191004220079364 60.065881453788265 38.808995779920636 69.93411854621174
84.96295560137376 90.39248728507728 75.03704439862624 91.60751271492272
20.568152738115234 26.20940364686889 23.431847261884766 35.79059635313111
50.993049072099694 3.2635544793859528 41.006950927900306 2.7364455206140472
29.922621310069793 58.94077916137957 36.07737868993021 51.05922083862043
2.395387005960603 23.735527123706497 5.604612994039397 14.264472876293503
7.722412909495931 23.411129844284783 16.27758709050407 28.588870155715217
12.026957872150053 15.481490603142372 21.973042127849947 16.518509396857628
89.30559354654058 37.21190857730272 94.69440645345942 28.788091422697278
8.824525140863985 96.93154725132825 7.175474859136015 87.06845274867175
42.919003918958246 21.085182424856505 41.080996081041754 30.914817575143495
82.86825865939949 48.859799304866925 73.13174134060051 51.140200695133075
51.4692696155746 36.02824726489263 52.5307303844254 45.97175273510737
93.93721194153044 43.210102383590566 84.06278805846956 44.789897616409434
49.5635061065844 52.043137786632826 40.4364938934156 47.956862213367174
56.55632384393262 28.707895678639773 65.44367615606738 33.29210432136023
32.89182905849802 84.92111232118039 27.108170941501978 93.07888767881961
60.75094417456095 17.364563680848562 69.24905582543904 22.635436319151438
27.07203588451278 32.906280893900565 34.92796411548722 39.093719106099435
13.50576727948581 32.1675011472004 4.494232720514191 27.8324988527996
70.93214530208301 80.91159696229484 63.06785469791699 87.08840303770516
96.95998238199958 4.368672216472472 87.04001761800042 5.631327783527528
