92.97613750815019 8.512090684675119 83.02386249184981 9.487909315324881
75.75919258128239 47.29673643727117 68.24080741871761 40.70326356272883
42.50821868888834 14.562639699848216 35.49178131111166 7.437360300151784
47.52253848318981 9.027379610951014 46.47746151681019 18.972620389048984
23.0200742729899 83.42623787986254 18.9799257270101 92.57376212013746
38.445076115018495 65.24792553594601 41.554923884981505 74.75207446405399
60.882073644792456 84.92048301225829 51.117926355207544 87.07951698774171
72.10806464918637 57.966090659941614 81.89193535081363 60.033909340058386
2.541181084162533 41.38938070305869 9.458818915837467 48.61061929694131
50.018717841268085 71.42563903071195 45.981282158731915 80.57436096928805
39.65626958067223 50.41052675600866 32.34373041932777 43.58947324399134
61.75011563780574 59.56089763516808 52.24988436219426 56.43910236483192
90.77865146329273 88.52877935292824 81.22134853670727 91.47122064707176
78.51523565515383 35.585584674901554 85.48476434484617 28.41441532509845
89.72605244855438 16.632307646711592 80.27394755144562 13.36769235328841
17.30595647679682 28.24891325433213 10.694043523203181 35.75108674566787
52.007419912147995 80.27229408069891 61.992580087852005 79.72770591930109
19.79959483189696 49.51020968238099 24.20040516810304 58.48979031761901
53.40606366398833 27.36359958302623 44.59393633601167 22.63640041697377
24.749627722343394 13.00627256224561 25.250372277656606 22.99372743775439
65.91620769422461 46.08846179057228 56.08379230577538 47.91153820942772
4.994586062667557 83.90008148543954 3.0054139373324427 74.09991851456046
28.004471090380726 53.78859774561735 37.995528909619274 54.21140225438265
77.36132767185222 79.55483723675988 68.63867232814778 84.44516276324012
48.38081244432343 66.98547709675297 47.61918755567657 57.01452290324703
75.73745859203572 63.38643141559477 84.26254140796428 68.61356858440523
59.23075875411504 9.285242826690224 66.76924124588496 2.7147571733097755
54.00230824765453 41.1519116471442 63.99769175234547 40.8480883528558
27.5984055202825 90.37191189467914 36.4015944797175 85.62808810532086
27.757956269537274 31.701854357939073 20.242043730462726 38.29814564206093
41.36708573759605 34.88045351902515 50.63291426240395 31.119546480974847
83.75805846097143 36.05779933938841 82.24194153902857 45.94220066061159
88.35887246340936 22.57331205647766 95.64112753659064 29.42668794352234
65.25238779211642 21.943791660924177 66.74761220788358 12.056208339075823
80.05987463524126 72.91846157180879 71.94012536475874 67.08153842819121
87.09200469597286 55.88109430990582 94.90799530402714 62.11890569009418
55.96898337662698 66.43108640095018 60.03101662337302 75.56891359904982
58.243820026284396 53.5423203485744 67.7561799737156 50.4576796514256
28.440567125765178 63.4885277142178 35.55943287423482 70.51147228578219
68.59280983401923 95.38240065544052 73.40719016598077 86.61759934455948
13.137607919322338 11.89299583156799 6.862392080677662 4.10700416843201
4.457184876789787 65.24398049882112 7.542815123210213 74.75601950117888
42.941326075091496 56.000344274798934 43.058673924908504 65.99965572520107
19.996419739669378 60.81081811650643 10.00358026033062 61.18918188349357
56.53406179758296 32.89232744106234 47.46593820241704 37.10767255893766
94.10210026168153 85.91871691195252 95.89789973831847 76.08128308804748
85.83004482907813 96.75888997107567 94.16995517092187 91.24111002892433
13.676047765552902 48.82152989007665 16.3239522344471 39.17847010992335
34.804085732903694 92.61408504196282 25.195914267096306 95.38591495803718
40.01680548887783 2.5903996285134925 49.98319451112217 3.4096003714865075
30.748233609131447 72.56661341533722 21.251766390868553 69.43338658466278
16.2157635010619 16.311629098670664 7.7842364989381 21.688370901329336
27.065406405739154 2.9517707035639376 32.934593594260846 11.048229296436062
36.434995240025785 23.96021286860301 45.565004759974215 28.03978713139699
59.930744551282736 24.448277041827577 64.06925544871727 33.55172295817242
89.21968669523973 35.844298142627046 94.78031330476027 44.155701857372954
66.2192340638601 55.46433502445457 75.7807659361399 52.53566497554543
2.563466403711733 94.63183656592392 9.436533596288267 87.36816343407608
43.53721813253719 86.308424787312 38.46278186746281 77.691575212688
94.0255943117324 14.09586566714657 95.9744056882676 23.90413433285343
69.58730632658542 70.48299200677236 62.41269367341457 63.51700799322764
74.03098242446092 23.44424435766812 83.96901757553908 24.55575564233188
72.88700880188752 2.0012768641232883 73.11299119811248 11.998723135876713
81.25887826965499 82.53934209304497 76.74112173034501 91.46065790695503
2.962895163929878 48.02809942033798 9.037104836070121 55.97190057966202
89.6086819118101 83.7341464390759 86.3913180881899 74.2658535609241
23.92480902636965 77.13613886892162 14.075190973630349 78.86386113107838
44.225779795223275 49.51446257660682 53.774220204776725 52.48553742339318
20.656352157884285 44.523566390212835 29.343647842115715 49.476433609787165
90.34702593672532 45.28551250118028 83.65297406327468 52.71448749881972
87.48180028266151 65.85853524095248 96.51819971733849 70.14146475904752
20.00757563370987 10.994307049728986 13.99242436629013 3.0056929502710137
29.404119691848358 38.474139434370365 36.59588030815164 31.525860565629635
2.154046436648624 35.804903571322946 9.845953563351376 42.195096428677054
9.263421277474961 95.18463103456246 14.736578722525039 86.81536896543754
12.246003181956251 67.54903655671191 21.75399681804375 64.45096344328809
26.529720399943095 86.34715064122958 31.470279600056905 77.65284935877042
64.61967421499781 93.08725063134652 55.380325785002185 96.91274936865348
3.2841411654803743 27.661528047576443 12.715858834519626 24.338471952423557
43.66756491111494 44.39837720430774 36.33243508888506 37.60162279569226
51.05383369793019 19.60569611727564 54.94616630206981 10.39430388272436
56.28336870613326 21.197608177663074 61.71663129386674 12.802391822336926
32.11466414486403 28.874169041401267 29.88533585513597 19.125830958598733
70.1868896062035 20.354240871162887 79.8131103937965 17.645759128837113
69.36327259319896 33.56864257638145 76.63672740680104 40.43135742361855
8.737168866020662 16.184245045272466 3.262831133979338 7.815754954727535
79.0459715642288 5.67646304967106 88.9540284357712 4.32353695032894
19.101903718354567 21.374285946407433 22.898096281645433 30.625714053592567
52.85456518305863 93.19716201219171 43.14543481694137 90.80283798780829
75.87678566260068 30.103159825706328 66.12321433739932 27.896840174293672
