80.8385471652671 6.739658248931766 71.1614528347329 9.260341751068234
73.12960972453257 18.899428544301223 66.87039027546743 11.100571455698777
71.96028133858796 54.9699005603999 78.03971866141204 47.0300994396001
20.208062782221994 10.33213528392885 23.791937217778006 19.66786471607115
2.5493928924813245 43.02034607280248 3.4506071075186755 52.97965392719752
37.97577517154027 64.57192671024451 42.02422482845973 55.42807328975549
94.31117845873776 79.56621446934264 89.68882154126224 88.43378553065736
38.91714422174066 75.06350406446889 45.08285577825934 82.93649593553111
14.405359048319477 26.027875631421715 23.594640951680525 29.972124368578285
95.44619625677504 87.21371580587927 92.55380374322496 96.78628419412073
85.99999994648938 29.000731509513336 76.00000005351062 28.999268490486664
67.66191469907851 75.80736032337654 58.33808530092149 72.19263967662346
38.7545782441414 86.35871354925625 47.2454217558586 91.64128645074375
89.80953985678731 39.99637117654878 90.19046014321269 30.003628823451223
85.996019359755 9.994699802604865 78.003980640245 16.005300197395137
3.034102696816068 25.0001163007456 2.965897303183932 34.9998836992544
78.00058731142485 94.92336600419009 87.99941268857515 95.07663399580991
23.79157027829258 44.93694404409487 22.20842972170742 35.06305595590513
81.24996911526921 19.36603672780773 72.75003088473079 24.63396327219227
27.71684464225338 68.16745281162345 30.28315535774662 77.83254718837655
66.25225506110623 70.84064636819649 63.74774493889377 61.15935363180351
15.609997144285597 84.01523342848087 16.390002855714403 93.98476657151913
33.7324191308454 41.053934673220375 32.2675808691546 50.946065326779625
54.959726694901555 95.36666666605893 45.040273305098445 96.63333333394107
8.750436083275472 62.05663619739371 7.249563916724528 71.9433638026063
34.14267979646773 87.81863537968033 41.85732020353227 94.18136462031967
45.09311991472641 34.96048312257188 54.90688008527359 33.03951687742812
44.627406632456584 10.893966171265157 35.372593367543416 7.106033828734843
8.833210094991058 83.5061093537054 13.166789905008942 74.4938906462946
60.07190092488206 41.155109766998294 69.92809907511794 42.844890233001706
2.1343923869238504 67.63891239775363 5.86560761307615 58.36108760224637
66.90249787993102 56.07501839288792 73.09750212006898 63.92498160711208
94.52182287930442 74.13380361050379 85.47817712069558 69.86619638949621
82.43548495752238 41.63282852700723 75.56451504247762 34.36717147299277
96.95931600406848 69.03019215274708 91.04068399593152 60.969807847252916
84.97775050601938 88.52883134673047 75.02224949398062 89.47116865326953
76.40785671306713 73.6587583444665 69.59214328693287 66.3412416555335
36.21242955696023 55.14922536398472 33.78757044303977 64.85077463601529
70.75121200161568 78.69418564965689 63.24878799838431 85.30581435034311
77.90654305693593 68.0718294154392 84.09345694306407 75.9281705845608
66.83705827552937 18.002655705834695 67.16294172447063 27.997344294165305
9.595040807123501 90.47500814317273 2.4049591928764986 83.52499185682727
76.00134223953168 79.88415271384349 85.99865776046832 80.11584728615651
2.910126803985049 6.069009840695559 9.08987319601495 13.930990159304441
72.04859542838541 31.06591154576813 63.95140457161459 36.93408845423187
95.99990920304971 45.03013239550347 86.00009079695029 44.96986760449653
30.31269804048184 86.21644496920923 35.68730195951816 77.78355503079077
22.20541119212774 61.00422115760229 21.79458880787226 70.99577884239771
15.152847285122284 55.8806641179954 8.847152714877716 48.1193358820046
3.00554626951856 95.7645601264016 12.994453730481439 96.2354398735984
27.84814352647778 39.002306570881984 28.15185647352222 48.997693429118016
33.068205917425345 13.176952536556009 42.931794082574655 14.823047463443991
60.71692315219265 45.42022235148519 69.28307684780735 50.57977764851481
77.87334944455725 2.8817579907580084 68.12665055544275 5.118242009241992
95.86449046453912 23.998163379262344 96.13550953546088 14.001836620737656
82.87383647276904 65.1612325099942 75.12616352723096 58.838767490005786
43.41352150570477 30.6503557889158 34.58647849429523 35.3496442110842
18.397525079740923 33.37944808160413 9.602474920259077 28.62055191839587
30.434800300128195 96.30923067231987 21.565199699871805 91.69076932768013
63.19801482243776 52.156472818429876 56.80198517756224 59.843527181570124
40.03893286697747 38.377253742168115 49.96106713302253 39.622746257831885
82.18461740295594 24.34613908794196 91.81538259704406 21.65386091205804
50.756744555283206 54.05759798498248 49.243255444716794 63.94240201501752
19.572765284600653 48.02232975845956 10.427234715399347 43.97767024154044
40.99805849788794 3.1393242681305877 31.001941502112057 2.8606757318694123
82.67053996635984 54.5757920537487 87.32946003364016 63.4242079462513
19.50385020313382 57.67209818038039 14.496149796866181 66.32790181961961
46.87736469229417 44.899403044542574 37.12263530770583 47.100596955457426
47.09826551455157 51.12210979423001 44.90173448544843 60.87789020576999
94.93743121321067 59.0461707660028 89.06256878678933 50.9538292339972
19.85853524095243 84.51819971733846 24.14146475904757 75.48180028266154
51.94044481332227 10.956018756249465 46.05955518667773 19.043981243750537
27.402482504547994 14.527555922708514 34.59751749545201 21.472444077291485
17.00039338635345 3.937280714435847 26.99960661364655 4.062719285564153
29.938358983569096 62.911158968915096 28.061641016430904 53.088841031084904
8.300117252930747 35.29380476972863 17.699882747069253 38.70619523027137
52.00011731058893 78.03425043251511 61.99988268941107 77.96574956748489
69.76836735602532 94.50421832125262 60.23163264397468 91.49578167874738
8.022262312282997 18.47130405502371 17.977737687717003 17.52869594497629
57.94493579172119 19.112583554022738 60.05506420827881 28.887416445977262
15.12632652389755 21.88317107472296 24.87367347610245 24.11682892527704
94.48513802763848 40.973421070994895 95.51486197236152 31.026578929005105
56.09761435797426 38.00095294709909 55.90238564202574 47.99904705290091
63.91965508984523 5.892745090694953 54.08034491015477 4.107254909305047
43.01073848099806 67.01437161772577 34.98926151900194 72.98562838227423
44.29585821780549 24.305582668581373 53.70414178219451 27.694417331418627
51.9753045085197 19.981358710769317 58.0246954914803 12.01864128923068
36.48204154321115 27.78385388457138 27.517958456788847 32.21614611542862
58.99998355337937 83.98717557269191 49.00001644662063 84.01282442730809
95.92097593904475 5.941934011931099 90.07902406095525 14.0580659880689
