55.39824038712389 11.378125626848234 46.60175961287611 6.6218743731517655
69.52431216957929 22.76198198334186 66.47568783042071 13.238018016658138
74.6958274930979 70.43743045674368 79.3041725069021 61.562569543256316
3.027379610950989 7.477461516810423 12.97262038904901 8.522538483189576
2.7234548059680543 68.00765358216621 3.2765451940319457 77.99234641783379
51.01733352999801 96.9869409788395 44.98266647000199 89.0130590211605
96.02091708633945 78.02809391386884 87.97908291366055 83.97190608613116
41.96104277237377 68.43462450351444 46.03895722762623 77.56537549648556
11.329565904353862 23.395278125502873 18.670434095646137 16.604721874497127
96.60889575620405 92.93857677393603 87.39110424379595 89.06142322606397
88.28621321289455 14.425436679044745 79.71378678710545 19.574563320955253
43.69274745383153 83.72572342354088 34.30725254616847 80.27427657645912
48.457548300622385 84.47139744975767 55.542451699377615 91.52860255024233
83.18463176920076 37.73657759915477 74.81536823079924 32.26342240084523
78.56964709047139 2.970634220120394 69.43035290952861 7.0293657798796065
21.06503594484696 37.08873175967892 12.934964055153038 42.91126824032108
60.02629067889337 87.48793009350575 69.97370932110663 88.51206990649425
53.355756163112154 49.41026222575927 48.644243836887846 40.58973777424073
93.54852986699746 3.477510002423424 86.45147013300254 10.522489997576576
26.003453820971213 33.814187511633826 35.99654617902878 34.185812488366174
74.61953798981507 40.91307834671122 65.38046201018493 37.08692165328878
20.182165247328854 65.14334026148371 13.817834752671148 72.85665973851629
44.64598683751591 41.04190550657249 43.35401316248409 50.95809449342751
34.93460234880689 95.19396051017986 25.06539765119311 96.80603948982014
15.17577498179479 85.24992667344728 6.82422501820521 90.75007332655272
36.687844881506734 87.25438543479993 43.312155118493266 94.74561456520007
47.00719991982152 30.26823004934142 56.99280008017848 29.73176995065858
34.92791254475584 17.15402248774688 25.072087455244155 18.84597751225312
7.987699532059642 76.89645256921864 10.012300467940358 67.10354743078136
84.52055373067923 59.34192885680446 89.47944626932077 50.65807114319554
2.8335037758652275 62.99722713185511 3.1664962241347725 53.00277286814489
78.80111444893146 75.00395711211601 79.19888555106854 84.99604288788399
73.84589318031188 75.23179514733854 64.15410681968812 72.76820485266146
80.8076492521786 47.75935081004073 73.1923507478214 54.24064918995927
85.38528394086441 94.40193354570785 76.61471605913559 89.59806645429215
69.88322609417314 92.92570818062009 60.11677390582686 95.07429181937991
84.47539070349677 50.40532901950008 77.52460929650323 57.59467098049992
38.35168185185857 45.01238334722151 37.64831814814143 54.98761665277849
71.91449397267183 79.92073285624674 62.08550602732817 78.07926714375326
83.54058409699218 69.61004731409666 90.45941590300782 62.38995268590333
62.30076889752608 18.297594906817864 65.69923110247392 27.702405093182136
20.902871419214794 73.86592696915204 29.097128580785206 68.13407303084796
64.00843029876135 83.70977264485172 73.99156970123865 84.29022735514828
3.3268521289215283 12.221886118654167 12.673147871078472 15.778113881345833
59.96628893402841 59.10802274820417 62.03371106597159 68.89197725179584
94.68128295945698 39.01016839481857 95.31871704054302 48.98983160518143
35.08126739155652 75.88168626889895 32.91873260844348 66.11831373110105
23.170583431894446 46.13381315746427 16.829416568105554 53.86618684253573
11.379764696483154 38.73020481176425 14.620235303516846 29.269795188235747
19.186718168959267 87.2340194305314 26.813281831040733 80.7659805694686
28.89054084580508 44.07994542693348 27.10945915419492 53.92005457306652
21.00946208557752 24.307459468404755 30.99053791442248 23.692540531595245
75.47072610213917 25.882058084328907 84.52927389786083 30.117941915671093
55.66550278965921 19.798077784658435 46.33449721034079 16.201922215341565
96.30062476092675 17.990954292829954 95.69937523907325 8.009045707170046
86.57644163507078 35.33069332861807 95.42355836492922 30.669306671381936
60.69330075422713 3.048299881435863 59.30669924577287 12.951700118564137
7.080032082684999 31.54680838995895 2.9199679173150006 22.45319161004105
5.380391991232962 82.91290926218036 14.619608008767038 79.08709073781964
48.8919917135487 56.00116671511663 49.1080082864513 65.99883328488337
48.21523968078613 71.84727680135892 53.78476031921387 80.15272319864108
71.00011093941133 13.966692616347546 80.99988906058867 14.033307383652454
72.77459283166118 60.84047663565951 67.22540716833882 69.15952336434049
17.70269685089169 58.69842348329661 8.29730314910831 55.30157651670339
37.6863109328866 6.256873544372783 28.313689067113398 9.743126455627218
92.72547411825316 54.165169726168514 95.27452588174684 63.834830273831486
33.27385678473546 59.367955175612835 42.72614321526454 62.632044824387165
63.23288085648736 33.185752843907785 56.76711914351264 40.814247156092215
53.346493989837725 57.281322444332815 56.653506010162275 66.71867755566718
86.78464672525821 78.82903425403943 93.21535327474179 71.17096574596057
22.549329515610978 55.381592448580946 29.450670484389022 62.618407551419054
29.996888266434247 29.176373616994603 20.003111733565753 28.823626383005397
19.670462307260017 43.50102046515892 28.329537692739983 38.49897953484108
23.252359674057992 5.568410448667461 32.74764032594201 2.43158955133254
6.035347753699305 49.59348805657862 15.964652246300695 48.40651194342138
7.343687911635251 36.58331266978804 2.656312088364749 45.41668733021196
81.82539966772498 43.75185611283898 90.17460033227502 38.24814388716102
16.945186100671517 95.26166780530359 7.054813899328482 96.73833219469641
16.54481400415064 4.644306975258106 21.45518599584936 13.355693024741894
69.46186744846308 46.39230353698211 62.538132551536926 53.60769646301789
33.86022998826218 45.07455541424995 32.13977001173782 54.92544458575005
96.4585785352755 26.262979771182344 87.5414214647245 21.737020228817656
60.043137786632904 44.43649389341564 55.956862213367096 53.56350610658436
39.112150305040636 11.001257927330187 38.887849694959364 20.998742072669813
29.11249217536403 74.15616313625947 20.88750782463597 79.84383686374053
49.00049823921203 24.929415696660133 58.99950176078797 25.070584303339867
35.051423737784674 25.284742719688218 44.948576262215326 26.715257280311782
45.5566535886514 34.941624894964406 36.4433464113486 39.058375105035594
30.86894943038706 90.86275268989831 21.13105056961294 93.13724731010169
88.13275984627788 3.1856979456722767 79.86724015372212 8.814302054327722
