96.74767156745081 29.943782684061432 95.25232843254919 20.056217315938568
70.94825552905458 44.717472800307334 61.05174447094543 43.282527199692666
54.9998519154854 13.038481465888804 45.0001480845146 12.961518534111196
39.075943106278594 46.13186193068458 48.924056893721406 47.86813806931542
2.11993583416424 66.91279675075134 7.88006416583576 75.08720324924866
12.43368573018153 88.29115731109057 17.56631426981847 79.70884268890943
96.82794625511667 79.06902595842989 95.17205374488333 88.93097404157011
69.90696429570721 62.00086563916044 70.09303570429279 71.99913436083956
19.93281642199585 39.00045138369007 20.06718357800415 48.99954861630993
90.37440885531315 87.03929080476497 91.62559114468685 96.96070919523503
78.26930069465558 22.455364671633028 73.73069930534442 13.544635328366974
63.69274745383153 48.725723423540884 54.30725254616847 45.274276576459116
91.8778832752729 82.92232881418909 90.1221167247271 73.07767118581091
65.03028008505493 27.905063025747875 66.96971991494507 18.094936974252125
93.98055945308282 13.440485566514171 84.01944054691718 12.559514433485829
10.738875550936061 58.1616567790231 13.261124449063939 67.83834322097691
49.00268619383431 94.83612589373011 58.99731380616569 95.16387410626989
26.946619976077077 73.03948396662042 21.053380023922923 64.96051603337958
74.78687478831334 4.555759798021793 65.21312521168666 7.444240201978207
24.360012369128732 77.75377045970819 29.639987630871268 86.24622954029181
52.76933913549395 75.47483542798628 57.23066086450605 66.52516457201372
29.264401945413983 90.38946824421738 20.735598054586017 95.61053175578262
24.514101652887756 54.02366572703626 25.485898347112244 63.97633427296374
75.48332055523784 86.7864425015415 66.51667944476216 91.2135574984585
49.32508972344723 84.82121740070022 46.67491027655277 75.17878259929978
62.94489265644189 84.74029495220964 53.05510734355811 83.25970504779036
27.644674427134923 31.012641607296693 28.355325572865077 40.98735839270331
41.52357738737145 41.762217124899955 38.47642261262855 32.237782875100045
8.746510289973807 67.17811934093176 3.2534897100261926 58.82188065906825
36.013889082006955 9.37242168770161 45.986110917993045 8.62757831229839
62.5324715717216 37.60225576536163 69.4675284282784 30.397744234638367
58.0248987391867 54.50163522932096 67.97510126081329 55.49836477067904
96.7200950727664 68.64945521431969 87.2799049272336 65.35054478568031
87.8243528480802 30.859820343817542 90.1756471519198 21.140179656182458
96.62640155926425 46.10358005377574 87.37359844073575 49.89641994622426
63.671612153033 64.1796902871257 66.328387846967 73.8203097128743
43.807112127554426 85.6246189643887 34.192887872445574 88.3753810356113
33.46969022223736 72.88427475377634 42.53030977776264 77.11572524622366
39.58141598375716 81.00265513351012 30.41858401624284 76.99734486648988
83.78711766410231 74.44343495525071 74.21288233589769 71.55656504474929
60.190517359497875 15.367068663494534 69.80948264050213 12.632931336505466
12.464140554564649 74.2191745026116 9.535859445435351 83.7808254973884
68.01026688517602 80.32025527759752 77.98973311482398 79.67974472240248
7.139067910459038 24.868523831241095 4.860932089540962 15.131476168758905
74.94815214700856 32.60485648116268 71.05184785299144 23.39514351883732
84.00032642452626 57.057132641367396 93.99967357547374 56.942867358632604
74.34826161354397 58.16660697504015 83.65173838645603 61.83339302495985
50.79377144502789 64.74311525796644 43.20622855497211 71.25688474203356
22.7164475052007 82.80227288267938 17.2835524947993 91.19772711732062
38.142232497440716 57.81589912124053 47.857767502559284 60.18410087875947
8.516493290279811 45.774851604208784 11.483506709720189 36.225148395791216
27.06820591742534 26.17695253655601 36.931794082574655 27.82304746344399
26.90117154835852 10.863495298409674 35.09882845164148 5.136504701590327
53.22442964466513 51.06051717039873 54.77557035533487 60.93948282960127
95.96838087909673 7.43858086938003 86.03161912090327 8.56141913061997
78.33443274515716 52.23021881347875 83.66556725484284 43.76978118652125
22.725366850446576 33.19194173748716 17.274633149553424 24.808058262512834
14.010234387119759 44.90105744014083 15.989765612880241 35.09894255985917
11.793942512445748 95.42060381083726 2.2060574875542525 92.57939618916274
83.76165378566743 68.52533708584005 74.23834621433257 65.47466291415995
32.97865926315664 32.426797443193934 37.02134073684336 41.573202556806066
82.10244551699809 5.006955851081829 91.89755448300191 2.993044148918171
56.40259799618022 20.629951290789588 47.59740200381978 25.370048709210412
50.55689331221345 42.75142959690923 47.44310668778655 33.24857040309077
20.977783084834364 13.529175658725144 11.022216915165638 14.470824341274856
83.0202486892527 82.00004100110975 82.9797513107473 91.99995899889025
39.79227670350569 68.14767293925875 34.20772329649431 59.852327060741246
37.01075170864647 20.991958751130426 42.98924829135353 29.008041248869574
69.99053038823412 38.012667840308694 78.00946961176588 43.987332159691306
90.42322598479451 44.28488455790372 95.57677401520549 35.71511544209628
32.92979463414295 55.88412330668368 35.07020536585705 46.11587669331632
67.92436440587255 2.13360794199426 58.07563559412744 3.86639205800574
54.73714342918298 28.006914138212892 55.26285657081702 37.99308586178711
4.533877666955092 4.751944994828305 13.466122333044908 9.248055005171695
6.194103196093661 88.8553184815292 3.8058968039063394 79.1446815184708
11.901857694332707 53.13552279769939 20.098142305667295 58.86447720230061
32.04400908632014 95.3380679313384 41.95599091367986 96.6619320686616
56.98464332622825 88.60842508981271 47.01535667377175 89.39157491018729
4.989037473143381 34.90120443123098 3.0109625268566185 25.098795568769024
60.93847401890913 20.088863011905232 59.06152598109087 29.911136988094768
26.52977810638271 2.4587196496604116 19.47022189361729 9.541280350339589
80.13237596068461 16.870084669044637 77.86762403931539 7.129915330955363
39.05011128348255 51.29388266265924 48.94988871651745 52.70611733734076
83.10048619615274 38.877389684255014 80.89951380384726 29.122610315744982
3.057971170215586 51.99966392304761 2.942028829784414 42.00033607695239
16.307267861832056 20.72576507074564 25.692732138167944 17.27423492925436
44.07940039583324 4.11247561415252 53.92059960416676 5.88752438584748
30.210634310180435 14.564041682645644 39.78936568981957 17.435958317354356
76.69406143669552 92.27785388874 67.30593856330448 95.72214611126
92.09299388960775 31.459143629438977 87.90700611039225 40.54085637056102
