95.69227319113953 15.371515784034283 88.30772680886047 8.628484215965717
93.92020174585521 41.889727362782224 84.07979825414479 40.110272637217776
57.71492452150706 6.6641775014978 48.28507547849294 3.3358224985022
46.145129479349904 21.203948927608007 37.854870520650096 26.796051072391993
12.63032196544356 89.1131723723851 3.369678034556439 92.8868276276149
26.002695402701434 68.83584531131089 35.997304597298566 69.16415468868911
65.37997509969186 88.31546904946329 58.62002490030813 95.68453095053671
64.70032779280189 66.17186866853885 67.29967220719811 75.82813133146115
16.542608905390292 25.029529642398906 15.457391094609708 34.970470357601094
49.78237842753247 80.8456805267286 44.21762157246753 89.1543194732714
52.0330149264212 19.56802477105243 47.9669850735788 10.431975228947572
58.2314015879428 59.66368928397348 49.7685984120572 54.33631071602652
74.2876795939314 91.76711599073442 67.7123204060686 84.23288400926558
72.39222337889927 47.46178391183491 79.60777662110073 40.53821608816509
96.71256080772382 25.349162917648684 89.28743919227618 18.650837082351316
24.160119819424622 45.884774543238834 29.839880180575378 54.115225456761166
28.196632256898976 95.38840135570972 37.80336774310103 92.61159864429028
47.2784276811792 60.45070413548647 42.7215723188208 51.54929586451353
75.95136320662847 7.936223113654849 68.04863679337153 14.06377688634515
3.6205831091558514 27.0386618131163 2.3794168908441486 36.9613381868837
65.4352234888451 58.30841777068119 56.5647765111549 53.69158222931881
20.17861628267085 70.85958527921586 13.82138371732915 63.14041472078414
20.839289947836864 64.86340952160184 23.160710052163136 55.13659047839816
57.10118777464427 84.1227686660387 54.89881222535573 93.8772313339613
47.56888383951851 73.79081480911219 50.43111616048149 64.20918519088781
67.95719398898005 62.03246530206718 74.04280601101995 69.96753469793282
34.242694518942784 4.461154796640357 43.757305481057216 7.538845203359643
42.10603382873492 35.62740663245662 45.89396617126508 26.37259336754338
17.654148645534804 90.71845231601162 14.345851354465198 81.28154768398838
59.769692853383255 11.323656641703451 56.230307146616745 20.67634335829655
71.76400744210983 40.65638232366863 80.23599255789017 35.34361767633137
68.47889441910938 50.68212706879856 73.52110558089062 59.31787293120144
94.19735962332393 48.00389660044136 93.80264037667607 57.99610339955864
72.83963009428648 26.509190822141743 77.16036990571352 17.490809177858257
91.31744709267706 65.47816523104022 82.68255290732294 70.52183476895978
93.35539738257286 69.04172535395567 94.64460261742714 78.95827464604433
52.57769163783741 85.71566740084023 47.42230836216259 94.28433259915977
29.21932684227749 59.53536210651524 38.78067315772251 62.46463789348476
8.791613932071774 53.00434436267937 9.208386067928226 62.99565563732063
61.75754981152122 82.99411833120789 62.24245018847878 73.00588166879211
28.943007232497305 21.60702972580633 25.056992767502695 12.392970274193669
7.787890463621751 69.16824422407848 14.21210953637825 76.83175577592152
41.988424794196035 71.10339754492948 44.011575205803965 80.89660245507052
15.921465896853391 20.117291992724073 6.078534103146608 21.882708007275927
63.40561787039355 36.66084237858667 56.59438212960645 29.339157621413328
79.65488541579157 77.4738591815419 88.34511458420843 72.5261408184581
89.6628895589213 94.81789743232028 92.3371104410787 85.18210256767972
17.242344966715716 59.468991950120824 12.757655033284285 50.531008049879176
17.952453097040376 96.68790138945577 8.047546902959624 95.31209861054423
64.51760882521496 9.215438863117015 73.48239117478504 4.784561136882984
19.249745214191993 53.46527115315747 14.750254785808007 44.53472884684253
22.464050568320154 21.350684405557487 17.535949431679846 12.64931559444251
11.062398582163567 3.212540643220468 20.937601417836433 4.787459356779532
32.79687662921506 47.14690880420828 35.20312337078494 56.85309119579172
70.42451203309732 19.207217356528574 67.57548796690268 28.792782643471426
75.04584078542467 53.03397364083353 80.95415921457533 44.96602635916647
53.54614374924315 49.27225977775301 62.45385625075685 44.72774022224699
3.3994907418889446 62.9840151632138 2.6005092581110554 53.0159848367862
23.83199464028434 94.65228929001297 20.16800535971566 85.34771070998703
85.5573818346557 45.70351327806392 80.4426181653443 54.29648672193608
59.41985440219294 64.35245344542368 52.58014559780706 71.64754655457632
89.36602820888223 30.56572438185863 96.63397179111777 37.43427561814137
80.58379622412114 3.0341987586390555 79.41620377587886 12.965801241360944
73.44310668778668 74.24857040309072 76.55689331221332 83.75142959690928
10.119175998562202 41.092220439943745 3.8808240014377975 48.907779560056255
83.4356700503047 96.74898639801025 86.5643299496953 87.25101360198975
33.80508082675878 75.38246093916433 24.194919173241217 72.61753906083567
74.0403500613201 63.36606586639273 83.9596499386799 64.63393413360727
48.24433260913831 31.300751800608186 55.75566739086169 24.699248199391814
88.2958799103845 50.170849426880345 85.7041200896155 59.829150573119655
37.343425359850556 44.17892542142912 46.656574640149444 47.82107457857088
39.19437498923541 20.278379444214092 30.805625010764583 25.721620555785908
20.50654647506635 42.19291482261883 29.49345352493365 37.80708517738117
11.521110983321996 13.864688435734681 2.4788890166780027 18.13531156426532
6.202053718064581 85.93591751664728 7.797946281935419 76.06408248335272
17.71630521906344 38.57875144668439 26.28369478093656 33.42124855331561
29.741709040241396 83.3795118580619 38.258290959758604 88.6204881419381
76.94497242960955 96.73976190115569 67.05502757039045 95.26023809884431
22.417879781415618 26.99895669651049 31.582120218584382 31.00104330348951
57.732731801143885 38.61283901814203 48.267268198856115 35.38716098185797
42.24454487101379 15.64269537365746 33.75545512898621 10.35730462634254
63.35658544363579 25.987268472960633 62.64341455636421 16.012731527039367
7.198497718603846 35.66418154986751 10.801502281396154 26.335818450132493
83.76625180037192 22.84539630782813 86.23374819962808 13.154603692171872
40.40900073419157 40.019412778657184 49.59099926580843 43.980587221342816
5.452392601018185 11.979492035794816 4.547607398981815 2.0205079642051844
85.0000383681104 2.9804122581221795 94.9999616318896 3.0195877418778205
28.18292264933785 7.341864117298571 31.81707735066215 16.65813588270143
30.82629403919986 78.6935215856418 21.17370596080014 81.3064784143582
80.5221325509788 28.866852749719783 71.4778674490212 33.13314725028022
