64.92998105393616 2.1661614018105846 55.07001894606384 3.8338385981894154
58.368995440923996 43.96002351268876 59.631004559076004 34.03997648731124
76.15720390553324 49.510706298347536 71.84279609446676 40.489293701652464
3.048645127007296 20.30423788426546 12.951354872992704 21.69576211573454
2.69153079708338 37.17424530824258 5.30846920291662 46.82575469175742
34.35910513790722 75.98708767718482 33.64089486209278 66.01291232281518
93.08912010930966 64.37955218151365 96.91087989069034 73.62044781848635
54.86767759293447 70.36192061205821 51.13232240706553 79.63807938794179
19.47698412734232 33.868726339559686 28.52301587265768 38.131273660440314
91.04784611515058 72.96455858174494 96.95215388484942 81.03544141825506
88.14477876348424 34.79657093630219 79.85522123651576 29.20342906369781
73.5609357762068 79.0488691625667 64.4390642237932 74.9511308374333
77.74810012722251 80.99365061393914 78.25189987277749 71.00634938606086
85.44775816957616 24.28417321255821 76.55224183042384 19.71582678744179
67.8050039394989 10.382728151662532 58.194996060501104 7.6172718483374675
6.738875550936061 34.1616567790231 9.261124449063939 43.8383432209769
69.36010933790836 82.13682672737217 78.63989066209164 85.86317327262783
7.009516534159703 71.99999094354956 6.990483465840297 62.000009056450445
79.84699123443212 16.227467300313215 70.15300876556788 13.772532699686785
28.40189279973107 68.03590211851272 29.59810720026893 77.96409788148728
55.9115382094278 56.916207694224596 54.0884617905722 47.083792305775404
27.931807041208824 92.17703018993217 18.068192958791176 93.82296981006783
13.522342299381272 25.775009771686673 22.477657700618728 30.224990228313327
92.98944824337417 95.3246632512163 83.01055175662583 94.6753367487837
30.772035480890708 82.50745942463188 21.227964519109292 85.49254057536812
49.09006305259015 86.08349567764469 50.90993694740985 95.91650432235531
34.80307821839443 16.28230841354565 43.19692178160557 21.71769158645435
44.132508986137736 16.81467040334936 35.867491013862264 11.185329596650641
24.236613894316015 79.84466573422611 21.763386105683985 70.15533426577389
60.747247555840275 29.370533010533606 69.25275244415973 34.629466989466394
16.062817028247686 61.79007866914568 25.937182971752314 60.20992133085432
63.34910322562227 60.28040893293188 66.65089677437773 69.71959106706812
79.88659264175348 52.91740487917616 74.11340735824652 61.08259512082384
77.74292138739666 38.68638720523126 74.25707861260334 29.313612794768737
93.89592529428629 55.014847531783815 84.10407470571371 52.985152468216185
77.97619842651227 90.48728761525085 68.02380157348773 89.51271238474915
55.37451274106978 62.5785049497845 46.62548725893022 67.4214950502155
39.307012948187094 66.04825596925491 40.692987051812906 75.95174403074509
82.89767646740853 67.0063623704177 73.10232353259147 64.9936376295823
88.24245018847894 81.00588166879213 87.75754981152106 90.99411833120787
65.21895941373444 17.327966777721414 68.78104058626556 26.672033222278586
12.726815379212981 90.63009704337982 3.2731846207870188 87.36990295662018
92.31679402672081 82.29183500166813 95.68320597327919 91.70816499833187
2.491973549540289 14.97412395559593 3.508026450459711 5.02587604440407
80.9928312801349 3.267648665430231 71.0071687198651 2.732351334569769
94.55677652398741 37.485837118400454 87.44322347601259 44.514162881599546
41.25097710652054 94.84097678975654 38.74902289347946 85.15902321024346
34.65157709035334 87.18525642876591 37.34842290964666 96.81474357123409
16.479071912889843 88.59110827251713 9.520928087110155 81.40889172748287
45.07055510740807 80.61272613607733 48.92944489259193 71.38727386392267
39.84474398484819 52.80344815606353 32.15525601515181 59.19655184393647
7.043066073448655 14.65483283958905 16.956933926551343 13.34516716041095
68.35494512886966 44.75692508565903 73.64505487113034 53.24307491434097
55.65526193159548 29.76330505291922 50.34473806840452 38.236694947080785
95.69013962691365 11.990389418591578 96.30986037308635 2.009610581408422
69.93628582196402 58.60985869801463 66.06371417803598 49.39014130198537
39.71745658458026 26.343727940751286 32.28254341541974 19.656272059248714
24.582417454327842 40.99963746429015 15.417582545672158 45.00036253570985
12.931337245583343 94.82578021913974 3.068662754416656 93.17421978086026
47.965216831137354 61.58874597220733 38.034783168862646 60.41125402779267
19.17388315909824 21.69286716896697 28.82611684090176 24.30713283103303
86.08808518650052 5.935427191091014 91.91191481349948 14.064572808908986
41.93528342872034 40.114677224292905 44.06471657127966 49.885322775707095
16.940369542920763 56.76990179853074 7.059630457079235 55.23009820146926
48.065669142557255 11.910383896199562 39.934330857442745 6.089616103800439
85.13274459032426 57.85552423486458 94.86725540967574 60.14447576513542
37.08181042196268 45.06268562049178 30.91818957803732 52.93731437950822
62.233638166252284 45.154575676499974 59.766361833747716 54.845424323500026
43.93388110834741 26.114983059511314 46.06611889165259 35.88501694048868
93.04464364355836 50.601801986105365 96.95535635644164 41.398198013894635
23.62500574127551 55.399932075728636 28.37499425872449 46.600067924271364
35.9084937749915 7.047797888644579 26.0915062250085 8.95220211135542
32.130598626660415 27.07616600076371 33.869401373339585 36.923833999236294
7.872511344711324 9.90112992747494 14.127488655288676 2.0988700725250604
17.7769170073122 81.67360310136887 14.2230829926878 72.32639689863113
12.007071532918417 50.26582949912744 21.992928467081583 49.73417050087256
54.44631078628772 84.0649248279103 63.55368921371228 79.9350751720897
84.65334756317239 76.04287008827723 83.34665243682761 85.95712991172277
27.053750277185703 3.7311728110094786 36.946249722814294 2.2688271889905214
59.63540050653927 62.01331099732817 60.36459949346073 71.98668900267182
2.622964140775463 25.5830686631469 11.377035859224538 30.4169313368531
95.22555488052848 29.93965937660956 96.77444511947152 20.06034062339044
48.29963261192128 48.298005662959774 51.70036738807872 57.701994337040226
83.65892337549589 12.81505729420808 74.34107662450411 9.18494270579192
3.5802607848104095 80.96621560361723 2.4197392151895905 71.03378439638277
50.913829699568524 18.881529502863323 59.086170300431476 13.118470497136677
51.38985751028115 24.93561003936457 60.61014248971885 21.06438996063543
20.848893536694654 5.134308485925494 23.151106463305346 14.865691514074506
70.99998355337937 95.98717557269191 61.00001644662063 96.01282442730809
87.76890824184017 15.153928076989473 90.23109175815983 24.846071923010527
