96.09071112408773 17.879584945852596 93.90928887591227 8.120415054147404
77.84421542154406 40.802812518358856 70.15578457845594 47.197187481641144
47.83944582904371 14.743113343315532 38.16055417095629 17.25688665668447
25.576043213946374 43.37314915128041 30.423956786053626 34.62685084871959
8.59456800659794 85.03547697300837 7.405431993402059 94.96452302699163
18.835845311310802 84.99730459729857 19.164154688689198 75.00269540270143
93.41608106361925 78.25751111725347 96.58391893638075 87.74248888274653
70.78478824950339 87.14992160873095 73.21521175049661 96.85007839126905
27.094106443966677 31.072340988145243 20.905893556033323 38.92765901185476
70.94443512402397 71.11269166180344 73.05556487597603 80.88730833819656
70.0330149264212 40.56802477105243 65.9669850735788 31.43197522894757
55.365009324937915 65.43858434203229 46.634990675062085 60.561415657967714
88.12196257142234 85.52739161609449 83.87803742857766 76.47260838390551
66.19410449951087 48.855318160970285 63.80589550048912 39.144681839029715
84.35152871746307 17.587482273016178 79.64847128253693 26.412517726983822
7.26154314271129 61.32023196873216 14.73845685728871 54.67976803126784
43.395925283756114 87.53436218861066 50.604074716243886 94.46563781138934
22.779784474284085 68.27310698388564 15.220215525715915 61.72689301611435
45.575185544394884 6.983151658066449 36.424814455605116 11.016848341933551
9.675545257916466 65.49020096747344 18.32445474208353 70.50979903252656
55.175123668766275 82.93148852154908 56.824876331233725 73.06851147845092
43.713974602749474 81.33313364523939 34.286025397250526 84.66686635476061
28.378042176051416 61.09277534788362 37.621957823948584 64.90722465211638
81.17010273417438 80.49548514009234 76.82989726582562 89.50451485990766
57.56888383951851 89.79081480911219 60.43111616048149 80.20918519088781
68.23211820447987 80.52589133779368 63.76788179552013 89.47410866220632
56.07313578460403 11.055911201635261 49.92686421539597 18.94408879836474
47.440233190349396 37.788081907968575 44.559766809650604 28.211918092031425
5.066784186727447 76.88487169728626 2.933215813272553 67.11512830271374
28.355254270393694 2.1489632344807448 37.644745729606306 5.851036765519256
53.589026243265266 56.35442360619271 62.410973756734734 51.64557639380729
67.54430501935929 56.61360930383662 74.45569498064071 49.38639069616338
94.97016603139807 71.54538942081496 85.02983396860193 70.45461057918504
96.902659897169 31.91784557606711 95.097340102831 22.08215442393289
93.92836049696952 60.843363985424084 84.07163950303048 59.156636014575916
81.31592195010838 68.56869031538008 76.68407804989162 77.43130968461992
52.04241306835322 74.10986963415837 49.95758693164678 83.89013036584163
26.302531813395067 75.28716824065101 35.69746818660494 78.71283175934899
27.031049806007182 70.55635777123965 36.96895019399282 69.44364222876035
64.88719597826797 65.92065882744834 63.11280402173204 56.07934117255167
48.111679017785455 2.94913465427724 57.888320982214545 5.050865345722761
8.292142031178953 70.30072120870292 11.707857968821047 79.69927879129708
38.05716641270742 74.75392050531362 47.94283358729258 73.24607949468638
23.537729363457885 28.099764802070005 14.462270636542113 23.900235197929995
50.280278958195154 31.341208669202548 57.719721041804846 24.658791330797452
83.06636172128445 64.18808046285815 92.93363827871555 65.81191953714185
73.84658416168352 67.51251595313389 78.15341583831648 58.48748404686612
47.85886984042929 54.82043064054436 38.14113015957071 57.17956935945564
29.7682673388362 83.7136401196673 22.2317326611638 90.2863598803327
25.22622350529723 57.48696266887348 34.773776494702766 54.51303733112652
7.932783377966395 26.611328270016873 4.067216622033605 17.388671729983127
24.451115104663497 20.075486981163557 33.5488848953365 15.924513018836441
18.650370542516473 12.712139881195025 25.349629457483527 5.287860118804976
59.92696208811872 67.05583494359828 66.07303791188127 74.94416505640172
90.5012450142136 14.569493430508661 83.4987549857864 7.430506569491339
82.3570505586498 40.85553778863861 91.6429494413502 37.14446221136139
35.756082254806806 27.542621659873802 26.243917745193194 24.457378340126198
2.692309115383044 51.74955744212859 9.307690884616957 44.25044255787141
19.686015266797064 95.37835632415218 12.313984733202938 88.62164367584782
91.08382314480744 48.11514497384442 82.91617685519256 53.88485502615558
38.36186403110826 30.752619794551038 43.63813596889174 39.24738020544896
70.48809641692155 2.440992663233081 77.51190358307845 9.55900733676692
60.13074255426246 17.18273786267497 51.86925744573754 22.81726213732503
41.49940138880453 45.180685016783464 32.50059861119547 40.819314983216536
19.879645762354833 20.090439009726126 10.120354237645165 17.909560990273874
84.45017710074926 95.52118692828924 91.54982289925074 88.47881307171076
51.66630663354691 68.79599064633312 42.33369336645309 65.20400935366688
52.37145051288228 37.74668040305303 57.62854948711772 46.25331959694697
64.78375683744787 16.518006443061196 69.21624316255213 25.481993556938804
79.01205119792729 45.34693911267178 88.98794880207271 44.65306088732822
22.24197261129238 53.469178762391905 17.75802738870762 44.530821237608095
69.92436440587255 9.13360794199426 60.07563559412744 10.86639205800574
46.20305861260552 42.855471211889125 51.79694138739448 51.144528788110875
3.023773707699562 5.407121856436809 6.976226292300439 14.59287814356319
2.859685274449566 90.86823195079002 5.140314725550434 81.13176804920998
5.716305219063439 54.57875144668439 14.28369478093656 49.42124855331561
31.1793488461201 93.32714824062589 40.8206511538799 90.67285175937411
65.9952095279509 95.21881903909059 56.004790472049095 94.78118096090941
7.578971903726032 39.74413824917063 4.421028096273968 30.255861750829368
63.41016662208191 27.619235585676595 58.58983337791809 36.38076441432341
17.071894164528523 3.054944076196687 10.928105835471477 10.945055923803313
74.30164965169335 23.827598593943634 71.69835034830665 14.172401406056366
31.367969377586604 48.11737090402157 40.632030622413396 51.88262909597843
91.67120599332951 32.95474343579146 90.32879400667049 23.045256564208543
12.860395735140429 39.51908105590005 17.13960426485957 30.480918944099948
23.475535460941153 14.128196568646564 32.52446453905885 9.871803431353436
86.00376781197518 2.805928045960526 95.99623218802482 3.194071954039474
31.010365105047622 21.678218062853784 40.989634894952374 22.321781937146216
83.63871187462205 87.7529775556599 78.36128812537795 96.2470224443401
79.87678566260068 32.10315982570633 70.12321433739932 29.896840174293672
