96.91785641386137 10.902600849014998 87.08214358613863 9.097399150985002
96.99614479677436 38.196308862929094 87.00385520322564 37.803691137070906
52.685162513525256 5.746210818274152 43.314837486474744 2.253789181725848
46.285782730038406 19.424720133479745 37.714217269961594 24.575279866520255
11.777150055754204 88.52391147121604 2.2228499442457963 91.47608852878396
33.00001070962285 70.01034872522675 42.99998929037715 69.98965127477325
69.68824130566591 89.62407404240263 62.31175869433408 96.37592595759737
66.12161415711134 68.3662470258725 69.87838584288866 77.6337529741275
18.758375617967427 26.00584164668286 19.241624382032573 35.99415835331714
51.561144992425575 78.70575544155047 46.438855007574425 87.29424455844953
54.26930069465559 18.455364671633028 49.73069930534441 9.544635328366974
57.3978065582667 64.66809359103605 50.6021934417333 57.33190640896394
86.57170162904129 94.02473312192527 77.42829837095871 89.97526687807473
74.99722986639912 43.996302931539596 83.00277013360088 38.003697068460404
95.28340102073304 18.57923936376273 86.71659897926696 13.42076063623727
29.92389554985827 54.10424923179933 38.07610445014173 59.89575076820067
32.33591767272658 93.80175915272152 41.66408232727342 90.19824084727848
46.719040236065176 58.69519974727263 43.280959763934824 49.30480025272737
71.20335282682059 7.292265704826393 62.79664717317941 12.707734295173607
4.707075881852775 25.050248117602045 3.292924118147225 34.949751882397955
68.74173462691186 53.58617550351309 59.258265373088136 50.41382449648691
19.90164227397013 73.07191258672255 14.098357726029871 64.92808741327745
23.440642229662032 69.96861337646254 24.559357770337968 60.03138662353746
60.68736466826252 77.2933238398739 57.31263533173748 86.7066761601261
47.32011326026088 74.70935033116551 50.67988673973912 65.29064966883449
68.02690045117603 57.979965289604735 73.97309954882397 66.02003471039527
35.4656928071301 4.892855420079526 44.5343071928699 9.107144579920474
45.40546581408791 29.274153993263873 50.59453418591209 20.725846006736127
16.979261817666266 89.59157082675726 13.020738182333734 80.40842917324274
58.35538845905584 2.187212644936591 55.64461154094416 11.81278735506341
76.12995685976497 35.13255455155583 85.87004314023503 32.86744544844417
71.10436141070468 48.37327822980737 74.89563858929532 57.62672177019263
92.63204771300532 49.04010930680073 91.36795228699468 58.95989069319927
73.68611251647523 20.99013773834816 74.31388748352477 11.00986226165184
88.97793114928224 72.97079816262269 81.02206885071776 79.02920183737731
96.40036676153481 67.01605513109764 95.59963323846519 76.98394486890236
54.54786043281522 82.24562011609031 51.45213956718478 91.75437988390969
29.245616417755663 62.452150926968166 38.75438358224434 65.54784907303184
13.140600871359249 48.00197725145503 12.859399128640751 57.99802274854497
64.75754981152122 87.99411833120789 65.24245018847878 78.00588166879211
27.943007232497305 20.60702972580633 24.056992767502695 11.392970274193669
10.278806601517815 67.80534787043587 15.721193398482185 76.19465212956413
41.33245866114833 76.04476150312378 42.66754133885167 85.95523849687622
15.9533639862459 21.681311397058742 6.0466360137541 20.318688602941258
72.1900943926913 37.728206183619 63.80990560730871 32.271793816381
84.3824345914083 84.4515533480682 91.6175654085917 77.5484466519318
91.3866944409096 94.26270267023483 96.6133055590904 85.73729732976517
20.348422909646782 57.81474357123406 17.651577090353218 48.18525642876594
13.827541598512635 92.69813898029395 4.172458401487364 95.30186101970605
61.59765707810643 7.370522473644488 70.40234292189356 2.629477526355512
24.688796290958503 50.706162671183904 21.311203709041497 41.293837328816096
23.614386231355727 26.2620399614853 18.385613768644273 17.7379600385147
12.129356719000192 3.870029190973751 21.870643280999808 6.129970809026249
39.97242433442016 53.42955834515433 44.02757566557984 62.57044165484567
67.42451203309732 15.207217356528574 64.57548796690268 24.792782643471426
77.90685672962324 50.928417583318115 84.09314327037676 43.071582416681885
58.469556195511025 44.1154382369541 67.53044380448897 39.8845617630459
6.003911653940366 67.89817939555941 3.9960883460596337 58.10182060444059
25.537218132537195 94.308424787312 20.462781867462805 85.691575212688
82.40587872255563 52.61687924278214 77.59412127744437 61.38312075721786
61.379628687124125 68.58777020934583 52.620371312875875 73.41222979065417
88.19127234244756 23.760618325884536 95.80872765755244 30.239381674115464
81.1846236323593 7.142359950587544 78.8153763676407 16.857640049412456
74.48925078076508 76.67609686069274 79.51074921923492 85.32390313930726
5.921214385258391 40.3838397681757 2.078785614741609 49.6161602318243
88.33325354374144 90.22947553935856 93.66674645625856 81.77052446064144
36.95071948632123 75.70026892531315 27.049280513678767 74.29973107468685
81.00039045441065 67.06248513144585 90.99960954558935 66.93751486855415
47.422227622576315 33.49278467921286 54.577772377423685 26.50721532078714
89.12655557085412 45.12856565827091 86.87344442914588 54.87143434172909
48.48180028266152 49.858535240952484 57.51819971733848 54.141464759047516
36.04618812976888 20.062592704693913 27.95381187023112 25.937407295306087
30.95560779357186 43.93987953504618 39.044392206428135 38.06012046495382
19.227182289337133 10.329619897333998 10.772817710662867 15.670380102666002
6.6064644617927355 84.8018807465152 9.393535538207264 75.1981192534848
23.33358867882304 37.795718625395274 32.66641132117696 34.204281374604726
28.491120805183392 82.83897977645975 37.50887919481661 87.16102022354025
78.99826765215138 96.13160728496987 69.00173234784862 95.86839271503013
32.65214709685396 28.53095663614335 41.34785290314604 33.46904336385665
54.67356147880945 40.777026478077474 45.32643852119055 37.222973521922526
42.3341879474408 16.492953035309508 33.6658120525592 11.507046964690494
59.70361108170599 30.95024559448322 58.29638891829401 21.04975440551678
9.90238564202566 37.999047052900906 10.09761435797434 28.00095294709909
83.97510685432157 28.99993803274583 84.02489314567843 19.00006196725417
42.08113256428422 43.1029252261629 51.91886743571578 44.8970747738371
4.539227818293744 14.970838295496865 3.4607721817062562 5.029161704503136
87.07940039583325 2.11247561415252 96.92059960416675 3.88752438584748
27.512284091836307 6.226458193689232 30.487715908163693 15.773541806310767
27.86894943038706 78.86275268989831 18.13105056961294 81.13724731010169
79.98285529356828 28.413706566733776 70.01714470643172 27.586293433266224
