90.39824038712389 13.378125626848234 81.60175961287611 8.621874373151766
58.188419950554874 50.856712676401926 55.811580049445126 41.143287323598074
72.34115520229857 33.81677306122548 69.65884479770143 24.183226938774517
18.06157463063752 24.782275444608253 27.93842536936248 23.217724555391747
2.897853647175191 64.00104349662806 3.102146352824809 73.99895650337194
22.631764006049316 77.80915068019893 25.368235993950684 68.19084931980107
94.00585136143 79.09982974944447 95.99414863857 88.90017025055553
62.03390934005839 71.10806464918637 59.96609065994161 80.89193535081363
14.238550457784843 43.52597452696271 23.761449542215157 40.47402547303729
89.45290990882566 68.47606017572762 96.54709009117434 75.52393982427238
88.12404249871022 43.8720148256233 85.87595750128978 34.1279851743767
74.99399066801901 62.754934278735206 65.00600933198099 63.245065721264794
73.74810012722251 83.99365061393914 74.25189987277749 74.00634938606086
83.69297594428217 28.725101964055725 74.30702405571783 25.274898035944275
58.85033337749522 5.214193611890559 49.14966662250478 2.7858063881094406
2.16536390730097 48.07015389765927 3.83463609269903 57.92984610234073
68.44480930417157 87.24801284728076 71.55519069582843 96.75198715271924
6.7996265653794525 81.85377210192829 9.200373434620547 72.14622789807171
89.40606366398833 19.36359958302623 80.59393633601167 14.636400416973773
18.357348836756987 65.59058887584288 13.642651163243011 74.40941112415712
53.47959379824813 56.97694582938994 52.52040620175187 47.02305417061006
38.968166232621904 89.9580176282103 31.031833767378096 96.0419823717897
3.950879435298476 33.03731608856898 10.049120564701525 40.96268391143102
96.97507822224945 95.4985947076527 87.02492177775055 94.5014052923473
38.357438421610944 84.5479130517315 29.642561578389053 89.4520869482685
56.74029495220971 75.05510734355812 55.25970504779029 84.94489265644188
14.055911201635263 11.926864215395973 21.94408879836474 18.073135784604027
45.92061422483704 37.05832632370532 40.07938577516296 28.94167367629468
11.817812593917097 66.65784900714873 8.182187406082903 57.34215099285127
52.45849551215426 25.90841280677162 61.54150448784574 30.09158719322838
17.15046439326997 61.217376030262464 26.84953560673003 58.782623969737536
72.45309258960471 48.030000776211864 73.54690741039529 57.969999223788136
87.34152064257749 55.51983901529085 78.65847935742251 60.48016098470915
82.96714694632063 40.02443027010534 77.03285305367937 31.97556972989466
91.11019047419266 51.847162493756876 82.88980952580734 46.152837506243124
63.77101324315275 88.504194988088 54.22898675684725 91.495805011912
56.4121257256992 68.34522257421581 49.5878742743008 75.65477742578419
36.12758720758277 72.1288043470524 33.87241279241723 81.8711956529476
73.98381465102105 68.40198448262082 64.01618534897895 67.59801551737918
84.44343495525078 85.2128823358977 81.55656504474922 94.7871176641023
49.17722015176588 15.7772132816559 56.82277984823412 22.2227867183441
24.9992795560753 89.91512408935657 15.000720443924699 90.08487591064343
87.98842479419604 79.10339754492948 90.01157520580396 88.89660245507052
3.5788613573718626 28.982232656519095 4.421138642628137 19.017767343480905
80.98149088406743 3.5701761151900753 71.01850911593257 4.429823884809925
95.98360643053653 34.09770274363058 94.01639356946347 43.90229725636942
50.9928711168395 88.5856803978981 47.0071288831605 79.4143196021019
45.466588546123056 87.02181809004263 44.533411453876944 96.97818190995737
25.997228315910565 83.16646068202927 16.002771684089435 82.83353931797073
41.598963633932144 80.38577523008415 46.401036366067856 71.61422476991585
42.9999486838111 67.02265301868798 33.0000513161889 66.97734698131202
7.449273084264163 15.928554963703505 16.550726915735837 20.071445036296495
57.508379115614694 32.8033339282099 66.49162088438531 37.1966660717901
53.35061689340466 37.28875136461712 46.64938310659534 44.71124863538288
95.17019933742611 11.930662314577216 96.82980066257389 2.069337685422785
78.19130615107856 46.85600552454405 75.80869384892144 37.14399447545595
30.282249298254033 37.77184829282819 23.717750701745967 30.228151707171815
16.816218339803974 49.65685410199195 7.183781660196027 52.34314589800805
25.98454350689793 96.39284351571804 16.01545649310207 95.60715648428196
63.52273051306226 56.86812085093558 54.47726948693774 61.13187914906442
9.222441377006774 31.525234390195155 18.777558622993226 34.47476560980485
65.28335584070312 7.340702596105611 74.71664415929688 10.659297403894389
36.53859074358527 31.02133536999179 37.46140925641473 40.97866463000821
28.99378233351267 54.24927495962642 19.00621766648733 53.75072504037358
45.119175998562206 7.092220439943741 38.880824001437794 14.907779560056259
87.19931222826908 62.602360232980914 96.80068777173092 65.39763976701909
35.476489363507646 57.40639154812072 28.523510636492354 64.59360845187928
60.98469242174257 42.10417008858222 63.01530757825743 51.89582991141778
43.47650742852792 15.683521662080857 48.52349257147208 24.316478337919143
96.43393798194653 59.98113419090714 95.56606201805347 50.01886580909286
41.707015854772216 51.99140864793148 42.292984145227784 42.00859135206852
41.951601262899814 4.305993563971527 32.048398737100186 5.694006436028473
33.216663792885 11.061742778406265 34.783336207115 20.938257221593737
9.596838614743778 7.369001860570923 18.403161385256222 2.630998139429077
11.7769170073122 96.67360310136887 8.2230829926878 87.32639689863113
27.048083032033084 48.308249797714986 36.951916967966916 49.691750202285014
64.60596487532608 84.38960087272494 69.39403512467392 75.61039912727506
82.21881903909066 70.00479047204911 81.78118096090934 79.99520952795089
17.602121464524345 8.378794734146375 26.397878535475655 3.621205265853626
65.69059410729263 41.17449938263985 68.30940589270737 50.82550061736015
2.8470814350858515 39.119393794389886 9.152918564914149 46.880606205610114
96.04720879731286 26.889105617066434 93.95279120268714 17.110894382933566
47.66154724694552 50.011468178516864 48.33845275305448 59.988531821483136
77.99961096326159 18.937628403623155 68.00038903673841 19.062371596376845
3.753225730700771 95.94293950990807 2.246774269299229 86.05706049009193
51.02567468018659 9.493949001914622 60.97432531981341 10.506050998085378
56.01085165154648 15.329239665173455 65.98914834845351 14.670760334826545
22.384555357747708 10.546225247818093 29.615444642252292 17.453774752181907
59.97983938393511 95.55144709318877 50.02016061606489 96.44855290681123
89.02421921842149 24.096139085750693 90.97578078157851 33.90386091424931
