48.6199250937759 13.258637399803291 43.3800749062241 4.741362600196708
61.92124038150632 16.057875630604862 56.07875961849368 7.942124369395138
79.66877285984471 49.81952635653276 82.33122714015529 40.18047364346724
6.301572605699655 8.710198824841155 15.698427394300346 5.2898011751588445
8.775951115527874 86.15214435771624 11.224048884472126 95.84785564228376
51.92223118086466 95.12156946653494 42.07776881913534 96.87843053346506
86.96843776828285 74.9583718703191 79.03156223171715 81.0416281296809
51.65005782810197 74.28814231887333 58.34994217189803 81.71185768112667
12.86607461317458 22.187410286557903 21.133925386825418 27.812589713442097
96.59610344512441 81.03128642974264 87.40389655487559 84.96871357025736
86.21337764523899 18.830692379854888 79.78662235476101 11.169307620145112
49.9989204782998 91.10389442542731 40.0010795217002 90.89610557457269
51.72132638206573 51.549421774316244 56.27867361793427 60.450578225683756
95.15409885536312 37.21729220005569 86.84590114463688 42.78270779994431
69.98138307964798 3.5689285282035055 60.01861692035202 4.4310714717964945
27.815596661416237 44.65462689392244 18.184403338583763 47.34537310607756
80.33599048214334 85.59778979881375 87.66400951785666 92.40221020118625
38.8007209522045 18.664483256727557 35.1992790477955 9.335516743272441
94.09279612031676 2.0713091037657883 87.90720387968324 9.928690896234212
31.003453820971213 30.81418751163383 40.99654617902878 31.18581248836617
76.65195342213721 27.167152663677115 67.34804657786279 30.832847336322885
7.154630905162419 64.48806408927177 2.845369094837581 73.51193591072823
47.38561491854969 64.01489206389752 46.61438508145031 73.98510793610248
27.965618816253432 89.5853458564557 18.034381183746568 88.4146541435443
36.12714359361191 77.17746820076228 27.872856406388088 82.82253179923772
34.91241824948463 84.08395555980141 33.08758175051537 93.91604444019859
21.000880305006913 39.09382044090826 30.999119694993087 38.90617955909174
31.760889742025498 13.005720644123782 32.2391102579745 22.994279355876216
7.4814263574183935 80.76381507744124 10.518573642581606 71.23618492255876
95.24124563589518 59.94209386950024 96.75875436410482 50.05790613049976
3.703792612459189 94.9502197889233 2.296207387540811 85.0497802110767
77.26183737236623 43.210485920829036 70.73816262763377 50.789514079170964
74.9789274088766 80.45856499772377 65.0210725911234 79.54143500227623
66.67719638610788 50.28969085065251 63.32280361389212 59.71030914934749
72.08153842819128 67.05987463524131 77.91846157180872 58.94012536475869
75.98394486890236 96.40036676153474 66.01605513109764 95.59963323846526
76.53759704361919 52.46653043638737 69.46240295638081 59.53346956361263
48.46463789348477 40.219326842277496 45.53536210651523 49.780673157722504
71.99007118848223 84.31494369953936 62.00992881151777 83.68505630046064
86.66965989815056 63.42374445574248 91.33034010184944 54.57625554425752
71.80161264135124 13.145737158060882 74.19838735864876 22.854262841939118
20.902871419214794 73.86592696915204 29.097128580785206 68.13407303084796
77.42322080293054 89.50619826329383 84.57677919706946 96.49380173670617
6.002554626608489 17.840188423548923 15.99744537339151 18.159811576451077
59.918714382631705 46.00066077882196 60.081285617368295 55.99933922117804
96.60097211478123 19.729760655638792 91.39902788521877 28.270239344361208
55.24651532230207 85.80264884811336 48.75348467769793 78.19735115188664
7.141088304079935 54.48162187570229 2.8589116959200647 63.51837812429771
7.297458009261163 42.70120737361915 10.702541990738837 33.29879262638085
19.8210139689184 81.7451913871395 28.1789860310816 76.2548086128605
12.63792874784071 56.55616400077962 21.36207125215929 61.44383599922038
28.741243530944672 26.94475055263991 27.258756469055328 17.05524944736009
59.063244365680546 19.917475859680252 66.93675563431945 26.082524140319748
69.4554657004854 20.7834735908867 66.5445342995146 11.2165264091133
90.24463038998914 18.68173872960146 93.75536961001086 9.31826127039854
77.45115887901208 34.52217641494364 84.54884112098792 27.47782358505636
48.05897889075699 3.9564378532057862 53.94102110924301 12.043562146794214
3.853961549445648 31.516029115134476 8.146038450554352 22.483970884865524
15.47868155647473 78.97703365143244 14.52131844352527 69.02296634856756
43.55782426910868 25.636999003043265 48.44217573089132 34.363000996956735
52.09445836015485 65.03270417154555 61.90554163984515 66.96729582845445
44.35170642287144 19.842109340084168 53.64829357712856 16.157890659915832
76.54235467471757 74.08974017740758 67.45764532528243 69.91025982259242
23.572765284600653 67.02232975845956 14.427234715399347 62.97767024154044
36.02430042795713 2.032676952951686 27.975699572042874 7.967323047048314
84.28189857451025 50.007953005660994 83.71810142548975 59.992046994339006
33.76211773314073 67.3466334794756 42.23788226685927 72.6533665205244
60.12730594440973 41.90127639754729 53.87269405559027 34.09872360245271
52.59571656443572 40.20125140973193 55.40428343556428 49.79874859026807
89.78464672525821 77.82903425403943 96.21535327474179 70.17096574596057
23.99112933259458 52.10283960070237 26.00887066740542 61.89716039929763
44.00757563370987 13.994307049728986 37.99242436629013 6.005692950271014
35.58581538916554 43.34839822463573 44.41418461083446 38.65160177536427
18.02164237676141 10.02864171232244 25.97835762323859 3.9713582876775595
9.159529043371375 47.20168437408999 16.840470956628625 40.79831562591001
3.4316388729200686 38.01866605381809 2.5683611270799314 47.98133394618191
87.37701993349758 46.90474546979939 96.62298006650242 43.09525453020061
27.9952095279509 95.21881903909059 18.0047904720491 94.78118096090941
22.615641228130904 14.014795055919237 23.384358771869096 23.985204944080763
72.0357438195255 40.04825952645534 63.96425618047449 45.95174047354466
42.75276295769276 58.44718183035373 33.24723704230724 61.55281816964627
88.99667501627272 22.817684938208522 79.00332498372728 23.182315061791478
73.05116227994817 34.06945667468895 64.94883772005183 39.93054332531105
48.17687354451998 22.681875880484437 57.82312645548002 25.318124119515563
48.994595098208315 85.76757838965906 39.005404901791685 86.23242161034094
55.357858165948045 30.142442681222253 64.64214183405196 33.857557318777744
17.660112337897182 35.48301733387581 26.339887662102818 30.51698266612419
39.658135882701416 49.18292264933781 30.341864117298584 52.81707735066219
64.93641927641487 90.20516371029014 55.06358072358513 91.79483628970986
84.5221325509788 3.8668527497197824 75.4778674490212 8.133147250280217
