83.79635992611786 3.7461328682064483 76.20364007388214 10.253867131793552
73.09328979543297 19.540719968500174 68.90671020456703 10.459280031499826
70.17221570938723 58.12354653250859 75.82778429061277 49.87645346749141
15.424720133479573 13.7142172699617 20.575279866520425 22.2857827300383
3.420946456823026 60.01775110211381 2.579053543176974 69.9822488978862
36.29962756700844 62.70199251266124 39.70037243299156 53.29800748733876
88.02091708633945 85.02809391386884 79.97908291366055 90.97190608613116
53.2844740656553 78.30351506245461 56.7155259343447 87.69648493754539
20.182716369531875 30.770705079346254 27.817283630468125 37.22929492065374
93.93797091078872 84.08876689918772 92.06202908921128 93.91123310081228
85.85165554762698 26.791100315501588 76.14834445237302 29.208899684498412
61.926900220333295 67.14814659777652 52.073099779666705 68.85185340222348
41.29819656349564 82.29910481084936 50.70180343650436 85.70089518915064
91.1341723278295 40.89576228990782 84.8658276721705 33.10423771009218
90.65998933630017 3.593465388672966 83.34001066369983 10.406534611327034
4.772382265751319 38.00518367033827 5.227617734248681 47.99481632966173
77.00342811931066 95.18512007212765 86.99657188068934 94.81487992787235
33.719040236065176 38.69519974727263 30.280959763934824 29.304800252727368
86.92720275466368 16.14989823289524 77.07279724533632 17.85010176710476
18.965156856861427 44.094037072943436 17.034843143138573 53.905962927056564
65.21846331246526 63.995225098141894 64.78153668753474 54.004774901858106
20.338407771635723 87.18246280379434 17.661592228364277 96.81753719620566
38.58016726912789 39.256259766642266 35.41983273087211 48.743740233357734
57.97507822224945 96.4985947076527 48.02492177775055 95.5014052923473
14.679886739739283 71.29064966883455 11.320113260260717 80.70935033116545
36.38858310361847 87.73614003591896 41.61141689638153 96.26385996408104
50.34770819523753 37.41478616795619 57.65229180476247 30.585213832043813
43.978953088573114 10.458286091637358 34.021046911426886 9.541713908362642
10.94368683838267 90.95713910017385 17.05631316161733 83.04286089982615
71.38826673362784 41.0681831660749 80.61173326637216 44.9318168339251
8.629510764800473 74.8085090471166 11.370489235199527 65.1914909528834
76.04496794017983 60.940960705418334 83.95503205982017 67.05903929458167
79.92592747990965 69.09630318646128 72.07407252009035 62.90369681353872
85.11571889005864 42.839165021271995 76.88428110994136 37.160834978728005
94.8885287344372 78.0812255206409 89.1114712655628 69.9187744793591
73.65504921164295 90.17502963388927 64.34495078835705 93.82497036611073
76.88389243025989 73.14886957338183 69.11610756974011 66.85113042661817
34.34992381260082 55.586627358247256 29.65007618739918 64.41337264175274
70.38511077588554 74.32018682064107 63.61488922411447 81.67981317935893
81.23880285060969 77.47323816374734 90.76119714939031 80.52676183625266
65.07043572277968 16.948129673146667 70.92956427722032 25.051870326853333
9.34387915410362 84.71732056766042 2.65612084589638 77.28267943233958
59.69950809425381 91.55064097211103 68.3004919057462 86.44935902788897
5.8419921686777965 11.12353427239352 12.158007831322204 18.87646572760648
70.63815508228777 35.13251039289421 61.36184491771223 38.86748960710579
89.42880409815345 45.67929013873358 80.57119590184655 50.32070986126642
22.61336850578009 81.39363062976369 27.38663149421991 72.60636937023631
20.98209488848578 55.40965144536512 17.01790511151422 64.59034855463489
8.72993580109455 60.18896771554786 3.27006419890545 51.81103228445214
3.010415941378474 95.67743074859816 12.989584058621526 96.32256925140184
30.068201633639056 42.087592056389546 31.931798366360944 51.912407943610454
31.083321212401 13.091006215877128 40.916678787599004 14.908993784122872
61.17175919581013 46.70073453953551 70.82824080418986 49.29926546046449
75.82789498488388 5.300549889444071 66.17210501511612 2.6994501105559294
93.91328562325036 21.880476602071322 96.08671437674964 12.119523397928678
86.87383647276904 64.1612325099942 79.12616352723096 57.838767490005786
54.59489945018005 27.524845623127636 47.40510054981995 34.47515437687237
13.958161269530642 28.645474108951166 4.041838730469359 27.354525891048834
33.686015266797064 95.37835632415218 26.313984733202936 88.62164367584782
60.094267074888336 53.459730688710344 55.905732925111664 62.540269311289656
40.53643363155822 33.39393455253527 47.46356636844178 40.60606544746473
79.00199432580861 22.141206518088616 88.99800567419139 21.858793481911384
50.97426575882905 51.00006622555544 51.02573424117095 60.99993377444456
14.045024121838065 60.562661103029725 9.954975878161935 51.437338896970275
29.94632016399425 2.2693038694068077 20.05367983600575 3.7306961305931923
85.86916003466277 56.101559143523254 92.13083996533723 63.898440856476746
16.714278828329043 38.30305970883781 13.285721171670955 47.69694029116219
50.67672502318826 44.231316009716615 41.32327497681174 47.768683990283385
45.40870616398071 55.01673206906109 44.59129383601929 64.98326793093891
95.71448749881962 58.34702593672542 88.28551250118038 51.65297406327458
22.017522659559695 68.59018339444523 25.982477340440305 59.40981660555477
49.27162501578302 12.545819964609784 44.72837498421698 21.454180035390216
26.109017126563238 16.961594235499312 35.89098287343676 19.038405764500688
4.326535609225948 2.6080006825302844 11.673464390774052 9.391999317469715
24.202053718064583 51.93591751664728 25.797946281935417 42.06408248335272
3.4305840938701024 32.9701137281101 12.569415906129898 37.0298862718899
38.03321160024502 74.42466271452362 47.96678839975498 75.57533728547638
50.76836735602532 90.50421832125262 41.23163264397468 87.49578167874738
3.4178797814156168 19.99895669651049 12.582120218584382 24.00104330348951
63.766506116771986 24.0591024729356 62.233493883228014 33.9408975270644
26.29876135475752 22.297544361670873 35.70123864524248 25.702455638329127
93.3565854436358 35.98726847296063 92.6434145563642 26.012731527039367
56.18484489180107 42.00341793162816 55.81515510819893 51.99658206837184
48.996023447334565 4.199373302333287 39.003976552665435 3.800626697666713
33.464953588651525 74.02166512170986 32.535046411348475 83.97833487829014
53.047595863181854 16.964741667142103 58.952404136818146 25.035258332857897
53.271197628075804 12.331070829497996 60.728802371924196 5.668929170502004
50.658135882701416 25.182922649337815 41.341864117298584 28.817077350662185
61.99649013243514 73.8126864754528 52.00350986756486 74.1873135245472
95.51983526009494 4.448836846638504 88.48016473990506 11.551163153361497
