91.94636090396395 9.730420295266308 82.05363909603605 8.269579704733692
74.12960972453257 45.89942854430122 67.87039027546743 38.10057145569878
41.96990056039984 9.039718661412104 34.03009943960016 2.9602813385878957
37.72310761310102 15.806590298161739 32.27689238689898 24.193409701838263
21.524991554035548 89.45395508432591 14.475008445964452 96.54604491567409
35.51927133729581 63.410497530767046 42.48072866270419 70.58950246923295
62.712290107633045 91.67162254755783 53.287709892366955 88.32837745244217
73.24293613736415 59.46040803886092 82.75706386263585 62.53959196113908
8.220705776580894 41.84361652158163 13.779294223419106 50.15638347841837
51.93797091078872 67.08876689918772 50.06202908921128 76.91123310081228
41.07773090632103 49.94050408809283 34.92226909367897 42.05949591190717
70.87523929808843 63.15951268118219 63.12476070191157 56.84048731881781
85.94996794894294 95.2944383057183 76.05003205105706 96.7055616942817
77.51523565515383 36.585584674901554 84.48476434484617 29.41441532509845
91.3277625716859 19.504090877567094 82.6722374283141 14.495909122432906
21.17303153792388 28.13582209786604 14.82696846207612 35.86417790213396
42.54980311913878 86.27941828578544 51.45019688086122 81.72058171421456
22.393765663112823 49.05510791207287 31.606234336887177 52.94489208792713
57.99996609614508 27.018412968248672 48.00003390385492 26.981587031751328
20.509811852102857 11.664222908396628 25.490188147897143 20.335777091603372
66.97694582938995 43.52040620175195 57.02305417061005 44.47959379824805
5.830537173709507 80.86131224032407 8.169462826290493 71.13868775967593
29.000136399338064 58.96306797086733 38.99986360066194 59.03693202913267
69.62906470040743 76.74699884774627 64.37093529959257 85.25300115225373
44.736952662448914 77.83784160789759 47.263047337551086 68.16215839210241
75.88841439497133 65.08617386403299 82.11158560502867 72.91382613596701
62.58834532541631 7.353147473539189 71.41165467458369 2.646852526460811
47.003885552754696 39.8029202445031 56.996114447245304 40.1970797554969
25.48421418932498 90.55517230714014 32.51578581067502 83.44482769285986
27.9197187542479 35.94102939206341 22.0802812457521 44.05897060793659
51.19590441008537 34.38588078959296 60.80409558991463 31.61411921040704
82.67168971037248 41.04532211612301 81.32831028962752 50.95467788387699
89.24150085533921 29.702473020643474 96.75849914466079 36.297526979356526
65.40526528874524 18.738862859454702 68.59473471125476 9.261137140545298
79.9555486293059 77.05837130531862 72.0444513706941 70.94162869468138
90.24707046254596 61.82610745684402 95.75292953745404 70.17389254315597
54.0634354112185 77.95320022537382 59.9365645887815 86.04679977462618
58.90257330046088 53.865500731443625 67.09742669953913 48.134499268556375
22.895039420506265 63.08091594887403 29.104960579493735 70.91908405112596
66.76999404446967 88.66590502759905 75.23000595553033 83.33409497240095
11.28292340652035 12.832608770943725 8.71707659347965 3.1673912290562747
3.3511629907342915 59.012346788925825 2.6488370092657085 68.98765321107417
50.89638336650445 54.08100651959629 49.10361663349555 63.91899348040371
18.98677370324356 60.63656082676943 9.01322629675644 61.36343917323057
69.28891195899193 31.429934979807705 60.71108804100807 36.570065020192295
93.67682261544249 84.82174259049522 96.32317738455751 75.17825740950478
93.00538050005525 96.58492017928776 96.99461949994475 87.41507982071224
19.925141607445354 53.61452378813705 16.074858392554646 44.38547621186295
42.9816679092093 96.42776727592731 33.0183320907907 95.57223272407269
44.08059134726339 3.894102067652339 53.91940865273661 2.105897932347661
22.86670450252994 73.1468161513751 13.133295497470058 70.8531838486249
11.995143738931498 23.779684255184847 2.004856261068502 24.220315744815153
26.407021836327957 5.522859232735054 33.59297816367204 12.477140767264945
25.04959425113288 30.297516604051477 34.95040574886712 31.702483395948523
59.66826686556204 16.18061343544222 62.33173313443796 25.81938656455778
88.23884878730091 39.705498284229904 95.76115121269909 46.294501715770096
67.01880145641768 54.56680135109475 76.98119854358232 55.43319864890525
3.78692535178112 87.69258277654288 12.21307464821888 82.30741722345712
38.503004697707475 86.76875003315011 35.496995302292525 77.23124996684989
96.50200132115792 9.025264361440328 95.49799867884208 18.97473563855967
63.13762229765557 78.80714832560437 54.86237770234443 73.19285167439563
85.05645744784384 24.749257655964424 94.94354255215616 23.250742344035576
73.5205897892951 10.236828084911119 70.4794102107049 19.763171915088883
81.56453552188897 82.70777941422278 76.43546447811103 91.29222058577722
7.032676952951703 48.97569957204286 12.967323047048296 57.02430042795714
85.37056052115896 84.96022236824886 86.62943947884104 75.03977763175114
20.99931410891229 76.91718429840599 11.00068589108771 77.08281570159401
54.47898902787462 58.86447669412812 63.52101097212538 63.13552330587188
33.26615078381072 48.674587239038935 40.73384921618928 55.325412760961065
94.53684020920669 51.465772880170434 87.46315979079331 58.534227119829566
86.08649620302886 64.93656603043254 91.91350379697114 73.06343396956746
22.094683163808202 7.869419765044086 13.905316836191798 2.130580234955915
28.9673933738885 45.56820646463003 33.0326066261115 36.43179353536997
2.3862936463689577 29.544406506875173 9.613706353631041 36.45559349312482
7.978182340811763 93.98354340187453 14.021817659188237 86.01645659812547
9.019390405764376 66.43991825355178 18.980609594235624 65.56008174644822
21.74563094726441 82.79592967118687 28.25436905273559 75.20407032881313
62.95712991172279 96.65334756317232 53.04287008827721 95.34665243682768
12.136818313505575 30.17424436002241 19.863181686494425 23.82575563997759
52.81065522897489 47.36293663386695 43.18934477102511 44.63706336613305
40.89428277340017 24.534970227201136 45.10571722659983 15.465029772798864
50.06740591699494 22.04967800501765 55.93259408300506 13.95032199498235
42.02942839696121 38.89288025354493 39.97057160303879 29.107119746455073
74.122610315745 22.100486196152833 83.877389684255 19.899513803847167
71.87621762747493 36.095901680400246 78.12378237252507 43.904098319599754
8.206835228047659 16.4866332897004 3.7931647719523416 7.513366710299599
80.00791578495718 2.718761329258687 89.99208421504282 3.281238670741313
15.18292264933785 10.34186411729857 18.81707735066215 19.65813588270143
41.94043164126565 91.76950321505583 32.05956835873435 90.23049678494417
75.5036369961095 28.171923987453 66.4963630038905 23.828076012547
