88.57235975408604 14.498320423772864 81.42764024591396 7.501679576227136
73.48107401724363 43.34099893123214 68.51892598275637 34.65900106876786
34.31075804102626 7.533251884777244 25.689241958973742 2.4667481152227557
41.962718033358826 23.390549656350014 32.037281966641174 24.609450343649986
17.853576231716577 78.07339796445375 16.146423768283423 87.92660203554625
29.063187772088625 68.7923919650935 38.936812227911375 67.2076080349065
70.91595385583015 86.38165388668956 67.08404614416985 95.61834611331044
66.12607281020878 73.07696726936092 67.87392718979122 82.92303273063908
11.557356638990317 18.212643721955228 14.442643361009683 27.787356278044772
73.4867701378206 63.79344301447679 64.5132298621794 68.2065569855232
81.7225816504322 45.19375120348476 76.2774183495678 36.80624879651524
60.10854000108633 76.87556551242946 57.89145999891367 67.12443448757054
75.79184308631476 89.9369002953934 74.20815691368524 80.0630997046066
62.27360662272213 53.33376549831863 69.72639337727787 46.66623450168137
91.99931870663362 19.917462314648116 82.00068129336638 20.082537685351884
35.427074381860365 49.502257509872756 42.572925618139635 56.497742490127244
42.80086741822841 90.28572559222465 51.19913258177159 95.71427440777535
46.72208520140537 67.3385748087289 39.27791479859463 60.661425191271114
61.674469098187 2.2253623890791605 52.325530901813 5.7746376109208395
5.555849204698422 81.2482284090837 2.4441507953015784 90.7517715909163
57.04409807957157 59.96654344258937 50.95590192042843 52.03345655741063
33.991636197704075 85.58621687842985 30.008363802295925 76.41378312157015
20.173493716406426 65.12442265399729 25.826506283593574 56.875577346002714
65.7758907449157 87.8413426959785 60.2241092550843 96.1586573040215
51.50930803496188 73.97586388433677 52.49069196503812 64.02413611566323
71.98146636018525 72.02487187071259 80.01853363981475 77.97512812928741
43.78103986188804 16.17399743475697 50.21896013811196 23.82600256524303
55.02378213249371 23.903773921701678 56.97621786750629 14.096226078298322
3.2023282695095 77.99590464994652 2.7976717304905 68.00409535005348
45.903050586801285 4.07458227291819 52.096949413198715 11.925417727081811
66.47013166138844 57.541190408897506 73.52986833861156 50.458809591102494
62.47882904945546 64.13518459060387 71.52117095054454 59.86481540939614
91.75045562410125 59.534627663804244 96.24954437589875 68.46537233619576
71.73047968568335 29.946352133522637 70.26952031431665 20.053647866477363
88.77499614242835 64.84074569069072 83.22500385757165 73.15925430930928
96.92089508098432 83.38370688887174 93.07910491901568 92.61629311112826
53.87111496989955 78.0764688780087 52.12888503010045 87.9235311219913
24.504756348426223 66.18924290862975 33.49524365157377 61.81075709137025
13.505743693436946 50.22850148377928 16.494256306563052 59.77149851622072
56.93198972185714 92.9995374388104 57.06801027814286 83.0004625611896
29.181457714753297 29.49902681018277 24.818542285246703 20.50097318981723
25.955852181804016 72.3984087270888 22.044147818195984 81.6015912729112
38.44397641159356 83.94023082315418 47.55602358840644 88.05976917684582
21.910918489590518 40.9396167243073 12.089081510409482 39.0603832756927
60.366508777856225 26.725643493449248 63.633491222143775 17.274356506550752
79.69872199369365 83.54931510654632 88.30127800630635 78.45068489345368
89.14127080881512 84.17965548905816 96.85872919118488 77.82034451094184
35.48032281012325 55.21961877742312 26.519677189876752 50.78038122257688
28.32610068151166 85.49303911210718 19.67389931848834 90.50696088789282
35.60926961803509 18.674635693074908 42.39073038196491 11.325364306925092
18.327332294116566 72.4253276028744 13.672667705883432 63.574672397125596
17.498589302124188 23.769252133857474 20.501410697875812 14.230747866142526
3.2430658559570746 16.539992710774502 12.756934144042926 13.460007289225498
45.13316559219463 51.36158116446628 48.86683440780537 60.63841883553372
65.65721753724213 24.04338168619558 64.34278246275787 33.95661831380442
86.00590104426233 45.24284896602603 95.99409895573767 44.75715103397397
49.35260036145295 38.241612329506424 54.64739963854705 29.758387670493573
5.544166924854103 63.35532822035486 10.455833075145897 54.64467177964514
10.738503355438977 74.94516054279387 9.261496644561023 65.05483945720613
84.26460654781587 58.21287126070981 77.73539345218413 65.78712873929018
58.79550564368748 32.063688546003064 57.20449435631252 41.936311453996936
84.34413773716119 24.177104887967097 93.65586226283881 27.822895112032903
74.02268174004188 2.4075918627765516 77.97731825995812 11.592408137223448
80.69842348329668 50.29730314910834 77.30157651670332 59.70269685089166
22.84284516094735 29.756275453692073 13.157154839052652 32.243724546307924
88.92252062789538 96.05695368220121 83.07747937210462 87.94304631779879
46.980583941158855 78.44020859268136 37.019416058841145 77.55979140731864
41.35485505654252 47.8500347170449 50.64514494345748 44.1499652829551
58.05738096007947 10.244674225108772 67.94261903992053 11.755325774891228
91.06256878678924 50.95382923399727 96.93743121321076 59.04617076600273
40.10090001957206 42.91849765936657 41.89909998042794 33.08150234063343
21.079786483871406 2.0611022844248676 14.920213516128594 9.938897715575132
21.02751383884235 35.52381425820194 30.97248616115765 34.47618574179806
7.011235340919438 36.42234422401196 2.988764659080562 45.57765577598804
5.6064644617927355 95.8018807465152 8.393535538207264 86.1981192534848
19.019390405764376 46.43991825355178 28.980609594235624 45.56008174644822
23.082024288506993 96.90195060904955 32.91797571149301 95.09804939095045
81.9679410489076 95.43470208334116 72.0320589510924 96.56529791665884
6.160089367483484 52.64916431892364 9.839910632516517 43.35083568107636
63.78280398676855 40.845965578955195 58.21719601323145 49.154034421044805
11.935041186747386 2.9152875565781295 4.064958813252614 9.084712443421871
73.3542618491047 12.41106009320323 68.6457381508953 3.58893990679677
26.36021195691955 40.86342880606899 35.63978804308045 37.13657119393101
85.55382086856778 35.29860430503526 80.44617913143222 26.701395694964738
34.07095892531217 28.839377200095566 43.92904107468783 27.160622799904434
7.055867960065076 30.887242868009324 4.944132039934924 21.112757131990676
86.21278601030679 5.443115455147488 95.78721398969321 2.5568845448525117
23.65640578001303 6.523472339727293 32.34359421998697 11.476527660272707
37.93641927641487 89.20516371029014 28.063580723585133 90.79483628970986
96.87175086148729 31.836213460649972 89.12824913851271 38.16378653935003
