88.51667423027925 11.14468037188092 79.48332576972075 6.85531962811908
56.77144603343756 59.67567951752666 53.22855396656244 50.32432048247334
79.63041590930901 43.438034369437865 72.36958409069099 36.561965630562135
35.006846863181416 30.73842448073507 44.993153136818584 31.26157551926493
2.031345792749419 53.09472640653187 3.968654207250581 62.90527359346813
22.66154189459703 74.98853145834393 23.33845810540297 65.01146854165607
94.17747044542057 70.06811951362937 95.82252955457943 79.93188048637063
61.418995897043246 67.62410479443486 56.581004102956754 76.37589520556514
26.575349526751125 32.64304393825771 33.424650473248875 25.356956061742288
76.11872390627155 59.91365100955524 81.88127609372845 68.08634899044476
85.12404249871022 36.8720148256233 82.87595750128978 27.127985174376697
75.99950113416834 70.929371327002 66.00049886583166 71.070628672998
83.6190653813218 91.96152779430378 82.3809346186782 82.03847220569622
72.94091527408037 26.23360828921541 63.05908472591963 27.76639171078459
70.98138307964798 3.5689285282035055 61.01861692035202 4.4310714717964945
3.121357505268699 35.00147298137592 2.878642494731301 44.99852701862408
77.85777095360727 85.07412657580936 76.14222904639273 94.92587342419064
12.48682303190843 63.973595218694456 13.51317696809157 54.026404781305544
95.7495604168879 23.56258626844461 86.2504395831121 20.43741373155539
17.87938899982805 63.07793996511812 16.12061100017195 72.92206003488188
53.99408164836362 63.585154128233796 50.00591835163638 54.414845871766204
33.505722073276964 83.23210727490157 30.494277926723036 92.76789272509843
14.996594880614563 22.101716814393935 17.003405119385437 31.898283185606065
96.89570688461262 96.01590063488345 87.10429311538738 93.98409936511655
21.687382033870925 80.25975585950015 12.312617966129077 83.74024414049985
52.83368005722859 69.34837475201171 49.16631994277141 78.65162524798829
20.002878290713006 10.996166109594835 27.997121709286994 17.003833890405165
56.64131948420036 29.42648397252677 49.35868051579964 22.57351602747323
8.289488012406835 64.99161263427689 7.710511987593165 55.0083873657231
40.12287285165499 11.898350882142555 49.87712714834501 14.101649117857445
17.394353473389497 56.0537163434071 26.605646526610503 59.9462836565929
73.27997527930015 46.052115158819774 74.72002472069985 55.947884841180226
73.97016603139807 64.54538942081496 64.02983396860193 63.454610579185044
86.43548495752238 44.63282852700723 79.56451504247762 37.36717147299277
91.298786272516 55.5535145551236 82.701213727484 50.4464854448764
68.9716904937011 84.96262043493996 61.028309506298896 91.03737956506004
45.33158556578866 75.50252798088721 36.66841443421134 80.49747201911279
28.426589880925103 76.6283113617514 23.573410119074897 85.3716886382486
69.98533984999398 78.61739500779262 60.01466015000602 79.38260499220738
88.0631121626604 70.04812147467032 81.9368878373396 77.95187852532968
48.55022848139952 7.719751453842809 57.44977151860048 12.28024854615719
16.668756836966654 77.21038842279194 7.331243163033345 80.78961157720806
90.15350680148691 80.35344612988885 93.84649319851309 89.64655387011115
2.889567081179929 29.87513473996368 5.110432918820071 20.12486526003632
87.9928312801349 3.267648665430231 78.0071687198651 2.732351334569769
96.81191953714185 40.066361721284444 95.18808046285815 49.933638278715556
45.41257275310919 94.74131571779698 48.58742724689081 85.25868428220302
39.98439423016211 84.09786087512568 38.01560576983789 93.90213912487432
11.730204811764224 72.62023530351692 2.2697951882357765 69.37976469648308
32.739578095622676 78.79073198808047 39.260421904377324 71.20926801191953
36.32878422094232 64.73084382015725 29.671215779057686 57.26915617984276
2.257677476071496 12.415583047603825 11.742322523928504 15.584416952396175
51.36608879917954 18.12200453064692 60.63391120082046 21.87799546935308
54.1312665244862 36.129657501717475 51.8687334755138 45.870342498282525
92.91328562325036 14.880476602071322 95.08671437674964 5.119523397928678
79.8496663672952 57.92727785539717 78.1503336327048 48.07272214460283
35.53736474033425 44.53370212296396 28.46263525966575 37.46629787703604
17.9984703600029 41.123669156108036 8.001529639997099 40.876330843891964
26.861721239726407 95.16776135712445 17.138278760273593 92.83223864287555
69.70551961823931 58.69058721229194 60.29448038176069 55.30941278770806
17.86390285973987 17.105787020866448 24.13609714026013 24.894212979133552
65.32026513959268 10.760704869161355 74.67973486040732 7.239295130838644
43.26922071691061 36.16377432580272 40.73077928308939 45.83622567419728
28.992482199842478 51.72591701210028 19.007517800157522 52.27408298789972
37.9583192213285 8.355740347837662 28.0416807786715 9.644259652162338
85.3675972684823 57.74906411962046 90.6324027315177 66.25093588037954
43.375252741559244 49.579842268058066 34.624747258440756 54.420157731941934
57.32868149064554 41.045271807757956 58.67131850935446 50.954728192242044
41.18155222175559 17.87006632967197 46.81844777824441 26.12993367032803
96.78034728723613 66.93873041492479 95.21965271276387 57.06126958507521
40.88139198244664 66.99859301585677 41.11860801755336 57.00140698414323
38.87227227876147 2.877073982128617 29.12772772123853 5.122926017871383
50.37705397864232 30.193366839470134 47.62294602135768 39.80663316052987
2.2257102260647184 5.4853138235729855 11.774289773935282 2.5146861764270145
10.109184336871026 94.87541896731348 7.890815663128974 85.12458103268652
24.54308235866513 43.733750865778866 33.45691764133487 48.266249134221134
52.529720399943095 92.34715064122958 57.470279600056905 83.65284935877042
79.76028762412776 73.83096986913178 74.23971237587224 82.16903013086822
12.446898143185019 10.066219611142042 21.553101856814983 5.933780388857958
64.46158967429439 41.02907309235253 65.53841032570561 50.97092690764747
10.000626192381873 36.92087015922027 19.999373807618127 37.07912984077973
91.30164965169335 36.827598593943634 88.69835034830665 27.172401406056366
45.31438931181436 58.047229261893335 46.68561068818564 67.95277073810666
72.55754572380056 20.056399031187087 63.442454276199435 15.943600968812913
3.666844821451833 86.95533227787026 2.333155178548167 77.04466772212974
47.00249155349581 2.8421731102782264 56.99750844650419 3.1578268897217736
72.16533824865486 15.275164989356425 81.83466175134514 12.724835010643575
33.26622278836277 17.674506392449608 40.73377721163723 24.325493607550392
65.98869843156844 96.33598803381463 56.01130156843156 95.66401196618537
78.23955540598443 23.0057419762828 77.76044459401557 32.9942580237172
