78.10574298312238 2.081535948514251 71.89425701687762 9.91846405148575
65.52431216957929 12.761981983341862 62.47568783042071 3.2380180166581383
69.10068058458297 59.073566855642106 74.89931941541703 50.926433144357894
15.960339422660933 13.109283704412308 18.039660577339067 22.890716295587694
7.032649484495471 59.40331293765346 10.96735051550453 68.59668706234655
29.631764006049316 61.809150680198925 32.368235993950684 52.190849319801075
93.95758198551103 80.35009165497239 84.04241801448897 81.64990834502761
55.55846894122165 80.0195331218716 56.44153105877835 89.9804668781284
25.00584164668286 41.24162438203258 34.99415835331714 40.75837561796742
95.6455847942855 84.57805442654703 88.3544152057145 91.42194557345297
90.93855608342326 21.218550186587116 81.06144391657674 22.781449813412884
46.33842075767474 54.51442052442958 37.66157924232526 59.48557947557042
38.074270172592605 72.14140482916038 47.925729827407395 73.85859517083962
96.0865774236941 39.88095209265162 87.9134225763059 34.11904790734838
87.09846855705888 2.1359896147535222 78.90153144294112 7.864010385246478
9.529475651407473 28.687025048886007 4.4705243485925275 37.31297495111399
73.08984697750331 95.05639134400609 82.91015302249669 96.94360865599391
38.31355967551742 33.95265582096356 39.68644032448258 24.04734417903644
90.91161599626614 14.064036162438637 81.08838400373386 15.935963837561363
21.509799032526562 35.67554525791647 16.490200967473438 44.32445474208353
69.34773262853608 50.95727216078798 70.65226737146392 41.04272783921202
24.338407771635723 87.18246280379434 21.661592228364277 96.81753719620566
37.124186055895485 45.0015424555648 36.875813944104515 54.9984575444352
54.70667616012612 95.68736466826245 45.29332383987388 92.31263533173755
14.395909246103766 75.61142176958933 9.604090753896234 84.38857823041067
26.434632260834064 81.49455382518647 33.565367739165936 88.50544617481353
43.09311991472641 28.96048312257188 52.90688008527359 27.03951687742812
33.96543405394455 17.413088885837226 24.03456594605545 18.586911114162774
13.227167933377732 86.16069733702312 18.772832066622268 77.83930266297688
87.04541674578522 43.327612628721745 96.95458325421478 44.672387371278255
8.26967438662022 52.99272227599343 7.730325613379779 43.00727772400657
80.97147001877318 61.02155732065797 87.02852998122682 68.97844267934204
80.12878954657897 69.90008666227023 73.87121045342103 62.099913337729774
82.64890644653562 30.840562102011127 73.35109355346438 27.159437897988873
96.99873406845045 73.88749349835285 87.00126593154955 74.11250650164715
68.9852153973444 95.61577683297297 59.014784602655595 96.38422316702703
69.89013036584164 71.04241306835316 60.10986963415835 68.95758693164684
30.577681401148826 66.71566124189842 25.422318598851174 75.28433875810158
68.1747858986157 77.24842541429102 59.825214101384304 82.75157458570898
74.33409497240112 72.76999404446956 79.66590502759888 81.23000595553044
57.21895941373444 2.3279667777214152 60.78104058626556 11.672033222278586
4.17211244233745 79.99703685269508 3.8278875576625504 70.00296314730492
66.21019518400269 89.43449288065464 75.78980481599731 86.56550711934536
10.274459643150013 2.665281263812183 17.725540356849987 9.334718736187817
73.834061589183 31.790643097075122 66.165938410817 38.20935690292488
87.51872214459041 51.14036216094104 78.48127785540959 46.85963783905896
14.925666399814824 96.54941096353613 19.074333600185177 87.45058903646387
20.069798426572248 54.11578754285775 17.930201573427752 63.88421245714225
3.008041474453456 54.99999353346468 2.991958525546544 45.00000646653532
3.000069023853584 91.02627230046164 12.999930976146416 90.97372769953836
21.907460985691912 44.45893399369724 26.092539014308088 53.54106600630276
25.02280663116549 22.52298200324329 34.977193368834506 23.47701799675671
77.02683379181154 39.517317954194944 86.97316620818846 38.482682045805056
52.98828201653627 2.657885218821415 43.01171798346373 3.342114781178585
95.77728112456289 21.995037167281545 96.22271887543711 12.004962832718455
87.92365151628444 63.056138781073415 82.07634848371556 54.943861218926585
64.62539179168327 17.271564579744304 61.37460820831674 26.728435420255696
12.74955744212853 20.307690884617024 5.250442557871469 13.692309115382978
35.37754571117074 96.68675805674201 28.622454288829264 89.31324194325799
64.97924983393388 55.00004305712457 65.02075016606612 64.99995694287543
45.66439341180024 46.27525454711891 52.33560658819976 53.72474545288109
69.23453038058751 15.513373485447865 78.76546961941249 12.486626514552135
55.365118931799586 57.040471188788125 56.634881068200414 66.95952881121188
21.4190654494734 73.6482860979119 14.5809345505266 66.3517139020881
37.99805849788794 4.139324268130588 28.001941502112057 3.8606757318694123
91.44218725689186 57.70376979536785 96.55781274310814 66.29623020463215
16.12908782460107 28.129151954296088 13.870912175398932 37.87084804570391
54.05960038089663 33.08115695053264 45.94039961910337 38.91884304946736
59.70036870699207 31.791911497330652 54.29963129300793 40.20808850266935
96.42243187182548 57.37399403593147 91.57756812817452 48.62600596406853
23.015197336641876 68.9020570900636 24.984802663358124 59.09794290993641
45.86941976504416 7.905316836191849 40.13058023495584 16.09468316380815
22.018923942518907 26.565395225994237 31.981076057481093 27.434604774005763
16.746803514504855 2.3712513136909137 25.253196485495145 7.628748686309086
14.357063233182664 57.72236792088882 17.642936766817336 48.27763207911118
3.543082358665133 20.733750865778866 12.456917641334867 25.266249134221134
41.228602262200866 62.49457807682479 50.771397737799134 59.50542192317521
50.93130866099122 83.82595090049773 41.06869133900878 82.17404909950227
4.564006007818881 6.367652923288407 11.43599399218112 13.632347076711593
67.52999581599546 24.239841094770433 64.47000418400454 33.76015890522957
25.329189323915713 32.21575572631518 34.67081067608429 35.78424427368482
95.65622698314036 34.236089967651424 90.34377301685964 25.763910032348573
58.46476566565243 43.24152802481297 61.53523433434757 52.75847197518703
36.78874257167325 9.561965027461325 27.211257428326753 12.438034972538675
32.94202882978456 72.00033607695238 33.05797117021544 81.99966392304762
55.19259830305694 10.338101341096383 58.80740169694306 19.661898658903617
43.42434071042314 19.015773317044598 52.57565928957686 14.984226682955402
54.658135882701416 20.182922649337815 45.341864117298584 23.817077350662185
49.964277338712186 67.59661587671522 40.035722661287814 66.40338412328478
95.13275984627788 4.185697945672277 86.86724015372212 9.814302054327722
