78.4697048043052 19.347477220134895 73.5302951956948 10.652522779865105
73.80024653192339 5.399154470656255 64.19975346807661 2.600845529343746
90.46674811522283 45.310758041026304 95.53325188477717 36.689241958973696
55.41478697849942 40.347265629295485 46.58521302150058 35.652734370704515
12.596687062346525 88.03264948449544 3.4033129376534736 91.96735051550456
59.66381848920682 94.40241591786575 52.33618151079318 87.59758408213425
87.03183061365354 96.56328762508141 96.96816938634646 95.43671237491859
67.95152349540301 88.06574745604163 76.04847650459699 93.93425254395837
21.60884086629252 41.73409242272974 18.39115913370748 32.26590757727026
66.73690937506443 96.18441478258124 61.26309062493558 87.81558521741876
66.99999994648938 10.000731509513338 57.00000005351062 9.999268490486662
48.255117676347346 82.46256028147809 43.744882323652654 73.53743971852191
77.26859709198312 86.81198875907944 82.73140290801688 95.18801124092056
63.99748609545876 52.841466957083576 54.00251390454124 53.158533042916424
88.47265877371098 24.972113356617687 89.52734122628902 15.027886643382313
15.694043523203147 64.75108674566783 22.30595647679685 57.24891325433216
82.05248096740911 83.9611720075603 87.94751903259089 92.0388279924397
12.13029925480097 5.134025860467045 21.86970074519903 2.865974139532956
94.19964670447538 24.935527793695716 95.80035329552462 15.064472206304284
59.10715476996965 43.13779476942484 66.89284523003036 36.86220523057516
45.832164921062166 41.347777767342876 42.167835078937834 50.652222232657124
2.2511173163566807 70.31583418751508 5.74888268364332 79.68416581248492
23.038488258512896 87.02915763308599 16.961511741487104 94.97084236691401
11.298236905279843 40.554439176431956 2.7017630947201567 35.445560823568044
21.016330208224588 81.59622356861101 30.983669791775412 82.40377643138899
24.142679796467725 67.81863537968033 31.857320203532275 74.18136462031967
43.826002565243016 3.7810398618880274 36.173997434756984 10.218960138111973
44.51598189902559 8.787855865877221 53.48401810097441 13.212144134122779
16.9813689440737 84.90274565887398 15.0186310559263 75.09725434112602
93.02796974719342 90.9788690868237 86.97203025280658 83.0211309131763
3.4316753331280863 31.289954359376946 8.568324666871913 22.710045640623054
86.50919402489652 76.42029698938839 93.49080597510348 83.57970301061161
69.97936748380198 79.02731472246602 62.02063251619802 72.97268527753398
51.58874721697424 65.01420067007989 42.41125278302576 68.98579932992011
49.689767382095354 54.26619438752942 40.310232617904646 57.73380561247058
28.313323952224714 87.00982684659517 27.686676047775286 96.99017315340483
61.2193303417933 81.53535068391717 70.78066965820669 84.46464931608283
40.88755834749824 80.8556574463337 33.11244165250176 87.1443425536663
77.23221516119585 46.16405656614867 82.76778483880415 37.83594343385133
80.76119714939026 66.52676183625282 71.23880285060974 63.47323816374718
90.87734582486127 53.91088261306263 85.12265417513873 62.08911738693737
11.671066711839561 48.497933536722805 20.32893328816044 53.502066463277195
56.0041253732428 58.796931751069714 65.9958746267572 59.203068248930286
21.000021591718127 48.01469410477294 30.999978408281873 47.98530589522706
49.63815508228777 18.132510392894208 40.36184491771223 21.867489607105792
70.51932054903479 47.78110125113874 79.48067945096521 52.21889874886126
78.91363412796457 29.88817289804993 71.08636587203543 36.11182710195007
9.48436638576906 74.23524872134827 12.51563361423094 83.76475127865173
80.53493154846726 62.10580052491122 71.46506845153274 57.89419947508878
40.76728770631959 42.322747156386384 37.23271229368041 51.677252843613616
36.85690910072326 2.8123830637315628 27.143090899276746 5.187616936268437
16.5398154530702 25.352871695220045 21.4601845469298 16.647128304779955
81.04141765678212 25.600429893481166 84.95858234321788 16.399570106518834
88.37176090071935 39.80814642364993 85.62823909928065 30.19185357635007
88.26078169097579 10.616436389795375 79.73921830902421 5.383563610204626
34.771641192434565 41.818075354103776 41.228358807565435 34.181924645896224
88.71399067328227 49.652422774785876 81.28600932671773 56.347577225214124
43.99963746429018 87.41758254567215 48.00036253570982 96.58241745432785
5.387038466840121 63.2629135607266 10.61296153315988 54.7370864392734
87.29448038176072 71.309412787708 96.70551961823928 74.690587212292
38.270092787640806 72.78239251799963 31.729907212359194 65.21760748200037
48.38456362140281 5.922952686657082 57.61543637859719 2.0770473133429177
71.42122514302153 42.491757512064474 78.57877485697847 35.508242487935526
23.07113163683621 63.05237339237863 28.92886836316379 54.94762660762137
9.621055178124045 10.447892022233443 2.3789448218759537 3.552107977766556
90.33325354374144 67.22947553935856 95.66674645625856 58.77052446064144
16.01262543648579 56.009500284495836 9.987374563514209 63.990499715504164
67.51796866184881 70.5530123127073 60.48203133815119 63.4469876872927
50.18155222175559 75.87006632967197 55.81844777824441 84.12993367032803
82.72699099209147 73.62958772721389 73.27300900790853 70.37041227278611
43.975788942731626 15.508548682584241 34.024211057268374 16.49145131741576
37.4931469652451 25.193542875967715 28.506853034754897 20.806457124032285
17.19291482261875 41.493453524933685 12.80708517738125 32.506546475066315
5.293198478157983 67.31298505223407 14.706801521842017 70.68701494776593
30.722367920888868 29.642936766817204 21.277632079111132 26.357063233182796
7.0193904057643755 15.439918253551777 16.980609594235624 14.560081746448223
57.11649780873752 23.073036042234634 66.88350219126248 20.926963957765366
42.120221505886114 96.83262682724597 33.879778494113886 91.16737317275403
51.54454781258848 22.69590004420771 46.45545218741152 31.30409995579229
69.89401036813504 31.024042243555787 60.105989631864965 28.975957756444213
65.93716283859897 47.20979552952578 56.062837161401035 48.79020447047422
67.75285945863713 14.447477225144965 58.24714054136287 17.552522774855035
25.85804223872191 41.925826176040836 24.14195776127809 32.074173823959164
66.02125782159227 25.539428267319952 75.97874217840773 26.460571732680048
50.64117844714848 71.55037254456988 59.35882155285152 76.44962745543012
22.007753062124554 12.278335249785624 31.992246937875446 11.721664750214376
35.73960194090996 30.81734758731228 30.260398059090043 39.18265241268772
3.2334503429429455 57.67753164704971 6.7665496570570545 48.32246835295029
51.19017243858178 32.63414538496159 60.80982756141822 35.36585461503841
96.78795351841552 7.440659954844453 87.21204648158448 4.559340045155547
