96.13960298732064 37.99805072062411 95.86039701267936 28.001949279375893
56.362475250931254 48.44311475068452 47.637524749068746 43.55688524931548
67.61688371444474 43.260506968081835 62.38311628555525 34.739493031918165
29.027379610950987 39.47746151681042 38.97262038904901 40.52253848318958
3.562942201717297 53.63413819643481 8.437057798282703 62.36586180356519
26.66178459596198 71.41958694046393 31.33821540403802 62.58041305953607
96.30798353992368 65.00949440045038 95.69201646007632 74.99050559954962
66.64469740723968 67.75670227015124 61.35530259276032 76.24329772984876
29.001152300564822 30.89266092113478 38.998847699435174 31.10733907886522
80.774513544393 77.15250756090082 83.225486455607 86.84749243909918
88.08653063315172 34.99925118888083 87.91346936684828 25.000748811119173
76.32178534780658 67.5143928506668 67.67821465219342 62.485607149333205
77.44553344052143 90.98011043586155 76.55446655947857 81.01988956413845
60.695082016163084 29.703902311749307 57.304917983836916 20.296097688250693
86.99033217466827 11.012847346914088 79.00966782533173 4.9871526530859125
4.946837500351627 38.00028263312503 5.053162499648373 47.99971736687497
56.42795964341831 88.97603187332696 65.5720403565817 93.02396812667304
18.19852832033008 53.715209005470165 9.80147167966992 48.284790994529835
79.85590023479679 10.808264748486266 70.14409976520321 13.191735251513734
18.213429304423904 67.8484913876331 23.786570695576096 76.1515086123669
49.316767496250286 67.75138040294568 58.683232503749714 64.24861959705432
33.15463090516242 86.48806408927177 28.84536909483758 95.51193591072823
21.162449000854785 39.883168168694525 26.837550999145215 48.116831831305475
93.8572701313989 94.18613948194134 84.1427298686011 91.81386051805866
56.84360911035749 84.75925393973549 47.15639088964251 87.24074606026451
68.85892538464608 76.82058262008051 61.141074615353915 83.17941737991949
25.0267091496088 34.48388168273624 34.9732908503912 35.51611831726376
40.36209823140067 20.443787842594183 31.637901768599328 15.556212157405817
12.564797680463098 84.78959228974617 15.435202319536902 75.21040771025383
23.323656641703447 2.2303071466167577 32.67634335829655 5.769692853383242
47.5324715717216 63.60225576536163 54.4675284282784 56.39774423463837
60.00005956082106 58.02440501307329 69.99994043917894 57.97559498692671
85.51931977548993 60.551674016269715 78.48068022451007 53.448325983730285
74.99467430462403 31.89788936647377 77.00532569537597 22.10211063352623
88.49141048350765 48.579113414751326 81.50858951649235 41.420886585248674
48.985215397344405 76.61577683297297 39.014784602655595 77.38422316702703
41.011405476054684 89.00857956877657 34.988594523945316 96.99142043122343
33.279242983768015 76.80506480876946 38.720757016231985 85.19493519123054
54.97790318075885 80.53044710309605 45.02209681924115 81.46955289690395
78.99996292805874 71.98074596046763 69.00003707194126 72.01925403953237
65.24115717468833 10.53408440575463 74.75884282531167 7.46591559424537
27.194652129564126 80.2788066015178 18.805347870435874 85.7211933984822
85.90312136579186 77.12179774283418 88.09687863420814 86.87820225716582
3.363439173230651 33.98677370324356 2.636560826769349 24.013226296756446
95.99345693166681 19.744289476969296 86.00654306833319 20.255710523030704
80.02502909172982 33.96691472615659 87.97497090827018 40.03308527384341
48.2580793380822 72.5856192594936 57.7419206619178 69.4143807405064
37.901680377169484 59.37575825209272 34.098319622830516 68.62424174790728
31.339672724708397 82.27889988150832 24.660327275291603 89.72110011849168
37.598963633932144 71.38577523008415 42.401036366067856 62.61422476991585
25.715700930954025 27.9919108605162 26.284299069045975 18.0080891394838
14.230747866142504 10.498589302124254 23.769252133857496 13.501410697875746
51.00067096013907 9.08190940851446 60.99932903986093 8.91809059148554
49.66132341588438 50.59489929013888 42.33867658411562 57.40510070986112
93.06788926459478 9.907279988407465 84.93211073540522 4.092720011592535
93.4464410476951 58.28673610400764 84.5535589523049 53.71326389599236
20.794257351433284 34.66697338291399 17.205742648566716 25.333026617086013
16.571307638565866 61.499394483438685 9.428692361434134 54.500605516561315
23.916374689187055 94.08936290679497 14.083625310812945 95.91063709320503
89.54026931128969 67.09426707488825 80.45973068871031 62.90573292511175
31.173883159098242 22.69286716896697 40.82611684090176 25.30713283103303
85.00996701223615 15.315548381438589 94.99003298776385 14.684451618561411
47.168696919822224 25.49480814282526 42.831303080177776 34.505191857174744
58.89353462898695 37.13693928740731 51.10646537101305 30.863060712592688
49.93002754572616 4.833563673861374 40.06997245427384 3.1664363261386264
90.72547411825316 77.16516972616851 93.27452588174684 86.83483027383149
34.15005665813087 52.11707030058934 27.849943341869132 59.88292969941066
48.185752843907785 36.76711914351264 55.814247156092215 43.23288085648736
62.03913653748102 44.97094458261988 67.96086346251897 53.02905541738012
94.69403570607913 53.9515971603804 93.30596429392087 44.0484028396196
23.143160675966683 62.99795008186924 22.856839324033317 53.00204991813076
70.9932455715689 3.740194953845158 61.006754428431094 4.259805046154842
48.12587448050602 16.3645222967658 51.87412551949398 25.6354777032342
11.142641749375871 3.8142214266172205 20.85735825062413 6.1857785733827795
6.446574454758828 91.78616990367446 3.5534255452411725 82.21383009632554
13.111656391770328 41.8566285640511 20.888343608229672 48.1433714359489
45.008762005183385 94.29587713514057 54.991237994816615 93.70412286485943
72.31364154602512 80.25570037197126 65.68635845397488 87.74429962802874
2.5309566361433022 14.347852903146013 7.469043363856698 5.652147096853988
72.80965554710468 44.003624414713 73.19034445289532 53.996375585287
7.278838538781923 23.660395625295514 14.721161461218077 30.339604374704486
83.46933748310528 28.779230833590468 80.53066251689472 19.220769166409532
34.86145143065009 45.1077624844016 41.13854856934991 52.8922375155984
65.01091699086507 27.577795632818287 60.98908300913493 18.422204367181713
7.037424975491833 78.02779706839364 12.962575024508167 69.97220293160636
33.0036557856086 11.191166135383849 42.9963442143914 10.808833864616151
55.02947615764188 13.457881256043036 64.97052384235812 14.542118743956964
10.086772440319411 18.072533048138574 19.91322755968059 19.927466951861426
80.7028338616275 96.69804407184556 71.2971661383725 93.30195592815444
68.89059003235266 19.00119719743023 69.10940996764734 28.99880280256977
