96.44809394695203 14.620862898950026 89.55190605304797 7.379137101049973
80.92657859242442 48.095477436117775 73.07342140757558 41.904522563882225
46.99098582788803 3.3001007594472505 37.00901417211197 2.6998992405527495
46.999999998909956 22.999895595024043 37.000000001090044 23.000104404975957
12.662546427614986 87.19427000624825 3.337453572385014 90.80572999375175
33.00632141074218 72.74865532194212 42.99367858925782 73.25134467805788
69.50650438594353 87.43567299601189 62.49349561405648 94.56432700398811
57.64754507374997 67.58797599508321 62.35245492625003 76.41202400491679
15.888009622364143 18.079487942237243 14.111990377635857 27.920512057762757
59.76278818078608 59.70736805783935 52.23721181921392 66.29263194216064
84.0084908740835 40.99361774091566 77.9915091259165 33.00638225908434
42.61210267354694 68.73298267162926 39.38789732645306 59.26701732837074
74.13605037671378 82.63957883884423 77.86394962328622 73.36042116115577
61.43973141994256 51.750322300442946 64.56026858005744 42.249677699557054
94.41251772698386 19.351528717462994 85.58748227301614 14.648471282537004
27.30546909495792 45.78817103839993 32.69453090504208 54.21182896160007
44.21537927225543 92.54830978110442 53.78462072774457 95.45169021889558
36.5422567078929 68.52879829621753 29.457743292107097 61.47120170378247
64.29529082195495 3.4406100815175518 55.70470917804505 8.559389918482449
6.801379650688367 52.14579468314163 9.198620349311632 61.85420531685837
52.474835427986235 60.23066086450613 43.525164572013765 55.76933913549387
30.460116008739163 84.35291043137178 25.539883991260837 75.64708956862822
21.5863494727093 64.79599751737746 24.4136505272907 55.20400248262254
67.19538218221498 82.15428384958236 60.80461781778502 89.84571615041764
50.40902975146365 75.79735710151853 47.59097024853635 66.20264289848147
63.8800838679639 68.16692903989528 72.11991613203611 73.83307096010472
31.419189267282647 7.717545568031 36.58081073271735 16.282454431969
57.70993587977342 34.44472792477232 62.29006412022658 25.55527207522768
9.245347382077156 78.94272186414148 10.754652617922844 69.05727813585852
53.28067199747551 13.052013821282024 54.71932800252449 22.947986178717976
85.00090765515166 46.09526661366281 94.99909234484834 45.90473338633719
62.05779933938841 63.24194153902858 71.94220066061159 64.75805846097141
87.97649256145694 67.09628077094342 86.02350743854306 76.90371922905658
78.81669417790522 28.932850151765784 77.18330582209478 19.067149848234216
84.58427772507403 58.03425538917049 83.41572227492597 67.9657446108295
96.91913760868114 87.08520742489493 95.08086239131886 96.91479257510507
56.194478553071285 73.50730995058527 51.805521446928715 82.49269004941473
20.147819012755242 70.20678899026319 29.852180987244758 67.79321100973681
14.791613932071774 68.00434436267936 15.208386067928226 77.99565563732064
55.747219806451824 90.46374074062966 60.252780193548176 81.53625925937034
33.765952236677876 27.289012579948718 26.234047763322128 20.710987420051282
21.04829776059442 81.09140928091266 22.95170223940558 90.90859071908734
42.870867811204626 84.18037815169234 51.129132188795374 89.81962184830766
20.960918566529294 36.37607133719876 11.039081433470706 37.62392866280124
67.47141353835828 26.971981129546762 68.52858646164172 17.028018870453238
87.50509578920128 82.57570196707464 94.49490421079872 75.42429803292536
89.33006715701329 96.71288916694571 92.66993284298671 87.28711083305429
19.866186842535793 51.17058343189438 12.133813157464207 44.82941656810562
27.99272035784459 95.73029010332549 18.00727964215541 96.26970989667451
45.130857528724476 10.166975929332574 52.869142471275524 3.8330240706674257
18.519479516778993 59.55151572303617 11.480520483221005 52.44848427696383
19.665948420073526 24.818745312018024 22.334051579926474 15.181254687981976
2.129356719000193 7.870029190973751 11.870643280999808 10.129970809026249
33.81415336527011 45.50310390497623 38.18584663472989 54.49689609502377
72.5706125224609 19.03266657559503 71.4293874775391 28.96733342440497
67.12394290947809 53.10637572730559 76.87605709052191 50.89362427269441
49.65627205924878 45.717456584580326 56.34372794075122 38.282543415419674
4.312446839195988 66.9902281483592 3.687553160804012 57.00977185164081
18.993241193384204 91.58551955017055 15.006758806615796 82.41448044982945
89.8464169337273 50.77026714100934 80.1535830662727 53.22973285899066
57.307132831033044 45.173883159098246 54.692867168966956 54.826116840901754
87.87935255987674 21.09339539312562 94.12064744012326 28.90660460687438
75.7567445552832 4.057597984982482 74.2432554447168 13.942402015017517
79.61609142838059 58.268377815683635 76.38390857161941 67.73162218431636
26.968807926595613 30.442373073999647 17.031192073404387 31.557626926000353
82.63102112690876 89.98636687290579 83.36897887309124 80.01363312709421
44.993378435529394 79.74276120123504 35.006621564470606 80.25723879876496
39.726978568456154 47.403600984908714 48.273021431543846 52.596399015091286
57.64013806464025 14.44777529699952 66.35986193535976 9.55222470300048
95.2958799103845 58.170849426880345 92.7041200896155 67.82915057311965
43.56714548985372 44.63531427969693 50.43285451014628 37.36468572030307
26.962959192435516 5.392516622268723 17.037040807564484 6.607483377731277
25.57698262831209 41.37366971964032 30.42301737168791 32.62633028035968
9.539774506488145 22.021225803963212 10.460225493511855 31.978774196036788
4.593488056578533 84.9646522463007 3.4065119434214672 75.0353477536993
31.007071532918417 41.26582949912744 40.99292846708158 40.73417050087256
32.070129238125894 95.16550957392023 41.929870761874106 96.83449042607977
84.74138888106799 95.58720870665607 75.25861111893201 92.41279129334393
2.380722832592943 49.259035937897224 7.619277167407057 40.740964062102776
73.52481447304648 32.87254753648663 64.47518552695352 37.12745246351337
13.997231372629614 3.1663688925441065 4.002768627370387 2.8336311074558935
70.3118817753736 12.952422973549112 71.6881182246264 3.047577026450888
39.011468178516864 33.33845275305448 48.988531821483136 32.66154724694552
85.3542408711628 35.813110393796535 82.6457591288372 26.186889606203465
43.000085813560034 27.97070617409081 52.999914186439966 28.02929382590919
2.3206558244135405 30.953634170091362 3.6793441755864595 21.046365829908638
81.0459715642288 3.6764630496710606 90.9540284357712 2.3235369503289394
27.941624894964434 10.443346411348584 32.058375105035566 19.556653588651415
36.751303973828726 88.44272335525143 27.248696026171274 91.55727664474857
96.92637686364338 33.904266690322636 89.07362313635662 40.095733309677364
