93.67221439124182 21.820475638064636 96.32778560875818 12.179524361935364
65.85671267640194 50.81158004944521 56.14328732359805 53.18841995055479
51.84202543643507 17.246912055004586 42.15797456356493 14.753087944995412
34.373149151280366 23.4239567860537 25.62685084871963 18.5760432139463
16.777933617220437 70.32678354313033 13.222066382779563 79.67321645686967
20.31438399783524 83.95277000249109 21.68561600216476 74.04722999750891
90.91387751799695 87.08422662421265 89.08612248200305 96.91577337578735
67.2844740656553 87.30351506245461 70.7155259343447 96.69648493754539
19.151541850090762 18.072513950516694 20.848458149909238 27.927486049483306
80.85930060016479 70.131858169772 83.14069939983521 79.868141830228
75.56349256502676 50.98090968189678 76.43650743497324 41.01909031810322
61.24506572126488 70.99399066801901 60.75493427873512 61.00600933198099
85.63224192351936 93.11789087404856 76.36775807648064 96.88210912595144
65.27489803594436 41.692975944282196 68.72510196405564 32.307024055717804
73.94296102614037 16.92541737038373 66.05703897385963 23.07458262961627
30.023941484305112 47.48871428092537 39.97605851569489 46.51128571907463
37.207330850441906 86.06323227006386 38.792669149558094 95.93676772993614
50.95265582096355 65.68644032448267 41.04734417903645 64.31355967551733
47.00423167432689 3.0056505383777834 38.99576832567311 8.994349461622217
17.861154142637318 63.194655998100814 26.138845857362682 68.80534400189919
62.61280550124419 88.2630091968782 57.38719449875581 79.7369908031218
37.99982915464918 81.95866691010735 28.000170845350823 82.04133308989265
38.03290374229045 60.572673350740025 47.96709625770955 59.427326649259975
82.22738069247022 87.32993399315112 73.77261930752978 92.67006600684888
51.303795326298236 77.21075769399152 56.696204673701764 68.78924230600848
77.38690259888281 79.60651664582117 72.61309740111719 88.39348335417883
51.73176995065859 3.007199919821513 52.26823004934141 12.992800080178487
56.1955160598523 19.934856187372073 57.8044839401477 10.065143812627927
12.316096682864485 65.70791563417825 15.683903317135515 56.29208436582175
21.02114814551036 3.4593846003568984 30.97885185448964 2.5406153996431016
54.02823374326389 57.53060370181542 63.97176625673611 56.46939629818458
67.83010545625011 62.50461515215279 72.16989454374989 53.49538484784721
94.41336703626565 54.03453307675298 95.58663296373435 63.96546692324702
74.08157323914774 35.10579003151162 81.91842676085226 28.894209968488386
84.55739917877574 56.943276215605444 75.44260082122426 61.056723784394556
93.8072832659037 67.75892083818219 86.1927167340963 74.24107916181781
47.116107569740166 85.8511304266181 54.883892430259834 92.1488695733819
28.282331590408038 74.34349242504331 35.71766840959196 67.65650757495669
24.69418564965673 58.24878799838445 31.30581435034327 65.75121200161554
70.20380825009215 82.70702718797894 61.79619174990785 77.29297281202106
23.19051735949788 12.367068663494534 32.809482640502125 9.632931336505466
17.04829776059442 87.09140928091266 18.95170223940558 96.90859071908734
34.000344274798934 77.05867392490852 43.999655725201066 76.94132607509148
17.999473334841078 36.072569788569545 8.000526665158922 35.927430211430455
59.95459564343478 22.889491766152638 62.04540435656522 13.110508233847362
70.44322347601255 71.5141628815995 77.55677652398745 64.4858371184005
83.88668084870906 64.91244729832941 90.11331915129094 57.087552701670596
41.9293164767562 54.16224163866907 32.0706835232438 55.83775836133093
30.52984315228508 87.45878448548156 23.47015684771492 94.54121551451844
33.7277538965329 39.59767458150751 42.2722461034671 34.40232541849249
5.931798366361081 51.912407943610425 4.068201633638919 42.087592056389575
22.754448897267906 32.80347184024734 29.245551102732094 25.19652815975266
9.849239483662917 10.882358583218618 16.150760516337083 3.1176414167813817
42.54800563044825 49.724094436607814 51.45199436955175 54.275905563392186
75.5517229581724 23.930744551282704 66.4482770418276 28.069255448717296
83.1053766377254 39.02110829076828 92.8946233622746 36.97889170923172
50.69843006867619 34.950979240430016 49.30156993132381 25.049020759569984
10.268092354224692 49.946141041059754 11.731907645775308 40.053858958940246
9.335662131798486 75.81829914696873 6.664337868201514 66.18170085303127
95.55924810068342 48.94737807757624 86.44075189931658 53.05262192242376
54.926238637085426 29.00054410347076 55.073761362914574 38.99945589652924
80.3845636214028 19.922952686657077 89.6154363785972 16.077047313342923
64.34784858559 2.2808479889006525 67.65215141441 11.719152011099347
63.869041165802024 46.863145512510386 54.130958834197976 49.136854487489614
11.588660316716197 30.013999874674223 2.4113396832838028 33.98600012532577
96.50250026574086 85.97468526471076 95.49749973425914 76.02531473528924
48.96218684566408 71.61376030233174 39.03781315433592 70.38623969766826
47.68231595943229 39.47857093579318 56.31768404056771 44.52142906420682
70.96927077862517 6.023232419828294 77.03072922137483 13.976767580171707
86.21793632176762 43.46009142772999 95.78206367823238 40.53990857227001
32.49237409794707 33.163633223802385 41.50762590205293 28.836366776197615
21.281711722019697 8.227683977506853 14.718288277980303 15.772316022493147
40.225679095960125 40.72059430485833 47.774320904039875 47.27940569514167
3.237164833196777 16.005627883117363 2.762835166803223 25.994372116882637
3.158531701334146 81.99748613801701 2.841468298665854 72.00251386198299
20.003192615645954 52.17865039508736 29.996807384354046 51.82134960491264
3.203244985138114 87.41107807275053 12.796755014861887 84.58892192724947
51.018854327652505 96.97469492437607 42.981145672347495 91.02530507562393
2.253080573155575 65.9438963753099 3.746919426844425 56.056103624690095
63.9390489049794 31.391302858279992 60.0609510950206 40.60869714172001
3.079129840779734 2.0006261923818727 2.920870159220266 11.999373807618127
84.120178367039 11.528227433769183 79.879821632961 2.4717725662308165
22.000599764884676 48.000799520021204 29.999400235115324 41.999200479978796
80.45260738258179 52.96994580678663 81.54739261741821 43.03005419321337
13.108170941502124 53.07888767881972 18.891829058497876 44.92111232118028
7.976762620757574 25.894178712074282 10.023237379242426 16.105821287925718
87.21278601030679 8.443115455147488 96.78721398969321 5.556884544852512
35.57262221133852 18.67657022562183 44.42737778866148 23.32342977437817
64.9495392418281 95.29143716326377 55.050460758171894 96.70856283673623
96.82384832905917 29.684520126253133 87.17615167094083 32.31547987374687
