69.91467770382405 2.0802483663864764 60.085322296175946 3.9197516336135236
55.1962775076268 46.93498025885144 56.8037224923732 37.06501974114856
72.61688371444474 41.260506968081835 67.38311628555526 32.739493031918165
12.128126191126466 19.87534645760924 21.871873808873534 22.12465354239076
2.7759511155278753 38.15214435771623 5.224048884472125 47.84785564228377
30.619616999249132 83.96145893606321 29.380383000750868 74.03854106393679
93.33355445863914 62.2858766183225 96.66644554136086 71.7141233816775
53.14211214202074 72.11063870449584 46.85788785797926 79.88936129550416
16.371640518365762 36.108363536837366 25.628359481634238 39.891636463162634
91.63820116974348 71.59297080955902 96.36179883025652 80.40702919044098
87.5674297076048 34.034351460807386 78.4325702923952 29.965648539192618
67.44745564539929 75.2847621937974 58.552544354600705 70.7152378062026
77.00979282726715 82.99999041004422 76.99020717273285 73.00000958995578
82.52476521097327 27.12755723438077 73.47523478902673 22.87244276561923
63.88975343140764 9.044179764234686 54.11024656859236 6.955820235765313
8.07945334856923 38.08547114541591 9.92054665143077 47.91452885458409
69.27717177332376 81.66225375520207 76.72282822667624 88.33774624479793
2.400099986035115 69.9638815430311 3.599900013964885 60.036118456968886
82.86767527240373 18.14268869007675 73.13232472759627 15.857311309923253
23.40189279973107 74.03590211851272 24.59810720026893 83.96409788148728
51.652994547225745 58.95717642628275 50.347005452774255 49.04282357371725
30.586216878429887 92.008363802296 21.413783121570113 95.991636197704
13.25625976664226 28.41983273087212 22.74374023335774 31.58016726912788
89.99605207457151 95.80134535452267 80.00394792542849 96.19865464547733
26.797357101518557 87.59097024853644 17.202642898481443 90.40902975146356
56.262200887978715 86.05473433774276 57.737799112021285 95.94526566225724
31.95106294178439 15.066383000695504 40.048937058215614 20.933616999304494
45.08275681313665 18.886363941845566 36.91724318686335 13.113636058154432
17.7234341297698 76.94738749845655 16.2765658702302 67.05261250154345
56.08739686598222 26.069231259850937 65.91260313401779 27.930768740149063
22.00643972981555 64.74631549508214 31.99356027018445 65.25368450491786
66.76672485118368 60.15448326725497 69.23327514881632 69.84551673274503
78.16434848651146 54.128708399524434 71.83565151348854 61.871291600475566
81.22323433451164 45.478529791555324 76.77676566548836 36.521470208444676
92.87746808955346 53.10013864371166 83.12253191044654 50.89986135628834
70.85995307702325 91.17509833168644 61.14004692297675 88.82490166831356
56.33158556578866 61.5025279808872 47.66841443421134 66.49747201911279
34.793211009736794 73.14781901275524 37.206788990263206 82.85218098724476
83.8793670824484 68.0916853368618 74.1206329175516 65.9083146631382
88.10598637260058 81.12385458137047 85.89401362739942 90.87614541862953
68.43472736716824 23.708219912525298 73.56527263283176 32.291780087474706
11.413617079249665 91.34946467897596 2.586382920750335 86.65053532102404
94.15992997971375 87.07107695728405 95.84007002028625 96.92892304271595
3.363439173230651 19.986773703243554 2.636560826769349 10.013226296756446
83.97198112954675 3.5285864616418117 74.02801887045325 2.4714135383581883
92.30297678435507 36.24628925434957 85.69702321564493 43.75371074565043
48.82429783321451 93.93158525041977 47.17570216678549 84.06841474958023
37.90540926595225 87.12128386509967 40.09459073404775 96.87871613490033
16.72110011849174 85.33967272470834 9.278899881508261 78.66032727529166
41.314610777794755 80.70738389869304 44.685389222205245 71.29261610130696
40.66877997709955 50.77180730881 35.33122002290045 59.22819269119
7.100819745140689 15.999015931002434 16.89918025485931 14.000984068997566
67.06540640573915 41.95177070356394 72.93459359426085 50.04822929643606
55.19786091675738 30.508963661849258 50.80213908324262 39.49103633815074
96.21347481149118 12.995440771829731 95.78652518850882 3.0045592281702698
70.09598803738832 57.53947509599128 65.90401196261168 48.46052490400872
38.53736474033425 28.53370212296396 31.46263525966575 21.46629787703604
23.99492106166918 43.77469223783102 14.005078938330817 44.22530776216898
12.990640401481212 96.30579140456112 3.009359598518789 95.69420859543888
45.88638168533437 61.94015377283832 36.11361831466563 64.05984622716167
24.17388315909824 27.69286716896697 33.82611684090176 30.30713283103303
85.02695593378083 11.964391189912536 92.97304406621917 18.035608810087464
43.020706228870175 26.096839416271752 44.979293771129825 35.903160583728244
13.785140585401567 58.44997571632864 4.214859414598433 55.55002428367136
51.39005083577883 16.393209907065735 42.60994916422117 11.606790092934265
87.00379351010132 57.80526759310729 96.99620648989868 58.19473240689271
36.942522776116995 47.957530493370086 31.057477223883005 56.042469506629914
61.97835759264681 44.09665252904607 60.02164240735319 53.90334747095393
46.93388110834741 23.114983059511314 49.06611889165259 32.88501694048868
92.20643536705839 47.667239645385806 95.79356463294161 38.332760354614194
26.178098069966584 52.12757428731133 31.821901930033416 43.87242571268867
40.66857456381632 4.209912979185852 31.331425436183682 7.790087020814148
38.302967570906624 34.04882379703649 39.697032429093376 43.95117620296351
8.48186493847313 9.55284754652593 15.51813506152687 2.4471524534740694
13.023927609354471 75.89403435325107 10.976072390645529 66.10596564674893
11.003192615645954 53.17865039508736 20.996807384354046 52.82134960491264
53.3444816436551 82.82377324076643 62.6555183563449 79.17622675923357
84.8259509004978 72.0686913390088 83.1740490995022 81.9313086609912
24.041742889902558 3.644737489345992 33.95825711009744 2.355262510654008
62.28843481209564 58.05089149610128 63.71156518790436 67.94910850389871
2.622964140775463 29.5830686631469 11.377035859224538 34.416931336853104
96.00782255712804 33.99999388075625 95.99217744287196 24.000006119243746
44.88533585513588 46.125830958598755 47.11466414486412 55.874169041401245
77.8661902055224 10.148996468087644 68.1338097944776 7.851003531912356
6.433819609119436 83.79000640171854 3.5661803908805636 74.20999359828146
53.8641624190521 19.80977712710795 62.1358375809479 14.19022287289205
59.46021770071014 21.09532257064502 68.53978229928987 16.90467742935498
24.18292264933785 8.341864117298572 27.81707735066215 17.65813588270143
73.99944584878394 96.0744392710676 64.00055415121606 95.9255607289324
89.28220474229944 21.05179123641468 90.71779525770056 30.94820876358532
