50.38437601457653 12.680488960988617 43.61562398542347 5.319511039011383
54.32940102484039 10.730293395403608 47.67059897515961 3.269706604596392
77.24461220467977 54.172270137155586 82.75538779532023 45.827729862844414
2.244749682472839 5.5451842665707645 11.75525031752716 2.454815733429235
11.117102151916246 87.07856815653726 12.882897848083754 96.92143184346274
55.98186477242284 96.42546843513044 46.01813522757716 95.57453156486956
85.8038126455405 81.75484833056663 78.1961873544595 88.24515166943337
41.41986153620368 70.71714049872766 46.58013846379632 79.28285950127234
15.391159133707601 17.26590757727022 18.608840866292397 26.73409242272978
96.95359203107964 87.67965137359118 87.04640796892036 86.32034862640882
85.34510937847911 15.716213563025018 78.65489062152089 8.283786436974982
56.979496050500046 92.45234840892218 47.020503949499954 91.54765159107782
50.124101504342114 59.90986456915267 55.875898495657886 68.09013543084734
96.33809156292011 36.51384602413258 87.66190843707989 41.48615397586742
67.75382034435641 5.549578050174648 58.24617965564359 2.450421949825352
26.97605851569488 42.51128571907458 17.02394148430512 43.48871428092542
83.1629539556279 89.79421185145239 90.8370460443721 96.20578814854761
39.2784276811792 18.45070413548647 34.7215723188208 9.549295864513532
93.38199566686157 2.592072680580588 84.61800433313843 7.407927319419413
31.003453820971213 31.81418751163383 40.99654617902878 32.185812488366174
65.96654344258943 35.9559019204285 58.03345655741058 42.0440980795715
2.1770301899322226 67.06819295879117 3.8229698100677774 76.93180704120883
45.60102466585907 60.01594355140844 46.39897533414093 69.98405644859156
18.504514859907694 86.1701027341743 9.495485140092306 81.8298972658257
33.86543871082806 81.82850452107654 26.134561289171945 88.17149547892346
37.75221872445242 86.31708108743294 34.24778127554758 95.68291891256706
23.036474112536602 35.39716439680398 32.9635258874634 36.60283560319602
34.367286530615324 18.595916158612866 29.632713469384676 27.404083841387134
8.07330859066298 74.91337389497899 9.92669140933702 65.08662610502101
94.54620758001268 62.97007618448014 93.45379241998732 53.02992381551986
3.5457994427014756 96.78385835274757 6.454200557298524 87.21614164725243
75.40267412018576 48.61512177225073 70.59732587981424 57.38487822774927
59.92001451393185 73.89076213587018 50.07998548606815 72.10923786412982
64.48784956729541 50.02385663392928 63.51215043270458 59.97614336607072
77.5024754564656 77.97518535620341 78.4975245435344 68.02481464379659
69.98394486890236 96.40036676153474 60.01605513109764 95.59963323846526
78.49524888238305 59.81076783199362 69.50475111761695 64.18923216800637
43.78504303015009 41.06201382739757 42.21495696984991 50.93798617260243
65.91803652479703 80.0983810445857 56.081963475202976 81.9016189554143
81.59280983401902 79.3824006554404 86.40719016598098 70.6175993445596
74.01156233594087 9.000013368779113 73.98843766405913 18.999986631220885
21.497933536722755 79.32893328816041 26.502066463277245 70.67106671183959
71.48474081164706 87.44430698193725 78.51525918835294 94.55569301806275
20.358596238126218 15.140599258023196 29.641403761873782 18.859400741976806
59.18047098046847 55.003258038960915 58.81952901953153 64.99674196103909
91.36798501057356 31.30450585597112 84.63201498942644 38.695494144028885
40.31238623552918 78.74541018136557 33.68761376447082 71.25458981863443
12.30357997309636 53.246820100054265 5.69642002690364 60.753179899945735
10.182533833638168 26.996667029088226 9.817466166361832 17.003332970911774
23.15367841733201 85.11077285288769 28.84632158266799 76.88922714711231
4.133295497470074 46.85318384862484 13.866704502529926 49.14681615137516
29.43619065380475 11.968110206219553 30.56380934619525 2.031889793780447
72.28786011880494 22.650370542516505 79.71213988119506 29.349629457483495
67.775570355335 21.939482829601246 66.224429644665 12.060517170398755
95.90662827217821 17.917115534140635 94.09337172782179 8.082884465859365
80.99550374305252 33.99399561257087 89.00449625694748 28.006004387429133
64.11264086127488 26.855411167327233 71.88735913872512 33.14458883267277
4.789114343016052 22.99555074438029 5.210885656983948 13.004449255619711
15.520224037065562 78.9769282720761 16.479775962934436 69.0230717279239
44.27041523184316 27.308674331304655 47.72958476815684 36.69132566869535
64.22244137700677 68.52523439019515 73.77755862299323 71.47476560980485
48.0002911527359 20.053957785250127 57.9997088472641 19.946042214749873
75.23360905191319 84.8136298325067 68.76639094808681 77.1863701674933
20.292220585777258 65.56453552188889 11.707779414222742 60.43546447811111
25.355929614232107 6.545233779795777 16.644070385767893 11.454766220204224
85.49749973425905 56.02531473528925 86.50250026574095 65.97468526471076
31.287252948215546 60.651043546197435 38.712747051784454 67.34895645380256
59.26155345689712 50.78975844188023 52.73844654310288 43.21024155811977
48.832329829928455 47.131425883657016 55.167670170071545 54.868574116342984
93.87344442914582 78.87143434172907 96.12655557085418 69.12856565827093
22.568152738115234 57.20940364686889 25.431847261884766 66.79059635313111
41.790087020814234 13.668574563816286 38.209912979185766 4.3314254361837135
32.786964756671864 44.83097957774918 39.213035243328136 37.16902042225082
11.544406506875145 9.613706353631015 18.455593493124855 2.386293646368985
8.326396898631168 39.776917007312285 17.673603101368833 36.223082992687715
2.127667039696223 27.07668453109415 3.872332960303777 36.923315468905855
84.60144521888641 51.3775440768875 93.39855478111359 46.6224559231125
28.88132354366959 93.08290371779626 19.11867645633041 90.91709628220374
22.093940037255727 20.37756174530981 25.906059962744273 29.62243825469019
77.98361418175254 39.97827564941142 70.01638581824746 46.02172435058858
37.45133427925224 52.722803668026415 28.548665720747763 57.277196331973585
87.98835982096246 20.340978440091813 78.01164017903754 19.659021559908187
71.66382213976105 37.59758801315938 64.33617786023895 44.40241198684062
50.28057012869052 24.3486424706346 59.71942987130948 27.6513575293654
51.994595098208315 83.76757838965906 42.005404901791685 84.23242161034094
49.390984031941954 29.061709050171793 58.609015968058046 32.93829094982821
11.266066254791358 33.60930770705135 20.733933745208642 30.39069229294865
29.9132275596806 51.92746695186136 20.0867724403194 50.07253304813864
68.75922990579139 91.53288313443034 59.240770094208614 88.46711686556966
82.99880280256977 2.8905900323525975 73.00119719743023 3.1094099676474025
