96.09071112408773 27.879584945852596 93.90928887591227 18.120415054147404
73.69095329053488 44.730594471856435 64.30904670946512 41.269405528143565
62.98498819614605 10.387159765839039 53.01501180385395 9.612840234160961
33.27237313209867 51.37225794491342 42.72762686790133 54.62774205508658
5.487118582779299 65.67733566154081 10.5128814172207 74.32266433845919
11.069452328074512 90.05115913567612 16.93054767192549 81.94884086432388
96.1336297909573 56.00178601108669 95.8663702090427 65.9982139889133
69.18666408723536 69.5035013433122 64.81333591276464 78.4964986566878
22.182716369531875 37.77070507934625 29.817283630468125 44.22929492065375
92.03128642974266 77.40389655487557 95.96871357025734 86.59610344512443
82.87235470322396 29.636193251506576 79.12764529677604 20.363806748493424
72.87523929808843 52.15951268118219 65.12476070191157 45.84048731881781
86.89578805979629 78.53566887136883 91.10421194020371 69.46433112863117
58.27489803594436 33.692975944282196 61.72510196405564 24.307024055717804
92.90903530342155 14.05059366456667 83.09096469657845 15.94940633543333
2.404441824850946 27.261414334454315 5.595558175149054 36.738585665545685
48.00058731142485 94.92336600419009 57.99941268857515 95.07663399580991
16.89171171809976 52.139200519751014 9.10828828190024 45.860799480248986
78.91161599626614 2.0640361624386374 69.08838400373386 3.9359638375613626
25.137469734888807 73.35985118648713 28.862530265111193 82.64014881351287
54.61452848955893 75.39426053766432 59.38547151044107 66.60573946233568
30.379646175771093 87.31516734076081 23.620353824228907 94.68483265923919
20.81862832221254 55.0674704592804 19.18137167778746 64.9325295407196
71.91269115552109 96.93030404194806 62.08730884447891 95.06969595805194
56.25717163500296 90.62230617398622 47.74282836499704 85.37769382601378
64.93163610437188 83.17600647207898 55.06836389562812 84.82399352792102
21.71078880118688 32.43043441570835 30.28921119881312 37.56956558429165
43.12900801344363 40.899911390250494 36.87099198655637 33.100088609749506
14.940585538494453 70.99964697971407 15.059414461505547 61.00035302028593
35.22545943311774 12.484507452051226 44.77454056688226 9.515492547948774
54.067554425338905 47.049785543908534 59.932445574661095 38.950214456091466
53.28040893293188 58.65089677437771 62.71959106706812 55.34910322562229
88.48389417591011 66.21239531260562 79.51610582408989 61.78760468739437
89.29659699585285 43.991195269877856 88.70340300414715 34.008804730122144
93.98951796387591 50.323590000092075 84.01048203612409 49.676409999907925
62.51031674197451 73.4394275220109 55.48968325802549 80.5605724779891
34.794564161453906 87.33314458436676 31.205435838546094 96.66685541563324
31.28622141050309 66.6521874920787 38.71377858949691 73.3478125079213
41.545767060568515 84.08230685324 32.454232939431485 79.91769314676
80.8178175587925 76.77133633096048 73.1821824412075 83.22866366903952
67.07396662205058 9.856851888793019 76.92603337794942 8.143148111206981
19.77511313980736 72.72150632429253 12.22488686019264 79.27849367570747
78.55802027308879 85.70460981405999 87.44197972691121 90.29539018594001
10.491973549540289 29.97412395559593 11.508026450459711 20.02587604440407
74.40561787039354 28.660842378586672 67.59438212960646 21.339157621413328
84.02502909172982 53.96691472615659 91.97497090827018 60.03308527384341
63.009384293379604 60.69380583148307 72.9906157066204 61.30619416851693
49.82068659558831 71.34327364765278 46.17931340441169 80.65672635234722
23.207773765004468 82.16461377791636 16.792226234995532 89.83538622208364
44.387273863922644 63.07055510740813 53.612726136077356 66.92944489259187
15.802865088315691 28.996112271216013 16.19713491168431 19.003887728783987
22.735639159089118 15.389401099650534 31.264360840910882 20.610598900349466
20.06072367307403 5.776884396978522 29.93927632692597 4.223115603021478
60.2853363586482 46.2308402779208 53.7146636413518 53.7691597220792
89.62116614523887 7.090857926162087 80.37883385476113 10.909142073837913
78.24284896602595 57.99409895573768 77.75715103397405 48.00590104426232
25.464335024454485 29.78076593613993 22.535664975545515 20.21923406386007
12.441156045539584 42.96867119404807 13.558843954460416 33.03132880595193
10.179966893822773 96.85847256750533 3.8200331061772284 89.14152743249467
84.97473563855968 71.50200132115785 75.02526436144032 70.49799867884215
28.13949307686985 24.359039540247643 31.86050692313015 33.64096045975236
86.00996701223615 3.3155483814385898 95.99003298776385 2.6844516185614102
52.08094541830278 21.111075547399427 43.91905458169722 26.888924452600573
47.794438024854955 57.936483386446724 46.205561975145045 48.063516613553276
29.998058497887943 10.139324268130588 20.001941502112057 9.860675731869412
89.72547411825316 82.16516972616851 92.27452588174684 91.83483027383149
44.07480189628191 71.94279003988561 37.92519810371809 64.05720996011439
43.521490467457134 31.65753635627261 48.478509532542866 40.342463643727385
64.18627354914072 30.647950571799317 73.81372645085928 33.35204942820069
93.30230479150919 42.951082850856864 94.69769520849081 33.048917149143136
24.015197336641876 67.9020570900636 25.984802663358124 58.09794290993641
62.60179042746031 5.955383558725668 53.39820957253969 2.044616441274332
51.20706015980798 29.33252030219175 54.79293984019202 38.667479697808254
2.793329287425358 2.2974231711259803 11.206670712574642 7.70257682887402
7.612728161457016 82.73276957787334 4.387271838542984 73.26723042212666
20.057389209451948 45.92496826776469 27.942610790548052 52.07503173223531
37.25541295323611 93.57762281793853 46.74458704676389 90.42237718206147
69.86201828374269 86.83347601458357 60.137981716257315 89.16652398541643
6.035672175427691 21.99987274797072 5.964327824572309 12.000127252029282
54.69059410729262 14.17449938263985 57.30940589270738 23.82550061736015
16.002575580768184 8.00193298183052 9.997424419231816 15.99806701816948
90.70361108170599 28.95024559448322 89.29638891829401 19.04975440551678
32.33581845013247 56.19849771860391 41.66418154986753 59.80150228139609
79.67120599332951 43.95474343579146 78.32879400667049 34.04525656420854
9.845840058332573 63.64681336821857 6.154159941667427 54.35318663178143
37.22337952290536 22.477801345851404 46.77662047709464 19.522198654148596
42.30827235258515 2.2715059495378265 51.69172764741485 5.7284940504621735
40.00834173352012 15.288700105097087 49.99165826647988 14.711299894902913
83.64070813881924 93.86113620412289 74.35929186118076 90.13886379587711
82.76890824184017 35.15392807698947 85.23109175815983 44.84607192301053
