60.44809394695203 30.620862898950026 53.55190605304797 23.379137101049974
56.51728277387238 16.77509681863566 59.48271722612762 7.224903181364338
82.11963751886756 8.08722677154069 91.88036248113244 5.912773228459309
24.52274614925898 37.97259856246559 23.47725385074102 28.027401437534404
11.573762120137498 96.02007427298982 2.4262378798625024 91.97992572701018
53.836866043899526 88.20600358096662 46.163133956100474 81.79399641903338
87.38165388668956 92.08404614416986 96.61834611331044 95.91595385583014
36.36670031252106 60.27429030399865 39.63329968747894 69.72570969600136
44.9551482751882 7.966750854255068 39.0448517248118 16.033249145744932
59.98237350990974 93.4194689592207 50.01762649009026 92.5805310407793
61.923911687069435 38.86896127528276 52.076088312930565 37.13103872471724
39.9975070456227 95.84212875831382 30.002492954377306 96.15787124168618
63.55446655947849 87.01988956413845 64.44553344052152 96.98011043586155
89.27758778548977 58.58886900739081 80.72241221451023 53.41113099260919
79.2103170322807 12.833257694474568 72.7896829677193 5.166742305525432
43.07945334856923 56.08547114541591 44.92054665143077 65.91452885458409
69.04719151023981 94.31466208060596 78.95280848976019 95.68533791939404
41.9097056569147 33.87567247560017 50.0902943430853 28.12432752439983
96.85590023479679 8.808264748486266 87.14409976520321 11.191735251513734
58.27610543958823 50.36145790956958 67.72389456041176 53.63854209043042
55.57957165687748 55.20600549415686 58.42042834312252 64.79399450584314
3.1331836102047372 67.00177410214656 2.8668163897952628 76.99822589785344
28.242141948318405 78.19362172308713 21.757858051681595 85.80637827691287
19.055743428105064 35.55784148010907 14.944256571894936 26.44215851989093
20.90277130462381 77.62379296274176 17.09722869537619 68.37620703725824
32.68756213035826 65.783720858925 27.31243786964174 74.216279141075
22.57021693177696 48.63008532790666 27.42978306822304 57.36991467209334
52.290064120226745 2.5552720752277622 47.709935879773255 11.444727924772238
16.376559574451257 96.98580012504404 15.623440425548742 87.01419987495596
94.15839470774797 87.77628410912385 85.84160529225203 82.22371589087615
4.961902575409868 34.90660202537559 3.0380974245901324 25.09339797462441
82.94061830707521 65.0808528178341 91.05938169292479 70.9191471821659
81.92592747990965 85.09630318646128 74.07407252009035 78.90369681353872
58.64890644653561 70.84056210201112 49.35109355346439 67.15943789798888
94.81538927192665 59.65879402757555 91.18461072807335 50.34120597242445
47.83870022077123 70.88396051323686 42.16129977922877 79.11603948676314
61.528808182333236 67.40127420258735 68.47119181766676 74.59872579741265
35.50251678646475 74.67132702396427 30.497483213535244 83.32867297603573
70.85622144836631 57.48289766315226 75.14377855163369 66.51710233684774
96.48711629691347 40.58329735464425 89.51288370308653 33.41670264535575
95.92429877607205 15.000573100374822 96.07570122392795 24.999426899625178
32.274803668704635 59.192052594600206 37.725196331295365 50.807947405399794
59.01026688517603 79.32025527759752 68.98973311482398 78.67974472240248
18.75199114084348 19.362876428278774 27.24800885915652 24.637123571721226
62.874126722707494 10.077002694226955 61.125873277292506 19.922997305773045
89.00611897189222 24.57990029046639 84.99388102810778 15.42009970953361
49.249856012413375 51.31630530214507 52.750143987586625 60.68369469785493
11.030935893942836 80.00009570386933 10.969064106057164 89.99990429613067
75.90966395517326 39.94615001309118 66.09033604482674 38.05384998690882
5.680545545643355 13.17723731219559 8.319454454356645 22.82276268780441
29.1479897694879 41.35564233654658 32.8520102305121 50.64435766345342
30.00485626106851 8.22031574481533 39.99514373893149 7.779684255184669
71.78684090149929 27.669817939998218 68.21315909850071 18.330182060001782
67.6215198909177 33.729764607605574 64.3784801090823 24.27023539239443
69.10895116474937 9.915919132873348 62.891048835250636 2.0840808671266506
65.3711768192959 43.1094984893483 74.6288231807041 46.8905015106517
82.60677607813946 27.03695428280197 81.39322392186054 36.96304571719803
10.797338200752767 53.74727459057735 3.202661799247233 60.25272540942265
7.086074961659396 74.61918726050513 10.913925038340604 65.38081273949487
73.48205135761627 52.68028535267456 78.51794864238373 61.31971464732544
70.00259285810417 89.16100266497324 79.99740714189583 88.83899733502676
54.41017331213604 8.202978921274237 51.58982668786396 17.797021078725763
80.01404094285279 78.3744493029125 89.98595905714721 77.6255506970875
18.733603930187584 83.18657491905532 13.266396069812414 74.81342508094468
12.398107762836958 3.6216291066208184 3.6018922371630415 8.37837089337918
95.0202486892527 72.00004100110975 94.9797513107473 81.99995899889025
17.549313683781826 48.24609348963966 14.450686316218173 57.75390651036034
92.44372820582343 65.29200341028744 83.55627179417657 60.707996589712565
50.57018802648232 77.36181503681922 57.42981197351768 84.63818496318078
81.98794880207272 71.6530608873284 72.01205119792728 72.3469391126716
45.49577665211347 15.42515096842701 38.50422334788653 22.574849031572988
27.962959192435516 2.3925166222687233 18.037040807564484 3.6074833777312767
17.539268437835982 62.78186818129671 20.460731562164018 53.21813181870329
3.5561644542285773 52.2917952880086 12.443835545771423 47.7082047119914
35.2841744065651 13.55224244361353 30.715825593434896 22.44775755638647
12.430584093870102 10.970113728110098 21.569415906129898 15.029886271889902
89.75990000385774 42.19188340317699 96.24009999614226 49.80811659682301
33.76880205180708 88.4971603576294 24.23119794819292 91.5028396423706
49.31580141129441 33.56862732063226 44.68419858870559 42.43137267936774
86.58566536316471 37.51531867979282 79.41433463683529 44.48468132020718
75.03797240253324 23.093422485916243 76.96202759746676 32.90657751408376
82.33403299806565 22.493222407182742 73.66596700193435 17.506777592817258
43.07014164212831 47.946419934227684 36.92985835787169 40.053580065772316
49.00821701514032 45.713464431413215 58.99178298485968 46.286535568586785
37.756187449847005 83.53174472083612 42.243812550152995 92.46825527916388
21.331876254198523 7.6022259955248135 28.668123745801477 14.397774004475187
28.00659144097028 28.995064894567253 33.993408559029724 37.00493510543274
5.299540177780841 42.20803003180586 10.700459822219159 33.79196996819414
64.3395366630522 56.76656937782647 69.6604633369478 65.23343062217353
86.97899391664612 2.5421576930853464 77.02100608335388 3.4578423069146536
