85.64888434675211 7.159382079158406 76.35111565324789 10.840617920841595
71.99161515722413 44.006274922052505 66.00838484277587 35.993725077947495
32.819526356532734 9.331227140155383 23.180473643467263 6.668772859844617
45.82539817515033 7.00304950967501 46.17460182484967 16.99695049032499
26.334202990834715 84.57829259249571 21.665797009165285 93.42170740750429
33.491043095868285 58.675056618496626 38.508956904131715 67.32494338150337
47.37997509969187 89.31546904946329 40.62002490030813 96.68453095053671
79.10806464918637 53.966090659941614 88.89193535081363 56.033909340058386
5.077343156028394 34.94314444768045 10.922656843971605 43.05685555231955
49.39800147640467 71.33208697399303 42.60199852359533 78.66791302600697
36.544389248449725 55.755508579455295 33.455610751550275 46.244491420544705
66.99399066801901 64.7549342787352 57.00600933198099 65.2450657212648
92.78784053297264 83.84934400814583 87.21215946702736 92.15065599185417
70.79379876139598 30.486945073742497 75.20620123860402 21.513054926257503
95.9874884228908 16.353495730568596 86.0125115771092 15.646504269431404
20.559565917062248 24.488662579288512 13.440434082937752 31.511337420711488
49.98244262118008 78.01322844076445 56.01755737881992 85.98677155923555
16.721572318820698 59.54929586451358 21.278427681179302 68.45070413548642
48.034234671892456 23.95380273750648 39.965765328107544 18.04619726249352
30.749627722343394 16.00627256224561 31.250372277656606 25.99372743775439
55.68323250374978 46.24861959705448 46.31676749625022 49.75138040294552
4.994586062667557 86.90008148543954 3.0054139373324427 77.09991851456046
22.78664692967522 58.692147080823176 31.21335307032478 53.307852919176824
75.91933479414449 79.94075322754364 70.08066520585551 88.05924677245636
54.240746060264605 72.84360911035746 51.759253939735395 63.15639088964253
69.03400154763813 60.95519191477309 76.96599845236187 67.04480808522692
55.469107391331704 14.54016911828398 62.530892608668296 7.4598308817160195
45.61599048738103 45.4042588448972 54.38400951261897 40.5957411551028
26.244782183158147 93.30126326548996 33.755217816841856 86.69873673451004
25.65935602092692 41.18605361979686 16.34064397907308 44.81394638020314
56.07735775917943 32.87612406021579 65.92264224082058 31.123875939784213
83.93007698789717 24.08726585325604 82.06992301210283 33.912734146743965
87.40646302094954 28.025305587667788 96.59353697905046 31.974694412332212
58.606597992600825 21.38994610798101 63.393402007399175 12.61005389201899
76.98951796387591 72.32359000009207 67.01048203612409 71.67640999990793
85.78739868428633 48.30667674519981 94.21260131571367 53.69332325480019
59.20645556241291 79.85318080027278 64.79354443758709 88.14681919972722
55.07545733725641 51.86537827729744 64.92454266274359 50.13462172270256
25.54634645461211 64.64344352966641 30.45365354538789 73.35655647033359
73.66965989815075 92.4237444557426 78.33034010184925 83.5762555442574
13.271560168539871 10.781123386458496 6.728439831460128 3.218876613541504
2.426855527175849 65.71293485914029 7.573144472824151 74.28706514085971
41.87566889631812 58.09634079938246 48.12433110368188 65.90365920061754
18.926569105885868 55.853766270668345 9.073430894114134 54.146233729331655
49.99674196103909 37.1804709804684 40.00325803896091 36.8195290195316
87.70324056127198 82.44127189897374 92.29675943872802 73.55872810102626
89.31296937360614 96.3772481638212 96.68703062639386 89.6227518361788
15.696420026903773 39.75317989994585 22.303579973096227 32.24682010005415
42.2359736646235 88.34358754847517 33.7640263353765 93.65641245152483
40.05238440593493 3.72187251877612 49.94761559406507 2.27812748122388
18.18097208411145 72.74216564632422 9.819027915888551 67.25783435367578
11.915869318041992 17.086638708980193 2.0841306819580083 18.913361291019807
35.626960018649726 4.192218681178018 38.373039981350274 13.80778131882198
27.000004466995076 31.993316443251405 36.99999553300492 32.00668355674859
60.39145297933823 36.734383697401206 65.60854702066177 45.265616302598794
86.74686338574863 32.53643915718405 91.25313661425137 41.46356084281595
63.761132505578935 57.65179229291068 72.23886749442107 52.34820770708932
2.7405749744742733 94.61864439203286 11.259425025525726 89.38135560796714
35.230497076131805 71.47491707111624 30.769502923868195 62.52508292888377
89.83729923371943 4.1273621570086965 96.16270076628057 11.872637842991303
68.40010433067918 82.66596379421519 61.599895669320816 75.33403620578481
79.06687829333096 19.18494771505705 88.93312170666904 20.81505228494295
68.49704212757753 4.0247664252406 67.50295787242247 13.9752335747594
83.76990179853081 86.05963045707925 82.23009820146919 95.94036954292075
3.3947094058433667 40.73239400600302 8.605290594156633 49.26760599399698
84.18995234228747 79.85633744946585 81.81004765771253 70.14366255053415
23.669493939006966 75.2123125682667 14.330506060993034 78.7876874317333
45.341035407961485 55.18504850474417 54.658964592038515 58.81495149525583
15.18627354914073 48.64795057179931 24.81372645085927 51.35204942820069
85.14803769880031 40.11543327423353 78.85196230119969 47.88456672576647
76.92230334165404 61.10649175523652 85.07769665834596 66.89350824476348
21.07682783544051 12.941209265068078 14.923172164559489 5.0587907349319226
28.791533963570693 47.85176358026613 31.208466036429307 38.14823641973387
5.210394315484202 29.738269055258304 12.789605684515799 36.26173094474169
15.63528370187848 92.986680461177 16.36471629812152 83.013319538823
2.060909938655806 60.22193228705272 11.939090061344194 61.77806771294728
31.191883403176963 80.24009999614223 38.80811659682304 73.75990000385777
58.967941048907605 93.43470208334116 49.032058951092395 94.56529791665884
5.1362981601150555 25.159484546123753 14.863701839884945 22.840515453876247
41.15890972775864 47.87573081261739 34.84109027224136 40.12426918738261
52.05383369793019 11.60569611727564 55.94616630206981 2.39430388272436
51.22555488052848 32.93965937660956 52.77444511947152 23.06034062339044
36.25133932018693 26.993678858930355 35.74866067981307 17.006321141069645
72.122610315745 16.100486196152833 81.877389684255 13.899513803847166
71.30394104000932 34.63263483354231 78.69605895999068 41.36736516645769
7.589473410543368 13.277221932059277 2.4105265894566315 4.722778067940723
72.70410795151045 7.558380641680267 81.29589204848955 2.441619358319733
26.060203632654268 16.000362460876268 25.939796367345732 25.999637539123732
45.97393363799585 83.50988642344483 36.02606636200415 82.49011357655517
67.97024514173185 25.45533199920423 58.02975485826814 26.54466800079577
