80.84291451038206 5.243454480522253 71.15708548961794 2.756545519477747
66.803691137071 21.99614479677436 67.196308862929 12.003855203225639
80.54236704313975 44.35431283319817 85.45763295686025 35.64568716680183
21.50598400135477 11.808238105103406 30.49401599864523 16.191761894896594
9.696103956344228 25.29646607652571 6.303896043655771 34.70353392347429
41.792391965093415 71.93681222791139 40.207608034906585 62.06318777208861
94.95911323467473 66.00016717555265 95.04088676532527 75.99983282444735
41.05639365488562 76.92624513098822 48.94360634511438 83.07375486901178
17.77043492339555 28.3333955556236 26.22956507660445 33.666604444376404
92.27827636364039 87.16615995939478 89.72172363635961 96.83384004060522
82.87201482562332 29.87595750128986 73.12798517437668 32.12404249871014
58.97084308084906 77.53918370299468 49.02915691915094 76.46081629700532
67.81198875907943 80.73140290801685 76.18801124092057 75.26859709198315
89.80953985678731 34.99637117654878 90.19046014321269 25.003628823451223
83.93770034072195 9.786838830532893 74.06229965927805 8.213161169467107
3.738875550936061 10.161656779023094 6.261124449063939 19.838343220976906
71.02851284073607 94.53321236414199 80.97148715926393 93.46678763585801
16.532105771271258 50.97160572131176 15.467894228728742 41.02839427868824
90.98907085376848 19.66958811147619 81.01092914623152 20.33041188852381
28.965156856861427 72.09403707294344 27.034843143138573 81.90596292705656
52.652994547225745 52.95717642628275 51.347005452774255 43.04282357371725
14.394588018578098 87.01559428862431 13.605411981421902 96.98440571137569
25.608319506983683 38.6091157588334 30.391680493016317 47.3908842411666
65.90346594986742 94.02223638925825 56.096534050132576 95.97776361074175
14.318953086561798 70.57027578936052 9.681046913438202 79.42972421063948
48.00741184660179 87.41419664061605 51.99258815339821 96.58580335938395
45.11062999816168 29.045973701927313 54.88937000183832 26.954026298072687
41.81565749765307 14.231216158136728 34.18434250234693 7.7687838418632715
9.817812593917097 93.65784900714873 6.182187406082903 84.34215099285127
66.05790613049975 43.241245635895254 75.94209386950025 44.758754364104746
3.5069365284920524 77.3341244244983 8.493063471507948 68.6658755755017
65.94404592135261 54.44225353639618 70.05595407864739 63.55774646360382
92.85696251166098 59.8126015157834 83.14303748833902 62.1873984842166
77.9668713264049 40.57462094195816 68.0331286735951 39.42537905804184
91.54774676097564 55.969906788445904 90.45225323902436 46.030093211554096
85.99987371645513 88.96446382827052 76.00012628354487 89.03553617172948
69.80550319421444 68.38099205298032 60.194496805785555 65.61900794701968
35.48024847164779 49.02708753859717 36.51975152835221 58.97291246140283
71.94650663758841 73.27056728597233 62.05349336241159 74.72943271402767
79.51973958559674 64.22414100861943 82.48026041440326 73.77585899138057
71.04424049728519 25.436987750481133 66.95575950271481 34.56301224951886
3.084875910643519 96.9992795560753 2.915124089356481 87.0007204439247
87.01425570476533 82.62270194469762 96.98574429523467 83.37729805530238
2.0203286947118917 4.450415021164062 11.979671305288107 3.549584978835938
80.28891195899193 15.429934979807708 71.71108804100807 20.570065020192292
96.64712288139862 39.15493931666694 87.35287711860138 42.84506068333306
40.00538050005526 93.58492017928776 43.99461949994474 84.41507982071224
32.11819154417994 79.0013971193058 31.88180845582006 88.9986028806942
11.41586855225399 61.6512795063816 4.584131447746011 54.3487204936184
18.407804675137402 89.97781245276444 27.592195324862598 86.02218754723556
28.64360284473581 51.18749683042274 31.35639715526419 60.81250316957726
26.87811150723211 8.169799432339177 35.121888492767894 13.830200567660823
60.12694821799931 51.119538445047745 69.87305178200069 48.880461554952255
66.8899324343243 6.858594955057225 59.11006756567571 13.141405044942776
95.41564019813437 11.795410600712529 92.58435980186563 2.204589399287471
79.3206688340949 59.51631095576064 70.6793311659051 54.48368904423936
36.5326328500867 32.110743813520465 27.4673671499133 27.889256186479535
20.383269129004443 38.68150648522116 13.616730870995557 31.318493514778833
35.94499803104767 94.73959074692337 26.055001968952332 93.26040925307663
57.52533708584013 59.238346214332594 54.47466291415987 68.7616537856674
32.551113588234415 40.71802504500871 41.448886411765585 45.28197495499129
76.04413402418098 25.662866826534078 85.95586597581902 24.337133173465922
51.401508319968904 63.61448317878951 46.598491680031096 72.38551682121049
12.499401388804529 53.180685016783464 3.500598611195472 48.819314983216536
51.16476337995474 8.766721162131802 42.83523662004526 3.233278837868198
73.86616905201998 50.1872714859904 82.13383094798002 55.8127285140096
20.63204482438718 73.27385678473546 17.36795517561282 82.72614321526454
62.90127639754735 32.872694055590344 55.09872360245265 39.127305944409656
42.429098105360005 52.25318346284413 45.570901894639995 61.74681653715587
96.25983456238225 54.993244035713815 95.74016543761775 45.006755964286185
35.23036512808436 72.99469037156085 34.76963487191564 63.00530962843915
46.5368611007807 16.46579378731456 39.4631388992193 23.53420621268544
40.728997591706076 32.545502490569426 45.271002408293924 41.454497509430574
20.040320376774684 3.6337018502131704 29.959679623225316 2.3662981497868296
18.9517336199238 56.56120651102859 23.0482663800762 47.43879348897141
3.110127663125877 40.043622790606456 12.889872336874124 37.956377209393544
53.1793488461201 83.32714824062589 62.8206511538799 80.67285175937411
81.65235269563338 80.16816638434796 72.34764730436662 83.83183361565204
9.000127252029284 8.03567217542778 18.999872747970716 7.96432782457222
60.461589674294395 17.029073092352537 61.538410325705605 26.970926907647463
10.000910084209552 18.0953939926948 19.99908991579045 17.9046060073052
95.39841827769591 34.963678014475725 96.60158172230409 25.03632198552428
46.7159088320279 48.16770138833122 49.2840911679721 57.83229861166878
60.959635541527824 3.634046761062618 51.040364458472176 2.365953238937382
29.624866047554548 66.9001615831758 20.375133952445452 63.0998384168242
46.01337102541876 23.36541958057402 55.98662897458124 22.63458041942598
52.10881996785098 17.62854600128386 55.89118003214902 8.37145399871614
38.81277148519893 17.765378909106367 31.187228514801067 24.234621090893633
63.9056727566975 89.03336935482267 54.0943272433025 90.96663064517733
88.8033655578104 4.003868006532976 89.1966344421896 13.996131993467024
