63.99850732165241 3.1221660975363235 54.00149267834759 2.8778339024636765
60.414031279506666 45.982828323310976 59.585968720493334 36.017171676689024
77.59140761986957 52.739981201167474 74.40859238013043 43.260018798832526
2.019017411133923 24.56432529404039 11.980982588866077 25.43567470595961
2.4407635222636896 36.24933882427967 5.55923647773631 45.75066117572033
31.487650836949214 74.97368056223168 32.512349163050786 65.02631943776832
93.41608106361925 71.25751111725347 96.58391893638075 80.74248888274653
53.99422539019556 77.00000333461296 54.00577460980444 86.99999666538704
21.514868858718522 37.79011343152932 30.485131141281478 42.20988656847068
90.11872390627155 78.91365100955524 95.88127609372845 87.08634899044476
85.14603343190984 39.88619011955225 78.85396656809016 32.11380988044775
72.44745564539929 74.2847621937974 63.552544354600705 69.7152378062026
76.05556975841534 80.90999506300977 77.94443024158466 71.09000493699023
78.93019952870314 25.090878785164755 71.06980047129686 18.909121214835245
66.69684495139423 10.714540026526826 57.30315504860578 7.2854599734731735
7.404441824850945 35.261414334454315 10.595558175149055 44.738585665545685
70.58028178342421 83.66203274486828 79.41971821657579 88.33796725513172
8.096776958875019 75.99906333428882 7.903223041124981 66.00093666571118
78.92080799790004 15.886368234879278 69.07919200209996 14.113631765120722
26.48861934817684 68.02621976471207 27.51138065182316 77.97378023528793
55.83284733632297 49.651953422137176 52.16715266367703 40.348046577862824
31.995340889784618 93.78420056801319 22.004659110215382 94.21579943198681
19.522342299381272 31.775009771686673 28.477657700618728 36.22499022831333
79.96561881625344 94.5853458564557 70.03438118374656 93.4146541435443
36.2692073874932 77.39733438902086 27.730792612506797 82.60266561097914
48.608962423860916 83.01531449196168 49.391037576139084 92.98468550803832
30.756287171772033 15.35596871585577 39.24371282822797 20.64403128414423
46.64131948420036 21.42648397252677 39.35868051579964 14.573516027473227
22.236613894316015 75.84466573422611 19.763386105683985 66.15533426577389
62.09939834317782 32.87185251070285 69.90060165682219 39.12814748929715
12.150464393269969 63.217376030262464 21.84953560673003 60.782623969737536
64.43172288671755 57.252315628018806 67.56827711328245 66.7476843719812
82.89422538246549 54.3726994694073 79.10577461753451 63.6273005305927
79.53022509322905 42.31253533059082 74.46977490677095 33.68746466940918
96.89592529428629 60.014847531783815 87.10407470571371 57.985152468216185
67.91479257510508 88.91913760868105 58.08520742489492 87.08086239131895
53.85218387064714 62.79322260319819 44.14781612935286 65.20677739680181
38.9632848273476 68.10865850192482 41.0367151726524 77.89134149807518
90.9997153490243 68.0533519327753 81.0002846509757 67.9466480672247
85.9807459604677 85.00003707194126 86.0192540395323 94.99996292805874
67.31558616785642 23.04706372881999 68.68441383214358 32.95293627118001
16.66704636460805 90.79406751004491 7.332953635391949 87.20593248995509
90.44935902788896 87.69950809425382 95.55064097211104 96.30049190574618
5.221886118654103 11.673147871078449 8.778113881345897 2.3268521289215522
87.98149088406743 4.570176115190075 78.01850911593257 5.429823884809925
88.61756540859166 42.54844665193176 81.38243459140834 49.45155334806824
44.750143987586746 93.68369469785489 41.249856012413254 84.31630530214511
35.508134111319066 85.0242520212985 36.491865888680934 94.9757479787015
22.602280427596924 88.46750280763436 15.397719572403076 81.53249719236564
44.910748652529215 80.54257953228026 49.089251347470785 71.45742046771974
35.7308438201573 54.67121577905775 28.2691561798427 61.32878422094225
6.02323236713891 17.48143943389197 15.97676763286109 16.51856056610803
70.5432617856517 45.21691378136905 73.4567382143483 54.78308621863095
59.83451490114476 27.79118472440391 52.16548509885524 34.20881527559609
92.99862719638055 13.898699062829982 95.00137280361945 4.101300937170018
72.55901035143842 61.29551696786674 67.44098964856158 52.70448303213326
34.88735913872518 29.144588832672692 27.11264086127482 22.855411167327308
22.616630669949235 44.079916341071545 13.383369330050765 47.920083658928455
11.931337245583343 94.82578021913974 2.068662754416656 93.17421978086026
51.99995694287543 58.97924983393382 42.00004305712457 59.02075016606618
15.474183952214663 22.874679059151603 24.525816047785337 27.125320940848397
85.1594652618858 11.885226324381073 90.8405347381142 20.114773675618927
41.430460775189815 45.25273272062945 44.569539224810185 54.74726727937055
12.83282902977783 58.28209343221806 3.1671709702221698 55.71790656778194
50.30385471416485 8.544962592919791 41.69614528583515 3.4550374070802086
86.11351204068748 61.94064386371073 95.88648795931252 64.05935613628927
33.476489363507646 48.40639154812072 26.523510636492354 55.59360845187928
66.4855374233932 42.225779795223275 63.5144625766068 51.774220204776725
38.93388110834741 31.114983059511314 41.06611889165259 40.88501694048868
92.53637458014089 44.78098322841047 95.46362541985911 35.21901677158953
20.62500574127551 56.399932075728636 25.37499425872449 47.600067924271364
35.63662219105215 8.128707757339118 26.363377808947853 11.871292242660882
33.28879198595386 36.30194006714854 36.71120801404614 45.69805993285146
12.67434280233931 11.426208151337782 17.32565719766069 2.5737918486622178
18.858211995096934 78.64187981116248 15.141788004903068 69.35812018883752
7.169297013149928 50.70991912934196 16.83070298685007 53.29008087065804
61.483042242570384 83.14408316480412 70.51695775742962 78.85591683519588
84.4207697363769 72.20610665990621 81.5792302636231 81.79389334009379
27.022262312282997 3.471304055023711 36.977737687717 2.528695944976289
59.54842631355714 53.02043363276355 60.45157368644286 62.97956636723645
6.329189323915715 30.21575572631518 15.670810676084285 33.78424427368482
93.96809443365991 30.89235841922445 96.03190556634009 21.10764158077555
48.05612092480353 42.08989895303505 49.94387907519647 51.91010104696495
78.52096247582234 11.135625971982517 69.47903752417766 6.864374028017484
3.9252729870638032 82.91364120580756 2.0747270129361968 73.08635879419244
51.016882813494256 19.022379439872264 58.983117186505744 12.977620560127736
49.57610002494525 27.33004485165212 58.42389997505475 22.66995514834788
19.264495079684565 8.310861201503958 22.735504920315435 17.689138798496042
63.91056678887938 94.94145303226178 54.08943321112062 93.05854696773822
84.60053271857906 18.199844655822865 87.39946728142094 27.800155344177135
