81.93285995737702 3.8166349495989387 72.06714004262298 2.1833650504010613
67.23988086219941 18.994242402201806 66.76011913780059 9.005757597798194
83.25378918172594 39.68516251352529 86.74621081827406 30.31483748647471
24.669820779533744 8.500090417906632 33.330179220466256 13.499909582093368
8.334202990834715 27.578292592495714 3.665797009165286 36.421707407504286
40.056115656606174 68.91010003424533 41.943884343393826 59.08989996575467
95.82794625511667 71.06902595842989 94.17205374488333 80.93097404157011
43.951523495403016 71.06574745604163 52.048476504596984 76.93425254395837
15.47869388357606 24.450295331378207 22.52130611642394 31.549704668621793
94.48581001626289 87.66171133244374 89.51418998373711 96.33828866755626
79.78173760132616 33.53884103805796 70.21826239867384 36.46115896194204
64.9975070456227 72.84212875831382 55.0024929543773 73.15787124168618
66.47260838390555 82.12196257142243 75.52739161609445 77.87803742857757
90.80953985678731 34.99637117654878 91.19046014321269 25.003628823451223
81.98055945308282 13.440485566514171 72.01944054691718 12.559514433485829
6.1213575052686995 12.001472981375919 5.8786424947313005 21.99852701862408
75.01996418341398 94.44636673881504 84.98003581658602 93.55363326118496
18.79962656537945 49.85377210192828 21.20037343462055 40.14622789807172
87.76094025709935 20.472437278429858 78.23905974290065 23.527562721570142
24.87938899982805 73.07793996511812 23.12061100017195 82.92206003488188
56.739409750766164 55.94502509806289 55.260590249233836 46.05497490193711
15.349649104476654 83.04247605021499 16.650350895523346 92.95752394978501
25.3078529191768 37.786646929675236 30.6921470808232 46.213353070324764
64.84557372665329 92.766948800914 55.154426273346715 95.233051199086
11.263047337551246 65.16215839210246 8.736952662448754 74.83784160789754
44.24136734147725 87.82987459956757 49.75863265852275 96.17012540043243
47.028080454934134 31.529165415907006 56.971919545065866 30.470834584092994
43.97953705912783 9.027091804856314 36.02046294087217 2.9729081951436864
11.138299615772523 90.51969852459067 6.861700384227477 81.48030147540933
62.14284208989871 43.81340106339994 71.8571579101013 46.18659893660006
3.0538150676126974 70.90965722568524 4.946184932387302 61.09034277431476
71.76740491187607 58.185510650658856 78.23259508812393 65.81448934934114
96.54116011854767 61.907665232876866 87.45883988145233 66.09233476712313
74.95608632961788 41.66121728151556 65.04391367038212 40.33878271848444
90.65169381902938 58.71931218803971 87.34830618097062 49.28068781196029
83.99806812298722 89.13897855222652 74.00193187701278 88.86102144777348
73.56653942105171 68.03634911446458 64.43346057894829 63.96365088553541
35.56711692177647 50.018774022332686 36.43288307822353 59.981225977667314
78.95594626395939 73.66226628235697 69.04405373604061 72.33773371764303
82.19881648377273 63.06460690792256 83.80118351622727 72.93539309207743
67.13601825841815 24.13076366187257 64.86398174158185 33.86923633812743
6.542815123210337 94.75601950117884 3.4571848767896634 85.24398049882116
78.0527197091743 81.27583308277194 87.9472802908257 82.72416691722806
2.000526665158919 2.9274302114306328 11.999473334841081 3.0725697885693672
80.57015519614525 17.97177873910499 71.42984480385475 22.02822126089501
93.6786158510219 41.23632380563593 84.3213841489781 44.76367619436407
38.43307967420031 86.50386634867785 45.56692032579969 79.49613365132215
29.379636228416203 73.01443319831397 28.620363771583797 82.98556680168603
9.944999498360016 57.07196662708748 2.0550005016399844 50.92803337291252
24.09694482970998 90.9798214108154 33.903055170290024 89.0201785891846
27.55981966929624 54.21190219240939 30.44018033070376 63.78809780759061
35.9793950257107 9.027671680194105 44.0206049742893 14.972328319805895
61.000857819180446 53.907385444174565 70.99914218081955 54.092614555825435
67.28533635864821 2.2308402779207994 60.7146636413518 9.7691597220792
94.47462342132995 15.97742228547318 93.52537657867005 6.02257771452682
84.48567288108868 59.20878672665915 75.51432711891132 54.79121327334085
32.66882962968163 28.789421663277512 23.331170370318368 25.210578336722488
20.917529969370865 36.1069211349954 13.082470030629135 29.893078865004597
40.88136102185961 96.0827347663531 31.11863897814039 93.9172652336469
61.55738183465571 58.70351327806392 56.44261816534429 67.29648672193608
32.402768325900624 41.03392244948033 41.597231674099376 44.96607755051967
73.04413402418098 28.662866826534078 82.95586597581902 27.337133173465922
55.918067896612904 59.939842398285855 50.081932103387096 68.06015760171414
15.48221608102508 54.588059526408436 8.51778391897492 47.411940473591564
50.96162151357789 9.050500775800073 43.03837848642211 2.949499224199927
75.96685007964084 47.044716304666025 84.03314992035916 52.955283695333975
16.70026892531322 69.04928051367878 15.299731074686777 78.95071948632122
56.61386819064295 36.544575756776155 49.38613180935705 43.455424243223845
46.191004220079364 53.065881453788265 47.808995779920636 62.934118546211735
93.95863426108025 54.89035350438024 96.04136573891975 45.10964649561976
35.9686475239495 82.99990170125828 36.0313524760505 73.00009829874172
42.99430704972904 18.9924243662902 35.00569295027096 25.0075756337098
40.989983846268245 32.00753174661665 47.010016153731755 39.99246825338335
20.05213538225403 3.7201636789352195 29.94786461774597 2.2798363210647805
17.190806190064066 60.136233810874046 22.809193809935934 51.863766189125954
3.0193904057643755 41.43991825355178 12.980609594235624 40.56008174644822
57.228602262200866 80.49457807682478 66.77139773779913 77.50542192317522
73.71344867930254 84.33164705545225 64.28655132069746 87.66835294454775
14.022262312282997 14.47130405502371 23.977737687717003 13.52869594497629
61.33296173577178 14.01109866979594 60.66703826422822 23.988901330204058
19.150495414118808 19.217499598158987 28.849504585881192 16.782500401841013
95.22555488052848 35.93965937660956 96.77444511947152 26.06034062339044
50.48765617336382 49.02631888805607 51.51234382663618 58.97368111194393
59.986021976931134 3.37361055333026 50.013978023068866 2.62638944666974
34.91886743571575 68.89707477383726 25.08113256428425 67.10292522616274
45.06419506913096 25.798642400833362 54.93580493086904 24.201357599166638
53.856167649905004 17.867406656000313 56.143832350094996 8.132593343999687
38.52003598930573 16.862413825039813 29.479964010694264 21.137586174960187
60.80275777895209 85.60949012347443 51.19724222104791 88.39050987652557
88.5421576930854 5.021006083353875 89.4578423069146 14.978993916646125
