54.57235975408604 26.498320423772864 47.42764024591396 19.501679576227136
52.11027263721787 14.92020174585522 53.88972736278213 5.07979825414478
86.89145998436761 9.916245519781949 93.10854001563239 2.083754480218052
14.146683092468662 30.885664102257408 7.8533169075313385 23.114335897742592
17.999977837749068 95.98511302521857 8.000022162250932 96.01488697478143
43.01733352999801 88.9869409788395 36.98266647000199 81.0130590211605
81.88957633616258 86.08525037436107 88.11042366383742 93.91474962563893
52.85158578092126 81.20882471583289 61.14841421907874 86.79117528416711
26.391159133707603 25.26590757727022 29.608840866292397 34.73409242272978
62.95359203107963 96.67965137359118 53.04640796892037 95.32034862640882
71.66763993296519 31.79252265151344 62.33236006703481 28.20747734848656
31.986632217416595 96.36537532514232 22.013367782583405 95.63462467485768
66.41547845221234 71.62216219499878 61.584521547787666 80.37783780500122
76.52476521097327 46.12755723438077 67.47523478902673 41.87244276561923
72.07458262961634 10.942961026140313 65.92541737038366 3.0570389738596875
41.51128571907463 59.02394148430511 42.48871428092537 68.97605851569489
69.00342811931066 96.18512007212765 78.99657188068934 95.81487992787235
42.726893016114424 34.77978447428414 49.273106983885576 27.220215525715854
89.59529853873657 15.970591621794222 80.40470146126343 12.029408378205778
53.0000128195763 45.98867765048016 62.9999871804237 46.01132234951984
55.78153668753489 50.0047749018581 56.21846331246511 59.9952250981419
9.008363802296037 70.4137831215701 12.991636197703963 79.5862168784299
21.17521769365328 79.1376182739259 14.82478230634672 86.8623817260741
17.13497563041132 45.52126962893718 12.865024369588681 36.47873037106282
21.492540575368203 71.77203548089068 18.507459424631797 62.22796451910932
33.02003471039525 70.02690045117602 24.97996528960475 75.97309954882398
31.470834584092998 43.028080454934134 32.529165415907 52.971919545065866
42.886363941845644 25.917243186863402 37.113636058154356 34.0827568131366
8.940585538494453 91.99964697971407 9.059414461505547 82.00035302028593
95.02796974719342 95.9788690868237 88.97203025280658 88.0211309131763
4.876124060215701 30.92264224082059 3.1238759397842992 21.07735775917941
75.01695880667425 66.58853862195977 84.98304119332575 67.41146137804023
60.18084874456665 69.74235369255234 51.81915125543335 64.25764630744766
50.796551451534356 73.58823012754071 41.203448548465644 76.41176987245929
92.40244051388427 62.799287510143145 89.59755948611573 53.200712489856855
33.118905690094174 83.09200469597286 26.881094309905823 90.90799530402714
65.57850494978453 60.6254872589302 70.42149505021547 69.3745127410698
36.04679275819493 73.06342574208976 27.953207241805067 78.93657425791024
71.69469048414682 74.78827313389762 66.30530951585318 83.21172686610238
95.09345694306397 41.928170584560874 88.90654305693603 34.071829415439126
95.18605230942705 7.003462745244777 94.81394769057295 16.996537254755225
23.902871419214794 62.86592696915204 32.09712858078521 57.13407303084796
58.008430298761354 91.70977264485172 67.99156970123865 92.29022735514828
4.499607703451516 16.821360705126462 13.500392296548483 21.178639294873538
59.045404356565385 11.110508233847396 56.954595643434615 20.889491766152602
94.74588480615274 24.5737145251692 85.25411519384726 21.4262854748308
46.261895741508646 60.054779873089885 47.738104258491354 69.94522012691012
5.407897889400374 77.20231060477838 2.592102110599626 86.79768939522162
66.78386869543111 34.454166532717004 57.21613130456888 31.545833467282996
6.322569251401851 37.010415941378476 5.677430748598149 46.989584058621524
37.37137662615729 48.01381113458946 36.62862337384271 57.98618886541054
25.032392629630127 10.568222679806894 34.96760737036987 9.431777320193106
74.03432145363047 26.89184823257629 71.96567854636953 17.10815176742371
66.94750165062705 25.605131629042205 63.052498349372954 16.394868370957795
64.04013544414599 9.969581398743104 57.95986455585401 2.030418601256896
74.13242572126552 51.856881178091086 83.86757427873448 54.143118821908914
80.28746583896273 30.302423311186885 83.71253416103727 39.697576688813115
31.71079315242157 38.32416352972671 22.28920684757843 41.67583647027329
11.621643675847892 58.68601526679712 18.378356324152108 51.31398473320288
67.11133166403836 48.07960686645272 68.88866833596164 57.92039313354728
68.07832385796385 87.11846500187902 77.92167614203615 88.88153499812098
43.382000878518404 8.01461382350262 42.617999121481596 17.98538617649738
75.51737044045306 84.21495648532337 84.48262955954694 79.78504351467663
17.88454377227793 76.63125196576136 14.115456227722069 67.36874803423864
18.7103825366595 6.676990267811128 9.289617463340502 3.3230097321888716
96.19473240689273 74.00379351010132 95.80526759310727 83.99620648989868
21.376364567475168 46.270961198906285 24.623635432524832 55.729038801093715
85.99775756492913 59.85026916752493 76.00224243507087 60.14973083247507
44.47650742852792 81.68352166208085 49.52349257147208 90.31647833791915
89.80681745580412 72.62358947018822 80.19318254419588 75.37641052981178
37.37499425872445 20.60006792427134 32.62500574127555 29.39993207572866
35.78097457649783 5.463653681333592 26.219025423502167 2.536346318666408
25.95560779357186 69.93987953504617 34.044392206428135 64.06012046495383
3.395387005960603 69.7355271237065 6.604612994039397 60.2644728762935
19.667155120900322 22.011090872098677 20.332844879099678 31.988909127901323
3.1692970131499276 7.709919129341966 12.830702986850072 10.290080870658034
91.03343351000234 46.975141833502335 96.96656648999766 55.024858166497665
24.121040294224603 86.1685645171791 15.878959705775397 91.8314354828209
52.00104330348952 30.41787978141562 47.99895669651048 39.58212021858438
88.52430317425768 41.45327092437028 81.47569682574232 48.54672907562972
70.95013973740824 36.067657616600656 79.04986026259176 41.932342383399344
90.67069977343797 29.78453456856584 81.32930022656203 26.21546543143416
51.632030622413424 54.88262909597836 42.367969377586576 51.11737090402164
53.024850108686024 39.497879060574476 62.975149891313976 38.502120939425524
36.3752917263842 87.74430893057159 41.6247082736158 96.25569106942841
22.326146341326233 14.223742142226575 31.673853658673767 17.776257857773423
37.41693538686944 40.51264455810258 44.58306461313056 47.48735544189742
2.970880473310779 55.96077622248822 11.029119526689222 50.03922377751178
62.68316359501009 50.0468911275389 61.31683640498991 59.9531088724611
83.99613199346702 4.803365557810331 74.00386800653298 5.196634442189669
