50.83921443809993 21.115684800186344 45.16078556190007 12.884315199813654
54.52431216957929 18.76198198334186 51.47568783042071 9.238018016658138
89.31709549743317 9.381747244394978 96.68290450256683 2.6182527556050226
11.953751747307608 36.60248347198471 8.046248252692392 27.397516528015288
11.921431843462733 95.1171021519162 2.0785681565372673 96.8828978480838
45.288098400879385 90.76675044383543 38.711901599120615 83.23324955616457
84.00877321232208 86.4136053506012 87.99122678767792 95.5863946493988
53.20277038460782 80.33417041571842 56.79722961539218 89.66582958428158
26.894819938223936 16.12367176750245 29.105180061776064 25.87632823249755
59.99397763814586 96.2453311021847 50.00602236185414 95.7546688978153
74.75505648171298 28.54578066222842 65.24494351828702 25.45421933777158
33.73298267162929 93.38789732645314 24.267017328370716 96.61210267354686
65.18304979514126 73.50174549497989 60.81695020485874 82.49825450502011
83.92123990697678 44.883967068379334 74.07876009302322 43.116032931620666
76.93510232162095 11.047860467162291 71.06489767837905 2.95213953283771
42.99382319726505 56.10228540626977 45.00617680273495 65.89771459373023
73.02851284073607 96.53321236414199 82.97148715926393 95.46678763585801
48.596974328656174 32.66325214531772 55.403025671343826 25.33674785468228
88.86767527240373 17.14268869007675 79.13232472759627 14.857311309923253
50.00345382097122 44.814187511633826 59.99654617902878 45.185812488366174
54.52040620175201 49.023054170610045 55.47959379824799 58.976945829389955
13.177030189932223 81.06819295879117 14.822969810067777 90.93180704120883
27.739487802453816 80.40712355457445 18.260512197546184 83.59287644542555
11.291465095448594 44.4440058186664 6.708534904551406 35.5559941813336
24.2985207953265 75.44036058822385 19.7014792046735 66.55963941177615
34.505446174813514 62.43463226083405 27.494553825186486 69.56536773916595
29.470834584092998 39.028080454934134 30.529165415907002 48.971919545065866
47.21214413412279 24.51598189902559 42.78785586587721 33.48401810097441
5.902398829985213 91.87803973657269 8.097601170014787 82.12196026342731
96.42728728328545 94.64056340115508 89.57271271671455 87.35943659884492
2.3120633869095926 32.95244820430963 3.6879366130904074 23.047551795690367
86.04532211612302 69.32831028962754 95.95467788387698 70.67168971037246
63.082595120823896 68.88659264175341 54.917404879176104 63.11340735824659
56.47852979155537 69.77676566548844 47.52147020844463 74.22323433451156
86.64610210155355 61.81320688113261 89.35389789844645 52.18679311886739
38.05022674324994 75.03816749284339 31.94977325675006 82.96183250715661
63.878088686259886 47.12749397085012 66.12191131374011 56.87250602914988
40.41211699322283 65.34521442153442 33.58788300677717 72.65478557846558
75.84154605809488 70.35148323484628 72.15845394190512 79.64851676515372
95.28090549355943 39.99210297406695 94.71909450644057 30.007897025933044
92.66275273450991 12.01138653713084 93.33724726549009 21.98861346286916
16.80534787043597 62.721193398482356 25.19465212956403 57.278806601517644
61.00543762042941 92.23312365083407 70.99456237957058 91.76687634916593
4.240197225376492 18.46889662442853 13.759802774623509 21.53110337557147
61.26764866543029 15.007168719865113 60.73235133456971 24.992831280134887
88.68807189647653 23.73838485194359 79.31192810352347 20.26161514805641
47.249856012413375 55.31630530214507 50.750143987586625 64.68369469785493
3.9843942301621076 77.09786087512568 2.0156057698378924 86.90213912487432
65.8353862220837 35.2077737650044 58.164613777916294 28.7922262349956
5.49650672333014 44.02471296569856 4.50349327666986 53.97528703430144
35.804538420018055 43.065152694285786 34.195461579981945 52.934847305714214
22.118039745845778 8.919970335195158 31.881960254154222 11.080029664804842
73.90738544417448 23.99914218081955 74.09261455582552 14.00085781918045
69.78559850913888 22.67029313471446 66.21440149086112 13.32970686528554
59.45809010221078 11.354054782546195 54.54190989778922 2.6459452174538054
73.7239049062186 58.40866622201255 82.2760950937814 63.59133377798745
77.80581680791872 31.507165691950348 82.19418319208128 40.49283430804965
26.792043678306335 32.573004069660925 17.207956321693665 35.426995930339075
15.025444176694261 57.01895728442564 20.97455582330574 48.98104271557436
67.86812085093561 44.47726948693773 72.13187914906439 53.52273051306227
70.30617212348092 86.27721740616747 79.69382787651908 89.72278259383253
41.12056240680332 6.001453740729632 40.87943759319668 15.998546259270368
78.59740200381987 84.37004870921056 87.40259799618013 79.62995129078944
17.08808578857461 71.93239445661337 10.91191421142539 64.06760554338663
14.859871783877324 5.175434491697869 5.140128216122675 2.824565508302131
96.45594677713297 76.02083214418091 95.54405322286703 85.97916785581909
24.7427612012351 43.006621564470606 25.2572387987649 52.993378435529394
76.97513858380314 65.5020079599499 67.02486141619686 66.4979920400501
46.6286875935406 78.5980825233801 51.3713124064594 87.4019174766199
91.99324403571383 74.74016543761783 82.00675596428617 75.25983456238217
36.52710289136035 24.6856343483105 31.47289710863965 33.3143656516895
34.82914291278875 7.295908456590297 25.170857087211257 4.704091543409703
24.527555922708483 66.59751749545198 31.472444077291517 59.40248250454802
5.415023100977242 70.96566229496224 6.584976899022758 61.03433770503776
22.887834819948644 13.370088586960927 19.112165180051356 22.629911413039075
6.026957872150052 10.481490603142372 15.973042127849947 11.518509396857628
90.17570618646381 41.874061990913916 95.82429381353619 50.125938009086084
25.68687495705545 87.62258189573198 18.31312504294455 94.37741810426802
55.159738011434364 31.49050648941973 50.840261988565636 40.50949351058027
87.52430317425768 47.45327092437028 80.47569682574232 54.54672907562972
65.54128082553667 29.737297340949745 74.45871917446333 34.262702659050255
90.41840502944295 30.340448033132382 81.58159497055705 25.659551966867618
49.961458271254294 49.61962232255008 40.038541728745706 48.38037767744992
57.010505106943 40.32394553887666 66.989494893057 39.67605446112334
34.80855748401605 86.15101381307103 41.19144251598395 93.84898618692897
32.66155718343428 16.514459027215736 41.33844281656572 21.485540972784264
36.66995514834787 34.576100024945255 41.33004485165213 43.423899975054745
14.226511220476365 49.16025960606505 19.773488779523635 40.83974039393495
60.03336935482272 52.09432724330249 61.96663064517728 61.90567275669751
90.08301406364642 3.1139999729616026 81.91698593635358 8.886000027038397
