77.49832042377292 2.4276402459140254 70.50167957622708 9.572359754085975
67.40493525996177 12.383638488218732 62.59506474003823 3.6163615117812675
72.39190084037018 63.26589015019589 77.60809915962982 54.73410984980411
19.39054965634984 12.037281966641192 20.60945034365016 21.962718033358808
5.337790552416811 62.767667208595384 10.662209447583189 71.23233279140462
30.715903647307364 62.83229723392523 33.284096352692636 53.16770276607477
94.93188048637062 78.17747044542052 85.06811951362938 79.82252955457948
54.55846894122165 78.0195331218716 55.44153105877835 87.9804668781284
27.02081683795602 38.54422040543952 36.97918316204398 39.45577959456048
96.06539137078681 87.04988914789651 89.93460862921319 94.95011085210349
87.95144209716535 21.30485889315996 78.04855790283465 22.69514110684004
46.38113933841956 54.59051497258177 37.61886066158044 59.40948502741823
40.03608531483796 78.40037428471366 49.96391468516204 79.59962571528634
96.13623456500598 41.80919269955797 87.86376543499402 36.19080730044203
87.37538732182588 3.580085583330411 78.62461267817412 8.419914416669588
9.823635679505022 32.34442775714561 6.176364320494978 41.65557224285439
71.04719151023981 92.31466208060596 80.95280848976019 93.68533791939404
38.74782418484366 34.993636686649346 39.25217581515634 25.006363313350654
90.89453311205624 15.978459195633842 81.10546688794376 18.021540804366158
20.28003496602321 35.55011904050102 15.719965033976793 44.44988095949898
70.6951233443966 57.990696366727605 71.3048766556034 48.009303633272395
23.753190758538068 87.31744491071629 20.246809241461932 96.68255508928371
40.211402254382655 43.004471090380726 39.788597745617345 52.995528909619274
52.73540788454807 92.60496484913534 43.26459211545193 89.39503515086466
14.472135588479679 72.65390455326022 9.527864411520321 81.34609544673978
30.14267979646773 82.81863537968033 37.85732020353227 89.18136462031967
47.11062999816168 29.045973701927313 56.88937000183832 26.954026298072687
34.994279355876216 15.76088974202544 25.005720644123784 16.23911025797456
12.740774750555866 85.79176090667461 19.259225249444132 78.20823909332539
87.08739686598221 45.06923125985094 96.91260313401779 46.93076874014906
11.530603701815338 60.97176625673612 10.469396298184662 51.02823374326388
77.70132523329002 62.24250817918776 84.29867476670998 69.75749182081223
82.39322426535239 73.67233292132178 75.60677573464761 66.32766707867822
84.61607615768897 31.921416380281872 75.38392384231103 28.078583619718128
96.99873406845045 72.88749349835285 87.00126593154955 73.11250650164715
65.90123133265062 93.0110958469883 56.098768667349376 94.9889041530117
67.53030472258551 74.11573607061925 58.46969527741449 69.88426392938075
31.426589880925103 69.6283113617514 26.573410119074897 78.3716886382486
71.97267618964767 75.96390976876403 64.02732381035233 82.03609023123597
77.55912990918509 74.6362684317473 82.44087009081491 83.3637315682527
57.30076889752608 2.2975949068178645 60.69923110247392 11.702405093182136
3.6935021754739443 83.95167191286063 2.3064978245260557 74.04832808713937
68.18588934169152 86.35068078003675 77.81411065830848 83.64931921996325
7.997996560672232 2.002673112320127 16.00200343932777 7.997326887679873
70.1512449125027 35.11803458265973 63.84875508749729 42.88196541734027
83.35841064767378 50.45035846892733 74.64158935232622 45.54964153107267
14.461486879526303 94.30766191073334 19.5385131204737 85.69233808926666
21.57447718127444 54.254368155277305 18.42552281872556 63.745631844722695
3.182533833638167 56.99666702908823 2.817466166361833 47.00333297091177
2.000069023853584 90.02627230046164 11.999930976146416 89.97372769953836
22.828527159918703 40.49614546140872 27.171472840081297 49.50385453859128
25.083321212401 21.09100621587713 34.916678787599004 22.90899378412287
76.04791744653168 41.690563815758374 85.95208255346832 40.309436184241626
52.99935065361605 2.9194205845838694 43.00064934638395 3.0805794154161306
95.17019933742611 21.930662314577216 96.82980066257389 12.069337685422784
87.19947158651745 65.84231461063088 80.80052841348255 58.15768538936912
64.37569705947047 16.192978302465832 61.624302940529525 25.807021697534168
9.917529969370865 18.106921134995403 2.0824700306291355 11.893078865004599
36.85777321973371 94.18081527050934 29.142226780266295 87.81918472949066
64.0255943117324 52.09586566714657 65.9744056882676 61.90413433285343
44.796417114859175 46.161112570283834 51.203582885140825 53.838887429716166
69.20884417553317 16.42997407867333 78.79115582446683 13.570025921326671
53.192420624799574 58.06564942948407 54.807579375200426 67.93435057051593
21.4190654494734 73.6482860979119 14.5809345505266 66.3517139020881
35.9956022482404 2.7903379448363164 26.0043977517596 3.2096620551636836
89.8263616411038 59.497190178928825 94.1736383588962 68.50280982107118
16.958409869495824 26.09271454650812 15.041590130504174 35.90728545349188
51.10992291932145 34.15245130028716 42.89007708067855 39.84754869971284
60.516269967541696 31.445306551140547 53.483730032458304 38.55469344885945
96.79443248617645 59.1462208190353 91.20556751382355 50.8537791809647
23.44618723477192 68.96923449044925 24.55381276522808 59.03076550955075
44.28171172201969 11.227683977506853 37.71828827798031 18.772316022493147
22.037125767346257 26.391822928036966 31.962874232653743 27.608177071963034
16.841136452995844 2.224418259643574 25.158863547004156 7.775581740356426
16.03164961068934 54.59625899454117 19.96835038931066 45.40374100545883
2.5042096678309047 21.811879964632904 11.495790332169095 26.188120035367096
40.05354256412483 67.72976628798217 49.94645743587517 66.27023371201783
47.98452990693933 83.3930160388933 38.01547009306067 82.6069839611067
7.62792252385055 7.308239783674249 14.37207747614945 14.69176021632575
69.68015882237046 21.046477619274174 68.31984117762954 30.953522380725826
24.14656016029898 30.798283842830212 33.853439839701025 33.201716157169784
95.88028362344103 34.632983217692406 92.11971637655897 25.367016782307594
53.46476566565243 44.24152802481297 56.53523433434757 53.75847197518703
33.83601209586827 9.729965745101424 24.16398790413173 12.270034254898576
36.02929382590943 68.00008581356003 35.97070617409057 77.99991418643997
53.79316477195224 7.513366710299648 58.20683522804776 16.48663328970035
43.18832928872565 20.35934725742341 52.81167071127435 17.64065274257659
57.82255443005035 21.67978457469937 48.17744556994965 24.32021542530063
50.953108872461115 75.68316359501003 41.046891127538885 74.31683640498997
92.92637686364338 5.904266690322638 85.07362313635662 12.095733309677362
