91.44809394695203 14.620862898950026 84.55190605304797 7.379137101049973
71.50349545055462 40.827782532333885 62.496504549445376 45.172217467666115
43.97648461204288 5.515643823100766 34.02351538795712 6.484356176899234
31.602483471984748 23.04624825269247 22.397516528015252 26.95375174730753
11.681120324644992 85.04660973641734 10.318879675355008 94.95339026358266
14.464097210764779 70.8962923476376 23.535902789235223 75.1037076523624
82.9982139889133 90.13362979095724 73.0017860110867 89.86637020904276
52.72490380017447 56.54759196821097 57.27509619982553 65.45240803178902
9.973749150509116 31.09573526490639 8.026250849490884 40.904264735093605
40.89637121795606 68.00107400779606 41.10362878204394 77.99892599220394
58.14477876348423 40.79657093630219 49.85522123651577 35.20342906369781
52.56091679213608 67.29438065193986 47.43908320786392 58.70561934806013
86.96391468516202 96.5996257152865 77.03608531483798 95.4003742847135
78.11216642295777 39.62991191983087 81.88783357704223 30.370088080169133
94.69684495139423 20.714540026526826 85.30315504860577 17.285459973473174
31.738875550936065 45.16165677902309 34.261124449063935 54.83834322097691
47.33591767272658 94.80175915272152 56.66408232727342 91.19824084727848
39.764810194303415 58.65766200065466 48.235189805696585 53.34233799934534
68.97065107944009 11.540950872502432 59.02934892055992 10.459049127497568
14.222603231100608 18.177065470754187 7.777396768899392 25.822934529245813
61.96698993898377 50.043516194141496 54.03301006101623 43.956483805858504
8.431699103093482 62.96759842283726 9.568300896906518 53.03240157716274
20.757858051681556 67.80637827691282 27.242141948318444 60.19362172308717
67.24838684115473 72.53404471445108 62.751613158845274 81.46595528554892
35.33595180602543 77.95570781988599 36.66404819397457 68.04429218011401
73.31708108743292 62.24778127554758 82.68291891256708 65.75221872445242
47.58218634408228 2.6584358856552894 56.41781365591772 7.341564114344711
30.702568531153595 33.55579396089916 39.297431468846405 28.444206039100838
17.7234341297698 96.94738749845655 16.2765658702302 87.05261250154345
43.88904158610458 27.001231328578427 44.11095841389542 36.99876867142157
65.24719747736289 38.55269706665991 74.75280252263711 35.44730293334009
72.02200976361257 45.096579245309364 73.97799023638743 54.903420754690636
94.32679703641206 41.04552749832877 95.67320296358794 50.95447250167123
75.98835065748385 18.901342976965726 74.01164934251615 9.098657023034274
88.99961539500046 71.06201533741239 79.00038460499954 70.93798466258761
94.78999239966589 61.00441226602896 95.21000760033411 70.99558773397104
46.698755552040026 66.04906668611935 45.301244447959974 75.95093331388065
35.036915852171084 63.6064616571304 44.963084147828916 62.3935383428696
14.05335193277513 55.0002846509757 13.94664806722487 64.9997153490243
67.2971868895816 83.35993676567188 74.7028131104184 76.64006323432812
22.27156016853987 9.781123386458496 15.728439831460129 2.218876613541504
3.9563874970183632 62.09232000273582 2.0436125029816368 71.90767999726418
31.982095116458357 68.09739975296489 30.017904883541643 77.90260024703511
16.525309369424086 42.87360043477182 7.474690630575915 47.12639956522818
75.04156873450344 29.94375986865169 66.95843126549656 24.05624013134831
82.26418083982246 85.32319954297817 89.73581916017754 78.67680045702183
93.91687129151099 95.88127362486954 96.08312870848901 86.11872637513046
21.79458880787241 58.995778842397726 22.20541119212759 49.004221157602274
35.99272035784459 95.73029010332549 26.00727964215541 96.26970989667451
58.00128905242466 3.113529126617095 67.99871094757535 2.886470873382905
32.641281656215504 86.42652417182609 25.358718343784492 79.57347582817391
10.567808573723319 9.502961886927459 3.432191426276682 2.4970381130725405
36.65832722918856 10.280695885946223 43.34167277081144 17.719304114053777
34.658545513540616 41.58212823999618 39.341454486459384 50.41787176000382
63.38985857051672 26.608123861841303 58.61014142948328 35.3918761381587
89.1024321139826 37.13192665525326 96.8975678860174 30.86807334474674
66.13430974390053 59.92448782925641 67.86569025609947 50.07551217074359
5.393664189144511 76.2669677337721 10.606335810855489 67.7330322662279
39.9932411933842 91.58551955017055 36.0067588066158 82.41448044982945
89.99247738387604 27.99436907504068 84.00752261612396 36.00563092495932
61.29277513003693 73.43639283763358 52.70722486996307 78.56360716236642
80.23929513083863 17.32026513959269 83.76070486916137 26.67973486040731
79.53859074358527 2.021335369991789 80.46140925641473 11.978664630008211
85.08862316938462 75.1219519498849 76.91137683061538 80.8780480501151
3.7473958736014437 38.056175629320606 2.2526041263985563 47.943824370679394
89.4356700503047 91.74898639801025 92.5643299496953 82.25101360198975
21.990499715504214 82.01262543648572 14.009500284495786 75.98737456351428
60.18692036060781 69.35435017069749 69.8130796393922 66.64564982930251
45.35397129529878 47.15218581153509 54.64602870470122 50.84781418846491
90.72474462859664 45.807653794241965 85.27525537140336 54.192346205758035
82.87782535629765 58.09461583269685 89.12217464370235 65.90538416730314
43.28486932592039 22.576799344106277 34.71513067407961 17.423200655893723
27.610516328241463 54.96258700809876 26.389483671758537 45.03741299190124
2.9023876502862525 9.07510538601342 9.097612349713748 16.92489461398658
3.8409994906649714 86.87565681943346 10.159000509335028 79.12434318056654
14.009324673154945 50.0123928089992 21.990675326845054 43.9876071910008
48.2342450218124 81.48752537612027 57.7657549781876 84.51247462387973
68.97705021642277 94.52149070729395 59.02294978357723 95.47850929270605
20.255861750829396 21.578971903726117 29.744138249170604 18.421028096273883
43.42216041015458 41.333344660966624 34.57783958984542 36.666655339033376
53.77887884319082 19.274152514542475 46.22112115680918 12.725847485457525
54.57201460952542 32.981649175277234 55.42798539047458 23.01835082472277
15.611863185961589 36.80344420031203 18.38813681403841 27.196555799687967
55.08034491015474 14.107254909305212 64.91965508984526 15.892745090694788
59.566180390880476 54.209993598281486 62.433819609119524 63.790006401718514
3.365419580573931 31.986628974581244 2.634580419426069 22.013371025418756
87.07259764446985 3.8489440657169123 96.92740235553015 2.1510559342830877
29.49572166284745 3.024634683464564 28.50427833715255 12.975365316535436
34.949539241828106 90.29143716326377 25.050460758171898 91.70856283673623
76.29720364933621 24.556176988420713 67.70279635066379 19.443823011579287
