96.428436845766 30.79161436028173 93.571563154234 21.20838563971827
75.89942854430127 35.8703902754675 68.10057145569873 42.1296097245325
50.99501375651787 11.776756697307171 41.00498624348213 12.223243302692829
27.046440463266737 44.60256506053293 30.953559536733263 35.39743493946707
7.289395483822708 87.05075346930582 8.710604516177293 96.94924653069418
17.27201376337476 85.99259536839655 16.72798623662524 76.00740463160345
92.0915225379075 74.08322578300874 93.9084774620925 83.91677421699126
70.78478824950339 85.14992160873095 73.21521175049661 94.85007839126905
26.891636463162648 34.371640518365766 23.108363536837352 43.628359481634234
73.115642746859 69.07883019508401 74.884357253141 78.92116980491599
67.62714909903141 31.727830983603504 64.37285090096859 22.272169016396496
51.66191469907851 60.80736032337654 42.33808530092149 57.19263967662346
90.2876795939314 86.76711599073442 83.7123204060686 79.23288400926558
64.77691826194764 48.67360262435276 61.223081738052365 39.32639737564724
85.77664611312106 20.7232723432901 78.22335388687894 27.2767276567099
9.741786471838607 60.6206139640518 18.25821352816139 55.3793860359482
45.50138027583394 91.81770291267571 54.49861972416606 96.18229708732429
28.498133865605116 66.18329835961474 19.501866134394884 61.81670164038527
51.941288639371265 3.2360192525852223 42.058711360628735 4.763980747414777
13.861154142637316 63.194655998100814 22.138845857362682 68.80534400189919
55.95673403392812 74.99981280211368 56.04326596607188 65.00018719788632
45.17069794256641 83.24223302799669 36.82930205743359 88.75776697200331
23.25625976664226 58.419832730872116 32.74374023335774 61.580167269127884
79.7692504997658 78.32348926344882 76.2307495002342 87.67651073655118
55.37769382601386 84.257171635003 60.62230617398614 75.742828364997
69.07461431787621 77.4507170419875 64.92538568212379 86.5492829580125
47.53089260866826 21.459830881715984 40.46910739133174 28.540169118284016
42.93834815964526 40.885989702186386 45.06165184035474 31.114010297813618
3.9813689440737017 78.90274565887398 2.0186310559262983 69.09725434112602
28.02114814551036 5.459384600356898 37.97885185448964 4.540615399643102
54.15046439326997 56.217376030262464 63.84953560673003 53.782623969737536
73.67252328135511 45.73201000626689 80.32747671864489 38.26798999373311
87.7200950727664 75.64945521431969 78.2799049272336 72.35054478568031
93.66086719779915 41.716091618201965 90.33913280220085 32.283908381798035
94.4828443094014 57.78547817855242 85.5171556905986 62.21452182144758
81.11890569009418 53.09200469597286 74.88109430990582 60.90799530402714
51.9569097611179 79.09242180815453 50.0430902388821 88.90757819184547
22.245616417755663 78.45215092696816 31.754383582244337 81.54784907303184
29.30705374179007 71.37077853529023 36.69294625820993 64.62922146470977
68.20914489877494 70.4854964960656 63.79085510122506 61.51450350393441
66.01803210347133 6.424259210810571 75.98196789652867 5.575740789189429
11.220184857499246 67.06118553258715 12.779815142500754 76.93881446741285
36.024483243775975 73.49419936112257 45.975516756224025 72.50580063887743
21.461684366549143 35.25685015304317 12.538315633450857 30.743149846956833
48.21673205431686 26.456141394164785 57.78326794568314 23.543858605835215
83.11561568644757 65.93098649329252 92.88438431355243 68.06901350670748
68.23952021826344 61.16890289820039 73.76047978173656 52.83109710179961
46.678899218106494 49.2370756945341 37.321100781893506 52.7629243054659
30.710338525137736 85.6483753150332 23.289661474862264 92.3516246849668
23.00128905242466 54.113529126617095 32.99871094757534 53.886470873382905
8.012967780880354 30.576894221318383 3.987032219119646 21.423105778681617
19.348726597489026 23.834572357552023 28.651273402510974 20.165427642447977
17.420222351485137 14.283076847807324 22.579777648514863 5.716923152192676
61.05249834937307 66.39486837095774 64.94750165062693 75.60513162904226
95.91015908547614 17.1161925367776 88.08984091452386 10.8838074632224
78.84429814262703 47.78031330476025 87.15570185737297 42.21968669523975
29.92448782925639 29.86569025609955 20.07551217074361 28.13430974390045
5.146472266374019 51.18595731392864 12.853527733625981 44.81404268607136
20.070258334963633 94.90396230806446 11.929741665036365 89.09603769193554
85.5822537524436 56.511811637381996 78.4177462475564 63.488188362618004
34.38493194049371 31.2680284063445 37.61506805950629 40.7319715936555
75.02695593378083 9.964391189912536 82.97304406621917 16.035608810087464
60.82290465074466 14.681064546755401 51.17709534925534 17.3189354532446
41.95305373981491 45.683563201544295 32.04694626018509 44.316436798455705
13.956115258837443 18.66100040931809 4.043884741162558 17.33899959068191
83.79565332012196 95.70619086455456 92.20434667987804 90.29380913544544
46.327901819619655 65.50385020313374 37.672098180380345 60.496149796866256
48.420558526860084 35.50892584719746 55.579441473139916 42.49107415280254
63.47650742852792 10.683521662080857 68.52349257147208 19.316478337919143
87.50522008243314 52.19019485266441 96.49477991756686 47.80980514733559
18.317499408752415 48.98990923018063 17.682500591247585 39.01009076981937
61.94120926506813 2.923172164559558 54.05879073493187 9.076827835440442
48.13115259942497 42.904915801572095 53.86884740057503 51.095084198427905
3.403801112555932 2.7268569721065754 8.596198887444068 11.273143027893425
2.7223688241185475 95.99228614265836 3.2776311758814525 86.00771385734164
5.716305219063439 57.57875144668439 14.28369478093656 52.42124855331561
30.085443947405256 92.07959856263456 39.91455605259475 93.92040143736544
63.474349252831814 94.23163589406592 54.525650747168186 89.76836410593408
3.903349026179654 37.917719038019584 2.096650973820346 28.082280961980416
60.398377204307806 27.332435088885124 53.601622795692194 34.66756491111487
17.865489410950392 2.3610400672530094 14.13451058904961 11.63895993274699
73.83332052188362 24.997221022886105 74.16667947811638 15.002778977113895
23.007404923458225 48.727980879916814 32.992595076541775 49.272019120083186
85.85100353191244 33.86619020552242 88.14899646808756 24.133809794477582
5.763676738904971 44.811326770259306 12.236323261095029 37.188673229740694
20.593117284839163 17.362072127352732 29.406882715160837 12.637927872647268
86.1237807776244 7.105660931449938 95.8762192223756 4.894339068550062
31.114959976460405 24.066013118313403 40.885040023539595 21.933986881686597
84.52645403690141 88.45540948406988 77.47354596309859 95.54459051593012
80.61113463689867 32.93324529235 71.38886536310133 29.06675470765
