80.6208628989501 2.5519060530480377 73.3791371010499 9.448093946951962
68.93261056019895 11.912253815002376 67.06738943980105 2.0877461849976227
68.20131774654294 65.25115566180249 75.79868225345706 58.74884433819751
14.045852536562613 14.0918840052403 15.954147463437387 23.9081159947597
3.462554577871898 58.028968676599035 4.537445422128102 67.97103132340096
33.4647605601429 56.75847032798433 36.5352394398571 47.24152967201567
91.99084087936752 86.69749823664324 82.00915912063248 87.30250176335676
55.81973154079564 86.00325072846195 56.18026845920436 95.99674927153805
14.10512640428679 42.019908075264446 23.89487359571321 39.980091924735554
95.58530836910938 89.51495137790099 88.41469163089062 96.48504862209901
81.99692855230361 28.175228545542517 72.00307144769639 27.824771454457483
46.60899876589997 57.061668146077004 37.39100123410003 60.938331853922996
40.14616157437736 79.7998947804675 49.85383842562264 82.2001052195325
94.59625952294748 35.968349155438304 85.40374047705252 32.031650844561696
89.28826815888354 3.4288609143989213 80.71173184111646 8.571139085601079
5.660047641784303 27.283619838583157 2.3399523582156974 36.71638016141684
63.00268619383431 90.83612589373011 72.99731380616569 91.16387410626989
37.14113264092376 33.92568237501297 38.85886735907624 24.07431762498703
86.98254451154212 17.58256714252283 77.01745548845788 18.41743285747717
18.47268239222681 27.22179881423719 15.527317607773188 36.77820118576281
69.56638043522055 56.96781775054192 68.43361956477945 47.03218224945808
28.254126308474465 80.15983810163418 25.745873691525535 89.84016189836582
43.160710052163076 43.13659047839814 40.839289947836924 52.86340952160186
47.158657304021546 96.77589074491563 38.841342695978454 91.22410925508437
9.34728694734426 75.18493843429643 6.6527130526557405 84.81506156570357
30.241367341477254 75.82987459956757 35.75863265852275 84.17012540043243
41.366541942071514 37.87911320186347 50.633458057928486 34.12088679813653
27.90377392170166 14.976217867506382 18.09622607829834 13.023782132493618
10.833210094991058 86.5061093537054 15.166789905008942 77.4938906462946
84.0039291565961 44.19818205693116 93.9960708434039 43.80181794306884
9.443753602877784 61.980269344115136 8.556246397122216 52.019730655884864
78.8902904274957 63.15214339727814 87.1097095725043 68.84785660272186
82.87129160047563 72.16434848651139 75.12870839952437 65.83565151348861
79.83856229771794 34.26028365501676 70.16143770228206 31.73971634498324
92.95479125154291 77.67085292995837 83.04520874845709 76.32914707004163
73.94626960992991 95.2689617343232 64.05373039007009 96.7310382656768
71.90757819184549 72.95690976111783 62.09242180815451 71.04309023888217
31.46463789348477 62.219326842277496 28.53536210651523 71.7806731577225
68.55382845487739 77.93538226212479 59.4461715451226 82.06461773787521
73.51973958559674 79.22414100861943 76.48026041440326 88.77585899138057
63.83705827552938 7.0026557058346945 64.16294172447063 16.997344294165305
2.0436125029817944 83.90767999726421 3.9563874970182056 74.09232000273579
61.024483243775975 86.49419936112257 70.97551675622402 85.50580063887743
14.45409106058916 2.4748716628459766 21.54590893941084 9.525128337154023
71.04859542838541 39.06591154576813 62.95140457161459 44.93408845423187
86.59066702332964 50.98135718155859 77.40933297667036 47.01864281844141
17.6067542126537 96.984511786598 18.3932457873463 87.015488213402
21.20541119212774 56.00422115760229 20.79458880787226 65.99577884239771
4.356803803463771 50.98725285561438 3.6431961965362283 41.01274714438562
4.341577457278927 94.81634231725964 13.658422542721073 91.18365768274036
24.828527159918703 45.49614546140872 29.171472840081297 54.50385453859128
21.20527101661427 23.58205290088775 30.79472898338573 26.41794709911225
79.10815176742373 41.034321453630554 88.89184823257627 38.965678546369446
56.992793422566116 3.2683539445965555 47.007206577433884 2.7316460554034445
91.91328562325036 21.880476602071322 94.08671437674964 12.119523397928678
86.40754009121886 62.38220842831259 81.59245990878114 53.61779157168741
63.00700635667647 21.005264367832673 56.99299364332353 28.994735632167327
9.971156560998072 17.038077610602134 2.028843439001928 10.961922389397866
36.07296596401166 96.55003429789812 31.927034035988346 87.44996570210188
61.10774394344711 50.37189379805963 64.8922560565529 59.62810620194037
49.28813882635525 49.79930851229489 54.71186117364475 58.20069148770511
74.02401928520361 14.489505797692283 83.97598071479639 13.510494202307717
59.51355106164198 57.22606351595936 62.48644893835802 66.77393648404065
24.4190654494734 77.6482860979119 17.5809345505266 70.3517139020881
40.917806072195276 2.0971249054939873 31.08219392780472 3.9028750945060127
90.748107829647 61.53581119876155 95.251892170353 70.46418880123845
11.87715538818835 34.36574842627254 8.12284461181165 43.63425157372746
58.25331959694696 36.371450512882255 49.74668040305304 41.628549487117745
63.321673898735696 28.010358138816756 62.678326101264304 37.989641861183244
96.26830600134734 63.455871170068946 91.73169399865266 54.544128829931054
23.591702381420095 70.79757207527956 26.408297618579905 61.202427924720446
38.27162501578302 13.545819964609784 33.72837498421698 22.454180035390216
22.003087129665587 31.175675172651953 31.996912870334413 30.824324827348047
19.940536326095035 2.0809668244012673 28.059463673904965 7.919033175598733
13.561992550594372 59.36533156548763 18.438007449405628 50.63466843451237
2.0043229845732986 16.994244655932427 9.9956770154267 23.005755344067573
42.15692112414226 64.24281414629078 51.84307887585774 61.75718585370921
49.99826765215138 87.13160728496987 40.00173234784862 86.86839271503013
4.4535006815500084 4.919292440698654 13.546499318449992 9.080707559301345
68.68015882237046 16.046477619274174 67.31984117762954 25.953522380725826
27.14656016029898 35.798283842830216 36.853439839701025 38.201716157169784
96.28986017305898 30.568481982728773 87.71013982694102 25.431518017271227
53.38195270234623 44.26904629672247 56.61804729765377 53.73095370327753
43.34251992654515 5.52158908016482 34.65748007345485 10.47841091983518
37.854781492239724 65.00210928640853 38.145218507760276 74.99789071359147
54.56137691940677 7.635012317222649 59.43862308059323 16.36498768277735
40.46021770071014 18.09532257064502 49.53978229928986 13.90467742935498
56.8656915140745 19.848893536694607 47.1343084859255 22.151106463305393
55.832932451259595 78.28170352326968 46.167067548740405 75.71829647673032
96.18124675022523 5.258253182051455 87.81875324977477 10.741746817948545
