85.58181573295774 6.998259609934169 76.41818426704226 11.00174039006583
71.63106129187479 44.251766277489644 66.36893870812521 35.748233722510356
32.91721069385742 9.906112019683109 23.082789306142576 8.093887980316891
45.56411727867327 8.019035610120385 46.43588272132673 17.980964389879617
25.56241833215825 85.70651513441362 20.43758166784175 94.29348486558638
34.491043095868285 58.675056618496626 39.508956904131715 67.32494338150337
48.443764244792426 88.3750189205612 41.556235755207574 95.6249810794388
80.09076550861292 56.05162417334927 89.90923449138708 57.94837582665073
6.0069863988655054 34.99476972154859 11.993013601134495 43.00523027845141
47.33347003541475 71.27334231207212 40.66652996458525 78.72665768792788
37.87235470322396 55.636193251506576 34.12764529677604 46.363806748493424
67.98895307247997 64.6678144485493 58.01104692752003 65.3321855514507
92.85985486670744 82.89863069922131 87.14014513329256 91.10136930077869
70.6385505947756 29.40721643518506 75.3614494052244 20.59278356481494
95.98055945308282 15.440485566514171 86.01944054691718 14.559514433485829
21.559565917062248 23.488662579288512 14.440434082937752 30.511337420711488
49.98244262118008 78.01322844076445 56.01755737881992 85.98677155923555
17.721572318820698 60.54929586451358 22.278427681179302 69.45070413548642
48.928690896234265 26.092796120316695 41.071309103765735 19.907203879683305
31.011322349519844 16.0000128195763 30.988677650480156 25.9999871804237
55.68323250374978 46.24861959705448 46.31676749625022 49.75138040294552
5.994586062667557 87.90008148543954 4.005413937332443 78.09991851456046
22.78664692967522 59.692147080823176 31.21335307032478 54.307852919176824
75.98973378981736 79.9923208878424 70.01026621018264 88.0076791121576
54.240746060264605 72.84360911035746 51.759253939735395 63.15639088964253
71.03400154763813 60.95519191477309 78.96599845236187 67.04480808522692
55.40786069306925 14.478007360487192 62.59213930693075 7.521992639512808
45.65861829580581 43.48040418046897 54.34138170419419 38.51959581953103
26.077153808856014 93.10020608357365 33.92284619114399 86.89979391642635
25.69030410791958 41.267646867629836 16.30969589208042 44.732353132370164
57.17244914229927 33.30182668443729 66.82755085770073 30.69817331556271
82.75805846097143 24.05779933938841 81.24194153902857 33.94220066061159
86.4416258083542 27.945438068848354 95.5583741916458 32.054561931151646
58.68357764303351 22.431048122526523 63.31642235696649 13.568951877473477
75.98311061192209 71.4106198111994 66.01688938807791 70.5893801888006
84.74103531176115 48.380606981696985 93.25896468823885 53.619393018303015
59.4273117661605 80.7126610524168 64.5726882338395 89.2873389475832
57.0913103023739 51.951191596062195 66.9086896976261 50.048808403937805
26.54634645461211 63.64344352966641 31.45365354538789 72.35655647033359
73.66965989815075 92.4237444557426 78.33034010184925 83.5762555442574
14.271560168539871 11.781123386458496 7.728439831460128 4.218876613541504
2.426855527175849 65.71293485914029 7.573144472824151 74.28706514085971
42.01380789580952 56.98968122004367 47.98619210419048 65.01031877995632
17.926569105885868 54.853766270668345 8.073430894114134 53.146233729331655
48.99913058593743 36.093238322297665 39.00086941406257 35.906761677702335
87.85963783905883 82.51872214459036 92.14036216094117 73.48127785540964
89.31296937360614 96.3772481638212 96.68703062639386 89.6227518361788
15.567448389021589 40.63560028578081 22.43255161097841 33.36439971421919
40.18896771554791 88.27006419890553 31.811032284452093 93.72993580109447
40.05238440593493 3.72187251877612 49.94761559406507 2.27812748122388
19.228192691190053 72.66877997709946 10.771807308809949 67.33122002290054
12.915869318041992 17.086638708980193 3.0841306819580083 18.913361291019807
35.71107649292701 3.168988077750721 38.28892350707299 12.831011922249278
26.0008826346816 30.90605550696287 35.9991173653184 31.09394449303713
59.39145297933823 37.734383697401206 64.60854702066177 46.265616302598794
86.82510642735465 34.49779632316951 91.17489357264535 43.50220367683049
62.80805826251289 59.72536685044665 71.19194173748711 54.27463314955335
2.6955220592921787 96.54390834307365 11.304477940707821 91.45609165692635
35.38531067114643 69.39434784719133 30.614689328853576 60.60565215280868
90.04431180989687 2.9671465036670543 95.95568819010313 11.032853496332946
68.46356636844186 80.60606544746466 61.53643363155815 73.39393455253534
80.04143850325543 19.357607687621993 89.95856149674457 20.642392312378007
68.49704212757753 5.0247664252406 67.50295787242247 14.9752335747594
83.76990179853081 84.05963045707925 82.23009820146919 93.94036954292075
3.24735917716566 40.82591704676753 8.75264082283434 49.17408295323247
84.01974372266812 79.89490783775129 81.98025627733188 70.10509216224871
27.63758330482142 75.13109093564142 18.36241669517858 78.86890906435858
45.341035407961485 54.18504850474417 54.658964592038515 57.81495149525583
14.18627354914073 48.64795057179931 23.81372645085927 51.35204942820069
85.0105505756548 40.00793471603676 78.9894494243452 47.99206528396324
78.02576934572942 59.965944841197505 85.97423065427058 66.03405515880249
20.00757563370987 11.994307049728986 13.99242436629013 4.005692950271014
28.961594235499234 46.89098287343675 31.038405764500766 37.10901712656325
6.267896544922018 29.67262809403653 13.732103455077983 36.327371905963474
15.722368824118547 92.99228614265836 16.277631175881453 83.00771385734164
2.060909938655806 58.22193228705272 11.939090061344194 59.77806771294728
30.191883403176963 82.24009999614223 37.80811659682304 75.75990000385777
58.916406204919284 95.08953307131388 49.083593795080716 96.91046692868612
3.1797264229571347 25.328518965789492 12.820273577042865 22.671481034210508
41.226069439889876 47.820009943574576 34.773930560110124 40.179990056425424
51.134510589049775 12.638959932747056 54.865489410950225 3.3610400672529437
52.22555488052848 31.93965937660956 53.77444511947152 22.06034062339044
36.42546308993462 25.98186522891811 35.57453691006538 16.01813477108189
72.08717507538421 15.929597364493812 81.91282492461579 14.070402635506188
70.24573534218342 33.69765282275329 77.75426465781658 40.30234717724671
7.514431205619786 13.321763032861176 2.485568794380214 4.678236967138824
72.61743869610721 7.406897674937928 81.38256130389279 2.5931023250620724
26.060203632654268 15.000362460876266 25.939796367345732 24.999637539123732
48.98869843156844 83.33598803381463 39.01130156843156 82.66401196618537
67.97024514173185 25.45533199920423 58.02975485826814 26.54466800079577
