58.51667423027926 7.14468037188092 49.48332576972074 2.85531962811908
76.1722174676662 24.50349545055459 71.8277825323338 15.496504549445412
72.78581284594928 65.69084124961579 81.21418715405072 60.309158750384206
3.854753755606736 3.2041220389037837 12.145246244393263 8.795877961096217
3.2468120486323038 83.00609533404472 2.7531879513676962 92.99390466595528
50.80453801064955 94.13939205038878 45.19546198935045 85.86060794961122
90.97724343465906 84.52350467773196 81.02275656534094 85.47649532226804
41.78164048726332 73.1734921864999 48.21835951273668 80.8265078135001
5.333395555623552 33.22956507660442 10.666604444376448 24.770434923395577
96.96070919523503 95.37440885531309 87.03929080476497 96.62559114468691
88.85165554762698 16.791100315501588 79.14834445237302 19.208899684498412
35.98239579350599 81.5807958053003 26.01760420649401 82.4192041946997
50.457548300622385 84.47139744975767 57.542451699377615 91.52860255024233
86.39829228145116 37.66764359907413 79.60170771854884 30.332356400925867
78.37538732182588 2.580085583330411 69.62461267817412 7.419914416669589
21.23998747314574 36.19178766691526 14.760012526854261 43.80821233308474
62.09390336994911 90.9644769860413 71.90609663005088 89.0355230139587
44.41694557631239 42.65027162393693 37.58305442368761 35.34972837606307
95.70472885076673 8.307213409563035 86.29527114923327 11.692786590436965
21.00627256224561 30.250372277656613 30.99372743775439 29.749627722343387
80.31337489315348 41.74453559435882 73.68662510684652 34.25546440564118
13.481517795234884 62.023239948232174 12.518482204765116 71.97676005176783
45.211402254382655 60.004471090380726 44.788597745617345 69.99552890961928
33.903465949867424 95.02223638925825 24.096534050132572 96.97776361074175
17.39956958067435 84.62433430281007 8.60043041932565 89.37566569718993
38.100628191311856 95.00192391060008 47.899371808688144 96.99807608939992
46.366541942071514 35.87911320186347 55.633458057928486 32.12088679813653
35.974920805594444 14.499837048489647 26.025079194405556 15.500162951510353
8.151874476583744 76.8655097564587 5.848125523416256 67.1344902435413
66.06532142820492 71.80557271122261 75.93467857179508 70.19442728877739
7.385880789592875 62.80409558991465 4.614119210407125 53.19590441008535
90.52185601985522 64.23723250044362 87.47814398014478 73.76276749955638
67.98617215683443 66.37160089129206 58.013827843165565 65.62839910870794
70.51071881007783 37.43982395989107 63.48928118992217 44.56017604010893
74.11019047419266 81.84716249375688 65.88980952580734 76.15283750624312
72.95827464604433 95.3553973825728 63.04172535395567 96.6446026174272
90.59872579741264 49.52880818233323 83.40127420258736 56.47119181766677
43.71766840959192 46.65650757495665 36.28233159040808 53.34349242504335
83.85193313273128 94.18788505767806 76.14806686726872 87.81211494232194
82.72451234345641 74.83457663482595 85.27548765654359 65.16542336517405
66.00016702183333 20.999874739073316 71.99983297816667 29.000125260926684
18.62574497634719 79.42196056698869 27.37425502365281 74.57803943301131
56.0973997529649 84.01790488354166 65.90260024703511 85.98209511645834
17.70862923884416 18.23610859447188 24.29137076115584 25.76389140552812
61.711679291726675 50.168827290125705 64.28832070827332 59.831172709874295
95.59424693237877 41.01649074967087 96.40575306762123 50.98350925032913
39.66288955892129 89.81789743232028 42.33711044107871 80.18210256767972
20.507445616732525 53.835991217162295 11.492554383267473 58.164008782837705
16.44378902435797 31.98026618785175 15.55621097564203 22.01973381214825
16.022688639774604 92.03001556824746 23.977311360225396 85.96998443175254
28.81296977249734 44.34026389116176 25.18703022750266 53.65973610883824
28.10081974514069 20.999015931002432 37.89918025485931 19.000984068997568
84.67255215750242 29.495365262066542 93.32744784249758 34.50463473793346
46.282390388347146 8.580917000174933 37.717609611652854 3.4190829998250662
91.84326968498691 21.510932758122596 96.15673031501309 12.489067241877404
82.79640791833084 45.70736285173014 91.20359208166916 40.29263714826986
63.21526980363979 7.061964103115443 64.78473019636021 16.938035896884557
5.573187003676657 18.967037010010714 4.426812996323343 9.032962989989286
16.605652152808723 75.3853106711465 25.394347847191277 70.6146893288535
53.442002452432725 57.212450634491795 50.557997547567275 66.7875493655082
53.742086511482526 70.53885365871385 58.257913488517474 79.46114634128615
72.09832833231691 11.01328075815213 81.90167166768309 12.98671924184787
74.84676394007373 48.889533473011134 69.15323605992627 57.110466526988866
30.640557970277985 67.86151060284101 21.359442029722015 64.13848939715899
33.917806072195276 6.097124905493987 24.08219392780472 7.902875094506013
93.32419183185208 54.04588218550825 94.67580816814792 63.95411781449175
29.58735150932508 54.64871667004073 38.41264849067492 59.35128332995927
65.7897584418803 29.738446543102953 58.21024155811971 36.26155345689705
56.429098105360005 50.25318346284413 59.570901894639995 59.74681653715587
95.91089052197226 77.99920588703102 96.08910947802774 68.00079411296898
26.922303341654043 58.10649175523652 35.07769665834596 63.89350824476348
41.45418003539025 29.271625015782945 32.54581996460975 24.728374984217055
21.78696475667186 43.83097957774918 28.21303524332814 36.16902042225082
21.03001613775407 3.547046989768739 30.96998386224593 2.452953010231261
8.16626098129912 51.278658319915316 17.833739018700882 48.721341680084684
7.869179404670431 39.36252564932636 4.130820595329569 48.63747435067364
75.92398111478926 55.89587120697819 84.07601888521074 50.10412879302181
16.91614276798409 96.91188830719432 7.083857232015909 95.08811169280568
15.320219391678423 5.77877080801532 20.67978060832158 14.22122919198468
64.645935323667 36.57842790290236 57.35406467633299 43.42157209709764
33.4692696155746 36.02824726489263 34.5307303844254 45.97175273510737
95.2443806150868 30.642959173781424 86.7556193849132 25.357040826218576
50.53293856479766 40.02848348226103 49.46706143520234 49.97151651773897
42.67605446112335 12.010505106942997 43.32394553887665 21.989494893057003
40.449627455430125 64.64117844714848 35.550372544569875 73.35882155285152
47.00002782159585 14.0166797837046 56.99997217840415 13.9833202162954
48.01085165154648 22.329239665173457 57.98914834845352 21.670760334826543
55.99963753912373 27.060203632654204 46.00036246087627 26.939796367345796
34.562496098964786 86.95460777675011 25.437503901035218 91.04539222324989
86.08301406364642 2.1139999729616026 77.91698593635358 7.886000027038397
