95.35601685216409 20.95835514110308 96.64398314783591 11.04164485889692
76.38363848821878 40.59506474003831 67.61636151178122 45.40493525996169
44.967273488472664 11.428865960814282 35.032726511527336 12.571134039185718
31.954147463437298 32.90811599475972 30.045852536562702 23.09188400524028
16.63636846638083 71.01324031983114 17.36363153361917 80.98675968016886
21.92308530378795 86.999408377949 22.07691469621205 77.000591622051
89.92903286230349 74.44905557992837 94.07096713769651 83.55094442007163
67.53262016451298 77.22016774160367 70.46737983548702 86.77983225839633
18.14560074031424 12.356595711584344 21.85439925968576 21.643404288415656
69.41079184608473 71.72261749013504 74.58920815391527 80.27738250986496
73.04567102040463 36.60223839446782 76.95432897959537 27.397761605532185
60.59283193239691 63.9647306371978 59.40716806760309 54.0352693628022
96.6395788388442 89.8639496232863 87.3604211611558 86.1360503767137
67.03165084456178 39.596259522947506 70.96834915543822 30.403740477052494
76.28826815888354 22.42886091439892 67.71173184111646 27.57113908560108
14.98639181639489 65.98176949955862 23.013608183605108 60.018230500441376
35.19929302685714 85.14596083290093 32.80070697314286 94.85403916709907
40.70170944002713 64.7011550022146 31.29829055997287 61.2988449977854
44.674469098187 2.2253623890791605 35.325530901813 5.7746376109208395
21.765770321962087 70.3408085752201 30.234229678037913 75.6591914247799
63.42042834312265 93.7939945058431 60.57957165687735 84.2060054941569
36.88197725909273 79.92004720394756 27.118022740907275 82.07995279605244
46.25625976664226 56.419832730872116 55.74374023335774 59.580167269127884
81.26201251133095 88.21063667934568 74.73798748866905 95.78936332065432
55.99187669162958 79.89731430430193 58.00812330837042 70.10268569569807
69.83307096010472 59.8800838679639 64.16692903989528 68.11991613203611
48.283736857341005 7.303784414536502 51.716263142658995 16.6962155854635
50.7772015194118 24.1577820674702 45.2227984805882 15.842217932529797
9.505063682465137 69.9754435019991 10.494936317534863 60.024556498000905
20.478528439205512 7.134547943927862 29.521471560794488 2.8654520560721384
59.00277286814489 49.83350377586532 68.99722713185511 50.16649622413468
72.60789751671898 53.67336912696216 79.39210248328102 46.32663087303784
96.15793763188518 59.22303139208361 87.84206236811482 64.77696860791639
88.9093474646883 25.87959804156225 91.0906525353117 16.12040195843775
95.36080160992839 50.55389916012319 86.63919839007161 55.44610083987681
85.84003709575038 70.35088573099537 82.15996290424962 79.64911426900463
53.048820132416424 87.091308029678 54.951179867583576 96.908691970322
34.625493044691645 75.4215055023598 43.374506955308355 70.5784944976402
24.161704564956086 64.73869223294503 33.83829543504392 67.26130776705497
68.72818091614663 93.69184299833941 65.27181908385337 84.30815700166059
52.80036107278508 7.713490903065854 61.19963892721492 2.2865090969341457
17.134109429718944 86.07554738876509 18.865890570281056 95.92445261123491
43.88790759639599 76.84441488960773 52.11209240360401 71.15558511039227
11.608245836120881 35.940121211129494 2.391754163879119 32.059878788870506
54.040088261156455 28.90699189459595 55.959911738843545 19.09300810540405
76.08620367940193 61.92444887347919 85.91379632059807 60.07555112652081
76.7520349570302 73.80141066969173 83.2479650429698 66.19858933030827
43.864798010981325 60.15487675201821 34.135201989018675 57.84512324798179
30.37045503529547 87.19148120558593 27.62954496470453 96.80851879441407
35.01194841591106 45.008933490446495 40.98805158408894 36.991066509553505
9.060424960899981 44.95395992123091 2.939575039100019 37.04604007876909
16.52631961349018 29.232976443977265 25.47368038650982 24.767023556022735
9.715666481265806 14.770033599017264 16.284333518734194 7.229966400982736
43.093143750434216 51.039395114473585 52.906856249565784 52.960604885526415
86.9321894787218 15.179325310499978 77.0678105212782 16.820674689500024
87.0011261307936 35.89388666546886 96.9988738692064 36.10611333453114
42.41188544772284 32.655001736198926 35.58811455227716 25.344998263801074
10.393664189144511 52.266967733772105 15.606335810855489 43.733032266227895
9.738503355438977 85.94516054279387 8.261496644561023 76.05483945720613
86.8726378429913 49.83729923371942 79.1273621570087 56.16270076628058
44.43639283763359 23.70722486996306 49.56360716236641 32.29277513003694
82.00431914766051 10.792219294522846 91.99568085233949 11.207780705477154
55.70032642456958 11.243385261221714 62.29967357543042 18.756614738778286
53.336324176043064 46.48923535252584 44.663675823956936 41.51076464747416
25.478432501571543 31.776569693274006 16.521567498428457 36.223430306725994
96.84829270240218 79.92751453483916 95.15170729759782 70.07248546516084
55.99710735587517 64.82994684990209 46.00289264412483 65.17005315009791
55.941257020747315 33.04473877134867 62.058742979252685 40.95526122865133
66.94152623226263 9.443390981493241 71.05847376773737 18.55660901850676
86.62600596406857 45.422431871825566 95.37399403593143 40.577568128174434
30.829094456009095 42.865922662326255 37.170905543990905 35.134077337673745
31.94120926506813 7.923172164559558 24.05879073493187 14.076827835440442
48.46796317230712 37.887976753812715 57.53203682769288 42.112023246187285
2.9754545664652947 18.000060248193726 3.0245454335347053 27.999939751806274
2.809538515504262 82.9963711254193 3.190461484495738 73.0036288745807
17.59304852006813 57.659601291587656 24.40695147993187 50.340398708412344
2.0161582518427066 92.59835160983211 11.983841748157293 93.40164839016789
47.16903013086827 96.76028762412768 38.83096986913173 91.23971237587232
3.6561385921773244 68.81601874130125 6.343861407822676 59.18398125869875
62.72248576005906 25.007707355670142 63.27751423994094 34.99229264432986
11.716370400582164 2.802222987480029 6.283629599417836 11.197777012519971
73.88028362344103 11.632983217692406 70.11971637655897 2.3670167823075934
27.393439936002288 53.94412046354679 36.60656006399771 50.05587953645321
82.27003425489866 40.83601209586825 79.72996574510134 31.16398790413175
16.108170941502124 51.07888767881972 21.891829058497876 42.92111232118028
7.9815658413212365 29.574486151151707 12.018434158678764 20.425513848848293
79.02538120452714 4.503157867600329 88.97461879547286 3.4968421323996703
30.002174628155846 17.852549830278708 39.99782537184416 18.147450169721292
94.98869843156844 95.33598803381463 85.01130156843156 94.66401196618537
95.9038609142493 30.024219218421447 86.0961390857507 31.975780781578553
