53.99850732165241 3.1221660975363235 44.00149267834759 2.8778339024636765
70.12960972453257 12.899428544301223 63.87039027546743 5.100571455698778
86.02351538795713 11.48435617689941 95.97648461204287 10.51564382310059
19.28037393967302 39.77347940446402 12.71962606032698 32.22652059553598
17.910954730872604 96.93942728900113 8.089045269127398 95.06057271099887
40.6716007856316 84.78217454243018 31.328399214368403 81.21782545756982
79.4157952885791 93.0037366997847 88.5842047114209 96.9962633002153
53.951523495403016 85.06574745604163 62.048476504596984 90.93425254395837
26.904264735093623 21.97374915050904 17.095735264906377 20.02625084949096
69.9999732031853 94.98363028928729 60.00002679681469 95.01636971071271
60.66816423209392 14.208843194413456 51.33183576790608 17.791156805586542
52.595998820958634 91.96895780496861 43.404001179041366 88.03104219503139
74.72854131414698 80.00737442001957 75.27145868585302 89.99262557998043
92.99637117654878 66.19046014321277 83.00362882345122 65.80953985678723
79.77750512136176 13.93917865502517 78.22249487863824 4.06082134497483
29.161656779023094 53.261124449063935 38.83834322097691 50.738875550936065
79.7277059193011 78.007419912148 80.2722940806989 87.992580087852
23.764810194303415 10.65766200065466 32.235189805696585 5.342337999345339
94.59529853873657 20.97059162179422 85.40470146126343 17.02940837820578
48.094037072943436 48.03484314313859 57.905962927056564 49.96515685686141
45.08846179057233 66.08379230577538 46.91153820942767 75.91620769422462
2.436268878962304 87.03188091696933 3.563731121037696 96.96811908303067
23.662716284584544 84.28455998267634 20.337283715415456 93.71544001732366
14.165351849041183 53.870471246731015 7.834648150958816 46.129528753268985
26.230718116644944 81.16306111539592 31.769281883355056 72.83693888460408
26.487616932093125 56.84630572075159 35.512383067906875 61.15369427924841
29.429243816692324 32.01845909925137 28.570756183307676 41.98154090074863
42.727745809554946 22.16457144868265 45.272254190445054 31.83542855131735
18.564797680463098 85.78959228974617 21.435202319536902 76.21040771025383
91.49030188296942 92.58019451507039 84.50969811703058 85.41980548492961
3.3120633869095926 38.95244820430963 4.687936613090407 29.047551795690367
84.70132523329002 78.24250817918777 91.29867476670998 85.75749182081223
69.45461057918513 90.97016603139807 70.54538942081487 81.02983396860193
39.470800396889345 69.23873710184426 30.529199603110655 64.76126289815574
72.91959146274549 62.10690435020555 63.08040853725452 63.89309564979445
35.25973723488522 87.16129541105848 32.74026276511478 96.83870458894152
60.04903124740362 70.39633614102935 63.95096875259638 79.60366385897065
27.828407397793917 86.00294526957447 28.171592602206083 95.99705473042553
64.6796263881012 52.73833105508408 71.3203736118988 45.26166894491592
96.70281311041869 33.64006323432844 89.29718688958131 40.35993676567156
91.54370025892851 29.472651353371763 84.45629974107149 36.527348646628234
28.363187265923614 47.87082005257242 37.636812734076386 44.12917994742758
64.07107695728405 68.84007002028625 73.92892304271595 67.15992997971375
8.721750027638949 29.58777456011776 17.278249972361053 24.41222543988224
61.94375986865176 23.958431265496607 56.05624013134824 32.04156873450339
71.34298111856097 38.18006177634505 80.65701888143903 41.81993822365495
61.00712888316061 32.414319602101855 64.9928711168394 41.585680397898145
2.4213702488225244 73.03359409521812 3.5786297511774756 82.96640590478188
86.99356207435483 46.2536489888903 77.00643792564517 45.7463510111097
18.7649153195258 61.154944186899606 21.2350846804742 70.8450558131004
23.197134911684458 26.003887728783994 22.802865088315542 35.996112271216006
15.001772005731421 15.133104910915788 24.99822799426858 14.866895089084212
65.99464661099735 32.9999971341218 66.00535338900265 23.0000028658782
71.86165809414551 33.92519495337936 70.13834190585449 24.07480504662064
74.60854702066186 11.265616302598737 69.39145297933814 2.734383697401264
35.26630221498212 39.610001639787 44.73369778501788 36.389998360213
86.14458883267277 25.112640861274873 79.85541116732723 32.887359138725124
23.573004069660968 63.20795632169365 26.426995930339032 72.79204367830634
12.621643675847892 61.68601526679712 19.378356324152108 54.31398473320288
80.89237324258076 51.14914005574924 89.10762675741924 56.85085994425076
49.71186117364465 65.20069148770517 44.28813882635535 56.79930851229483
44.08185425540545 8.098977006438473 53.91814574459455 9.901022993561527
52.29279749888247 56.31410421037571 61.70720250111753 59.68589578962429
10.750725040373673 85.99378233351267 11.249274959626327 76.00621766648733
13.968807926595613 2.4423730739996463 4.031192073404387 3.5576269260003537
91.29380913544543 49.79565332012198 96.70619086455457 58.20434667987802
8.382460939164403 53.19491917324124 5.617539060835597 62.80508082675876
77.94783088381747 73.72039540888463 68.05216911618253 72.27960459111537
58.50721532078711 81.42222762257634 65.49278467921289 88.57777237742366
96.99999965858818 71.0018477332186 87.00000034141182 70.9981522667814
47.256771399761874 13.377044176855183 38.743228600238126 18.622955823144817
38.24123499371628 6.351995897269715 29.758765006283717 11.648004102730285
18.49448668843509 44.19079652352285 9.505513311564911 39.80920347647715
2.133729901263206 68.14865805448801 11.866270098736795 65.85134194551199
9.81993437730328 23.226158916280568 2.1800656226967203 16.773841083719432
2.003192615645953 9.178650395087358 11.996807384354046 8.821349604912642
71.26136719124106 17.40458184047149 80.73863280875894 20.59541815952851
48.899767573553994 95.00386862053804 39.100232426446006 96.99613137946196
37.83308855632358 25.069892145467538 36.16691144367642 34.930107854532466
63.732731801143885 45.61283901814203 54.267268198856115 42.38716098185797
75.41091376355789 53.6454640010279 66.58908623644211 58.3545359989721
61.82518928518434 18.78007345852255 54.17481071481566 25.21992654147745
24.25133932018716 49.993678858930345 23.74866067981284 40.006321141069655
46.4579969282658 41.090504268437904 55.5420030717342 36.909495731562096
34.6845942107555 76.47467370936842 43.3154057892445 81.52532629063158
17.174714787843552 5.3101994586109065 26.825285212156448 2.6898005413890935
32.19407195403948 16.00376781197518 31.805928045960517 25.99623218802482
3.9805950553990623 52.90290050249104 2.0194049446009377 43.09709949750896
42.46460522904832 42.02874739736175 43.53539477095168 51.97125260263825
94.92783712170784 4.846416742460964 85.07216287829216 3.1535832575390357
