59.62272818331961 5.905356697089185 50.37727181668039 2.094643302910815
71.48107401724363 24.340998931232143 66.51892598275637 15.659001068767859
78.88228902021791 66.83627507251714 87.11771097978209 61.16372492748286
3.921610351798884 7.060010510946989 10.078389648201115 14.939989489053012
4.681120324644992 87.04660973641734 3.3188796753550083 96.95339026358266
51.086455689890784 93.93367401729488 44.913544310109216 86.06632598270512
95.99084087936752 85.69749823664324 86.00915912063248 86.30250176335676
46.96104277237377 69.43462450351444 51.03895722762623 78.56537549648556
2.5584083771137194 37.363327898181794 7.44159162288628 28.636672101818206
96.8253664548147 89.69009978366711 87.1746335451853 92.30990021633289
85.99922565567815 19.087993429353425 76.00077434432185 18.912006570646575
34.99399066801901 81.7549342787352 25.00600933198099 82.2450657212648
46.80132164709365 81.28502300399514 55.19867835290635 86.71497699600486
85.4861539758675 37.33809156292006 80.5138460241325 28.661908437079934
75.83325769447463 2.7896829677193753 68.16674230552537 9.210317032280624
16.434853616946338 35.3665745321872 9.565146383053664 42.6334254678128
57.11148303658888 92.04995328393301 66.88851696341112 89.95004671606699
45.41694557631239 45.65027162393693 38.58305442368761 38.34972837606307
93.50201147291986 5.824708594762999 84.49798852708014 10.175291405237001
30.10692048693607 33.02848085973151 39.89307951306393 30.971519140268494
81.90381332747529 41.070364622386656 76.09618667252471 32.929635377613344
12.220394395530509 60.00485973065633 11.779605604469491 69.99514026934366
47.38561491854969 54.01489206389752 46.61438508145031 63.98510793610248
35.317989446173854 89.4790939837568 26.682010553826146 94.5209060162432
19.84360911035749 77.75925393973549 10.15639088964251 80.24074606026451
36.009403196607614 93.69349788586426 45.990596803392386 94.30650211413574
43.547949155676505 35.27579508733947 52.452050844323495 30.724204912660532
34.98289214817381 15.586737565622288 25.01710785182619 16.413262434377714
5.898826406250526 79.62541438996828 2.1011735937494738 70.37458561003172
61.096441583239255 77.97729977663704 70.90355841676075 76.02270022336296
7.354423606192629 63.410973756734776 2.6455763938073713 54.589026243265224
88.60474598798066 72.26451794280034 85.39525401201934 81.73548205719966
71.99770025416314 70.84836830958646 62.00229974583686 71.15163169041354
74.11934699466876 38.09235693456388 67.88065300533124 45.90764306543612
80.4664388162321 87.24742615025615 71.5335611837679 82.75257384974385
67.99116174376653 95.70283935731419 58.00883825623347 96.29716064268581
85.37451274106978 56.57850494978451 76.62548725893022 61.42149505021549
41.72563241364663 48.80823092887038 36.27436758635337 57.19176907112962
80.43055772444265 95.31736019003985 71.56944227555735 90.68263980996015
79.72451234345641 79.83457663482595 82.27548765654359 70.16542336517405
60.9308120990722 22.05283828190453 67.0691879009278 29.94716171809547
24.224886860192754 78.2784936757076 31.775113139807246 71.7215063242924
56.226913603391736 82.51082363350973 65.77308639660826 85.48917636649027
14.91012680398505 12.069009840695559 21.08987319601495 19.930990159304443
60.62755991950923 48.192047397752084 63.37244008049077 57.807952602247916
95.98360643053653 41.09770274363058 94.01639356946347 50.90229725636942
40.433036814702255 88.96775127663584 41.566963185297745 79.03224872336416
20.95902439046077 48.94612936165647 13.040975609539231 55.05387063834353
15.617327463475617 27.961744330660213 14.382672536524383 18.038255669339787
10.243740371779886 89.30007781808304 17.756259628220114 82.69992218191696
30.81471602532924 46.867522087566016 25.18528397467076 55.132477912433984
26.119001146088394 22.08436626105462 35.880998853911606 19.91563373894538
87.43445274936899 31.961427386072394 96.56554725063101 36.038572613927606
52.41159628034039 8.353256947145127 43.58840371965961 3.6467430528548723
89.4583229999513 21.30579586457875 94.5416770000487 12.694204135421248
82.70549828422988 47.76115121269907 89.29450171577012 40.23884878730093
63.73573394162498 2.0069885389285425 64.26426605837501 11.993011461071458
7.237446307753087 23.47144652432768 2.7625536922469123 14.528553475672322
12.605652152808721 75.3853106711465 21.394347847191277 70.6146893288535
53.94015377283837 55.11361831466562 56.05984622716163 64.88638168533438
51.22077236928877 67.32727605800281 54.77922763071123 76.67272394199719
70.08185425540546 13.098977006438467 79.91814574459454 14.901022993561533
76.62773735273736 42.74617861152717 71.37226264726264 51.25382138847283
25.536774309404272 68.10182750613113 16.463225690595728 63.89817249386888
32.716018936408055 6.3389264340672185 23.283981063591945 9.661073565932782
90.51755637984105 56.659784144454086 95.48244362015895 65.3402158555459
29.333693366453115 59.2040093536668 38.66630663354688 62.7959906463332
63.61386819064295 32.544575756776155 56.38613180935705 39.455424243223845
58.59571656443572 56.20125140973193 61.40428343556428 65.79874859026808
91.28816309887078 81.69783082112717 94.71183690112922 72.30216917887283
25.872425712688635 62.17809806996662 34.12757428731136 67.82190193003338
38.999205360196896 26.089139029490948 29.0007946398031 25.910860970509052
18.855471211889103 41.796941387394455 27.144528788110897 36.203058612605545
19.05213538225403 3.7201636789352195 28.94786461774597 2.2798363210647805
7.358120188837547 50.858211995097015 16.641879811162454 47.141788004902985
5.787959632383092 40.33061028045757 2.212040367616907 49.66938971954243
65.92398111478926 62.89587120697819 74.07601888521074 57.10412879302181
20.967777404044128 96.56673420919209 11.032222595955872 95.43326579080791
11.56400600781888 2.367652923288407 18.435993992181118 9.632347076711593
59.78280398676855 41.845965578955195 54.21719601323145 50.154034421044805
34.12375050898785 37.07738008480231 35.87624949101215 46.92261991519769
93.33403299806565 28.493222407182742 84.66596700193435 23.506777592817258
51.61962232255014 38.03854172874571 50.38037767744986 47.96145827125429
37.56196502746137 5.211257428326742 40.43803497253863 14.788742571673257
39.57291853804472 68.25385132210597 36.42708146195528 77.74614867789403
45.00249155349581 12.842173110278226 54.99750844650419 13.157826889721774
43.00376781197518 19.805928045960524 52.99623218802482 20.194071954039476
55.975365316535445 26.49572166284738 46.024634683464555 25.50427833715262
25.562496098964782 86.95460777675011 16.437503901035218 91.04539222324989
84.31900843836488 3.4808401977379466 75.68099156163512 8.519159802262052
