72.31962716848182 17.738993910435994 65.68037283151818 10.261006089564008
76.18142541051722 10.741474336243353 67.81857458948278 5.258525663756646
93.58486327937668 33.79555920221443 96.41513672062332 24.204440797785573
48.77361639611837 48.2802163488018 41.22638360388163 41.7197836511982
14.847855642283754 92.77595111552783 5.152144357716245 95.22404888447217
51.15096591780216 96.78737904656774 42.84903408219784 91.21262095343226
87.0017860110867 85.86637020904271 96.9982139889133 86.13362979095729
64.22266613064937 87.72406519609186 71.77733386935063 94.27593480390814
9.608840866292521 25.734092422729738 6.391159133707479 16.265907577270262
62.642026628825306 96.85784519733932 53.357973371174694 93.14215480266068
62.72783098360353 6.372850900968675 53.27216901639647 9.627149099031325
52.485579475570496 87.3384207576747 47.514420524429504 78.6615792423253
76.46761950495026 87.02842368976492 77.53238049504974 96.97157631023508
80.80188112061163 60.39353424913548 71.19811887938837 57.60646575086452
92.34406869539767 21.988147625406384 91.65593130460233 12.011852374593616
30.610469867734295 63.39416482680943 39.389530132265705 58.60583517319057
82.25106429908962 87.00630730643918 81.74893570091038 96.99369269356082
25.003387038090548 3.1840079043912506 34.99661296190945 2.8159920956087494
90.61041993075933 37.73355549736275 87.38958006924067 28.266444502637253
62.12561519262307 36.113720229506946 71.87438480737693 33.886279770493054
44.13051814158866 51.001703788818006 43.86948185841134 60.998296211181994
3.568300896906675 72.03240157716276 2.431699103093325 81.96759842283724
22.744758820553816 85.31429656741918 19.255241179446184 94.68570343258082
13.928178973113269 48.84442406938945 4.07182102688673 47.15557593061055
23.83705470248488 77.50795603793529 28.16294529751512 68.49204396206471
38.317081087432925 69.2477812755476 47.682918912567075 72.7522187244524
28.53089260866826 15.459830881715982 21.46910739133174 22.540169118284016
41.372593367543445 12.106033828734773 50.627406632456555 15.893966171265227
13.591972525866204 83.98332354762883 14.408027474133796 74.01667645237117
86.0589706079365 81.91971875424801 77.9410293920635 76.08028124575199
3.3986003019090676 35.963700071835135 4.601399698090932 26.036299928164865
86.04496794017983 74.94096070541833 93.95503205982017 81.05903929458167
77.18084874456665 82.74235369255234 68.81915125543335 77.25764630744766
63.616076157688966 69.92141638028187 54.383923842311034 66.07858361971813
64.4828443094014 51.78547817855242 55.51715569059861 56.21452182144758
32.39290624164341 84.6097836364589 27.60709375835659 93.3902163635411
64.59214328693295 80.34124165553342 71.40785671306705 87.65875834446658
35.908689697626095 79.04880840393776 26.091310302373905 80.95119159606224
76.48720399322438 39.76565297119752 79.51279600677562 30.234347028802482
96.99624512944828 57.806261499788114 87.00375487055172 58.193738500211886
95.948272529762 43.96172201424285 90.051727470238 52.03827798575715
27.00000056952636 45.997613524925086 36.999999430473636 46.002386475074914
56.12179774283418 61.09687863420814 65.87820225716582 58.90312136579186
32.1977625197857 36.39230570767522 41.8022374802143 33.60769429232478
45.75712625936568 20.460600846936202 36.24287374063432 23.539399153063798
70.37545270666337 45.099062775446605 79.62454729333663 48.900937224553395
87.50443810507792 8.231701982049618 84.49556189492208 17.768298017950382
8.640040356138568 77.04113436938306 7.359959643861432 86.95886563061694
80.45867761222242 55.26278455675006 71.54132238777758 50.73721544324994
35.70112377684073 65.79239612817632 30.298876223159265 74.20760387182368
41.835442596478686 5.727799191888545 32.164557403521314 8.272200808111455
14.143290157365684 21.182104522124877 21.856709842634316 14.817895477875124
77.20316346012412 20.665980973918224 80.79683653987588 11.334019026081776
85.37176090071935 35.80814642364993 82.62823909928065 26.19185357635007
83.9306623145772 5.829800662573974 74.0693376854228 4.170199337426026
44.33443274515715 37.23021881347875 49.66556725484285 28.76978118652125
91.40809723801732 43.34146570110123 84.59190276198268 50.65853429889877
42.90674667728115 78.37784497137133 39.09325332271885 87.62215502862867
12.621643675847892 61.68601526679712 19.378356324152108 54.31398473320288
84.02526436144032 69.4979986788421 93.97473563855968 70.5020013211579
48.48803477921055 68.20398362530135 39.51196522078945 63.79601637469865
51.05645744784383 3.749257655964429 60.94354255215617 2.250742344035571
62.341382021637905 41.81584099845815 71.65861797836209 38.18415900154185
19.435464478111186 73.2922205857773 24.564535521888814 64.7077794142227
19.976164708936857 4.487631817595354 10.023835291063142 3.5123681824046464
84.00044913072847 64.06701571133915 93.99955086927153 63.932984288660855
29.599786706435435 50.52990840637157 22.400213293564565 57.47009159362843
72.39182726890107 72.67362324931928 65.60817273109893 65.32637675068072
54.25405876597726 80.82150664242556 59.74594123402274 89.17849335757444
80.90778301798004 66.9558586968934 71.09221698201996 65.0441413031066
34.67807895419751 15.61300498868254 27.32192104580249 22.38699501131746
23.996888266434247 28.176373616994603 14.003111733565754 27.823626383005397
14.010016153731659 40.99246825338342 7.989983846268341 33.00753174661658
7.280455299285972 68.65102932074574 16.719544700714028 65.34897067925426
25.87565681943354 39.159000509334916 18.12434318056646 32.840999490665084
4.037777384196817 9.613471035348377 13.962222615803183 8.386528964651623
61.77800896823752 26.678580170111996 70.22199103176249 21.321419829888004
43.39374063063373 96.38642897877108 34.60625936936627 91.61357102122892
49.35569302474188 23.544814004150616 40.64430697525812 28.455185995849384
64.99748242330892 31.15864875895605 55.00251757669107 30.84135124104395
63.99271540295114 46.7301983967164 54.00728459704886 47.2698016032836
63.5645399773792 14.959173012010293 54.4354600226208 19.040826987989707
19.380377677450014 49.96145827125431 20.619622322549986 40.03854172874569
68.05772535543136 27.75757596163943 77.94227464456864 26.24242403836057
53.13482296726197 73.84672100508232 62.86517703273803 76.15327899491768
15.635012317222637 13.438623080593207 24.36498768277736 8.561376919406793
33.02469549148026 26.01864128923065 26.97530450851974 33.98135871076935
3.3733917213071054 64.2545186508349 8.626608278692895 55.74548134916511
52.1216220957926 33.91160904015154 57.8783779042074 42.08839095984846
96.4891926984614 9.581275514813633 89.5108073015386 2.4187244851863667
