87.68640813197942 10.742865118280015 78.31359186802058 7.257134881719986
58.3280639361026 58.42494274645655 53.6719360638974 49.57505725354345
75.38174724439492 43.682904502566885 68.61825275560508 36.317095497433115
31.364119838969167 30.873129769279412 40.63588016103083 27.126870230720588
3.462554577871898 54.028968676599035 4.537445422128102 63.971031323400965
24.400926175547085 79.96398132076011 25.599073824452915 70.03601867923989
95.08487882522365 76.11911504595925 92.91512117477635 85.88088495404075
57.77646828877743 63.06065824258707 56.22353171122257 72.93934175741293
23.74915250850945 29.632545460972803 32.250847491490546 24.367454539027197
77.41079184608473 62.722617490135036 82.58920815391527 71.27738250986496
88.78144981341298 38.93855608342325 87.21855018658702 29.061443916576746
72.91128293776518 65.06229007405453 63.08871706223482 66.93770992594547
80.53238049504965 84.97157631023508 79.46761950495035 75.02842368976492
75.98668055908544 31.364714959440025 66.01331944091456 30.635285040559975
68.93917865502519 2.2224948786383347 59.06082134497482 3.7775051213616653
3.729620130579846 38.05352100327388 2.270379869420154 47.94647899672612
71.95661088698424 85.43660642363508 76.04338911301576 94.56339357636492
14.969752003908754 62.89270774383163 17.030247996091244 53.10729225616837
95.88687656933313 23.05756200579581 86.11312343066687 20.94243799420419
22.3050284573776 60.17331369100553 19.6949715426224 69.82668630899447
50.82559972293367 65.93136746729463 49.17440027706633 56.06863253270537
34.915541577995334 87.38148287185474 31.084458422004666 96.61851712814526
11.381796096464 22.74030419871221 16.618203903536 31.25969580128779
91.96561881625344 95.5853458564557 82.03438118374656 94.4146541435443
19.91836039197957 83.10014942651206 10.081639608020431 84.89985057348794
52.21935750860179 71.00481408920348 51.78064249139821 80.99518591079652
21.666596965883407 14.505682830129839 30.333403034116593 19.49431716987016
56.19659428901953 28.844708695259982 49.80340571098047 21.155291304740018
8.115106895461274 52.99867486466336 7.884893104538725 43.00132513533664
38.53425741433398 12.751190724278974 47.46574258566602 17.248809275721026
26.002009490069547 63.997322547707455 33.99799050993045 70.00267745229255
70.78623529534993 47.51678175498387 75.21376470465007 56.48321824501613
71.92795992628072 61.154298536733386 62.07204007371928 62.845701463266614
85.9857993299202 43.588747216974205 82.0142006700798 34.411252783025795
92.92836049696952 50.843363985424084 83.07163950303048 49.156636014575916
66.83870022077123 76.88396051323686 61.16129977922877 85.11603948676314
46.941286932786824 73.95663120912556 41.058713067213176 82.04336879087444
29.7945530107946 86.33314029657544 26.2054469892054 95.66685970342456
69.86410943646568 71.84222653766574 60.13589056353432 74.15777346233426
96.23000595553043 69.3340949724011 87.76999404446957 74.6659050275989
45.1968913829095 10.610702475194408 54.8031086170905 13.389297524805592
16.09712858078531 75.1340730308481 7.902871419214692 80.8659269691519
84.52480143548264 79.65564825708009 89.47519856451736 88.34435174291991
5.552199831472665 26.78579927201426 8.447800168527335 17.21420072798574
85.96199876697257 3.6152789908347907 76.03800123302743 2.3847210091652093
93.40067952798564 39.262682823813066 96.59932047201436 48.737317176186934
43.08570218071769 94.61903278393767 46.91429781928231 85.38096721606233
39.03093589394284 86.00009570386933 38.96906410605716 95.99990429613067
11.41850749826158 72.34025457756334 2.5814925017384214 67.65974542243666
30.80623206902171 81.84705684947008 37.19376793097829 74.15294315052992
27.580925978868436 56.48955142301487 20.419074021131564 49.51044857698513
6.009462085577521 11.307459468404755 15.990537914422479 10.692540531595245
58.19516986915667 23.616668003066472 67.80483013084333 26.383331996933528
52.21609342388391 38.15014260164422 49.78390657611609 47.84985739835578
94.86449046453912 14.998163379262344 95.13550953546088 5.001836620737656
80.55901035143842 56.29551696786674 75.44098964856158 47.70448303213326
35.046606711677875 39.936830625181436 26.953393288322125 34.063169374818564
17.715611936471557 41.66222864390161 8.284388063528443 38.33777135609839
22.931337245583343 92.82578021913974 13.068662754416657 91.17421978086026
69.61059236877345 54.934538190113614 60.389407631226554 51.065461809886386
16.96286629378626 16.050160777575684 25.03713370621374 21.949839222424316
59.78859970060063 13.695200830776596 68.21140029939937 8.304799169223404
40.23597734194914 33.005571634902886 39.76402265805086 42.994428365097114
40.70269685089169 50.69842348329661 31.29730314910831 47.30157651670339
31.9583192213285 7.355740347837661 22.0416807786715 8.644259652162338
87.58439649662073 57.01730256507794 88.41560350337927 66.98269743492206
36.59978670643544 54.52990840637157 29.400213293564562 61.47009159362843
57.56185628131176 37.21129008558698 60.43814371868824 46.78870991441302
45.705872808811165 22.557367848825653 50.294127191188835 31.442632151174347
96.6075127149228 63.96295560137375 95.3924872850772 54.03704439862625
37.42512742745718 65.74550064590159 40.57487257254282 56.254499354098414
39.972805356523935 2.4792247258875997 30.027194643476065 3.5207752741124003
45.99882158815757 33.000000138865445 46.00117841184243 42.999999861134555
2.0003933863534495 3.937280714435847 11.99960661364655 4.062719285564153
5.109184336871026 96.87541896731348 2.890815663128974 87.12458103268652
17.852489840890776 36.207481516608034 26.147510159109224 41.792518483391966
50.3221242846492 95.71006720587255 53.6778757153508 86.28993279412745
75.91408491501247 70.38087898641726 72.08591508498753 79.61912101358274
15.229027446646615 6.495934789738071 24.770972553353385 3.5040652102619294
61.3571738471196 34.27759359738997 64.6428261528804 43.72240640261003
2.0072845970488533 33.26980160328354 11.992715402951147 32.73019839671646
96.78989761640952 36.93721194153042 95.21010238359048 27.062788058469582
44.88533585513588 59.125830958598755 47.11466414486412 68.87416904140125
68.95963554152783 20.634046761062617 59.040364458472176 19.365953238937383
2.5350464113486324 82.97833487829016 3.4649535886513676 73.02166512170984
44.020507964205194 3.452392601018274 53.979492035794806 2.547607398981726
65.42434071042314 15.015773317044598 74.57565928957686 10.984226682955402
31.324829326760618 12.609849483789668 38.675170673239386 19.39015051621033
69.53694386665968 94.10146147972765 60.46305613334032 89.89853852027235
81.60687951175304 17.26524148084527 78.39312048824696 26.73475851915473
