52.51076155650885 9.560133886996331 45.48923844349115 2.4398661130036694
65.93261056019895 26.912253815002376 64.06738943980105 17.087746184997624
64.49912976586351 70.56986100622099 71.50087023413649 63.430138993779
2.019017411133923 2.564325294040391 11.980982588866077 3.435674705959609
4.420946456823026 74.0177511021138 3.579053543176974 83.9822488978862
51.63978604374787 93.8634337842388 42.36021395625213 90.1365662157612
84.8038126455405 72.75484833056663 77.1961873544595 79.24515166943337
47.20277038460782 79.33417041571842 50.79722961539218 88.66582958428158
11.389380703058668 20.45881891583744 18.61061929694133 13.54118108416256
95.3382886675563 91.48581001626282 86.6617113324437 86.51418998373718
96.99925118888083 18.913469366848368 87.00074881111917 19.086530633151632
31.894169630837546 81.97671918585978 22.105830369162454 84.02328081414022
53.34210397221633 79.76495705978184 58.65789602778367 88.23504294021816
82.03567547131138 40.95183391982944 73.96432452868862 35.04816608017056
77.14782821373018 3.207953956435559 68.85217178626982 8.79204604356444
11.115225456761154 40.1601198194246 2.884774543238846 45.8398801805754
70.1907725054459 91.63203402614504 79.8092274945541 94.36796597385496
46.09677695887502 41.99906333428883 45.90322304112498 32.00093666571117
92.60968757846184 12.063306831484512 83.39031242153816 15.936693168515488
11.215178144976022 35.451027158837796 20.784821855023978 32.548972841162204
64.68348936354009 37.75069340022942 55.31651063645991 34.24930659977058
17.170697942566413 71.24223302799669 8.829302057433587 76.75776697200331
42.47255831736442 44.02238122826891 41.52744168263558 53.97761877173109
31.866355432989078 93.85170352268341 22.133644567010922 96.14829647731659
14.978071690888733 89.53223698268013 5.021928309111266 90.46776301731987
35.93015525700748 91.09545807950099 44.06984474299252 96.90454192049901
30.172072743716562 34.30043008579296 39.82792725628344 31.699569914207036
33.576871998239504 14.986981691158492 24.423128001760496 19.01301830884151
8.853338716471814 70.99784858393228 9.146661283528186 61.002151416067726
90.31219012433925 73.70651652749908 93.68780987566075 64.29348347250092
4.182498295515827 63.99666832720902 3.8175017044841737 54.00333167279098
78.70132523329002 58.24250817918776 85.29867476670998 65.75749182081223
67.99994765988123 78.02287790305557 58.00005234011877 77.97712209694443
70.91056180153844 47.93445821575705 65.08943819846156 56.06554178424295
85.73380561247066 96.68976738209533 82.26619438752934 87.31023261790467
65.99558773397104 93.78999239966583 56.004412266028964 94.21000760033417
88.56712882356666 51.0187729880467 89.43287117643334 60.9812270119533
35.6541172322842 51.01197783575521 36.3458827677158 60.98802216424479
73.99853161312342 81.87883188288265 64.00146838687658 82.12116811711735
70.13251701435681 73.14350749209352 79.86748298564319 70.85649250790648
79.27322557170818 14.007470802592664 78.72677442829182 23.992529197407336
21.363187265923614 73.87082005257243 30.636812734076386 70.12917994742757
68.00212974776703 87.14592101234825 77.99787025223297 86.85407898765175
6.677238732440672 14.512714672160147 15.32276126755933 9.487285327839853
57.208992855980746 56.851472656226846 62.791007144019254 65.14852734377315
94.23696243941139 32.189216069384166 87.76303756058861 39.810783930615834
43.6262156121178 77.44246428223056 36.3737843878822 70.55753571776944
19.01171880345739 48.01568898370388 10.988281196542607 53.98431101629612
11.997350982949559 28.998011865966134 18.00264901705044 21.001988134033866
17.407804675137402 92.97781245276444 26.592195324862598 89.02218754723556
21.750254785808114 43.53472884684248 26.249745214191886 52.46527115315752
22.48803016421663 26.154559862473313 31.51196983578337 21.845440137526687
73.79016472761558 25.1663388876745 80.20983527238442 32.8336611123255
72.53080475899093 18.540256735589534 65.46919524100907 11.459743264410466
96.9923056871019 12.900543788534616 95.0076943128981 3.099456211465384
83.57624292131547 35.643883569237296 90.42375707868453 28.356116430762707
62.54262165987388 4.243917745193219 59.45737834012612 13.756082254806781
3.746184925393079 23.944007287324332 2.253815074606921 14.055992712675666
8.14152743249473 86.17996689382284 15.85847256750527 79.82003310617716
46.63052101508807 61.01367015935483 47.36947898491193 70.98632984064517
51.47402662966369 65.45493134175385 58.52597337033631 72.54506865824615
73.44099266323305 12.51190358307842 80.55900733676695 5.4880964169215805
75.63916936351468 53.57123253286897 68.36083063648532 60.42876746713103
21.724023957813536 68.33641207910995 14.275976042186464 61.663587920890045
42.968807926595616 8.442373073999645 33.031192073404384 9.557626926000355
93.8457403017039 44.002380171973705 94.1542596982961 53.997619828026295
33.02785732517604 65.47293527798334 42.97214267482396 66.52706472201666
71.81307963939219 29.645649829302467 62.18692036060782 32.354350170697536
48.18282178922871 51.34190346275455 51.81717821077129 60.65809653724545
89.34883689311654 83.23926104182085 94.65116310688346 74.76073895817915
21.377044176855204 57.74322860023811 26.622955823144796 66.25677139976189
50.92436440587256 22.13360794199426 41.07563559412744 23.86639205800574
20.109017126563238 37.96159423549931 29.890982873436762 40.03840576450069
28.008197100588237 3.286188422939009 37.991802899411766 2.713811577060991
7.705957831455223 47.56148430695159 16.294042168544777 42.43851569304841
3.864148216646878 30.075241339957255 2.135851783353122 39.92475866004275
79.48304224257038 50.14408316480411 88.51695775742962 45.85591683519589
12.916142767984091 96.91188830719432 3.083857232015909 95.08811169280568
21.318996193005198 4.616183962906706 28.681003806994802 11.383816037093293
60.41016662208191 42.61923558567659 55.58983337791809 51.38076441432341
30.77413811027352 52.0602924999326 29.22586188972648 61.9397075000674
93.90962252468918 24.946364974555095 84.09037747531082 23.053635025444905
55.33529477943255 41.508972265223676 46.66470522056745 46.491027734776324
51.42063780583167 16.508844563334588 58.57936219416833 23.491155436665412
34.997890713591474 76.85478149223967 25.00210928640853 77.14521850776033
25.174714787843552 31.310199458610906 34.825285212156444 28.689800541389094
37.49747755266336 20.17423356869258 46.50252244733664 15.825766431307422
40.6975621997323 39.634285547003316 33.3024378002677 46.365714452996684
42.663290914524424 84.19619351189935 33.336709085475576 87.80380648810065
91.7750001854771 7.516971602195779 82.2249998145229 10.48302839780422
