77.3934547168786 25.389917370321633 72.6065452831214 16.610082629678367
75.81615602226407 11.230627371539116 68.18384397773593 4.769372628460884
94.69989924055284 37.99098582788804 95.30010075944716 28.00901417211196
49.535607730628485 43.53546007969544 42.464392269371515 36.46453992030456
11.322664338459184 91.48711858277927 2.677335661540816 96.51288141722073
56.72264081737209 96.33795526405542 49.27735918262791 89.66204473594458
87.00915912063246 90.30250176335672 96.99084087936754 89.69749823664328
62.951523495403016 87.06574745604163 71.04847650459699 92.93425254395837
9.934325414873172 25.911927933013885 8.065674585126828 16.088072066986115
66.95011085210353 96.06539137078674 59.04988914789646 89.93460862921326
63.69871324463461 8.290586695765102 54.30128675536539 11.709413304234898
54.92545166594107 88.0548406319167 49.07454833405893 79.9451593680833
75.86570504781254 87.13036192705843 78.13429495218746 96.86963807294157
68.92123990697678 56.883967068379334 59.07876009302322 55.116032931620666
89.53362356284757 31.78014018043029 92.46637643715243 22.21985981956971
19.320058565582656 65.38497134984307 26.679941434417344 58.61502865015693
80.86489024411668 86.13055179285183 83.13510975588332 95.86944820714817
24.003387038090548 3.1840079043912506 33.99661296190945 2.8159920956087494
91.06885127661823 50.99952592769635 90.93114872338177 41.00047407230365
59.328052268438036 35.78126482970753 68.67194773156197 32.21873517029247
39.26059024923398 45.054974901937086 40.73940975076602 54.945025098062914
3.568300896906675 77.03240157716276 2.431699103093325 86.96759842283724
19.0673668242258 87.44741892833412 14.932633175774198 96.55258107166588
11.942165619649902 44.75828687707917 2.057834380350097 43.24171312292083
21.305841987193208 83.36945048582338 28.694158012806792 76.63054951417662
29.23179482255874 70.49526766970921 38.76820517744126 73.50473233029079
30.09199433209276 17.12674707237238 21.90800566790724 22.87325292762762
40.55527207522776 10.709935879773266 49.44472792477224 15.290064120226734
16.853338716471814 83.99784858393228 17.146661283528186 74.00215141606772
90.15839470774797 85.77628410912385 81.84160529225203 80.22371589087615
2.3120633869095926 31.952448204309633 3.6879366130904074 22.047551795690367
86.32340749783702 74.23096563947645 95.67659250216298 77.76903436052355
76.9907725109149 83.00690401531604 71.0092274890851 74.99309598468396
60.91468874683733 68.9196926234947 51.08531125316267 67.0803073765053
55.69878158421978 50.63562564624021 48.30121841578022 57.36437435375979
27.91010266701295 86.93412955599368 22.08989733298705 95.06587044400632
63.00857956877657 80.98859452394531 70.99142043122343 87.01140547605469
42.85218098724475 78.79321100973675 33.14781901275525 81.20678899026325
75.48720399322438 41.76565297119752 78.51279600677562 32.23434702880248
85.97458520314807 61.50348987737622 76.02541479685193 60.49651012262378
96.2890125799486 52.23404776332203 89.7109874200514 59.76595223667797
26.04899235341246 50.301771324398885 35.95100764658754 51.698228675601115
53.04476150312378 61.66754133885168 62.95523849687622 60.33245866114832
21.197762519785698 47.39230570767522 30.802237480214302 44.60769429232478
42.996771903465664 18.995700688734978 35.003228096534336 25.004299311265022
68.30450585597097 42.632014989426594 75.69549414402903 49.367985010573406
91.97488015979643 13.981282787399746 86.02511984020357 22.018717212600254
8.11819154417994 74.0013971193058 7.881808455820059 83.9986028806942
72.80851879441408 53.37045503529539 63.191481205585916 50.62954496470461
36.929444892591874 56.387273863922644 33.070555107408126 65.61272613607736
43.42532760287445 2.6726677058835078 34.57467239712555 7.327332294116492
14.374657299253446 23.44338355431742 21.625342700746554 16.55661644568258
78.96142738607233 19.565547250630985 83.03857261392767 10.434452749369017
85.03302002035042 37.89212322387276 82.96697997964958 28.107876776127238
81.58345362228462 5.997987210260866 72.41654637771538 2.002012789739134
32.771641192434565 39.818075354103776 39.228358807565435 32.181924645896224
84.49775677871085 46.66857863116459 79.50224322128915 55.33142136883541
44.47204357068774 83.02233238681283 43.52795642931226 92.97766761318717
7.3132419432580456 63.377545711170804 14.686758056741954 56.622454288829196
84.00004305712457 70.02075016606612 93.99995694287543 69.97924983393388
47.18598361124668 73.73450931729519 38.81401638875332 68.26549068270481
46.26166819385207 7.596311903998358 55.73833180614793 4.403688096001642
59.44280027070842 41.05716567814669 68.55719972929158 36.94283432185331
23.435464478111186 72.2922205857773 28.564535521888814 63.7077794142227
18.616160231824338 5.921214385258311 9.383839768175662 2.0787856147416894
85.08804069851156 65.93416048970253 94.91195930148844 64.06583951029747
22.01262543648579 54.009500284495836 15.987374563514209 61.990499715504164
76.5927855829662 71.97644139526011 67.4072144170338 68.02355860473989
52.03913653748102 72.97094458261988 57.96086346251898 81.02905541738012
79.66723964538578 67.7935646329417 70.33276035461422 64.2064353670583
38.1136627413135 17.157856644936942 29.886337258686503 22.842143355063058
29.962959192435516 27.392516622268722 20.037040807564484 28.607483377731278
13.4741394343703 39.595880308151706 6.525860565629699 32.404119691848294
6.133729901263206 70.14865805448801 15.866270098736795 67.85134194551199
18.461782943322042 37.607777550421396 11.53821705667796 30.392222449578608
2.219692823124193 11.465831946271349 11.780307176875807 8.534168053728651
60.68709979128548 24.529603089354197 69.31290020871451 19.470396910645803
36.308101917291346 94.43538786797683 31.691898082708654 85.56461213202317
44.438724409804266 24.698321131476465 35.561275590195734 29.301678868523535
57.70386306110454 29.69519093389983 48.29613693889546 26.30480906610017
65.99356673255573 46.25355726673222 56.00643326744427 45.74644273326778
55.528227433769224 16.879821632961082 46.471772566230776 21.120178367038918
16.815155108199086 52.99658206837185 17.184844891800914 43.00341793162815
62.2643612976961 29.604283666077 71.7356387023039 26.395716333923
58.2271229699194 74.51015274080562 67.7728770300806 77.48984725919438
16.338101341096376 12.807401696943046 25.661898658903624 9.192598303056954
29.9547505253135 32.966459454380114 24.0452494746865 41.033540545619886
3.5234723397274443 61.343594219987054 8.476527660272556 52.656405780012946
43.8476544433495 32.21467661156467 52.1523455566505 37.78532338843533
95.20537661860119 8.70459007905494 86.79462338139881 3.29540992094506
