72.94636090396395 4.730420295266311 63.05363909603605 3.2695797047336894
60.50093056564302 35.97484357225477 59.49906943435698 26.025156427745234
85.91624226804997 46.91533316330019 84.08375773195003 37.08466683669981
7.019035610120405 12.435882721326962 16.980964389879595 11.564117278673038
9.334202990834715 26.578292592495714 4.665797009165286 35.421707407504286
41.18483953081491 75.99658226669472 40.81516046918509 66.00341773330528
93.66645446012319 70.1811146212973 96.33354553987681 79.8188853787027
51.19924997884344 68.85804402256717 56.80075002115656 77.14195597743283
12.517410652605111 21.65986749831282 17.48258934739489 30.34013250168718
93.20166369433441 85.06414555086394 94.79833630566559 94.93585444913606
83.37274384604619 30.424687867925524 74.62725615395381 25.575312132074476
66.59599882095864 73.96895780496861 57.404001179041366 70.03104219503139
72.06900193905435 80.05083329288342 77.93099806094565 71.94916670711658
89.03028008505493 33.90506302574788 90.96971991494507 24.094936974252125
73.78014018043027 11.466376437152523 64.21985981956973 8.533623562847477
2.511285719074632 16.023941484305112 3.488714280925368 25.976058515694888
77.14596083290093 90.80070697314287 86.85403916709907 93.19929302685713
16.400099986035116 52.963881543031114 17.599900013964884 43.036118456968886
86.32089117319822 21.51592914633494 77.67910882680178 16.48407085366506
32.14139989700699 74.89775604684846 37.85860010299301 83.10224395315154
53.231317254590394 47.47450816396251 48.768682745409606 38.52549183603749
25.76160229733521 83.83184060389326 20.23839770266479 92.16815939610674
22.02915763308599 34.9615117414871 29.97084236691401 41.0384882585129
77.98944824337417 95.3246632512163 68.01055175662583 94.6753367487837
27.47213558847968 71.65390455326022 22.52786441152032 80.34609544673978
52.567269719569204 78.03228371731437 51.432730280430796 87.96771628268563
38.21656252767698 31.54441559902012 47.78343747232302 34.45558440097988
44.70421523564958 13.205617666797673 39.29578476435042 4.794382333202327
17.809667764673602 87.93400832091399 16.190332235326398 78.06599167908601
70.21160044602986 40.56082325215468 79.78839955397014 43.43917674784532
18.431675333128087 74.28995435937695 23.568324666871913 65.71004564062305
68.75805846097143 50.05779933938841 67.24194153902857 59.94220066061159
96.9995854180974 64.93561329991473 87.0004145819026 65.06438670008527
80.21229713561156 35.693798960820686 71.78770286438844 30.306201039179314
95.9555486293059 58.05837130531861 88.0444513706941 51.94162869468139
72.01446289772532 87.98061866779143 63.98553710227467 82.01938133220857
63.7716325046378 68.28249725818006 56.2283674953622 61.71750274181994
35.54784907303185 51.24561641775567 32.45215092696815 60.75438358224433
77.93302290447471 67.18434993782385 68.06697709552529 68.81565006217615
88.77171737824422 70.1532153131078 91.22828262175578 79.8467846868922
67.96429360519905 19.402005803334006 64.03570639480095 28.597994196665994
12.865926969151968 84.09712858078525 7.134073030848033 75.90287141921475
79.02159981677963 86.53574617318613 88.97840018322037 87.46425382681387
6.86304687668224 7.808134408369982 15.13695312331776 2.1918655916300174
87.49658727987467 3.813518160498635 78.50341272012533 8.186481839501365
94.14036216094112 36.48127785540962 89.85963783905888 45.51872214459038
44.74717711147991 96.84049943807456 47.25282288852009 87.15950056192544
29.11819154417994 87.0013971193058 28.88180845582006 96.9986028806942
11.721100118491737 70.33967272470834 4.278899881508262 63.660327275291664
38.97041334035096 87.96014042781394 47.02958665964904 82.03985957218606
36.28429906904613 62.00808913948381 35.71570093095387 71.99191086051619
29.032392629630127 15.568222679806894 38.96760737036987 14.431777320193106
73.43445274936899 46.961427386072394 82.56554725063101 51.038572613927606
66.19786091675738 13.508963661849258 61.80213908324262 22.491036338150742
93.40909003908274 12.740148256779978 96.59090996091726 3.259851743220022
85.01644404387092 72.57536374706291 80.98355595612908 63.4246362529371
34.45620779586229 28.267644610624902 25.543792204137713 23.732355389375098
20.47788776675721 39.22452717410377 11.52211223324279 34.77547282589623
14.931337245583343 91.82578021913974 5.068662754416656 90.17421978086026
62.660425740731434 54.18880373368101 53.339574259268566 57.81119626631899
27.402768325900624 32.03392244948033 36.597231674099376 35.96607755051967
73.73141316088184 19.396316763331747 82.26858683911816 24.603683236668253
48.60348700829783 62.264091490091886 45.39651299170217 71.73590850990811
12.488511340568156 49.79698707548252 3.5114886594318433 54.20301292451748
59.39005083577883 14.393209907065735 50.60994916422117 9.606790092934265
83.06476638621338 59.1978346944983 92.93523361378662 60.8021653055017
36.7996501195295 40.857300492647525 31.200349880470498 49.142699507352475
68.09779616677254 35.07525046542721 61.90220383322746 42.92474953457279
40.234543648505 48.005504101819085 39.765456351495 57.994495898180915
95.38881936408661 50.9625052373055 96.61118063591339 41.0374947626945
31.69684723884751 69.21034618176708 26.30315276115249 60.78965381823293
47.9084937749915 18.04779788864458 38.0915062250085 19.95220211135542
41.28879198595386 37.30194006714854 44.71120801404614 46.69805993285146
21.03001613775407 5.547046989768739 30.96998386224593 4.452953010231261
19.116031610506827 63.921239669674385 20.883968389493173 54.078760330325615
4.716305219063439 45.57875144668439 13.28369478093656 40.42124855331561
57.1587674262804 87.6486409421974 60.8412325737196 78.3513590578026
83.43538786797687 78.69189808270873 74.56461213202313 83.30810191729127
23.053750277185703 10.731172811009479 32.946249722814294 9.268827188990521
55.461589674294395 33.02907309235253 56.538410325705605 42.97092690764747
7.018324234370309 16.57232422778718 16.981675765629692 17.42767577221282
96.44357097034752 30.980285613723872 95.55642902965248 21.019714386276128
46.55492898362688 53.24792720427421 43.44507101637312 62.75207279572579
53.79938743209097 5.402098526027071 44.20061256790903 2.5979014739729287
12.682544174620688 65.70840154409646 9.317455825379312 56.29159845590353
39.174714787843556 25.310199458610906 48.825285212156444 22.689800541389094
53.04524947468646 27.033540545619857 58.95475052531354 18.966459454380143
21.755432795035972 17.057397315969638 20.244567204964028 26.942602684030362
59.99649013243514 92.8126864754528 50.00350986756486 93.1873135245472
83.90426669032266 10.073623136356606 90.09573330967734 17.926376863643394
