43.081399225701176 21.5461827133597 38.918600774298824 12.453817286640302
48.77144603343756 21.67567951752666 45.22855396656244 12.32432048247334
85.60837479707381 12.390319660008569 94.39162520292619 7.609680339991431
5.79193721777791 33.667864716071186 2.2080627822220893 24.33213528392881
19.232332791404605 90.33779055241679 10.767667208595395 95.66220944758321
54.15096591780216 89.78737904656774 45.84903408219784 84.21262095343226
88.95911323467473 87.00016717555265 89.04088676532527 96.99983282444735
55.12161415711134 81.3662470258725 58.87838584288866 90.6337529741275
25.758375617967427 14.00584164668286 26.241624382032573 23.99415835331714
61.93585444913605 95.20166369433436 52.06414555086395 96.79833630566564
68.7813098559593 23.462558053995313 59.21869014404071 20.537441946004687
37.93581201847945 95.79859859643868 28.06418798152055 94.20140140356132
66.85985486670725 72.89863069922119 61.140145133292755 81.10136930077881
87.94909202638092 42.711679783619516 78.05090797361908 41.288320216380484
80.07458262961634 10.942961026140313 73.92541737038366 3.0570389738596875
40.823635679505024 55.34442775714561 37.176364320494976 64.65557224285439
74.33591767272658 95.80175915272152 83.66408232727342 92.19824084727848
45.73853090686871 37.45934496768437 50.26146909313129 28.540655032315627
83.59529853873657 16.97059162179422 74.40470146126343 13.029408378205778
40.00266353237175 46.16318158386532 49.99733646762825 45.83681841613468
59.26059024923398 52.054974901937086 60.73940975076602 61.945025098062914
6.25111731635668 76.31583418751508 9.74888268364332 85.68416581248492
27.25969580128778 77.38179609646397 18.74030419871222 82.61820390353603
9.414654143544388 55.96561881625344 10.585345856455612 46.03438118374656
16.983177817405455 78.5898807985122 13.016822182594545 69.4101192014878
37.975128129287405 70.98146636018525 32.024871870712595 79.01853363981475
33.73176995065859 43.00719991982152 34.26823004934141 52.99280008017848
36.240155266838094 31.05807365681295 37.759844733161906 40.94192634318705
7.902398829985213 70.87803973657269 10.097601170014787 61.12196026342731
95.78905474269582 87.26237094102652 88.21094525730418 80.73762905897348
16.385880789592875 49.80409558991465 13.614119210407125 40.19590441008535
79.06543490971725 66.80626755470053 88.93456509028275 65.19373244529947
69.90371922905659 67.97649256145685 60.0962807709434 66.02350743854315
56.39340200739933 69.61005389201908 51.60659799260067 78.38994610798092
92.67640999990802 51.98951796387592 93.32359000009198 42.01048203612408
40.691851940287066 82.62802294625266 33.308148059712934 89.37197705374734
70.04882013241642 48.091308029678 71.95117986758358 57.908691970322
48.69874372262822 58.0490650165764 47.30125627737178 67.95093498342361
74.12017402474132 71.09301726964021 67.87982597525868 78.90698273035979
96.01925403953223 38.999962928058736 95.98074596046777 29.000037071941264
89.46591559424536 16.241157174688322 92.53408440575464 25.758842825311678
18.543884449497973 64.26782587527659 27.456115550502027 59.73217412472341
63.02159981677963 89.53574617318613 72.97840018322037 90.46425382681387
2.2965315058281695 13.303714609998371 11.70346849417183 16.696285390001627
51.09323832229773 2.0008694140625707 50.90676167770227 11.99913058593743
84.65701888143897 22.819938223655097 75.34298111856103 19.180061776344903
54.504438105077924 58.231701982049614 51.495561894922076 67.76829801795039
2.4843663857690608 78.23524872134827 5.515633614230939 87.76475127865173
64.63544203045875 41.7249687157704 61.36455796954125 32.2750312842296
2.2781274812238794 41.05238440593493 3.7218725187761206 50.94761559406507
24.41314370336638 31.034559466965547 25.58685629663362 40.96544053303445
18.315114127197106 9.37958815603583 25.684885872802894 2.620411843964171
67.04070053778406 14.907111629236919 68.95929946221594 5.092888370763082
62.039395114473734 11.906856249565813 63.960604885526266 2.093143750434187
55.247420411928275 25.84189449656895 52.752579588071725 16.15810550343105
80.25057768092925 56.436994038682954 89.74942231907075 59.563005961317046
72.8845617630461 27.469556195510936 77.1154382369539 36.53044380448906
12.622155028628704 21.906746677281067 3.377844971371296 18.093253322718933
14.313038333468977 63.216661831661725 19.686961666531023 54.783338168338275
71.6343410909866 39.59504166578099 76.3656589090134 48.40495833421901
63.14527253056535 85.19650373903163 72.85472746943465 82.80349626096837
31.294935712135295 11.008706287373258 30.705064287864705 20.991293712626742
78.22540716833896 85.15952336434059 83.77459283166104 76.84047663565941
15.72176739642299 87.69420036136239 12.27823260357701 78.30579963863761
11.943824370679408 9.747395873601373 2.0561756293205926 8.252604126398627
93.47418534602518 66.23849922380394 96.52581465397482 75.76150077619606
27.129087824601065 46.129151954296084 24.870912175398935 55.870848045703916
78.97513858380314 62.502007959949914 69.02486141619686 63.497992040050086
41.59571656443572 66.20125140973192 44.40428343556428 75.79874859026808
87.89112183505554 69.96224897270929 78.10887816494446 72.03775102729071
21.29298414522771 40.00859135206852 20.70701585477229 49.99140864793148
45.96295919243552 6.392516622268723 36.03704080756448 7.607483377731277
27.425819793068772 71.28644331144639 32.57418020693123 62.71355668855361
3.4150231009772423 64.96566229496224 4.584976899022758 55.03433770503776
18.22510341273059 25.152410740572602 15.774896587269412 34.847589259427394
15.850169698897902 15.116886677643947 22.149830301102096 22.883113322356053
80.31995854863086 30.615137385918747 87.68004145136914 37.38486261408125
26.85858262918167 89.82016665628882 19.14141737081833 96.17983334371118
54.089968746358586 32.120249173168624 51.910031253641414 41.879750826831376
87.62995563110854 48.11227362841797 78.37004436889146 51.88772637158203
61.278838538781926 26.660395625295514 68.72116146121807 33.339604374704486
87.70113282583142 28.702747824514894 78.29886717416858 25.297252175485106
51.88857478088209 53.049684053286356 42.11142521911791 50.950315946713644
54.00006196725417 45.975106854321425 63.99993803274583 46.024893145678575
39.61149087240817 89.32331591073874 46.38850912759183 96.67668408926126
36.51472904192969 23.41490776285579 43.48527095807031 30.58509223714421
29.06519020398751 28.088164228592422 30.93480979601249 37.91183577140758
8.901628866928771 41.87786642437406 11.098371133071229 32.12213357562594
63.69352158564185 50.17370596080013 66.30647841435815 59.82629403919987
94.5221325509788 2.8668527497197824 85.4778674490212 7.133147250280217
