95.18336505040115 17.932859957377026 96.81663494959885 8.067140042622974
81.4249427464566 40.671936063897476 72.5750572535434 45.328063936102524
41.99814912458186 14.863965708582045 32.00185087541814 15.136034291417955
25.13220334241958 39.09582010478617 30.86779665758042 30.904179895213833
8.117102151916246 63.07856815653726 9.882897848083754 72.92143184346274
22.299627567008443 88.70199251266123 25.700372432991557 79.29800748733877
93.83506079334023 68.34891927776506 90.16493920665977 77.65108072223494
70.95479381849083 82.11046586696288 73.04520618150917 91.88953413303712
26.23766756362622 16.058456794031603 27.76233243637378 25.941543205968397
71.26309062493567 73.81558521741869 76.73690937506433 82.18441478258131
74.79115680558662 38.668164232093886 71.20884319441338 29.331835767906114
66.77629933729729 64.67383789452707 63.22370066270271 55.32616210547293
86.9460752775282 83.07058461926728 79.0539247224718 76.92941538073272
66.8967675652743 42.99893419284757 67.1032324347257 33.00106580715243
82.28385970377484 17.22955368080596 75.71614029622516 24.77044631919404
12.565146383053625 58.63342546781276 19.434853616946377 51.36657453218724
33.640614854144594 85.0129324932443 34.359385145855406 94.9870675067557
34.535552588376035 63.10446257226767 25.464447411623965 58.89553742773233
45.64278545703736 2.1440519404028735 36.35721454296264 5.855948059597127
14.812824505190804 70.26731608566425 23.187175494809196 75.73268391433575
55.21846331246526 96.9952250981419 54.78153668753474 87.0047749018581
46.93104793097219 81.82750607396858 37.06895206902781 80.17249392603142
49.04190550657249 58.3540131624841 58.95809449342751 59.6459868375159
80.93138059119437 85.38808401941691 77.06861940880563 94.61191598058309
58.9065603140026 80.87897424189613 61.0934396859974 71.12102575810387
66.15369427924843 79.48761693209313 61.84630572075157 88.51238306790687
50.365958515645154 4.274546748997785 53.634041484354846 13.725453251002214
52.68884824603979 24.70614402689169 49.31115175396021 15.293855973108311
3.8096677646736015 68.93400832091399 2.1903322353263985 59.06599167908601
25.09644158323925 3.977299776637042 34.903558416760745 2.022700223362958
62.00277286814489 50.83350377586532 71.99722713185511 51.16649622413468
75.94096070541829 52.955032059820134 82.05903929458171 45.044967940179866
96.61141519680722 62.06742402926679 87.38858480319278 65.93257597073321
89.51215043270474 21.97614336607074 90.48784956729526 12.02385663392926
96.74741944577465 51.4309210963496 87.25258055422535 54.5690789036504
83.91010266701295 63.934129555993685 78.08989733298705 72.06587044400632
51.43868610256392 77.01928172816237 50.56131389743608 86.98071827183763
30.717511753501093 80.77164034759367 37.28248824649891 73.22835965240633
14.120632917551571 63.908314663138356 23.87936708244843 66.09168533686164
68.45495625480478 95.97925845947105 67.54504374519522 86.02074154052895
55.07396662205058 3.8568518887930194 64.92603337794942 2.1431481112069806
14.70821007980055 75.16975375347477 17.291789920199452 84.83024624652523
44.042408249320395 76.05572700595991 51.957591750679605 69.94427299404009
23.573684194045274 32.02025070056675 14.426315805954726 27.97974929943325
55.28428371555597 30.69641540233544 58.71571628444403 21.30358459766456
78.17825740950477 57.67682261544255 87.82174259049523 60.32317738455745
69.31269804048185 68.21644496920923 74.68730195951815 59.783555030790765
43.70895387058998 51.31900224727822 34.29104612941002 54.68099775272178
28.784330067177716 85.32922209783364 25.215669932822284 94.67077790216636
19.970413340350955 56.96014042781393 28.029586659649045 51.03985957218607
15.815621825378933 35.23125828210806 8.184378174621067 28.76874171789194
12.41558567951552 19.99578188641365 21.58441432048448 16.00421811358635
11.522859232735026 9.592978163672019 18.477140767264974 2.4070218363279823
46.366588573317266 48.120771820377875 55.633411426682734 51.879228179622125
84.96838087909673 11.438580869380027 75.03161912090327 12.561419130619973
87.00590104426233 33.24284896602603 96.99409895573767 32.75715103397397
45.577409973753724 39.284502051253426 40.422590026246276 30.715497948746574
2.2463368721451915 54.17340860428174 7.753663127854809 45.82659139571826
10.993241193384204 85.58551955017055 7.006758806615797 76.41448044982945
94.62810620194035 47.107743943447076 85.37189379805965 50.892256056552924
44.53643363155822 27.39393455253527 51.46356636844178 34.60606544746473
71.48263791865146 2.8567688351476406 80.51736208134854 7.143231164852359
57.86361353625892 9.479396845824237 62.13638646374108 18.520603154175763
43.37910687995793 43.41317693796065 34.62089312004207 38.58682306203935
20.716018936408055 21.33892643406722 11.283981063591945 24.66107356593278
95.67580816814784 90.95411781449177 94.32419183185216 81.04588218550823
60.923264608724295 64.87261995879236 51.076735391275705 63.127380041207644
56.54457575677617 38.38613180935704 63.45542424322383 45.61386819064296
63.02136354035467 8.408159654282153 66.97863645964533 17.59184034571785
85.66894941013989 42.4983996453875 94.33105058986011 37.5016003546125
23.897047053840094 47.92067379590773 30.102952946159906 40.07932620409227
45.987950852823076 9.653090372255896 36.012049147176924 10.346909627744104
48.3970154183751 43.04742914563302 57.6029845816249 46.95257085436698
5.438367993920166 17.21135744557332 2.561632006079834 26.78864255442668
3.332844879099593 85.98890912790132 2.667155120900407 76.01109087209868
7.467405699648728 56.53847106942048 14.532594300351272 49.46152893057952
7.082024288506993 95.90195060904955 16.917975711493007 94.09804939095045
47.7938933400938 90.42076973637681 38.2061066599062 87.57923026362319
2.0809960810416888 43.91481757514348 3.9190039189583112 34.08518242485652
65.02404224355585 22.10598963186498 62.97595775644414 31.89401036813502
13.091089725022616 2.1254591911377627 4.908910274977383 7.874540808862237
72.13237596068461 20.870084669044637 69.86762403931539 11.129915330955363
31.002695226577718 48.16414932692784 40.997304773422286 47.83585067307216
81.92959736449373 35.912824924615805 80.07040263550627 26.08717507538419
19.275137697729704 46.9471784526887 20.724862302270296 37.0528215473113
13.016882813494258 14.022379439872264 20.98311718650574 7.977620560127736
83.06466039068161 3.19848709262236 92.93533960931839 4.80151290737764
35.00130702850012 20.114317875582454 44.99869297149988 19.885682124417546
88.8219662337776 88.77624844197574 81.1780337662224 95.22375155802426
95.88608430968587 24.938783660773396 86.11391569031413 27.061216339226604
