44.44809394695203 19.620862898950026 37.55190605304797 12.379137101049974
51.92124038150632 18.057875630604862 46.07875961849368 9.942124369395138
84.98378199103067 7.978253331137301 93.01621800896933 2.0217466688626984
5.039660577338976 28.890716295587712 2.9603394226610242 19.109283704412288
15.921431843462733 95.1171021519162 6.078568156537267 96.8828978480838
51.60388012643754 92.46584016282756 44.39611987356246 85.53415983717244
83.0915225379075 87.08322578300874 84.9084774620925 96.91677421699126
55.72490380017447 80.54759196821098 60.27509619982553 89.45240803178902
25.391159133707603 13.26590757727022 28.608840866292397 22.73409242272978
64.82536645481471 93.69009978366711 55.174633545185294 96.30990021633289
74.95123848427065 28.69658988786612 65.04876151572935 27.30341011213388
38.855476249535656 93.80653848399074 29.14452375046434 96.19346151600926
69.18801124092055 72.26859709198311 60.81198875907945 77.73140290801689
88.66215400069245 47.806742946250885 79.33784599930755 44.193257053749115
71.93510232162095 16.04786046716229 66.06489767837905 7.95213953283771
33.77238226575132 47.00518367033827 34.22761773424868 56.99481632966173
68.06323227006386 96.7926691495581 77.93676772993614 95.2073308504419
47.97501425476537 37.571589737891685 52.02498574523463 28.428410262108315
87.44664309972902 14.286343181508911 78.55335690027098 9.713656818491089
45.05979975308022 46.7709873671687 54.94020024691978 45.2290126328313
51.955901920428516 50.03345655741057 58.044098079571484 57.96654344258943
15.307538046588393 78.00946692728115 14.692461953411607 87.99053307271885
29.681010048286616 83.24268815293365 20.318989951713384 86.75731184706635
10.892037411899542 59.91978345618703 9.107962588100458 50.08021654381297
25.452086948268573 79.35743842161091 20.547913051731427 70.64256157838909
34.58771980700163 69.25878224351014 31.412280192998363 78.74121775648986
28.470834584092998 47.028080454934134 29.529165415907002 56.971919545065866
42.10985551935529 33.00120696919075 41.89014448064471 42.99879303080925
7.902398829985213 85.87803973657269 10.097601170014787 76.12196026342731
92.2910447168203 93.44422255355532 87.7089552831797 84.55577744644468
8.443753602877784 44.980269344115136 7.556246397122216 35.019730655884864
80.0212128807566 68.46008566730116 89.9787871192434 67.53991433269884
65.95989069319928 63.63204771300525 56.040109306800716 62.36795228699475
61.86362645553856 69.82629701892843 54.13637354446144 76.17370298107157
96.9788183367145 49.90325551686953 95.0211816632855 40.09674448313047
41.69332325480019 71.78739868428633 36.30667674519981 80.21260131571367
69.62461896438876 46.19288787244557 72.37538103561124 55.80711212755443
43.00290662245761 57.00000084484548 42.99709337754239 66.99999915515451
75.09168533686187 69.12063291755163 72.90831466313813 78.87936708244837
95.58340528939314 35.982614659703714 96.41659471060686 26.017385340296283
92.63293133650545 8.19051735949788 95.36706866349455 17.809482640502118
18.50498411857568 67.18971053469247 27.49501588142432 62.810289465307534
69.14168388840262 91.18184794275463 78.85831611159738 88.81815205724537
2.240197225376492 13.46889662442853 11.759802774623509 16.53110337557147
61.61527899083486 5.038001233027437 60.38472100916514 14.961998766972563
92.35841064767378 23.450358468927327 83.64158935232622 18.549641531072673
51.5669631852979 57.03224872336418 50.4330368147021 66.96775127663582
2.595047800930106 83.01642560841434 3.404952199069894 92.98357439158566
60.35162468496686 30.710338525137676 53.64837531503314 23.289661474862324
3.1482387785287127 39.00219795664731 2.8517612214712873 48.99780204335269
29.63182462967736 29.040080883992857 28.36817537032264 38.95991911600714
16.001655730692875 7.871335453661087 25.998344269307125 8.128664546338914
75.90738544417448 22.99914218081955 76.09261455582552 13.00085781918045
68.78559850913888 23.67029313471446 65.21440149086112 14.32970686528554
53.909142073838 11.621166145238835 50.090857926162 2.3788338547611643
85.81694603245347 59.2610112259096 94.18305396754653 64.7389887740904
83.1292087123753 32.07641162023094 84.8707912876247 41.92358837976906
17.976283998768448 21.51358704416812 8.023716001231552 22.48641295583188
16.166982395193294 60.65188633357143 19.833017604806706 51.34811366642857
74.51831058257517 43.224584157343855 77.48168941742483 52.775415842656145
62.19743081350364 83.60883889900714 71.80256918649636 86.39116110099286
32.77158776194621 10.005219939826453 33.22841223805379 19.994780060173547
79.37378234685112 81.89686853147327 88.62621765314888 78.10313146852673
13.884543772277931 73.63125196576136 10.115456227722069 64.36874803423864
22.976164708936857 3.4876318175953536 13.023835291063142 2.5123681824046464
94.32419183185208 81.04588218550825 95.67580816814792 90.95411781449175
24.178941678895622 42.00320303839009 23.821058321104378 51.99679696160991
78.99874461817797 61.11203678965797 69.00125538182203 60.88796321034203
47.67968015439246 73.17747415711487 50.32031984560754 82.82252584288513
89.9728022780137 72.47919533049168 80.0271977219863 73.52080466950832
20.32435395026135 38.17858043576094 17.67564604973865 47.82141956423906
44.972805356523935 5.479224725887599 35.027194643476065 6.520775274112401
26.404119691848358 69.47413943437036 33.59588030815164 62.525860565629635
3.111802675856664 65.9987498598821 2.888197324143336 56.001250140117904
23.309518921543447 20.174530054583315 20.690481078456553 29.825469945416685
10.712024734264471 9.428372476341039 19.28797526573553 14.571627523658961
87.17622675923356 31.344481643655108 90.82377324076644 40.65551835634489
28.019714194528092 89.02646711901325 19.980285805471908 94.97353288098675
56.00104330348952 32.41787978141562 51.99895669651048 41.58212021858438
91.36538867049357 51.56209480177626 82.63461132950643 56.43790519822374
67.26976542843258 32.37985158150605 76.73023457156742 35.62014841849395
91.63884398064744 27.865777726100028 82.36115601935256 24.134222273899972
47.82693894036351 52.304093733595245 38.17306105963649 49.695906266404755
62.080344910154786 38.10725490930499 71.91965508984522 39.89274509069501
38.078048934051836 87.89866160564378 45.921951065948164 94.10133839435622
36.357858165948045 26.142442681222253 45.642141834051955 29.857557318777747
34.72483501064357 34.16533824865486 37.27516498935643 43.83466175134514
14.158421950138187 39.928665781526554 15.841578049861813 30.071334218473442
59.69352158564185 46.17370596080013 62.30647841435815 55.82629403919987
82.44493202458557 2.7103320553377888 73.55506797541443 7.289667944662211
