76.91061061588957 23.065506837120186 71.08938938411043 14.934493162879814
77.22863388352751 13.668080860671784 68.77136611647249 8.331919139328216
96.13603429141804 43.99814912458186 95.86396570858196 34.00185087541814
51.99324038184896 43.00899173358299 44.00675961815104 36.99100826641701
11.407729384872745 90.63950817206894 2.592270615127255 95.36049182793106
53.60388012643754 96.46584016282756 46.39611987356246 89.53415983717244
87.04241801448896 92.64990834502757 96.95758198551104 91.35009165497243
62.339295656269044 88.59423375614396 69.66070434373096 95.40576624385604
13.415770803971018 29.98268347766194 12.584229196028982 20.01731652233806
65.15431947327144 96.7823784275324 56.84568052672856 91.2176215724676
62.97268588718918 8.478085191482805 53.02731411281082 9.521914808517195
52.85423937873598 89.10527923153504 47.14576062126402 80.89472076846496
74.64144932780869 86.01287242839416 75.35855067219131 95.98712757160584
65.97091443950012 61.538525426669224 56.02908556049989 60.461474573330776
88.88262730559863 30.52954002885541 93.11737269440137 21.47045997114459
15.379694934263334 64.44867963588986 22.620305065736666 57.55132036411014
79.78007953759408 85.15110383021008 82.21992046240592 94.84889616978992
21.00272279358549 2.8350135694973675 30.99727720641451 3.1649864305026325
90.24329027290851 44.99407747668256 89.75670972709149 35.00592252331744
65.39306353881496 31.94322835575334 74.60693646118504 28.05677164424666
44.652267371464085 45.04272783921204 43.347732628535915 54.95727216078796
2.7842005680132424 77.00465911021539 3.2157994319867576 86.99534088978461
17.744758820553816 85.31429656741918 14.255241179446182 94.68570343258082
15.577506324378358 43.011575464723144 6.422493675621641 38.988424535276856
23.445429487871806 82.06298023501253 32.554570512128194 77.93701976498747
29.52589133779368 69.76788179552014 38.47410866220632 74.23211820447986
37.56505537547936 9.960326148913268 28.43494462452064 14.039673851086732
43.72584600673622 9.405465814087762 52.27415399326378 14.594534185912238
13.505063682465137 84.9754435019991 14.494936317534863 75.0245564980009
90.78905474269582 86.26237094102652 83.21094525730418 79.73762905897348
2.3986003019090676 34.963700071835135 3.6013996980909324 25.036299928164865
87.70164503912623 76.44575948071997 96.29835496087377 81.55424051928003
76.40395122581201 79.36753323116464 67.59604877418799 74.63246676883536
61.9668713264049 71.57462094195816 52.0331286735951 70.42537905804184
53.84716249375695 50.88980952580739 48.15283750624305 59.11019047419261
23.693323254800195 87.78739868428633 18.306676745199805 96.21260131571367
61.76130684758024 83.34792904325133 70.23869315241976 88.65207095674867
42.83208990930748 77.7882890966054 35.16791009069252 84.2117109033946
74.51109718266508 41.97603999533786 75.48890281733492 32.02396000466214
80.97056001282009 59.458212994845795 71.02943998717991 60.541787005154205
96.20224203216333 50.5111103787492 91.79775796783667 59.4888896212508
21.12868707108753 52.87291954652287 30.87131292891247 55.12708045347713
43.10339754492948 65.01157520580396 52.89660245507052 62.988424794196035
26.197762519785698 46.39230570767522 35.8022374802143 43.60769429232478
44.417540964649746 16.657921473212006 35.582459035350254 21.342078526787994
65.37545270666337 43.099062775446605 74.62454729333663 46.900937224553395
88.61330555909056 20.737297329765262 83.38669444090944 29.262702670234738
9.379636228416203 76.01443319831397 8.620363771583797 85.98556680168603
68.85341776567158 56.201805305306785 59.14658223432843 53.798194694693215
38.77414519550449 50.840178076616816 33.22585480449551 59.159821923383184
48.73491945907388 2.393594784594029 39.26508054092612 5.606405215405971
16.957955148058907 23.96811833477515 23.042044851941093 16.03188166522485
81.78519684484999 20.85018074861521 84.21480315515001 11.149819251384791
81.94748336355347 41.90940681506324 80.05251663644653 32.09059318493676
79.61762522494746 6.917690611628725 70.38237477505254 3.0823093883712747
37.11669326571896 39.08491643440225 42.88330673428104 30.915083565597747
83.82855697084551 47.7840784336383 76.17144302915449 54.2159215663617
40.38509939787048 86.01485221344845 39.61490060212952 95.98514778655155
5.086617021867591 59.11214293798719 12.91338297813241 52.88785706201281
86.01077524252608 70.67192025449704 95.98922475747392 71.32807974550296
45.985037038161515 74.01984764590549 38.014962961838485 67.98015235409451
48.41882672656585 7.0032102832135745 57.58117327343415 2.996789716786425
57.280847988900724 41.65215141441021 66.71915201109928 38.34784858558979
18.287230385679948 73.20010488197876 23.712769614320052 64.79989511802124
19.616160231824338 6.921214385258311 10.383839768175662 3.0787856147416894
79.29464996491038 65.69105914955155 88.70535003508962 62.30894085044845
14.659799890350689 57.59326185881728 7.340200109649311 64.40673814118271
71.22705721879828 71.6705780776838 62.772942781201714 66.3294219223162
51.03913653748102 74.97094458261988 56.96086346251898 83.02905541738012
81.41387020464416 71.34898910524389 72.58612979535584 66.65101089475611
34.50762590205291 15.836366776197568 25.492374097947092 20.16363322380243
33.999205360196896 26.089139029490948 24.0007946398031 25.910860970509052
14.830979577749122 38.21303524332821 7.1690204222508775 31.786964756671793
3.0012501401179046 71.11180267585675 12.998749859882096 70.88819732414325
24.63603554966921 36.24868409991613 19.36396445033079 27.751315900083867
4.333588678823039 16.795718625395274 13.66641132117696 13.204281374604724
56.97514183350232 22.96656648999764 65.02485816649768 17.03343351000236
35.24669059200746 95.80249920444045 28.75330940799254 88.19750079555955
47.39787853547563 21.62120526585358 38.60212146452437 26.37879473414642
57.70386306110454 29.69519093389983 48.29613693889546 26.30480906610017
70.99999338491482 49.991866685299186 61.00000661508518 50.008133314700814
66.45147580203599 11.72308032994398 57.54852419796401 16.27691967005602
22.114664144864253 46.87416904140122 19.885335855135747 37.12583095859878
61.4579969282658 27.090504268437904 70.5420030717342 22.909495731562096
60.55834295816392 75.70398546983954 69.44165704183608 80.29601453016046
20.24989821506147 11.560939791511446 29.75010178493853 8.439060208488554
32.72880237192416 35.66892917050197 25.271197628075836 42.33107082949803
2.2265112204763655 55.16025960606505 7.7734887795236345 46.83974039393495
49.66347501061506 31.511114503148065 58.33652498938494 36.488885496851935
91.95365333376152 12.060821019993885 84.04634666623848 5.939178980006115
