58.99805072062411 2.8603970126794485 49.00194927937589 3.1396029873205515
69.92124038150632 11.057875630604862 64.07875961849368 2.942124369395138
87.26001879883255 13.591407619869658 96.73998120116745 10.408592380130342
18.146683092468663 40.88566410225741 11.853316907531338 33.11433589774259
16.992346417833783 95.723454805968 7.007653582166217 96.276545194032
39.63978604374787 82.8634337842388 30.36021395625213 79.1365662157612
87.31760143308456 91.24639124644398 96.68239856691544 94.75360875355602
56.339295656269044 82.59423375614396 63.660704343730956 89.40576624385604
22.80073469667607 21.397478576626675 13.19926530332393 18.602521423373325
68.95359203107964 95.67965137359118 59.04640796892037 94.32034862640882
62.78173760132616 12.53884103805796 53.21826239867384 15.46115896194204
56.887252238451275 90.05582458663974 47.112747761548725 87.94417541336026
76.33901272732695 87.01150620219786 75.66098727267305 96.98849379780214
91.80188112061163 64.39353424913548 82.19811887938837 61.60646575086452
80.73360178360099 27.992898155410284 81.26639821639901 18.007101844589716
31.05633832878189 55.74847129572816 40.94366167121811 54.25152870427184
82.90211032581088 81.00095833067105 83.09788967418912 90.99904166932895
27.860141223730256 8.803849017429858 36.13985877626974 3.1961509825701415
96.6921336386878 23.727391651217047 87.3078663613122 20.272608348782953
51.13070914154735 51.86421545362272 60.86929085845265 54.13578454637728
48.08846179057233 72.08379230577538 49.91153820942767 81.91620769422462
2.5230603714084063 74.0227991209236 3.4769396285915937 83.9772008790764
24.0673668242258 82.44741892833412 19.9326331757742 91.55258107166588
14.731856214115194 52.327649199836095 7.268143785884806 45.672350800163905
25.527864411520476 78.34609544673987 30.472135588479524 69.65390455326013
33.56552860033441 59.6901377951168 42.43447139966559 64.3098622048832
29.689369259563748 26.047751013532483 28.310630740436252 35.95224898646752
45.413088885837276 25.034565946055444 46.586911114162724 34.965434053944556
16.07330859066298 89.91337389497899 17.92669140933702 80.08662610502101
95.23205793831511 89.81494449283005 88.76794206168489 82.18505550716995
2.379731053582854 35.73019328794039 5.620268946417146 26.269806712059616
91.40392112236071 75.72678406102908 96.59607887763929 84.27321593897092
68.28148652266071 90.94810452424782 69.71851347733929 81.05189547575218
37.470800396889345 67.23873710184426 28.529199603110655 62.761262898155735
70.98599534179125 63.62603415712671 61.01400465820875 64.37396584287329
36.26896173432325 87.05373039007007 37.73103826567675 96.94626960992993
57.0634354112185 65.95320022537382 62.9365645887815 74.04679977462618
30.87807704424188 86.12749665147956 33.121922955758116 95.87250334852044
65.81211494232183 52.85193313273118 72.18788505767817 45.14806686726882
96.52189303019331 39.450877645969946 89.47810696980669 46.549122354030054
96.15164235576069 29.213628569294137 87.84835764423931 34.78637143070586
30.396543786890433 50.951458658025565 39.60345621310957 47.048541341974435
69.01661607096605 68.40728935150103 78.98338392903395 67.59271064849897
8.721750027638949 29.58777456011776 17.278249972361053 24.41222543988224
55.87277641956658 28.907671122309175 50.12722358043342 37.092328877690825
73.77580425625338 38.324898073247866 82.22419574374662 43.675101926752134
64.17570216678563 34.0684147495802 65.82429783321437 43.9315852504198
8.682084842903846 81.01011724056681 9.317915157096154 90.98988275943319
85.90966395517326 48.94615001309118 76.09033604482674 47.05384998690882
17.886470873382912 63.00128905242466 18.113529126617088 72.99871094757535
21.197134911684458 26.003887728783994 20.802865088315542 35.996112271216006
19.032392629630127 15.568222679806894 28.967607370369873 14.431777320193106
62.90738544417448 29.99914218081955 63.09261455582552 20.00085781918045
73.34211478117868 33.98828201653626 72.65788521882132 24.01171798346374
77.24742041192827 11.841894496568951 74.75257958807173 2.158105503431049
32.212997608853755 43.44381720004997 41.787002391146245 40.55618279995003
87.53370212296403 27.462635259665813 80.46629787703597 34.53736474033418
21.656854101991986 59.18378166019602 24.343145898008014 68.81621833980398
13.49506160159148 59.56586691049477 20.50493839840852 52.43413308950523
80.65953518660844 52.51799169950829 89.34046481339156 57.48200830049171
49.877218298309636 65.15708382328582 42.122781701690364 58.84291617671419
44.05340500791653 7.27116669649722 53.94659499208347 8.72883330350278
51.14235995058748 57.81537636764093 60.85764004941252 60.18462363235907
12.837916525101203 82.99737220418538 13.162083474898797 73.00262779581462
14.9583192213285 3.355740347837661 5.0416807786715 4.644259652162339
90.98483155936476 50.42407428427124 95.01516844063524 59.57592571572876
9.653366520524395 54.76211773314073 4.346633479475605 63.23788226685927
81.68993028032413 76.73336492571495 72.31006971967587 73.26663507428505
56.32475592220767 75.60992906141296 63.67524407779233 82.39007093858704
94.66723964538578 71.7935646329417 85.33276035461422 68.2064353670583
49.30389266921444 12.247095360882312 42.69610733078556 19.752904639117688
40.774779247782725 4.721121894533301 33.225220752217275 11.278878105466699
20.66832430787958 46.79073955573127 11.331675692120418 43.20926044426873
2.133729901263206 69.14865805448801 11.866270098736795 66.85134194551199
9.2016843740901 21.840470956628536 2.798315625909901 14.159529043371466
7.018666053818084 10.56836112707994 16.981333946181916 11.43163887292006
67.26136719124106 17.40458184047149 76.73863280875894 20.59541815952851
51.916406204919284 93.08953307131388 42.083593795080716 94.91046692868612
41.08070755930135 26.45350068155001 36.91929244069865 35.54649931844999
63.78613601880007 48.44668656230179 54.21386398119993 45.55331343769821
74.32605463273998 53.49295965039474 65.67394536726002 58.50704034960526
57.52999819578263 20.458939037834654 50.47000180421737 27.541060962165346
26.94387907519661 54.91010104696492 25.05612092480339 45.08989895303508
50.74662071298734 41.628452898724206 59.25337928701266 36.371547101275794
34.6845942107555 74.47467370936842 43.3154057892445 79.52532629063158
19.404018653361653 6.968998593537426 28.595981346638347 3.0310014064625737
37.10684612114043 15.001141739717234 36.89315387885957 24.998858260282766
3.3757725835355044 51.985859501175604 2.6242274164644956 42.014140498824396
45.119132372150155 47.07820437013012 46.880867627849845 56.92179562986988
94.99425802371721 6.239555405984375 85.00574197628279 5.760444594015625
