65.94636090396395 3.7304202952663106 56.05363909603605 2.2695797047336894
70.77784302360573 28.157353501472418 65.22215697639427 19.842646498527582
79.13935554521842 64.17223525121928 88.86064445478158 61.82776474878072
7.006759618150952 13.991008266417126 14.993240381849049 20.008991733582874
4.1596188040225375 82.00254846572751 3.8403811959774625 91.99745153427249
47.71982167445161 89.69491356769072 44.28017832554839 80.30508643230928
95.99983282444735 87.95911323467467 86.00016717555265 88.04088676532533
44.19924997884344 70.85804402256717 49.80075002115656 79.14195597743283
2.0476150273590696 35.06245865736048 9.95238497264093 28.93754134263952
96.92116980491598 92.11564274685895 87.07883019508402 93.88435725314105
88.93832721682449 22.7828948202476 79.06167278317551 21.2171051797524
32.894169630837546 81.97671918585978 23.105830369162454 84.02328081414022
50.84579362374357 84.12044047139585 57.15420637625643 91.87955952860415
81.70978495846366 34.20203111350739 76.29021504153634 25.79796888649261
81.88870162840085 2.8570714858157262 74.11129837159915 9.142928514184273
9.852053915025245 35.812260889636875 2.147946084974756 42.187739110363125
62.86076542168934 93.80477041943139 71.13923457831066 88.19522958056861
37.73117147968727 42.18816216836727 32.26882852031273 33.81183783163273
96.05588041426745 5.075990070953642 87.94411958573255 10.924009929046358
35.151272931658596 24.77940759598736 44.848727068341404 27.22059240401264
76.99719903255308 50.899550396666534 75.00280096744692 41.100449603333466
17.22039439553051 57.00485973065633 16.77960560446949 66.99514026934366
45.082234533074455 47.0849510126837 46.917765466925545 56.9150489873163
39.59302496861335 91.02411497356391 30.40697503138665 94.97588502643609
19.51787285944519 79.85784575114477 10.482127140554807 84.14215424885523
38.137855996210945 96.16599986553092 47.862144003789055 93.83400013446908
47.063988043419045 43.08347367065973 54.936011956580955 36.91652632934027
34.997691752345474 8.848088352855973 25.002308247654526 9.151911647144027
7.294732225176765 75.44231966597805 2.705267774823235 66.55768033402195
65.77236675897105 76.66966611757856 74.22763324102895 71.33033388242144
12.778795415123552 68.27424880096812 5.221204584876448 61.725751199031876
90.36643743980578 66.04030258157616 91.63356256019422 75.95969741842384
66.83549981179566 70.72801667851968 57.164500188204336 73.27198332148032
72.8076492521786 33.75935081004073 65.1923507478214 40.24064918995927
78.73575300721244 82.60394621315004 69.26424699278756 79.39605378684996
77.99806812298722 96.13897855222652 68.00193187701278 95.86102144777348
75.49524888238305 61.81076783199362 66.50475111761695 66.18923216800637
36.29690258854958 46.17112397386168 33.70309741145042 55.82887602613832
82.82401556786337 95.12612846048997 77.17598443213663 86.87387153951003
79.51669302333103 77.33972193344542 84.48330697666897 68.66027806655458
60.9308120990722 22.05283828190453 67.0691879009278 29.94716171809547
24.20205732361825 78.14385289069023 29.79794267638175 69.85614710930977
57.15551748325704 80.76266853876099 66.84448251674296 83.23733146123901
13.619796505490378 11.588814120254163 22.380203494509622 16.411185879745837
69.79741872294369 42.33424326240518 66.20258127705631 51.66575673759482
95.94286735863261 47.00032642452626 96.05713264136739 56.99967357547374
37.91024031883237 85.91644816528884 36.08975968116763 76.08355183471116
14.905124020282878 51.877499978189 7.094875979717122 58.122500021811
13.713673916005945 33.831704171991134 16.286326083994055 24.168295828008866
9.154944186899602 89.23508468047419 18.845055813100398 86.76491531952581
24.935388431928143 36.000417482902066 25.064611568071857 45.999582517097934
29.055249447360104 15.74124353094476 38.944750552639896 14.25875646905524
86.11037783174199 34.955205737152134 95.88962216825801 37.044794262847866
57.8498573983558 8.216093423883837 48.1501426016442 5.783906576116162
95.73447112136152 23.94576103060853 94.26552887863848 14.05423896939147
85.33443274515716 56.23021881347875 90.66556725484284 47.76978118652125
69.77961424418892 7.061153815894065 68.22038575581108 16.938846184105934
7.692582776542803 23.213074648218928 2.307417223457197 14.786925351781072
14.449965702101919 73.07296596401174 23.55003429789808 68.92703403598826
55.45672568987151 59.02960232738321 56.54327431012849 68.9703976726168
50.38493194049371 68.2680284063445 53.61506805950629 77.7319715936555
74.00011093941133 13.966692616347546 83.99988906058867 14.033307383652454
83.98848298140281 48.991388086897686 78.01151701859719 57.008611913102314
35.60736335119397 67.94221598955282 26.39263664880603 64.05778401044718
36.99486572561608 4.226531196672178 27.00513427438392 3.7734688033278228
91.44218725689186 57.70376979536785 96.55781274310814 66.29623020463215
14.80907081407989 46.27307635629396 23.190929185920112 51.72692364370604
62.61386819064295 35.544575756776155 55.38613180935705 42.455424243223845
59.26439354826402 54.31089878071582 62.73560645173598 63.68910121928418
95.91089052197226 81.99920588703102 96.08910947802774 72.00079411296898
23.44511471301684 56.937714854239516 32.55488528698316 61.062285145760484
43.9724128961769 21.524509284887955 34.0275871038231 20.475490715112045
21.39793630275313 30.954740322007623 30.60206369724687 27.045259677992377
13.080282837630591 5.892402959591628 22.91971716236941 4.107597040408372
9.578342503968853 45.64585517812404 16.421657496031145 38.35414482187596
5.120705885288123 45.1272165737968 2.8792941147118776 54.8727834262032
65.48876775827017 59.55966966790977 72.51123224172983 52.44033033209023
11.998305493154204 95.86983780462627 2.001694506845796 96.13016219537373
2.9625124004054495 2.028392128833797 9.03748759959455 9.971607871166203
62.26831083521436 43.21606761629909 55.73168916478564 50.78393238370091
30.946059831863174 42.09031866670198 29.053940168136826 51.90968133329802
94.53483934476078 31.105999078159723 85.46516065523922 26.894000921840277
51.2720191200832 54.007404923458225 50.7279808799168 63.992595076541775
42.85038266056031 2.002239036154391 43.14961733943969 11.997760963845609
41.41973921518973 56.03378439638276 42.58026078481027 65.96621560361724
43.239589541807035 16.470787042453843 52.760410458192965 19.529212957546157
49.001141739717234 25.893153878859582 58.998858260282766 26.106846121140418
57.92866578152654 31.8415780498619 48.07133421847346 30.1584219501381
33.088390959848454 86.12162209579259 24.91160904015155 91.87837790420741
92.03202455537811 2.043181103816475 83.96797544462189 7.956818896183525
