46.80768816206071 13.240603471655053 39.19231183793929 6.759396528344947
61.92124038150632 16.057875630604862 56.07875961849368 7.942124369395138
70.85209522232515 80.51514175481142 75.14790477767485 71.48485824518858
2.397516528015321 5.953751747307691 11.60248347198468 2.046248252692309
10.98511302521863 72.00002216225093 11.01488697478137 81.99997783774907
48.7584703279843 94.53523943985718 39.2415296720157 91.46476056014282
91.62044781848634 73.08912010930963 82.37955218151366 76.91087989069037
47.34550829905891 60.76282242410884 52.65449170094109 69.23717757589117
3.278982921015044 17.353185578174532 12.721017078984957 20.646814421825468
95.60889575620405 90.93857677393603 86.39110424379595 87.06142322606397
89.66763993296519 18.79252265151344 80.33236006703481 15.20747734848656
47.786361038406184 81.55405808898583 38.213638961593816 84.44594191101417
53.98310975601986 63.01272357921132 60.01689024398014 70.98727642078869
96.96075878053077 36.62519782580146 87.03924121946923 35.37480217419854
69.6043684274863 2.0506946406559794 60.3956315725137 5.94930535934402
25.430645523200695 37.682807680027054 16.569354476799305 42.317192319972946
75.58224201174741 87.35048902813875 82.41775798825259 94.64951097186125
47.55413293510276 40.75233319749667 44.44586706489724 31.247666802503332
86.78560230761983 4.733623541515241 79.21439769238017 11.266376458484759
24.035902118512723 32.598107200268934 33.96409788148728 31.401892799731066
68.96781775054193 39.43361956477954 59.03218224945807 40.56638043522046
6.995854069792817 66.41561710455034 3.0041459302071827 75.58438289544966
44.30279725360281 55.56185570212061 39.69720274639719 64.43814429787939
30.659184414866477 88.18561288908201 21.340815585133523 91.81438711091799
33.17577498179479 76.24992667344728 24.82422501820521 81.75007332655272
34.7831636488376 87.00470401309246 35.2168363511624 96.99529598690754
31.002821242316557 35.83205815364429 40.99717875768344 36.16794184635571
36.612360032520165 20.542999132853605 29.387639967479835 27.457000867146395
9.940585538494453 57.99964697971407 10.059414461505547 48.00035302028593
94.8491910107893 61.99772514738188 95.1508089892107 52.00227485261812
2.379731053582854 89.73019328794038 5.620268946417146 80.26980671205962
74.94404592135261 46.44225353639618 79.05595407864739 55.55774646360382
64.65965456156769 78.81317935319741 55.34034543843231 75.18682064680259
71.75914717069426 50.31967936655635 68.24085282930574 59.68032063344365
76.23175547108686 80.67689119885942 79.76824452891314 71.32310880114058
74.99973240318293 96.05172906883627 65.00026759681707 95.94827093116373
86.87573869813762 58.36517483217447 83.12426130186238 67.63482516782554
44.08059730624274 46.06173639318418 37.91940269375726 53.93826360681582
69.8793670824484 85.0916853368618 60.12063291755161 82.9083146631382
87.55374156142896 70.28709114322884 96.44625843857104 65.71290885677116
74.40213106426069 16.035873416634306 75.59786893573931 25.964126583365694
20.43130256521445 77.03150283026727 29.56869743478555 72.96849716973273
62.05716641270742 90.75392050531362 71.94283358729258 89.24607949468638
2.4032370521591915 12.967173200650587 11.596762947840809 9.032826799349413
67.0059772628308 64.00000357276838 66.9940227371692 73.99999642723162
96.67725234772831 24.61210756204885 89.32274765227169 31.38789243795115
53.91253643482012 83.61976237327046 50.08746356517988 74.38023762672954
5.239603290818118 55.15609829978013 2.760396709181882 64.84390170021986
9.462564923074169 35.757761383701165 12.537435076925831 26.24223861629883
8.341577457278927 89.81634231725964 17.658422542721073 86.18365768274036
16.009047272227203 46.99323050572803 21.990952727772797 55.00676949427197
18.374657299253446 26.44338355431742 25.625342700746554 19.55661644568258
62.208475245848646 23.851820936005744 67.79152475415135 32.148179063994256
71.26399537805673 26.45806291208836 66.73600462194327 17.54193708791164
94.21347481149118 20.99544077182973 93.78652518850882 11.004559228170269
75.1024321139826 38.13192665525326 82.8975678860174 31.86807334474674
50.78787775264589 4.149148563657176 53.21212224735411 13.850851436342824
2.01023438711976 36.90105744014083 3.98976561288024 27.098942559859168
16.652085926110466 78.9572960316052 15.347914073889532 69.0427039683948
49.15375845521493 46.00236472544765 48.84624154478507 55.99763527455235
54.21523968078613 54.847276801358916 59.78476031921387 63.152723198641084
65.82758316249229 12.864682575464329 72.17241683750771 5.13531742453567
80.77393648404063 60.513551061641934 71.22606351595937 63.486448938358066
21.4190654494734 69.6482860979119 14.5809345505266 62.3517139020881
33.84284516094735 6.756275453692074 24.15715483905265 9.243724546307925
91.36897887309117 46.0136331270942 90.63102112690883 55.9863668729058
29.50798097073927 67.8041482197654 38.49201902926073 72.1958517802346
56.71946737041396 31.65125035642628 47.28053262958604 28.34874964357372
52.346493989837725 36.281322444332815 55.653506010162275 45.718677555667185
91.05957909163965 82.04399862533079 96.94042090836035 73.95600137466921
14.425150968427019 53.50422334788652 21.57484903157298 60.49577665211348
57.99688826643425 18.176373616994603 48.00311173356575 17.823626383005397
32.06174277840626 41.783336207115 41.93825722159374 40.216663792885
22.008197100588237 3.286188422939009 31.991802899411763 2.713811577060991
9.797968159047127 40.70978383042231 18.202031840952873 35.29021616957769
4.8213496049126485 41.00319261564595 5.1786503950873515 50.99680738435405
80.77800896823751 46.67858017011199 89.22199103176249 41.32141982988801
12.944972429609546 96.73976190115569 3.055027570390455 95.26023809884431
15.877073446285046 6.001511322170294 16.122926553714954 15.998488677829705
66.52999581599546 50.23984109477043 63.47000418400453 59.76015890522957
28.11682892527705 53.12632652389755 25.88317107472295 62.87367347610245
89.92267436599239 23.1240564593529 80.07732563400761 24.8759435406471
70.97368111194392 45.48765617336377 61.026318888056075 46.51234382663623
56.674650620989794 22.57363012553889 61.325349379010206 31.42636987446111
46.942939509908086 77.24677426929932 37.057060490091914 78.75322573070068
40.00249155349581 23.842173110278225 49.99750844650419 24.157826889721775
17.329900744725684 21.395640065795387 24.670099255274316 14.604359934204613
33.97854199476818 47.537269401995445 24.021458005231818 48.462730598004555
57.88805556808113 87.94790078255372 48.11194443191887 90.05209921744628
79.70086496760723 4.6379175364757215 72.29913503239277 11.362082463524278
