64.12556454885586 13.824839314584754 55.87443545114413 8.175160685415246
68.59395218552892 8.97372827842995 59.40604781447108 5.026271721570049
87.41675617146646 29.99846841561464 96.58324382853354 26.00153158438536
2.5267832511168726 10.596771526699705 9.473216748883127 3.4032284733002958
6.194270006248276 77.337453572385 9.805729993751724 86.662546427615
46.05115913567607 82.93054767192557 37.94884086432393 77.06945232807443
87.30798353992368 75.00949440045038 86.69201646007632 84.99050559954962
50.53262016451297 78.22016774160367 53.46737983548703 87.77983225839633
33.07734315602839 21.943144447680456 38.92265684397161 30.056855552319544
71.92995445160746 79.90880961306316 64.07004554839254 86.09119038693684
87.99925118888083 34.91346936684837 78.00074881111917 35.08653063315163
48.94101672136635 93.23426260429692 39.05898327863365 94.76573739570308
70.02997762972905 63.1072353334482 67.97002237027095 72.8927646665518
72.82547029695871 48.30951762613917 63.17452970304129 45.69048237386083
75.9874884228908 3.3534957305685973 66.0125115771092 2.6465042694314027
42.73858566554567 41.404441824850906 33.26141433445433 44.595558175149094
76.03857586120675 93.61989556781747 85.96142413879325 92.38010443218253
55.83633238819634 23.20664213894781 48.16366761180366 16.79335786105219
96.99756285521855 11.843905451280886 87.00243714478145 12.156094548719114
40.359851186487134 37.86253026511118 49.640148813512866 34.13746973488882
60.073132501914756 39.45004157936529 55.926867498085244 48.54995842063471
7.169462826290654 56.13868775967597 4.830537173709346 65.86131224032404
37.06668272455363 72.09103255126203 28.93331727544637 77.90896744873797
19.835829357301026 69.2707298796619 10.164170642698974 66.7292701203381
19.61893411021484 85.45011824520893 12.381065889785159 78.54988175479107
25.480484718012736 87.02314010286042 24.519515281987264 96.97685989713958
27.344843201961808 42.76323916442861 32.65515679803819 51.23676083557139
38.09608326230059 7.0738990801429775 31.903916737699415 14.926100919857022
16.7234341297698 96.94738749845655 15.2765658702302 87.05261250154345
94.32761262872167 95.95458325421477 95.67238737127833 86.04541674578523
10.385880789592875 49.80409558991465 7.614119210407125 40.19590441008535
80.35499367218806 58.14961727888876 89.64500632781194 61.85038272111124
58.52182287930443 69.13380361050379 49.47817712069557 64.86619638949621
54.75051220197091 54.69339173428916 47.24948779802909 61.30660826571084
94.89641994622434 77.62640155926422 91.10358005377566 68.37359844073578
46.901231332650624 88.0110958469883 37.098768667349376 89.9889041530117
66.24178636440189 52.352879217191976 57.75821363559811 57.647120782808024
33.79837374414872 63.8564382002848 28.20162625585128 72.1435617997152
81.9997153490243 74.0533519327753 72.0002846509757 73.9466480672247
96.72818091614641 66.6918429983395 93.27181908385359 57.308157001660504
90.15164235576069 19.213628569294137 81.84835764423931 24.786371430705863
24.851543763698736 62.884227507252334 31.148456236301264 55.115772492747666
56.08100651959629 92.10361663349556 65.91899348040371 93.89638336650444
12.166588610386864 9.720103778129644 21.833411389613136 12.279896221870356
73.61527899083485 8.038001233027437 72.38472100916515 17.961998766972563
83.99967357547374 43.94286735863255 74.00032642452626 44.05713264136745
53.71352557266158 72.33186431131477 44.28647442733842 75.66813568868523
3.8986901777334175 42.08142744645914 2.1013098222665825 51.91857255354086
42.00804147445346 19.999993533464682 41.99195852554654 10.00000646653532
8.034135963146634 72.41673816558394 17.965864036853368 73.58326183441606
5.406374209094407 32.02551219473835 14.593625790905593 35.97448780526165
28.435304785815916 9.506130064611563 35.564695214184084 2.4938699353884366
77.28486972341776 11.696629444010984 80.71513027658224 2.303370555989015
74.27980701985761 23.340683192177806 81.72019298014239 16.659316807822194
80.90054378853463 30.007694312898177 71.09945621146537 31.992305687101823
83.42463625293713 55.016444043871005 92.57536374706287 50.983555956128995
61.39646441061818 35.04872859978552 70.60353558938182 38.95127140021448
32.91752996937086 29.106921134995403 25.082470030629135 22.893078865004597
20.081661359946057 60.8815989903309 17.918338640053943 51.1184010096691
50.48205135761628 24.68028535267456 55.51794864238372 33.31971464732544
56.775730226284054 77.82152906914257 63.224269773715946 70.17847093085743
50.1594652618858 7.8852263243810725 55.8405347381142 16.114773675618927
87.11046652698892 70.84676394007366 78.88953347301108 65.15323605992634
28.781685190573935 84.27091074769609 21.218314809426065 77.72908925230391
28.771116696531443 2.5045250025229824 19.228883303468557 5.495474997477018
91.19473240689273 81.00379351010132 90.80526759310727 90.99620648989868
17.00950028449584 43.98737456351421 24.99049971550416 50.01262543648579
63.84542432350005 64.2336381662522 54.15457567649995 61.766361833747794
41.27723967633333 62.05251402078457 42.72276032366667 71.94748597921543
83.99999965858818 88.0018477332186 74.00000034141182 87.9981522667814
17.68037092779332 31.570629732414147 22.31962907220668 40.42937026758585
51.99927088663126 2.914614977419323 42.00072911336874 3.085385022580677
34.40411969184836 59.474139434370365 41.59588030815164 52.525860565629635
4.988764659080514 21.57765577598802 9.011235340919486 12.42234422401198
11.277632079111157 21.35706323318273 20.722367920888843 24.64293676681727
12.108399707707765 15.964506600481435 21.891600292292235 18.035493399518565
91.52972039994309 40.347150641229575 96.47027960005691 31.652849358770425
7.419383680986894 94.79430390840507 4.580616319013106 85.20569609159493
45.919003918958246 21.085182424856505 44.080996081041754 30.914817575143495
75.9050854781601 57.03039366135384 66.0949145218399 58.96960633864616
52.16636889254417 39.002768627370386 51.83363110745583 48.997231372629614
91.82759859394366 46.698350348306725 82.17240140605634 49.301649651693275
49.089812577569404 52.876357606479964 40.910187422430596 47.123642393520036
58.052185476762 27.27949223207857 67.947814523238 28.72050776792143
36.236323261095166 83.18867322974081 29.763676738904834 90.81132677025919
59.618839278015415 18.590553854484497 68.38116072198459 23.409446145515503
24.07203588451278 28.906280893900565 31.92796411548722 35.093719106099435
13.736333915084245 30.60223002244458 4.263666084915756 27.39776997755542
66.3237005620769 77.48890194347254 57.676299437923106 82.51109805652746
96.92014375527347 4.109952008348169 87.07985624472653 5.890047991651831
