92.84125541599423 21.863878184025303 95.15874458400577 12.136121815974697
67.9942424022018 49.76011913780067 58.00575759779819 50.23988086219933
42.945838115404335 12.733951862327269 33.054161884595665 11.266048137672731
38.56776975254665 26.033587836244077 29.432230247453347 21.966412163755923
22.530919768988827 69.24013816787512 19.469080231011173 78.75986183212488
21.715903647307364 88.83229723392523 24.284096352692636 79.16770276607477
92.263668903404 84.05451554282234 93.736331096596 93.94548445717766
70.2844740656553 83.30351506245461 73.7155259343447 92.69648493754539
19.10733907886523 17.001152300564822 18.89266092113477 26.998847699435178
79.98363028928735 68.0000267968147 80.01636971071265 77.9999732031853
74.38992723254331 43.96264155651078 75.61007276745669 34.03735844348922
63.89610557457277 71.99892047829981 64.10389442542723 62.0010795217002
84.75224731083733 93.4456044593993 75.24775268916267 96.5543955406007
70.6064657508646 32.801881120611654 73.3935342491354 23.198118879388343
68.15027258628655 17.1172454839262 61.84972741371345 24.8827545160738
27.788171038399916 50.69453090504206 36.211828961600084 45.30546909495794
34.780079537594084 85.15110383021008 37.219920462405916 94.84889616978992
52.95265582096355 65.68644032448267 43.04734417903645 64.31355967551733
38.92720275466368 6.149898232895239 29.072797245336318 7.850101767104761
21.01364664797081 62.981890168869654 28.98635335202919 69.01810983113035
62.9038133274753 90.07036462238665 57.0961866725247 81.92963537761335
37.990813855775656 80.69705271581063 28.009186144224344 81.30294728418937
50.01489206389752 60.61438508145032 59.98510793610248 61.38561491854968
87.40333739487261 83.63132531002746 78.59666260512739 88.36867468997254
53.01663553684881 77.01242276935103 58.98336446315119 68.98757723064897
74.68756213035826 70.783720858925 69.31243786964174 79.216279141075
48.868854332439426 8.1296294310639 51.131145667560574 17.8703705689361
55.15191164714412 13.997691752345473 54.84808835285588 4.002308247654527
11.234188692375735 72.67781043073212 14.765811307624265 63.32218956926788
19.002274852618115 2.8491910107893776 28.997725147381885 3.1508089892106224
57.12995685976498 56.13255455155583 66.87004314023503 53.86744544844417
69.56149752035635 60.788602156794724 72.43850247964365 51.211397843205276
96.45856499772384 52.02107259112341 95.54143500227616 61.97892740887659
80.36717147299284 34.43548495752244 87.63282852700716 27.56451504247756
86.52081028539206 54.86405188183483 77.47918971460794 59.13594811816517
91.63244053931548 66.56410481412232 84.36755946068452 73.43589518587768
48.528808182333236 79.40127420258735 55.471191817666764 86.59872579741265
28.224545820591917 76.27810093486916 35.77545417940808 69.72189906513084
25.88488214577301 60.15996390061284 34.11511785422699 65.84003609938716
65.54912235403027 84.52189303019308 58.450877645969726 77.47810696980692
25.04706372881999 17.684413832143576 34.95293627118001 16.315586167856424
16.306497824526193 87.04832808713934 17.693502175473807 96.95167191286066
37.05716641270742 76.75392050531362 46.94283358729258 75.24607949468638
12.98677370324356 39.63656082676943 3.0132262967564403 40.36343917323057
57.645255177984296 26.987399734456126 58.354744822015704 17.012600265543874
68.15047860842446 70.19079693114469 75.84952139157554 63.80920306885531
85.31269804048185 64.21644496920923 90.68730195951815 55.783555030790765
45.99968269228338 59.94367082033269 36.00031730771662 60.05632917966731
30.467502807634418 89.39771957240313 23.532497192365582 96.60228042759687
35.301906767670964 38.36513096996271 42.698093232329036 31.634869030037287
2.628623373842857 57.98618886541055 3.371376626157143 48.01381113458945
16.52631961349018 33.232976443977265 25.47368038650982 28.767023556022735
10.056744440377962 15.041936010225045 15.943255559622038 6.9580639897749545
39.50896366184926 48.80213908324263 48.49103633815074 53.19786091675737
87.98494752080413 22.61231686285217 78.01505247919587 23.38768313714783
87.21299760885375 38.44381720004997 96.78700239114625 35.55618279995003
49.036048898846964 34.56667328385818 44.963951101153036 25.433326716141817
9.78911434301605 53.99555074438029 10.21088565698395 44.00444925561971
11.910637093205107 88.91637468918704 10.089362906794893 79.08362531081296
96.69132566869533 47.27041523184312 87.30867433130467 50.72958476815688
52.145059553197086 25.073634521026637 53.854940446802914 34.92636547897336
79.32026513959268 18.760704869161355 88.67973486040732 15.239295130838645
59.51355106164198 6.22606351595936 62.48644893835802 15.77393648404064
68.97129578123753 43.46500630335493 59.02870421876247 44.53499369664507
11.86381355845068 33.84098418102627 2.13618644154932 36.15901581897373
96.84829270240218 81.92751453483916 95.15170729759782 72.07248546516084
51.99915888813878 71.09170829375255 42.00084111186122 70.90829170624745
45.185752843907785 36.76711914351264 52.814247156092215 43.23288085648736
61.96927077862517 2.023232419828294 68.03072922137483 9.976767580171707
86.00675596428619 43.259834562382345 95.99324403571381 42.740165437617655
25.570629732414137 37.31962907220666 34.42937026758587 32.68037092779334
22.347047893863532 7.285532286291387 15.652952106136468 14.714467713708613
40.50551331156485 41.80920347647729 49.49448668843515 46.19079652352271
3.9754545664652947 20.000060248193726 4.024545433534706 29.999939751806274
6.938358983569097 84.91115896891509 5.061641016430903 75.08884103108491
16.129086143476286 58.1288038812501 25.870913856523714 55.8711961187499
2.0415597556889304 94.6433275554462 11.95844024431107 93.3566724445538
50.16903013086827 88.76028762412768 41.83096986913173 83.23971237587232
3.8402619885655915 69.50949351058024 8.159738011434408 60.49050648941976
65.85261992598505 27.07323237184731 64.14738007401495 36.92676762815269
6.514552865321761 4.026546939118741 5.485447134678239 13.973453060881258
75.21719819136916 16.84958024605508 72.78280180863084 7.150419753944921
20.75428177922697 48.640809873844745 29.24571822077303 43.359190126155255
77.0234543086741 54.59274069920141 80.9765456913259 45.40725930079859
15.781852767922777 45.4810515347213 20.21814723207722 36.5189484652787
8.223742142226513 28.673853658673742 11.776257857773487 19.326146341326258
85.0459715642288 7.67646304967106 94.9540284357712 6.32353695032894
40.322468352950345 18.233450342942792 49.677531647049655 21.766549657057208
63.98690925791483 95.63842559088991 54.01309074208517 96.36157440911009
95.48421525548537 29.78825554313518 86.51578474451463 34.21174445686482
