95.97613750815019 2.5120906846751216 86.02386249184981 3.4879093153248784
73.32700587543175 14.989295256590164 72.67299412456825 5.010704743409836
80.09134311248393 43.621366560416675 83.90865688751607 34.378633439583325
18.85331690753124 3.114335897742671 25.14668309246876 10.88566410225733
10.334575024078092 32.274331011912814 3.6654249759219093 39.725668988087186
42.381947626361956 52.730951967222275 45.618052373638044 43.269048032777725
90.83506079334023 78.34891927776506 87.16493920665977 87.65108072223494
36.65005782810197 66.28814231887333 43.34994217189803 73.71185768112667
8.018939586416469 23.97491190485333 15.981060413583531 30.02508809514667
94.98363028928735 74.0000267968147 95.01636971071265 83.9999732031853
78.9810371924067 31.564950016824262 69.0189628075933 32.43504998317574
64.9975070456227 73.84212875831382 55.0024929543773 74.15787124168618
47.03847220569624 85.61906538132189 56.96152779430376 84.38093461867811
87.77489788861173 41.84758958830799 90.22510211138827 32.15241041169201
88.96215270625817 8.614036252818046 79.03784729374183 7.385963747181955
7.494437091722805 11.228558102744717 4.505562908277195 20.771441897255283
74.00342811931066 96.18512007212765 83.99657188068934 95.81487992787235
16.70528816428947 49.95000692982477 15.29471183571053 40.04999307017523
86.99756285521855 19.843905451280886 77.00243714478145 20.156094548719114
20.533901300832156 66.02858678030384 19.466098699167844 75.97141321969616
56.25225506110623 57.84064636819649 53.74774493889377 48.15935363180351
15.25111731635668 78.31583418751508 18.74888268364332 87.68416581248492
29.161260910140022 38.350372212808765 32.83873908985998 47.649627787191235
70.59302496861335 93.02411497356391 61.40697503138665 96.97588502643609
10.622306173986292 68.74282836499708 5.377693826013707 77.25717163500292
39.46339545214528 86.69121393339113 44.53660454785472 95.30878606660887
46.00000430268339 31.006559482855035 55.99999569731661 30.993440517144965
43.55848927521572 12.054306580757425 34.44151072478428 7.945693419242575
11.505063682465137 94.9754435019991 12.494936317534863 85.0245564980009
56.237446840013554 43.47747335054419 65.76255315998644 46.52252664945581
2.4853204090824708 73.97343994823432 3.5146795909175292 64.02656005176568
75.02390269683794 65.40706635706158 78.97609730316206 74.59293364293842
96.99994765988123 69.02287790305557 87.00005234011877 68.97712209694443
74.83856229771794 41.26028365501676 65.16143770228206 38.73971634498324
91.36962180478218 61.40282778476524 86.63037819521782 52.59717221523476
96.99806812298722 92.13897855222652 87.00193187701278 91.86102144777348
71.09408550122282 72.87027244502627 62.905914498777186 67.12972755497373
37.63058876275692 48.27335422452974 34.36941123724308 57.72664577547026
70.51710233684773 78.85622144836628 61.48289766315227 83.14377855163372
81.94874242278193 68.44013790209556 86.05125757721807 77.55986209790444
68.13601825841815 11.130763661872571 65.86398174158185 20.86923633812743
5.9514586580254845 94.6034562131096 2.0485413419745155 85.3965437868904
75.02159981677963 80.53574617318613 84.97840018322037 81.46425382681387
5.391754163879059 4.05987878887065 14.60824583612094 7.94012121112935
75.70050409091554 24.295517295104965 66.29949590908446 27.704482704895035
96.76450765073635 44.48360069702112 87.23549234926365 47.51639930297888
31.752034957030205 85.80141066969173 38.247965042969795 78.19858933030827
24.076340798714977 63.08605518143707 25.923659201285023 72.91394481856294
10.721100118491737 64.33967272470834 3.278899881508262 57.660327275291664
16.68306890771928 94.52271796768882 25.31693109228072 89.47728203231118
28.068201633639056 47.087592056389546 29.931798366360944 56.912407943610454
28.829345480208527 9.242167358858964 37.170654519791476 14.757832641141036
61.334019026081755 50.20316346012417 70.66598097391825 53.79683653987583
68.60133857704575 3.531518999117611 61.39866142295425 10.468481000882388
93.08230938837136 24.61762522494749 96.91769061162864 15.38237477505251
81.4597041527907 62.60977106963347 74.5402958472093 55.39022893036653
39.99928300446267 31.084672553349503 30.00071699553733 30.915327446650497
23.991109435607942 35.29803792004603 14.008890564392058 34.70196207995397
38.01895728442559 96.9745558233058 29.98104271557441 91.0254441766942
60.25144441782933 59.53558536497503 55.74855558217067 68.46441463502497
35.06368854600306 37.20449435631254 44.93631145399694 38.79550564368746
79.0002911527359 27.053957785250127 88.9997088472641 26.946042214749873
52.49704212757753 60.0247664252406 51.50295787242247 69.9752335747594
20.156245204480065 60.87790100559524 13.843754795519933 53.12209899440476
52.61616023182434 8.921214385258311 43.38383976817566 5.078785614741689
79.22707872570568 48.32487966409905 82.77292127429432 57.67512033590095
15.872619958792429 63.07673539127571 14.127380041207571 72.92326460872428
64.20679728178123 32.297620191387225 55.793202718218765 37.702379808612775
49.928617138687656 55.386927712211715 46.071382861312344 64.61307228778828
96.4600914277299 62.782063678232404 93.5399085722701 53.217936321767596
30.015197336641876 80.9020570900636 31.984802663358124 71.0979429099364
49.71698001726482 12.65574230190704 42.28301998273518 19.34425769809296
36.20305861260552 18.85547121188912 41.79694138739448 27.14452878811088
29.00396269967338 3.199025862000667 38.99603730032662 2.800974137999333
24.85250452454724 57.92678759798172 23.14749547545276 48.07321240201828
2.0492397005826692 48.69998032666155 11.95076029941733 47.30001967333845
48.016158251842704 78.59835160983211 57.983841748157296 79.40164839016789
78.58558853684458 85.006917520332 69.41441146315542 88.993082479668
11.490506489419728 11.840261988565647 20.50949351058027 16.159738011434353
60.33296173577178 15.01109866979594 59.66703826422822 24.988901330204058
16.471904347440976 25.120459799495396 25.528095652559024 20.879540200504604
93.96809443365991 40.89235841922445 96.03190556634009 31.10764158077555
50.964206787345844 38.09385026000671 49.035793212654156 47.90614973999329
61.99961096326158 2.9376284036231533 52.00038903673842 3.0623715963768467
38.85848218474278 60.81883495626692 29.141517815257217 63.18116504373308
45.14451315890356 22.806581575498647 54.85548684109644 25.193418424501353
51.04524947468646 19.033540545619857 56.95475052531354 10.966459454380143
31.178552813233615 22.254149241670724 22.821447186766385 27.745850758329276
58.663290914524424 88.19619351189935 49.336709085475576 91.80380648810065
95.40464958987505 8.616204800642059 90.59535041012495 17.38379519935794
