93.68640813197942 12.742865118280015 84.31359186802058 9.257134881719985
95.94180904187333 37.23939274677464 86.05819095812667 38.76060725322536
50.58735204815515 5.989020157335456 41.41264795184485 2.010979842664544
46.99311471688292 21.990841503374565 39.00688528311708 28.009158496625435
11.979653927197512 86.54939289248126 2.0203460728024876 87.45060710751874
38.02848291045778 73.53293323070498 47.97151708954222 72.46706676929502
71.76940977576035 91.4990901456511 62.230590224239656 94.5009098543489
60.72490380017447 56.54759196821097 65.27509619982553 65.45240803178902
12.308782862890991 38.29470674716774 15.691217137109009 47.70529325283226
52.54791620273675 87.02047991868172 53.45208379726325 96.97952008131828
52.57456332095533 36.28621321289451 47.42543667904467 27.71378678710549
61.52375132650189 67.54727734875301 54.47624867349811 60.452722651246994
80.3350151274104 90.49151436783394 71.6649848725896 85.50848563216606
75.45318932058072 52.52422104930399 82.54681067941928 45.47577895069601
94.52954002885538 19.117372694401453 85.47045997114462 14.882627305598549
24.248913254332138 51.69404352320318 31.751086745667862 58.30595647679682
36.00058731142485 95.92336600419009 45.99941268857515 96.07663399580991
48.877611272320806 66.92237731738389 47.122388727679194 57.07762268261611
68.96494108341649 10.408933135590319 59.03505891658351 11.591066864409681
5.447056861000208 21.020026088117262 4.552943138999792 30.979973911882738
68.88155939634478 46.08184003436645 59.11844060365522 43.91815996563355
21.502905709772776 73.56786372896181 14.497094290227224 66.43213627103819
26.754588529957886 74.84241161718906 29.245411470042114 65.15758838281094
62.41169168207182 77.01697782877571 61.58830831792818 86.98302217122429
50.48549055822714 80.76510872392025 53.51450944177286 71.23489127607975
68.02690045117603 59.979965289604735 73.97309954882397 68.02003471039527
41.29929746400406 7.296064652611091 50.70070253599594 10.70393534738891
35.57351602747329 39.641319484200416 42.42648397252671 32.358680515799584
16.9813689440737 90.90274565887398 15.0186310559263 81.09725434112602
54.18659893660008 15.142842089898707 51.81340106339992 24.857157910101293
75.36708573759606 36.88045351902515 84.63291426240394 33.11954648097485
70.1853975544492 51.340899446824416 73.8146024455508 60.659100553175584
94.66897014725917 56.77192734771038 89.33102985274083 65.22807265228963
72.16622059566913 16.929991065398966 73.83377940433087 7.070008934601033
90.93442885340471 77.19289908271203 81.06557114659529 78.80710091728797
96.74705390761584 63.05612394379512 95.25294609238416 72.94387605620489
57.56712882356666 87.01877298804669 58.43287117643334 96.98122701195331
35.17112397386168 65.70309741145043 44.82887602613832 68.29690258854957
9.345555562168823 45.1844543165788 6.654444437831177 54.8155456834212
66.89401362739957 87.87614541862958 69.10598637260043 78.12385458137042
21.781040586265465 19.67203322227862 18.218959413734535 10.327966777721379
3.4049591928765666 58.5249918568272 10.595040807123434 65.4750081431728
46.46425382681389 79.02159981677963 45.53574617318611 88.97840018322037
29.99389514166986 33.24700468417864 20.00610485833014 32.75299531582136
75.49134676075114 31.197226495992226 66.50865323924886 26.802773504007774
81.26268282381307 84.59932047201434 90.73731717618693 81.40067952798566
89.49477383306174 96.56558403611685 96.50522616693826 89.43441596388315
11.7074317301636 60.99143304147065 12.2925682698364 51.00856695852935
13.987252855614386 94.64319619653631 4.012747144385614 95.35680380346369
62.37398650194581 5.897366363099243 71.62601349805419 2.1026336369007574
23.759790175143273 65.94193473143422 22.240209824856727 56.058065268565784
17.995781886413567 23.584414320484516 14.004218113586433 14.415585679515484
18.062398582163567 2.212540643220468 27.937601417836433 3.787459356779532
34.06648347516395 51.95099014591051 39.93351652483605 60.04900985408949
65.50794066367432 16.232808483515953 62.49205933632569 25.767191516484047
89.64035891316236 48.70308138819988 96.35964108683764 41.29691861180012
71.04902075957 41.69843006867628 80.95097924043 40.30156993132372
2.8397928876175937 76.86352952662747 5.160207112382406 67.13647047337253
31.58600194658839 96.74179268056058 28.41399805341161 87.25820731943942
83.69058721229202 51.29448038176072 80.30941278770798 60.70551961823928
66.85472746943464 70.80349626096833 57.145272530565364 73.19650373903167
87.68662274925254 26.471210429329044 96.31337725074746 31.528789570670956
77.34784858559 4.2808479889006525 80.65215141441 13.719152011099347
71.27823260357712 72.30579963863757 74.72176739642288 81.69420036136243
5.344325528060782 43.18411079087111 2.655674471939218 52.81588920912889
86.26585356092413 88.60868191181018 95.73414643907587 85.39131808818982
38.980583941158855 79.44020859268136 29.019416058841145 78.55979140731864
78.17684361276775 68.68198540816088 87.82315638723225 71.31801459183912
55.37432704612252 39.89819643972019 64.62567295387748 36.10180356027981
87.54684216509044 55.24528872419173 84.45315783490956 64.75471127580828
49.44511471301684 47.937714854239516 58.55488528698316 52.062285145760484
39.66857456381632 21.20991297918585 30.331425436183682 24.79008702081415
17.227225311418298 52.28118441255551 24.772774688581702 45.71881558744449
11.100825383161233 9.122686858957287 8.899174616838767 18.877313141042713
6.3570632331826635 81.72236792088881 9.642936766817336 72.27763207911119
21.470218821412637 42.11685674388128 30.529781178587363 37.88314325611872
31.319933129112155 83.24017782602387 40.68006687088784 86.75982217397613
84.99071806538923 94.69547874984241 75.00928193461077 95.30452125015759
24.069892145467534 28.166911443676426 33.930107854532466 29.833088556323574
43.38076441432345 49.41016662208183 34.61923558567655 44.58983337791817
45.497529696389265 16.18454265925312 36.502470303610735 11.815457340746882
55.88286817030665 25.87360405399187 58.11713182969335 16.12639594600813
14.512343826636094 33.97368111194394 13.487656173363906 24.02631888805606
81.0234543086741 29.592740699201407 84.9765456913259 20.407259300798593
47.55834295816381 51.70398546983974 56.44165704183619 56.29601453016026
4.970412997370334 14.904925954031796 3.0295870026296656 5.095074045968204
85.01085165154649 4.329239665173455 94.98914834845351 3.6707603348265447
24.933986881686593 11.114959976460405 27.066013118313407 20.885040023539595
26.247022444340153 81.63871187462198 17.752977555659847 76.36128812537802
77.98931655572048 22.326680741418308 68.01068344427952 21.673319258581692
