64.99119883072908 3.2965370670399547 55.00880116927092 2.7034629329600453
60.35719282526611 43.81227884011787 57.64280717473389 34.18772115988213
78.97825333113722 42.01621800896938 73.02174666886278 33.98378199103062
7.272373132098673 20.372257944913418 16.72762686790133 23.627742055086582
2.3758799743444023 35.03910550469216 3.6241200256555977 44.96089449530784
33.706112026453035 72.94988947412953 32.293887973546965 63.050110525870465
91.66645446012319 65.1811146212973 94.33354553987681 74.8188853787027
49.55846894122165 77.0195331218716 50.44153105877835 86.9804668781284
14.018939586416469 34.97491190485333 21.98106041358353 41.02508809514667
91.63820116974348 81.59297080955902 96.36179883025652 90.40702919044098
74.2797430326087 27.77402777414987 67.7202569673913 20.22597222585013
67.75011563780575 73.56089763516809 58.24988436219426 70.43910236483191
71.22750143631168 86.93996416678294 72.77249856368832 77.06003583321706
83.1341723278295 31.895762289907818 76.8658276721705 24.104237710092182
65.92321607397267 8.872893744379656 56.07678392602733 7.127106255620344
9.424515956955144 35.03322860238155 10.575484043044856 44.96677139761845
74.39333287294698 90.0561332400267 83.60666712705302 93.9438667599733
11.719040236065176 75.69519974727262 8.280959763934824 66.30480025272738
80.90458927631929 18.97211317788307 71.09541072368071 17.02788682211693
26.97151914026849 65.10692048693608 29.02848085973151 74.89307951306392
57.25225506110623 49.84064636819649 54.74774493889377 40.15935363180351
29.995140269343672 96.22039439553045 20.004859730656328 95.77960560446955
25.284559982676335 35.33728371541547 34.715440017323665 38.66271628458453
76.98607566749172 95.6271066666632 67.01392433250828 96.3728933333368
34.077255037509886 78.1058694986058 25.922744962490118 83.8941305013942
43.74932160858552 80.15894602785211 46.25067839141448 89.84105397214789
34.58218634408228 20.65843588565529 43.41781365591772 25.34156411434471
43.92610091985708 14.096083262300516 36.07389908014292 7.903916737699484
24.9813689440737 78.90274565887398 23.0186310559263 69.09725434112602
58.53425741433398 29.751190724278974 67.46574258566602 34.24880927572103
14.247197477362885 65.5526970666599 23.752802522637115 62.44730293334009
65.1853975544492 53.340899446824416 68.8146024455508 62.659100553175584
81.84488775335751 56.8036210856531 74.15511224664249 63.1963789143469
84.62090429961448 39.44805047135819 77.37909570038552 32.55194952864181
95.57793891372269 57.01059078437745 86.42206108627731 52.98940921562255
67.91479257510508 89.91913760868105 58.08520742489492 88.08086239131895
53.92353112199131 69.87111496989948 44.07646887800869 68.12888503010052
37.134621722702555 56.07545733725641 38.865378277297445 65.92454266274359
79.31307078675141 65.47068776374455 70.68692921324859 70.52931223625545
86.28507299407357 69.05137601183955 87.71492700592643 78.94862398816045
63.01156233594087 13.000013368779113 62.98843766405913 22.999986631220885
13.413617079249665 92.34946467897596 4.586382920750335 87.65053532102404
85.67792494889706 83.57191153464102 90.32207505110294 92.42808846535898
2.5127362638782484 15.337455372332222 7.487263736121752 6.662544627667777
89.75712625936568 3.4606008469362037 80.24287374063432 6.539399153063796
92.01123916486533 42.01504432826039 83.98876083513467 47.98495567173961
41.39134515567308 95.98466136955473 40.60865484432692 86.01533863044527
33.735811323390195 86.16245651286404 36.264188676609805 95.83754348713596
19.99801186596608 91.00264901705052 12.001988134033917 84.99735098294948
38.23271229368035 82.67725284361359 41.76728770631965 73.32274715638641
34.59458137164071 51.72587465018455 29.405418628359293 60.27412534981545
8.13763240871329 15.834932874378186 17.86236759128671 18.165067125621814
71.3468845903953 43.586094933348505 78.6531154096047 50.413905066651495
57.99719624759496 23.99626529829733 50.00280375240504 30.00373470170267
92.74362144320602 11.83957776278347 95.25637855679398 2.1604222372165287
73.93628582196402 57.60985869801463 70.06371417803598 48.39014130198537
39.287169805897726 29.57297008443527 30.712830194102274 24.42702991556473
16.71079315242157 47.32416352972671 7.28920684757843 50.67583647027329
11.768419416688037 96.50405327916019 2.231580583311964 93.49594672083981
53.95418557056912 64.67531128553036 44.04581442943088 63.324688714469644
28.0149629618384 27.980152354094628 35.9850370381616 34.01984764590537
86.15789065991582 10.351706422871441 89.84210934008418 19.64829357712856
47.01437279876352 48.10397632510538 44.98562720123648 57.89602367489462
11.70269685089169 59.69842348329661 2.297303149108309 56.30157651670339
47.54629877663247 7.081145702153055 38.45370122336753 2.9188542978469454
86.25101360198974 58.43567005030476 95.74898639801026 61.56432994969524
32.833079160083855 46.78946980195936 25.166920839916145 53.21053019804064
66.81495149525584 39.341035407961485 63.18504850474416 48.658964592038515
45.191004220079364 33.065881453788265 46.808995779920636 42.934118546211735
95.4755201082064 48.97241599658598 96.5244798917936 39.02758400341402
21.780007938575842 50.4801378602911 26.219992061424158 41.5198621397089
35.89112796935693 15.962277885282207 26.10887203064307 18.037722114717795
40.08608379739828 39.00074109693992 39.91391620260172 48.99925890306008
11.738269055258272 9.78960568451577 18.26173094474173 2.21039431548423
18.695080753393658 81.70390276679635 15.304919246606342 72.29609723320365
15.048083032033086 56.308249797714986 24.951916967966916 57.691750202285014
54.68709979128548 84.5296030893542 63.31290020871452 79.4703969106458
82.30938416681293 74.56527962887469 77.69061583318707 83.43472037112531
22.116803129906437 8.074424649711855 31.883196870093563 5.9255753502881445
57.20216933380804 54.0640637941639 58.79783066619196 63.9359362058361
10.502470303610771 26.81545734074681 19.49752969638923 31.18454265925319
94.09508329110558 25.999095835023823 93.90491670889442 16.000904164976177
51.835850673072166 45.002695226577714 52.164149326927834 54.997304773422286
80.8661902055224 11.148996468087644 71.1338097944776 8.851003531912356
8.086505819792224 77.54384126747108 3.913494180207776 68.45615873252892
46.964741667142086 17.95240413681812 55.035258332857914 12.04759586318188
49.57610002494525 22.33004485165212 58.42389997505475 17.66995514834788
21.972938756977523 17.00007323162368 22.027061243022477 26.99992676837632
56.99998355337937 94.98717557269191 47.00001644662063 95.01282442730809
87.19595591551528 23.065072127152703 88.80404408448472 32.9349278728473
