92.428436845766 28.79161436028173 89.571563154234 19.20838563971827
71.8239340436165 43.31516551917913 62.176065956383496 40.68483448082087
61.99546315699807 10.212950339456993 52.00453684300193 9.787049660543007
28.50598400135477 46.808238105103406 37.49401599864523 51.191761894896594
3.412060411863815 64.72184985207888 8.587939588136186 73.27815014792112
11.727522163263911 87.78032919308241 18.272477836736087 80.21967080691759
96.1336297909573 60.00178601108669 95.8663702090427 69.9982139889133
69.34225757059697 66.58255396490448 64.65774242940303 75.41744603509552
17.6047218744971 38.329565904353885 24.3952781255029 45.670434095646115
93.19288741388428 74.33798926415842 96.80711258611572 83.66201073584158
80.038842918688 24.890890040707497 77.961157081312 15.109109959292503
70.27724491299224 51.589435450881524 61.722755087007755 46.410564549118476
87.21730608086298 78.67140261491897 90.78269391913702 69.32859738508103
62.1932570537492 34.66215400069249 65.80674294625081 25.33784599930751
92.8308499020395 12.710469378430686 83.1691500979605 15.289530621569314
2.570788050589938 33.20861677553721 5.429211949410062 42.79138322446279
47.00268619383431 95.83612589373011 56.99731380616569 96.16387410626989
14.89171171809976 55.139200519751014 7.108288281900241 48.860799480248986
80.60968757846184 2.063306831484512 71.39031242153816 5.936693168515488
25.818326346125527 73.50107789931965 30.181673653874473 82.49892210068035
54.76933913549395 72.47483542798628 59.23066086450605 63.52516457201372
26.506186191876182 86.4353599918229 19.493813808123818 93.5646400081771
23.329733523522687 56.1800613327118 20.670266476477313 65.8199386672882
78.97507822224945 94.4985947076527 69.02492177775055 93.5014052923473
58.06387854709006 91.91288364932436 49.93612145290994 86.08711635067564
67.99831949526434 84.87037660990214 58.00168050473566 85.12962339009786
18.110145520212747 30.858498428127238 25.889854479787253 37.141501571872766
45.849341840687856 43.10867996744764 40.150658159312144 34.89132003255236
12.679005658388542 70.98968562463142 13.320994341611458 61.01031437536858
34.17655939129962 11.316974067451621 43.82344060870038 8.683025932548379
52.35719647433757 52.2444775326 57.64280352566243 43.7555224674
58.63878534249105 59.445364330959514 67.36121465750895 54.554635669040486
88.44459963491336 65.29031309766329 79.55540036508664 60.709686902336706
90.98835065748385 42.90134297696572 89.01164934251615 33.09865702303428
95.98599534179125 47.6260341571267 86.01400465820875 48.3739658428733
59.86326802904877 75.82586072521548 52.13673197095123 82.17413927478452
31.27255257609758 87.54629314066672 26.72744742390242 96.45370685933328
33.34521442153442 68.58788300677716 40.65478557846558 75.41211699322284
43.34698404407579 86.47057275151948 34.65301595592421 81.52942724848052
80.40566600768415 76.63565928243486 71.59433399231585 81.36434071756514
68.10687112815492 11.028246003403883 77.89312887184508 8.971753996596117
22.59835637689711 69.52842522983534 15.401643623102888 76.47157477016466
79.55802027308879 82.70460981405999 88.44197972691121 87.29539018594001
9.927430211430545 31.999473334841078 10.072569788569455 22.000526665158922
71.26462509651591 25.457743058121483 66.73537490348409 16.542256941878517
82.13330368611992 53.83003791564848 89.86669631388008 60.16996208435152
64.02311046400064 61.51982238030079 73.97688953599936 62.48017761969921
47.37462765677412 72.59987005968193 42.62537234322588 81.40012994031807
22.52984315228508 83.45878448548156 15.470156847714922 90.54121551451844
42.322747156386384 62.232712293680414 51.677252843613616 65.76728770631958
14.281709075965594 28.948136836067672 15.718290924034406 19.051863163932328
24.647128304779926 16.53981545307025 33.352871695220074 21.46018454692975
26.06072367307403 3.776884396978522 35.93927632692597 2.223115603021478
58.65526193159548 51.763305052919215 53.34473806840452 60.236694947080785
92.79541060071256 7.584359801865722 83.20458939928744 10.415640198134277
76.15565293418861 56.99757662913521 75.84434706581139 47.00242337086479
22.296596666098853 27.82895817806091 19.703403333901147 18.17104182193909
10.181881763559515 45.9326141701134 11.818118236440485 36.0673858298866
10.744414316477384 96.3135119475504 3.2555856835226162 89.6864880524496
83.98273909331515 72.41510375564296 74.01726090668485 71.58489624435704
28.820288141767605 24.500127089007837 33.179711858232395 33.49987291099217
87.0002911527359 3.053957785250125 96.9997088472641 2.946042214749875
53.317202545323305 20.477746606176538 44.682797454676695 25.522253393823462
48.36117207221575 56.98693841291943 47.63882792778425 47.01306158708057
29.94382437067941 12.747395873601373 20.05617562932059 11.252604126398627
93.55751738178505 87.21259528594587 96.44248261821495 96.78740471405413
38.342346963297445 66.71869826376602 31.657653036702552 59.28130173623399
47.75215416587663 35.53377238533298 52.24784583412337 44.46622761466702
67.42128931563136 33.99116738655299 76.57871068436864 38.00883261344701
95.38881936408661 40.9625052373055 96.61118063591339 31.0374947626945
26.27310081983159 67.94687958028801 27.72689918016841 58.05312041971199
65.95107872653227 5.697724475476965 56.048921273467734 4.302275524523035
53.04525967799236 25.397936302753138 56.95474032200764 34.60206369724686
2.354941707078196 4.149747731967779 11.645058292921803 7.850252268032221
5.278658319915228 82.8337390187009 2.7213416800847723 73.1662609812991
16.057389209451948 44.92496826776469 23.942610790548052 51.07503173223531
36.228602262200866 93.49457807682478 45.771397737799134 90.50542192317522
73.899767573554 88.00386862053804 64.100232426446 89.99613137946196
5.210143487382977 24.995582019615984 4.789856512617023 15.004417980384016
56.27500670159951 15.306984112484447 59.72499329840049 24.693015887515553
19.274152514542543 5.2211211568092395 12.725847485457457 12.77887884319076
85.26949129754361 29.992732161907774 84.73050870245639 20.007267838092226
34.17306105963651 55.695906266404684 43.82693894036349 58.304093733595316
81.60428366607712 38.73563870230385 78.39571633392288 29.264361297696148
5.845840058332573 57.64681336821857 2.1541599416674266 48.35318663178143
37.338101341096376 22.807401696943046 46.661898658903624 19.192598303056954
40.405164591258114 2.028328737701997 49.594835408741886 5.971671262298003
42.01414049882438 15.375772583535364 51.98585950117562 14.624227416464636
88.78525755150781 92.44958965425992 79.21474244849219 89.55041034574008
85.02421921842149 34.09613908575069 86.97578078157851 43.90386091424931
