72.91061061588957 20.065506837120186 67.08938938411043 11.934493162879814
72.87195702515342 11.163534225413898 65.12804297484658 4.836465774586103
95.43910250231629 35.9684397950556 96.56089749768371 26.031560204944398
53.99324038184896 45.00899173358299 46.00675961815104 38.99100826641701
14.185226225320314 87.26433162775692 5.814773774679686 92.73566837224308
52.15096591780216 95.78737904656774 43.84903408219784 90.21262095343226
85.00463986614999 96.21535350738242 94.99536013385001 95.78464649261758
64.11063870449584 88.85788785797925 71.88936129550416 95.14211214202075
10.482589347394992 27.340132501687123 5.517410652605007 18.659867498312877
66.42239941778227 96.33289163691737 57.57760058221773 91.66710836308263
59.72783098360353 9.372850900968675 50.27216901639647 12.627149099031325
53.01847475632463 89.5744682377387 48.98152524367537 80.4255317622613
75.38093461867811 86.03847220569624 76.61906538132189 95.96152779430376
77.97091443950012 58.538525426669224 68.02908556049988 57.461474573330776
91.34406869539767 26.988147625406384 90.65593130460233 17.011852374593616
29.696698998368216 58.54589875866164 38.30330100163178 53.45410124133836
81.42518871919438 87.01811134678124 80.57481128080562 96.98188865321876
21.063055955905142 4.791570278292667 30.936944044094858 3.2084297217073328
91.59106686440977 41.96494108341648 90.40893313559023 32.03505891658352
59.19058298079277 34.36729950462943 68.80941701920723 31.632700495370575
44.52040620175201 44.023054170610045 45.47959379824799 53.976945829389955
3.6549108886200132 73.04307638469514 2.3450891113799868 82.95692361530486
20.075655070758152 84.11707401563855 17.924344929241848 93.88292598436145
13.857270131398902 46.186139481941346 4.142729868601097 43.813860518058654
22.678282452653058 79.73713694365719 29.321717547346942 72.26286305634281
40.13844510943197 68.831546301305 49.86155489056803 71.168453698695
26.53089260866826 15.459830881715982 19.46910739133174 22.540169118284016
40.86749101386231 11.185329596650568 49.13250898613769 16.81467040334943
14.591972525866204 82.98332354762883 15.408027474133796 73.01667645237117
90.10930852543454 83.84843526217307 81.89069147456546 78.15156473782693
3.0952666136627167 37.999092344848336 2.9047333863372833 28.000907655151664
87.8902904274957 77.15214339727814 96.1097095725043 82.84785660272186
78.12878954657897 80.90008666227023 71.87121045342103 73.09991333772977
66.58183976732775 71.00168537651001 57.41816023267225 66.99831462348999
59.272777439217265 53.40319947725745 50.727222560782735 58.59680052274255
29.840037095750382 86.35088573099537 26.159962904249618 95.64911426900463
62.528808182333236 79.40127420258735 69.47119181766676 86.59872579741265
37.891341498075164 78.96328482734755 28.108658501924833 81.03671517265245
76.48720399322438 39.76565297119752 79.51279600677562 30.234347028802482
95.92734568520335 61.84927292345155 86.07265431479665 60.15072707654845
96.0183011622896 48.0137915140172 89.9816988377104 55.9862084859828
29.00312972086295 48.823117515064894 38.99687027913705 49.176882484935106
53.03386600718876 62.5809588328313 62.96613399281124 61.4190411671687
25.337383921317283 45.805550138547645 34.66261607868272 42.194449861452355
41.67004085644394 19.213741788222 32.32995914355606 22.786258211778
70.92159738709398 43.1074868838601 79.07840261290602 48.8925131161399
86.7519297613618 10.31697297560063 83.2480702386382 19.683027024399372
8.292568269836554 75.00856695852936 7.707431730163446 84.99143304147064
77.78386869543111 54.454166532717004 68.21613130456889 51.545833467282996
41.12614110492871 58.0977901399239 34.87385889507129 65.9022098600761
45.644357663453405 4.147989769487863 36.355642336546595 7.852010230512137
12.315114127197106 21.37958815603583 19.684885872802894 14.62041184396417
79.3670984320085 17.72584727527783 82.6329015679915 8.27415272472217
86.28763824929439 40.83135464843496 83.71236175070561 31.168645351565043
78.79278264347145 5.424512033097239 69.20721735652855 2.5754879669027613
40.43699403868289 42.74942231907073 43.56300596131711 33.25057768092927
88.49775677871085 46.66857863116459 83.50224322128915 55.33142136883541
42.74427425454384 80.31411616395204 39.25572574545616 89.68588383604796
6.197613171243793 60.24682220093761 13.802386828756207 53.75317779906239
82.01726090668485 72.58489624435698 91.98273909331515 73.41510375564302
52.59723167409932 66.96607755051981 43.40276832590068 63.03392244948019
52.20884417553318 5.429974078673333 61.79115582446682 2.5700259213266667
62.479396845824326 40.136386463741275 71.52060315417567 35.863613536258725
20.30157651670348 75.70269685089173 23.69842348329652 66.29730314910827
16.73893263832912 5.594527343565793 7.261067361670878 2.405472656434207
87.00379351010132 67.80526759310729 96.99620648989868 68.19473240689271
22.217343356525703 58.17263775868812 15.782656643474297 65.82736224131189
76.92474953457284 71.09779616677247 69.07525046542716 64.90220383322753
52.96927077862517 77.02323241982829 59.03072922137483 84.97676758017171
82.63522678323586 66.87474602759225 73.36477321676414 63.12525397240775
38.3457181277399 14.527201190102035 29.654281872260096 19.472798809897963
28.99701929934298 26.827378674568266 19.00298070065702 27.172621325431734
14.214840675015214 41.82946464068644 7.785159324984786 34.17053535931356
3.442311278489445 67.05608207954242 12.557688721510555 62.94391792045758
23.930198698952275 37.090879840232205 16.069801301047725 30.9091201597678
2.1495283513729966 11.21364112729655 11.850471648627003 8.78635887270345
58.228602262200866 24.494578076824787 67.77139773779913 21.505421923175213
40.966326651825504 96.04438054306925 33.033673348174496 89.95561945693075
46.62243825469018 22.093940037255695 37.37756174530982 25.906059962744305
59.9267676281527 29.852619925984975 50.0732323718473 28.147380074015025
67.99723137262961 46.16636889254411 58.002768627370386 45.83363110745589
62.66509306592169 14.200859458994545 53.33490693407831 17.799140541005457
18.989645910131745 48.99998927927081 19.010354089868255 39.00001072072919
71.0342970358339 25.584631569171638 80.9657029641661 24.415368430828362
54.201848482312094 71.59367784156358 63.798151517687906 74.40632215843642
8.72277806794077 15.589473410543444 17.27722193205923 10.410526589456556
35.13082761663372 29.476773975557812 30.869172383366283 38.52322602444219
2.0830097885002785 58.06093192580408 7.916990211499721 49.93906807419592
49.10621230053146 32.86337484683498 56.89378769946854 39.13662515316502
96.05806598806896 7.920975939044679 87.94193401193104 2.0790240609553208
