76.71028901107569 2.3227470577937344 67.28971098892431 5.677252942206266
57.60718805447299 22.734653794899828 54.39281194552701 13.265346205100172
68.26001879883255 63.591407619869656 77.73998120116745 60.408592380130344
9.589931843465152 10.343302696723855 16.410068156534848 17.656697303276143
2.7234548059680543 71.00765358216621 3.2765451940319457 80.99234641783379
34.29962756700844 60.70199251266124 37.70037243299156 51.29800748733876
90.76775829340761 88.50614768719502 81.23224170659239 85.49385231280498
57.73255369740304 86.00715787599616 58.26744630259696 95.99284212400384
19.94314444768044 41.92265684397158 28.05685555231956 36.07734315602842
95.96070919523503 95.37440885531309 86.03929080476497 96.62559114468691
86.66763993296519 23.79252265151344 77.33236006703481 20.20747734848656
48.64212534838873 68.1424014831383 39.35787465161127 71.8575985168617
43.98310975601986 79.01272357921131 50.01689024398014 86.98727642078869
82.62991191983083 29.887833577042308 73.37008808016917 26.112166422957692
86.93917865502519 5.222494878638335 77.06082134497481 6.777505121361665
6.494437091722805 39.22855810274472 3.5055629082771946 48.77144189725528
67.54980311913877 89.27941828578544 76.45019688086123 84.72058171421456
35.97501425476537 46.571589737891685 40.02498574523463 37.428410262108315
89.89453311205624 13.978459195633842 80.10546688794376 16.021540804366158
17.011322349519844 27.0000128195763 16.988677650480156 36.9999871804237
71.9115382094278 57.916207694224596 70.0884617905722 48.083792305775404
27.045932255861118 75.00021098166418 26.954067744138882 84.99978901833582
43.9045881514625 56.08250874162102 42.0954118485375 65.91749125837897
36.97507822224945 96.4985947076527 27.024921777750553 95.5014052923473
13.16294529751528 82.49204396206478 8.83705470248472 91.50795603793522
36.02690045117603 75.97996528960473 41.97309954882397 84.02003471039527
44.659224493004345 43.72011008061024 51.340775506995655 36.27988991938976
38.823731058847955 14.31590982666198 29.176268941152042 11.68409017333802
15.940585538494453 95.99964697971407 16.059414461505547 86.00035302028593
87.96889155550254 54.95806773227071 96.03110844449746 49.04193226772929
6.301826684437204 65.82755085770074 3.698173315562796 56.17244914229925
86.18383611583828 65.868508625503 91.81616388416172 74.131491374497
74.95447250167123 68.326797036412 65.04552749832877 69.673202963588
79.93285015176579 33.18330582209487 70.06714984823421 34.81669417790513
93.20705119527177 81.7019845003927 84.79294880472823 76.2980154996073
74.65504921164295 93.17502963388927 65.34495078835705 96.82497036611073
75.98761581248053 74.3516937689159 66.01238418751947 73.6483062310841
25.115725246223676 67.46969022223736 20.884274753776324 76.53030977776264
68.96674958966813 78.57567222751445 59.03325041033187 77.42432777248555
78.89322648273121 77.14791106768044 87.10677351726879 82.85208893231956
49.46591559424536 12.241157174688322 52.53408440575464 21.758842825311678
2.805999566129504 91.49292355779353 7.194000433870496 82.50707644220647
55.01425570476533 81.62270194469762 64.98574429523467 82.37729805530238
13.895829273204054 3.1441669087092565 22.104170726795946 8.855833091290744
73.77746664196012 38.72421829651631 66.22253335803988 45.27578170348369
94.99463400898921 44.768416070833176 85.00536599101079 45.231583929166824
23.250977106520534 93.84097678975654 20.749022893479466 84.15902321024346
16.141088304079936 58.48162187570229 11.858911695920064 67.51837812429771
9.894199475088865 51.5349315484673 14.105800524911135 42.4650684515327
2.0523844059349337 96.72187251877612 11.947615594065066 95.27812748122388
30.022653018688043 41.0000513161889 29.977346981311957 50.9999486838111
20.118039745845778 15.919970335195158 29.881960254154222 18.08002966480484
80.09084542120819 39.94878939787889 89.90915457879181 38.05121060212111
63.90940681506326 3.0525166364466094 54.09059318493674 4.94748336355339
95.38768313714792 20.98494752080412 94.61231686285208 11.01505247919588
81.37194336180119 65.96039765131934 82.62805663819881 56.03960234868066
69.07626612490567 15.058352282514601 62.92373387509433 22.9416477174854
12.447004988210438 20.62189958602559 5.5529950117895615 13.378100413974408
32.73850335543898 84.94516054279387 31.26149664456102 75.05483945720613
57.71760074353638 35.00798130412667 58.28239925646362 44.99201869587333
47.30259363167977 52.29693593273641 50.69740636832023 61.70306406726359
74.10244551699809 12.006955851081829 83.89755448300191 9.993044148918171
62.583796224121144 49.03419875863906 61.416203775878856 58.96580124136094
16.37910687995793 75.41317693796066 7.620893120042071 70.58682306203934
50.932814409621976 2.1830899680957456 41.067185590378024 3.8169100319042544
75.8015997024551 44.15679358651337 82.1984002975449 51.84320641348663
12.004446973374911 25.00000197755761 11.995553026625089 34.99999802244239
53.88814522488265 39.918503073627576 48.11185477511735 48.081496926372424
62.346493989837725 28.281322444332815 65.65350601016227 37.718677555667185
94.14516578198312 66.8868923581497 87.85483421801688 59.11310764185031
21.097934346682514 62.624083287579275 24.902065653317486 53.375916712420725
29.831428643974647 23.787500265193692 22.168571356025353 30.212499734806308
38.39793630275313 30.954740322007623 47.60206369724687 27.045259677992377
21.264472876293482 2.3953870059606692 30.735527123706518 5.60461299403933
16.392222449578508 53.461782943321936 23.607777550421492 46.538217056678064
2.4212485533155825 18.71630521906345 7.578751446684418 27.28369478093655
56.08112534578474 70.1052248621556 63.91887465421526 63.894775137844405
50.91614276798409 95.91188830719432 41.08385723201591 94.08811169280568
10.834970006587675 6.233680214802396 19.165029993412325 11.766319785197604
70.44668656230188 20.21386398119995 67.55331343769812 29.78613601880005
28.984433311362984 30.0117224837804 35.015566688637016 37.9882775162196
96.35146223007268 38.71048526750831 89.64853776992732 31.28951473249169
56.40093150155512 52.036018036478076 57.59906849844488 61.963981963521924
48.877389684255036 6.89951380384734 39.122610315744964 9.10048619615266
29.154159941667544 61.353186631781384 32.845840058332456 70.64681336821862
44.11151222892512 12.370354879853032 47.88848777107488 21.629645120146968
35.271197628075804 28.331070829497996 42.728802371924196 21.668929170502004
52.75573885968528 28.699329519953572 45.24426114031472 35.30067048004643
54.926249506733214 76.85560843696798 45.073750493266786 75.14439156303202
96.39375726479648 2.328159640229286 89.60624273520352 9.671840359770714
