93.9184640514858 16.10574298312231 86.0815359485142 9.894257016877692
75.19718748164121 45.844215421544 68.80281251835879 38.155784578456
39.073566855642056 7.899319415417091 30.926433144357944 2.1006805845829084
40.99315313681858 24.2615755192651 31.006846863181423 23.7384244807349
16.507834577376368 72.02585645140583 15.49216542262363 81.97414354859417
27.196554310316202 72.38813166027512 36.8034456896838 69.61186833972488
75.1336297909573 79.0017860110867 74.8663702090427 88.9982139889133
69.77646828877744 69.06065824258707 68.22353171122256 78.93934175741293
12.47402547303728 16.238550457784847 15.52597452696272 25.761449542215153
72.75019857738732 63.43935478875322 63.249801422612684 66.56064521124678
78.26930069465558 40.45536467163303 73.73069930534442 31.544635328366972
61.93770992594556 79.91128293776517 60.06229007405444 70.08871706223483
80.53238049504965 92.97157631023508 79.46761950495035 83.02842368976492
59.84100053109076 55.875657667471565 66.15899946890924 48.124342332528435
96.99339273307683 20.74303888765903 87.00660726692317 21.25696111234097
33.948637517078375 49.039042161570215 40.051362482921625 56.960957838429785
39.898152227084296 89.14083144116573 48.101847772915704 94.85916855883427
49.10121126258477 72.86008149877723 40.89878873741523 67.13991850122277
58.92720275466368 2.1498982328952394 49.07279724533632 3.8501017671047606
6.883526064452318 72.36833404005333 3.116473935547682 81.63166595994667
56.16963150835907 58.75937911213723 47.83036849164093 53.24062088786277
33.75776697200338 88.17069794256636 28.242233027996615 79.82930205743364
20.173493716406426 67.12442265399729 25.826506283593574 58.875577346002714
70.91933479414449 83.94075322754364 65.08066520585551 92.05924677245636
54.33595180602543 72.95570781988599 55.66404819397457 63.04429218011401
73.68784488150673 70.25438543479993 80.31215511849327 77.74561456520007
43.34484320196181 19.76323916442861 48.65515679803819 28.23676083557139
52.18708167025665 23.65975612341253 55.81291832974335 14.340243876587468
2.234188692375734 72.67781043073212 5.765811307624266 63.32218956926788
43.6367713013058 5.3001766636392365 50.3632286986942 12.699823336360764
64.66030080955542 56.7210763654276 71.33969919044458 49.2789236345724
61.20047570711647 62.40162996615398 70.79952429288353 59.59837003384602
95.15429853673344 63.07204007371927 96.84570146326656 72.92795992628074
74.90541220159523 25.622705305555613 71.09458779840477 16.377294694444387
90.57911341475139 67.50858951649242 83.42088658524861 74.49141048350758
96.34399240991883 82.18401781543156 93.65600759008117 91.81598218456844
57.12759884646984 77.1288070412434 54.87240115353016 86.8711929587566
29.58389820507204 65.34479102199622 38.41610179492796 60.655208978003785
16.340131057272618 49.283556944797375 19.659868942727382 58.716443055202625
57.59280983401923 95.38240065544052 62.40719016598077 86.61759934455948
27.511141922665445 30.973804774505517 26.488858077334555 21.026195225494483
23.46414055456465 70.2191745026116 20.53585944543535 79.7808254973884
41.22691360339174 82.51082363350972 50.77308639660826 85.48917636649028
16.926569105885868 39.853766270668345 7.073430894114134 38.146233729331655
60.27179381638107 25.190094392691343 65.72820618361892 16.809905607308657
85.25158312323771 82.1768654121875 90.74841687676229 73.8231345878125
88.9554366427104 84.96618632485281 95.0445633572896 77.03381367514719
34.31457618996874 57.52674341810854 25.685423810031256 52.47325658189146
26.937177352299905 85.20988621582906 17.062822647700095 86.79011378417094
37.44736493223229 19.29930857357349 42.55263506776771 10.70069142642651
13.777155618080986 67.157812727019 8.222844381919014 58.84218727298099
21.60991865698445 23.98476043013415 22.39008134301555 14.015239569865852
6.110903423060259 16.14243978705012 13.88909657693974 9.857560212949883
44.58179963485661 57.62366511861576 49.41820036514339 66.37633488138424
66.74362235719491 23.05560663075035 65.25637764280509 32.94439336924965
80.19892277928795 44.603698628246775 89.80107722071205 47.396301371753225
50.4270299155648 35.287169805897776 55.5729700844352 26.712830194102228
3.4685300018571397 58.311804685801825 8.53146999814286 49.688195314198175
10.520224037065562 83.9769282720761 11.479775962934438 74.0230717279239
88.03285349633293 64.04431180989685 79.96714650366707 69.95568819010315
60.046010863048565 29.437781291050673 55.953989136951435 38.562218708949324
80.52073047615484 23.778256420566954 89.47926952384516 28.221743579433046
79.55347633107831 7.639435594168348 84.44652366892169 16.360564405831653
81.85600587597122 51.0738195383946 80.14399412402878 60.9261804616054
21.622621922895966 31.09438551696268 12.377378077104032 34.90561448303732
91.39515488378488 96.6705480946463 84.60484511621512 89.3294519053537
43.891660647079185 76.96479175340569 34.108339352920815 79.03520824659431
41.18692036060781 50.35435017069748 50.81307963939219 47.64564982930252
53.08675235944362 9.07263943227719 62.91324764055638 10.92736056772281
86.34449189262173 51.58865708600091 93.65550810737827 58.41134291399909
39.858535240952435 42.51819971733846 44.141464759047565 33.48180028266154
25.536861100780694 3.465793787314558 18.463138899219306 10.534206212685442
29.128414896366564 37.125903449704644 38.871585103633436 34.874096550295356
2.8881973241432566 27.001250140117904 3.1118026758567434 36.998749859882096
3.1121651800513033 95.62991141303905 6.887834819948697 86.37008858696095
26.273761654272086 46.63176931561145 35.726238345727914 43.36823068438855
15.001967781174384 91.85973617864504 24.998032218825614 92.14026382135496
72.9679410489076 95.43470208334116 63.032058951092395 96.56529791665884
2.6841985887055464 51.43137267936772 7.315801411294453 42.56862732063228
64.46186744846308 41.39230353698211 57.538132551536926 48.60769646301789
13.467436640097754 2.39765588166433 6.532563359902246 9.60234411833567
68.65622698314036 11.236089967651427 63.34377301685964 2.7639100323485737
20.089898953035053 42.94387907519647 29.910101046964947 41.05612092480353
90.63974610358561 42.42815523298367 83.36025389641439 35.57184476701633
32.162871958039325 31.265777352332424 41.837128041960675 28.734222647667576
7.842173110278139 33.99750844650419 8.15782688972186 24.00249155349581
85.18832928872564 5.3593472574234085 94.81167071127436 2.640652742576592
24.900413158753505 10.076664504076719 31.099586841246495 17.923335495923283
38.98690925791483 93.63842559088991 29.013090742085165 94.36157440911009
96.64162487831804 27.573840598335345 89.35837512168196 34.426159401664655
