95.07563596155431 13.896410107164606 86.92436403844569 8.103589892835394
77.55645701534512 46.29703706391889 72.44354298465488 37.70296293608111
45.83944582904371 2.743113343315531 36.16055417095629 5.256886656684469
40.806279700732276 20.62171286071122 31.193720299267724 23.37828713928878
11.13684479878459 91.19170601418425 2.8631552012154105 96.80829398581575
33.000952842368534 72.09760899434349 42.999047157631466 71.90239100565651
68.83429381639694 83.88092503560155 63.16570618360306 92.11907496439845
67.22266613064937 73.72406519609186 74.77733386935063 80.27593480390814
12.671252337136899 15.010819208110208 13.328747662863101 24.989180791889794
61.58530836910938 62.514951377900985 54.41469163089062 69.48504862209901
86.7225816504322 44.19375120348476 81.2774183495678 35.80624879651524
45.44594191101426 59.786361038406156 42.55405808898574 50.213638961593844
75.97526687807482 89.57170162904133 80.02473312192518 80.42829837095867
65.6385505947756 52.407216435185056 70.3614494052244 43.592783564814944
94.7704463191941 20.283859703774766 87.2295536808059 13.716140296225236
24.68280768002708 42.56935447679929 29.31719231997292 51.43064552320071
38.297912024449786 91.29989157105022 47.702087975550214 94.70010842894978
40.10121126258477 67.86008149877723 31.89878873741523 62.139918501222766
66.60968757846184 3.063306831484512 57.390312421538155 6.936693168515488
9.793353272386488 55.06334216446049 8.206646727613512 64.9366578355395
56.39426053766429 56.38547151044115 47.60573946233571 51.61452848955885
32.74888268364344 83.68416581248488 29.251117316356563 74.31583418751512
18.839289947836864 63.86340952160184 21.160710052163136 54.13659047839816
64.70288938580676 79.79353010612306 59.29711061419324 88.20646989387694
50.89985057348803 66.91836039197955 49.10014942651197 57.081639608020446
68.75371932652335 63.19715083272923 75.24628067347665 70.80284916727076
32.802250528089964 7.5089091237518755 37.197749471910036 16.491090876248123
52.02378213249371 27.903773921701678 53.97621786750629 18.096226078298322
13.40493697836013 86.79855729223236 10.59506302163987 77.20144270776764
48.06356368973717 17.000404050590987 47.93643631026283 26.999595949409013
86.0282337432639 49.53060370181542 95.9717662567361 48.46939629818458
64.00395711211601 57.19888555106855 73.99604288788399 56.80111444893145
90.37160089129213 63.01382784316557 89.62839910870787 72.98617215683443
75.902659897169 32.91784557606711 74.097340102831 23.08215442393289
83.84959822277231 64.35468123652235 80.15040177722769 73.64531876347765
95.40036676153481 87.01605513109764 94.59963323846519 96.98394486890236
58.42660032632174 71.62831715968608 53.57339967367826 80.37168284031392
21.362992670555958 69.87033767718084 30.637007329444042 66.12966232281916
14.140600871359249 61.00197725145503 13.859399128640751 70.99802274854497
52.98392130349411 91.57552474471454 57.01607869650589 82.42447525528546
30.40152652563725 30.664644224940012 23.59847347436275 23.335355775059988
20.29214203117895 74.30072120870292 23.70785796882105 83.69927879129708
40.22691360339174 81.51082363350972 49.77308639660826 84.48917636649028
14.999978408281873 37.985305895227235 5.000021591718127 38.014694104772765
57.28428371555597 32.69641540233544 60.71571628444403 23.30358459766456
89.15047860842446 82.19079693114469 96.84952139157554 75.80920306885531
84.1666069750401 96.651738386456 87.8333930249599 87.348261613544
23.127809388316393 49.82155801884828 14.872190611683607 44.17844198115172
24.937177352299905 93.20988621582906 15.062822647700097 94.79011378417094
41.545654807071145 16.614899623515058 48.454345192928855 9.38510037648494
16.128964958936987 55.89994593369504 9.871035041063013 48.10005406630496
18.263149565465216 23.945407105297388 19.736850434534784 14.054592894702612
4.0032355596187505 9.820152488642577 13.996764440381249 10.179847511357423
36.81415336527011 54.50310390497623 41.18584663472989 63.49689609502377
68.3098603730865 20.00961058140843 67.6901396269135 29.99038941859157
80.0011261307936 53.89388666546886 89.9988738692064 54.10611333453114
48.466297877036105 43.53736474033431 55.533702122963895 36.46263525966569
3.0508502796469963 68.99974141821953 2.9491497203530037 59.00025858178047
17.910637093205107 86.91637468918704 16.089362906794893 77.08362531081296
96.69132566869533 56.27041523184312 87.30867433130467 59.72958476815688
59.83899733502677 45.002592858104165 60.16100266497323 54.997407141895835
87.37870873105962 21.742203376935795 92.62129126894038 30.257796623064205
82.32310619520655 14.010450683015634 81.67689380479345 23.989549316984366
81.9422159895529 58.39263664880606 78.0577840104471 67.60736335119394
22.686310932886602 28.256873544372784 13.313689067113398 31.743126455627216
84.28408857105036 80.94848166874439 85.71591142894964 71.05151833125561
51.83077818267385 74.71020073274858 42.16922181732615 77.28979926725142
35.596949570578005 41.6307919221886 44.403050429421995 46.3692080778114
52.31089878071581 13.735606451735967 61.68910121928419 10.264393548264033
95.52447989179353 61.02758400341401 94.47552010820647 70.972415996586
40.98803256352909 39.98397675739893 49.01196743647091 34.01602324260107
25.78207230908772 2.5399368401824365 16.21792769091228 5.4600631598175635
18.78696475667186 41.83097957774918 25.21303524332814 34.16902042225082
8.844057893099581 22.071758298023898 7.155942106900419 31.928241701976102
6.158531701334145 87.99748613801701 5.841468298665855 78.00251386198299
28.092658685258534 38.95812380235099 37.907341314741466 37.04187619764901
30.005176946908556 95.77252985183483 39.994823053091444 96.22747014816517
78.58501211118693 95.9944081679208 69.41498788881307 92.0055918320792
3.7403943852616375 51.83873885380474 6.259605614738362 42.16126114619526
68.93027109650968 34.909212218876796 61.06972890349031 41.090787781123204
12.870014280667947 2.8673213579791224 3.129985719332053 5.132678642020878
75.65902155990828 18.988359820962458 76.34097844009172 9.011640179037542
34.39343993600229 32.94412046354679 43.60656006399771 29.05587953645321
86.67120599332951 35.95474343579146 85.32879400667049 26.045256564208543
33.18569953688129 27.35000409288821 42.81430046311871 24.64999590711179
4.103938789925279 24.998919556058976 3.8960612100747207 15.001080443941024
84.00376781197518 2.805928045960526 93.99623218802482 3.194071954039474
27.450452339749084 10.030292023759067 28.549547660250916 19.969707976240933
37.86894943038706 86.86275268989831 28.13105056961294 89.13724731010169
96.75897773757622 33.703018597503714 89.24102226242378 40.296981402496286
