53.6199250937759 19.25863739980329 48.3800749062241 10.741362600196709
57.77144603343756 17.67567951752666 54.22855396656244 8.32432048247334
86.78581284594928 11.690841249615792 95.21418715405072 6.309158750384208
16.03377859362724 33.56768482188774 11.966221406372759 24.432315178112262
11.960894495307837 95.37587997434434 2.039105504692164 96.62412002565566
47.353336467260306 90.70879151980024 40.646663532739694 83.29120848019976
84.77146876974655 87.5241036030997 89.22853123025345 96.4758963969003
52.27196364580089 77.8097950348261 57.72803635419911 86.1902049651739
25.22692175319753 15.32493919497127 28.77307824680247 24.67506080502873
60.92685494578438 96.85211521709216 51.07314505421562 95.14788478290784
76.5312297374072 30.113754258857142 67.4687702625928 25.886245741142858
32.6738378945271 93.2237006627028 23.326162105472903 96.7762993372972
68.02473312192512 73.42829837095866 63.97526687807487 82.57170162904134
78.84758958830797 43.22510211138835 69.15241041169203 40.77489788861165
76.27672765670997 9.776646113121004 69.72327234329003 2.223353886878997
41.51128571907463 55.02394148430511 42.48871428092537 64.97605851569489
73.0129324932443 94.35938514585541 82.9870675067557 93.64061485414459
47.533560060626506 31.60330322713983 54.466439939373494 24.39669677286017
90.72156614518119 17.64523953778133 81.27843385481881 14.354760462218671
55.00345382097122 45.814187511633826 64.99654617902878 46.185812488366174
55.26059024923398 50.054974901937086 56.73940975076602 59.945025098062914
13.750326532756223 80.15868651859158 16.249673467243777 89.84131348140842
29.582624290768678 81.00011135068553 20.417375709231322 84.99988864931447
12.213557498458577 45.4833205552378 7.786442501541423 36.5166794447622
25.52776126990879 78.31397994459283 20.47223873009121 69.68602005540717
34.627740291374025 65.55914249374644 27.372259708625972 72.44085750625356
28.470834584092998 40.028080454934134 29.529165415907002 49.971919545065866
48.367286530615324 19.595916158612866 43.632713469384676 28.404083841387134
7.505063682465137 89.9754435019991 8.494936317534863 80.0245564980009
95.23205793831511 91.81494449283005 88.76794206168489 84.18505550716995
3.8830468917502365 33.87364501723004 6.1169531082497635 24.12635498276996
81.00225366676946 68.8498947413289 90.99774633323054 69.1501052586711
66.59353697905048 67.97469441233214 57.406463020949516 64.02530558766786
55.43904690056465 68.69894315268236 46.56095309943535 73.30105684731764
85.81490535724873 58.857525160791475 88.18509464275127 49.142474839208525
39.05022674324994 76.03816749284339 32.94977325675006 83.96183250715661
65.5409327669426 50.21762372774598 68.4590672330574 59.78237627225402
40.775454179408044 68.7218990651308 33.224545820591956 75.2781009348692
76.47057275151955 70.65301595592426 71.52942724848045 79.34698404407574
96.54178700515429 40.97056001282008 95.45821299484571 31.02943998717992
94.83705827552937 13.002655705834695 95.16294172447063 22.997344294165305
19.62574497634719 63.42196056698868 28.37425502365281 58.57803943301132
54.0041253732428 90.7969317510697 63.9958746267572 91.2030682489303
4.106228040049859 16.97481903841041 13.89377195995014 19.02518096158959
63.874126722707494 17.077002694226955 62.125873277292506 26.922997305773045
91.48067945096514 25.218898748861392 82.51932054903486 20.781101251138608
47.414380740506616 55.258079338082126 50.585619259493384 64.74192066191787
3.4665885461230586 77.02181809004263 2.5334114538769414 86.97818190995737
66.99801186596608 37.00264901705051 59.001988134033915 30.997350982949488
4.409600371486516 48.01680548887783 3.590399628513483 57.98319451112217
37.14681615137518 40.13329549747007 34.85318384862482 49.86670450252993
26.06820591742534 11.176952536556009 35.931794082574655 12.823047463443991
76.73297431640468 23.99286463708966 77.26702568359532 14.00713536291034
70.7175874398411 20.196989219287783 65.2824125601589 11.803010780712217
60.746702703422436 11.684979153193401 57.253297296577564 2.3150208468065987
75.47646166493097 58.86983546852341 84.52353833506903 63.13016453147659
80.65035578891583 32.586478494295214 85.34964421108417 41.413521505704786
23.76640931388272 35.489588714113914 14.233590686117282 38.510411285886086
13.621643675847892 60.68601526679712 20.378356324152108 53.31398473320288
69.68587279718821 46.17578299671024 72.31412720281179 55.82421700328976
68.05055688233028 88.29076602947136 77.94944311766972 89.70923397052864
41.94604221474988 2.000291152735901 42.05395778525012 11.999708847264099
75.44280027070842 85.05716567814669 84.55719972929158 80.94283432185331
13.806253396136 75.13822931658882 8.193746603864 66.86177068341118
22.956115258837443 6.661000409318087 13.043884741162557 5.338999590681913
95.28189857451025 75.007953005661 94.71810142548975 84.992046994339
24.7427612012351 45.006621564470606 25.2572387987649 54.993378435529394
77.9345046717371 65.80663724474186 68.0654953282629 64.19336275525814
43.705872808811165 76.55736784882565 48.294127191188835 85.44263215117435
90.99999965858818 75.0018477332186 81.00000034141182 74.9981522667814
38.03405515880249 28.02576934572941 31.965944841197512 35.974230654270585
34.60179042746031 5.955383558725668 25.39820957253969 2.044616441274332
27.655222791787786 65.71651253562047 34.344777208212214 58.283487464379526
2.4150231009772423 72.96566229496224 3.5849768990227577 63.03433770503776
20.969721231716232 19.094937234575 19.030278768283768 28.905062765425
6.169297013149928 8.709919129341966 15.830702986850072 11.290080870658034
89.248143887161 38.82539966772499 94.751856112839 47.17460033227501
24.07099727697995 90.09707368835828 15.929002723020051 95.90292631164172
53.39278682059803 31.609718547613106 48.60721317940197 40.390281452386894
84.82000994357463 45.77393056011019 77.17999005642537 52.22606943988981
65.5814495165157 30.65982658230192 74.4185504834843 35.340173417698075
89.37688563463638 30.417203371939095 80.62311436536362 25.582796628060905
49.987087291887036 49.35911048870618 40.012912708112964 48.64088951129382
54.024850108686024 41.497879060574476 63.975149891313976 40.502120939425524
34.084823381473655 87.9377659739009 39.915176618526345 96.0622340260991
30.498742838478094 17.82314815252674 39.501257161521906 22.17685184747326
39.74751772586714 34.53610891657097 44.25248227413286 43.46389108342903
11.226511220476365 56.16025960606505 16.773488779523635 47.83974039393495
61.24887206858899 51.0061975716418 60.75112793141101 60.9938024283582
91.13275984627788 2.1856979456722767 82.86724015372212 7.814302054327723
