95.09071112408773 17.879584945852596 92.90928887591227 8.120415054147404
66.8122788401179 52.642807174733974 57.1877211598821 55.357192825266026
50.21972282790106 15.682151982213288 41.78027717209894 10.317848017786712
34.56776975254665 21.033587836244077 25.432230247453347 16.966412163755923
18.777933617220437 69.32678354313033 15.222066382779563 78.67321645686967
20.055874593934856 80.60655797808863 23.944125406065144 71.39344202191137
90.65535338032451 85.04313486698526 89.34464661967549 94.95686513301474
68.55846894122165 70.0195331218716 69.44153105877835 79.9804668781284
17.801999597885857 23.064739455206958 16.198000402114143 32.935260544793046
81.115642746859 69.07883019508401 82.884357253141 78.92116980491599
71.34805263739507 46.98787122544301 70.65194736260493 37.01212877455699
64.85185340222357 82.92690022033328 63.14814659777643 73.07309977966672
84.90999506300976 92.94443024158474 75.09000493699024 91.05556975841526
64.35706450090922 41.7223683619374 67.64293549909078 32.2776316380626
68.14782821373018 18.20795395643556 59.852171786269814 23.79204604356444
40.41090777335005 45.0149981019402 49.58909222664995 48.9850018980598
35.84514451471841 83.12096830807111 42.15485548528159 90.87903169192889
53.85377210192826 65.20037343462063 44.14622789807174 62.79962656537936
41.29529082195495 2.4406100815175518 32.70470917804505 7.559389918482449
16.233889903575065 60.71116817979299 23.766110096424935 67.28883182020701
53.33654526443191 86.81805425001885 50.66345473556809 77.18194574998115
30.990533072718847 85.30753804658833 21.009466927281153 84.69246195341167
25.139719049818687 61.17374148998177 34.86028095018131 58.82625851001823
89.69950518453908 79.63642134184906 82.30049481546092 86.36357865815094
55.9065603140026 78.87897424189613 58.0934396859974 69.12102575810387
73.25014502336994 72.31619731833598 76.74985497663006 81.68380268166402
49.69956991420703 2.1720727437165657 52.30043008579297 11.827927256283434
55.768476307761624 14.84596217437317 58.231523692238376 5.154037825626829
10.072011147211455 74.61333490910026 13.927988852788545 65.38666509089974
21.07190092488206 2.155109766998292 30.92809907511794 3.844890233001708
58.19149095288338 59.62951076480054 67.80850904711662 62.37048923519946
72.76269490280878 66.99436545427415 73.23730509719122 57.00563454572585
95.76116950774005 45.00570725768234 96.23883049225995 54.99429274231766
72.61566817693705 31.680529596593868 79.38433182306295 24.319470403406132
86.59259984422103 52.0231270473647 77.40740015577897 55.9768729526353
93.91807600332787 65.89376748582043 86.08192399667213 72.10623251417957
43.29264213255427 72.30053948708246 46.70735786744573 81.69946051291754
31.805064808769444 65.72075701623196 40.194935191230556 60.279242983768036
12.248425414290853 47.82521410138442 17.751574585709147 56.17478589861558
65.05637222052844 88.92332762592994 56.94362777947156 83.07667237407006
19.897618846172907 15.858403202615808 28.102381153827093 10.141596797384192
12.810289465307722 82.50498411857559 17.189710534692278 91.49501588142441
30.057166412707417 76.75392050531362 39.94283358729258 75.24607949468638
11.810337968585674 42.36405594752673 2.1896620314143247 39.63594405247327
56.9169846755999 20.936370982201012 63.0830153244001 13.063629017798988
82.20675199407916 61.25749436923189 89.79324800592084 54.74250563076811
85.31296937360614 66.3772481638212 92.68703062639386 59.6227518361788
32.98988275943318 53.68208484290379 23.01011724056682 54.31791515709621
26.404106228038096 89.33775194883904 19.595893771961904 96.66224805116096
35.47962677562576 31.136872928454203 44.52037322437424 26.863127071545797
3.5001080292546 55.974926326999736 2.4998919707454 46.025073673000264
16.435304785815916 38.50613006461156 23.564695214184084 31.493869935388435
9.166338887674478 10.2098352723844 16.833661112325522 3.7901647276155996
40.858553238035306 51.19849706089533 49.141446761964694 56.80150293910467
69.39629122643676 24.61827301053308 60.60370877356324 29.38172698946692
87.0586438701079 34.76354410323028 96.9413561298921 33.23645589676972
48.12936856202551 30.636888830159883 51.87063143797449 21.363111169840117
8.174211457649264 64.65472837001481 11.825788542350736 55.345271629985184
7.694208595438971 89.99064040148122 8.30579140456103 80.00935959851878
87.13354882119114 45.18685689257918 78.86645117880886 50.81314310742082
56.187991029509035 26.003535312561077 55.812008970490965 35.99646468743892
79.26166819385206 19.596311903998355 88.73833180614794 16.403688096001645
65.76543671918644 3.1548113033993337 68.23456328081356 12.845188696600665
66.80286994739389 45.60987760667609 57.197130052606106 48.39012239332391
11.516554624007735 28.85506775669851 2.4834453759922654 33.14493224330149
96.18995234228747 88.85633744946585 93.81004765771253 79.14366255053415
50.78022171948097 69.46611060721979 41.21977828051903 66.53388939278021
42.77294278120176 33.32942192231613 51.22705721879824 38.67057807768387
71.90032820924948 5.076731618965446 78.09967179075052 12.923268381034553
86.0374947626945 39.3888193640867 95.9625052373055 40.6111806359133
29.49237409794707 28.163633223802385 38.50762590205293 23.836366776197615
21.241234993716283 8.351995897269715 12.758765006283715 13.648004102730285
41.62633028035965 38.576982628312145 50.37366971964035 43.423017371687855
2.4529530102312656 18.03001613775407 3.5470469897687344 27.96998386224593
2.3748008424757963 90.96075861269534 3.6251991575242037 81.03924138730466
24.012471344569537 49.352927628926935 33.98752865543047 48.647072371073065
2.0670321114131154 95.81598272663743 11.932967888586884 94.18401727336257
53.16903013086827 92.76028762412768 44.83096986913173 87.23971237587232
3.6447374893459035 71.95825711009745 2.3552625106540965 62.04174288990255
61.33385178153529 36.27368381658856 54.66614821846471 43.72631618341144
5.53734768575577 4.242210377380966 2.46265231424423 13.757789622619034
84.50677147357354 13.326210440937654 79.49322852642646 4.673789559062347
25.464094953635 44.10370278565213 34.535905046364995 39.89629721434787
77.78579761958147 41.48300209887849 82.21420238041853 32.51699790112151
16.207298384220586 44.25813051513659 23.792701615779414 37.74186948486341
10.807401696942962 24.661898658903656 7.1925983030570375 15.338101341096344
84.00114173971724 3.893153878859582 93.99885826028276 4.106846121140418
32.18630282559134 14.647846342648108 41.81369717440866 17.35215365735189
69.96427733871218 93.59661587671522 60.035722661287814 92.40338412328478
92.7203344397014 23.35122991979814 83.2796655602986 26.64877008020186
