60.99850732165241 3.1221660975363235 51.00149267834759 2.8778339024636765
72.19718748164121 24.844215421544003 65.80281251835879 17.155784578455997
78.34980261789092 63.83729809977199 87.65019738210908 60.16270190022801
2.2842060128581014 4.654424556952854 9.715793987141899 11.345575443047146
2.7234548059680543 76.00765358216621 3.2765451940319457 85.99234641783379
49.01733352999801 95.9869409788395 42.98266647000199 88.0130590211605
95.94548445717764 88.26366890340394 86.05451554282236 89.73633109659606
45.53262016451297 66.22016774160367 48.46737983548703 75.77983225839633
2.704576131198758 38.760343272220645 9.295423868801242 31.239656727779355
96.99949737389318 95.07089434699103 87.00050262610682 94.92910565300897
88.95123848427065 21.69658988786612 79.04876151572935 20.30341011213388
30.99997232623727 83.01663540986816 21.00002767376273 82.98336459013184
47.05392472247172 82.92941538073282 54.94607527752828 89.07058461926718
81.33324226584375 35.42221443723394 76.66675773415625 26.57778556276606
77.41344594405388 2.346455585732929 70.58655405594612 9.65354441426707
14.173031537923878 39.13582209786604 7.826968462076122 46.86417790213396
60.510699571314646 84.20140447464918 69.48930042868535 79.79859552535082
36.4801311829382 38.59008174691623 29.519868817061795 31.409918253083763
94.674469098187 8.22536238907916 85.325530901813 11.77463761092084
37.00745769422368 31.727014057076744 46.99254230577632 32.272985942923256
77.07379991349354 39.549654263655 72.92620008650646 30.450345736344996
15.394588018578098 58.01559428862431 14.605411981421902 67.98440571137569
45.298554057695235 50.00892141169529 44.701445942304765 59.99107858830471
31.557841480109108 89.94425657189501 22.442158519890892 94.05574342810499
18.717039570923426 78.34182700349373 9.282960429076576 81.65817299650627
31.004814089203485 94.78064249139823 40.995185910796515 95.21935750860177
44.58834532541631 38.35314747353919 53.41165467458369 33.64685252646081
31.999581803493243 13.935333237445825 22.000418196506757 14.064666762554175
7.736245058258014 77.68886479839999 4.263754941741986 68.31113520160001
68.72641854985483 75.59547714090783 77.27358145014517 70.40452285909217
9.506930119024116 69.32611851182209 4.4930698809758844 60.67388148817791
90.71395176910676 74.00818906511847 91.28604823089324 83.99181093488153
73.87694573369478 65.897548046128 64.12305426630522 68.102451953872
70.51071881007783 35.43982395989107 63.48928118992217 42.56017604010893
85.73257191399084 84.32684639063585 78.26742808600916 77.67315360936415
71.77101324315275 93.504194988088 62.22898675684725 96.495805011912
85.63701179828332 54.12967340216172 76.36298820171668 57.87032659783828
41.50251678646475 47.67132702396426 36.49748321353525 56.32867297603574
79.30581435034317 94.75121200161563 72.69418564965683 87.24878799838437
81.8254659334228 74.50237732684582 86.1745340665772 65.49762267315418
61.3511267633604 21.581561159983224 68.6488732366396 28.418438840016776
26.65257385269014 75.71412684063243 33.34742614730986 68.28587315936757
52.0527197091743 73.27583308277194 61.9472802908257 74.72416691722806
14.841992168677796 18.12353427239352 21.1580078313222 25.87646572760648
65.2676486654303 47.00716871986511 64.7323513345697 56.99283128013489
96.72569201740905 43.052943188534336 95.27430798259095 52.947056811465664
35.868162333094 89.99826158074833 36.131837666906 80.00173841925167
17.4954787905732 49.42485971958401 10.504521209426802 56.57514028041599
14.74635101110979 34.993562074354834 15.25364898889021 25.006437925645166
5.727753896532904 89.5976745815075 14.272246103467097 84.4023254184925
26.89054084580508 35.07994542693348 25.10945915419492 44.92005457306652
31.055249447360104 21.74124353094476 40.944750552639896 20.25875646905524
87.02795295486297 34.472033920650105 96.97204704513703 35.527966079349895
51.779565425126364 7.468248734696077 42.220434574873636 4.531751265303923
92.91328562325036 23.880476602071322 95.08671437674964 14.119523397928678
78.45115887901208 52.52217641494364 85.54884112098792 45.47782358505636
64.99741013842068 3.000000670738345 65.00258986157932 12.999999329261655
10.979913011308403 23.01498673036847 5.020086988691597 14.98501326963153
11.258207319439453 73.58600194658848 20.741792680560547 70.41399805341152
55.28359226071686 55.0515901593446 56.71640773928314 64.9484098406554
50.49078802934431 57.02599726890496 51.50921197065569 66.97400273109504
80.06687829333096 15.184947715057051 89.93312170666904 16.81505228494295
79.12656101655956 43.098126576921025 72.87343898344044 50.901873423078975
28.759106219787505 66.53326709635989 19.240893780212495 63.46673290364011
31.9583192213285 8.355740347837662 22.0416807786715 9.644259652162338
88.90527756386125 51.459940758587294 93.09472243613875 60.540059241412706
22.957530493370083 50.057477223883005 31.042469506629917 55.942522776116995
61.78975844188029 32.73844654310295 54.21024155811971 39.26155345689705
58.51218073281706 51.2264904076561 61.48781926718294 60.7735095923439
95.30230479150919 77.95108285085686 96.69769520849081 68.04891714914314
22.409816605554745 58.01752265955975 31.590183394445255 61.98247734044025
45.951078726532266 27.697724475476967 36.048921273467734 26.302275524523033
20.468959209036043 31.11415925384554 29.531040790963957 26.88584074615446
18.013952053022933 3.3732638081113535 27.986047946977067 2.6267361918886465
13.050131381256099 47.065703490989 20.9498686187439 40.934296509011
3.4316388729200686 46.01866605381809 2.5683611270799314 55.98133394618191
65.3666760262443 62.43496097528517 72.6333239737557 55.56503902471483
13.967941048907603 95.43470208334116 4.032058951092397 96.56529791665884
12.320219391678423 3.77877080801532 17.67978060832158 12.22122919198468
61.1342625328129 39.1043102824525 54.8657374671871 46.8956897175475
33.73019839671647 42.00728459704885 34.26980160328353 51.99271540295115
92.85336514175276 29.20201780386948 83.14663485824724 26.79798219613052
50.18484489180107 41.00341793162816 49.81515510819893 50.99658206837184
35.64575912883733 4.186889606203431 38.35424087116267 13.813110393796569
38.551766697644744 61.030537905228556 37.448233302355256 70.96946209477144
44.14451315890356 13.806581575498647 53.85548684109644 16.193418424501353
47.00376781197518 20.805928045960524 56.99623218802482 21.194071954039476
59.98585950117561 26.624227416464585 50.01414049882439 27.375772583535415
27.631099908766444 87.11508259198885 18.368900091233556 90.88491740801115
85.97980685337114 4.973262910350472 78.02019314662886 11.026737089649528
