96.91975163361361 26.914677703824033 95.08024836638639 17.085322296175967
74.66003579752663 44.81219931734077 65.33996420247337 41.18780068265923
54.99501375651787 10.776756697307171 45.00498624348213 11.223243302692829
38.50598400135477 46.808238105103406 47.49401599864523 51.191761894896594
3.113172372385133 61.36967803455642 6.886827627614867 70.63032196544357
10.471791320698639 90.54284398687022 17.52820867930136 83.45715601312978
95.08487882522365 73.11911504595925 92.91512117477635 82.88088495404075
68.62237968580507 68.27053024588517 65.37762031419493 77.72946975411483
22.391159133707603 41.26590757727022 25.608840866292397 50.73409242272978
95.54791620273676 87.02047991868172 96.45208379726324 96.97952008131828
79.37748359226016 27.80651005960188 76.62251640773984 18.19348994039812
72.75011563780575 48.56089763516809 63.24988436219426 45.43910236483191
88.05556975841534 78.90999506300977 89.94443024158466 69.09000493699023
58.84100053109076 28.87565766747156 65.15899946890924 21.12434233252844
96.87291104847961 11.879849155869897 87.12708895152039 14.120150844130103
14.654626893922483 55.18440333858375 17.345373106077517 64.81559666141625
50.07781814786928 96.87870689911654 59.92218185213072 95.12129310088346
28.803849017429783 76.13985877626979 23.196150982570217 67.86014122373021
79.76094025709935 7.472437278429859 70.23905974290065 10.527562721570142
24.434521375795157 79.7083430439109 29.565478624204843 88.2916569560891
56.83312977647813 74.86193519922449 59.16687022352187 65.13806480077551
26.020651774411956 91.02773498676211 17.979348225588044 96.97226501323789
18.573499630800253 54.207808779204136 21.426500369199747 63.792191220795864
74.44400581866644 90.70853490455148 65.55599418133356 95.29146509544852
49.375665697190016 88.39956958067431 44.624334302809984 79.60043041932569
62.93121959694976 81.82648247813168 53.06878040305024 80.17351752186832
23.9603261489133 34.434944624520625 28.0396738510867 43.565055375479375
43.60645748796209 40.73490172436245 40.39354251203791 31.26509827563755
9.979261817666266 65.59157082675726 6.020738182333733 56.40842917324273
40.0039291565961 7.1981820569311585 49.9960708434039 6.8018179430688415
59.13867955429967 36.100346973978816 64.86132044570033 27.89965302602118
63.00005956082106 54.02440501307329 72.99994043917894 53.97559498692671
96.62730053059273 64.89422538246541 87.37269946940727 61.105774617534586
89.42537905804193 28.966871326404906 90.57462094195807 19.033128673595094
96.74741944577465 48.4309210963496 87.25258055422535 51.5690789036504
62.09678474314128 58.0822563914151 63.90321525685872 67.9177436085849
39.24178636440189 87.35287921719197 30.75821363559811 92.64712078280803
32.46652198391335 70.4624113990131 39.53347801608665 77.5375886009869
41.58141598375716 83.00265513351012 32.41858401624284 78.99734486648988
79.9975890420266 77.15525387922871 70.0024109579734 76.84474612077129
65.05976275337405 15.770750249464504 74.94023724662595 14.229249750535496
17.72519633129551 69.80794740539989 12.27480366870449 78.19205259460011
73.08648889956704 85.92596364179276 82.91351110043296 84.07403635820724
9.101953522148497 24.998960439863623 8.898046477851503 15.001039560136377
76.10767255893774 30.53406179758292 71.89232744106226 21.46593820241708
87.05693423094249 56.75239670571577 96.94306576905751 55.24760329428423
75.45058903646384 60.92566639981488 84.54941096353616 65.07433360018511
53.345512083911515 67.52683912197791 44.654487916088485 72.47316087802209
22.140348486331096 85.10921455430937 15.859651513668904 92.89078544569063
40.07146707306683 60.15764426271583 49.92853292693317 61.84235573728417
8.185283974670908 39.13247791243409 13.814716025329092 30.867522087565913
23.449273084264163 22.928554963703505 32.55072691573584 27.071445036296495
29.00085781918045 2.907385444174566 38.999142180819554 3.092614555825434
56.65788521882147 51.011717983463726 57.34211478117853 60.988282016536274
96.9578260557747 7.3519561737956955 87.0421739442253 8.648043826204304
81.7194931247305 57.992125388341776 82.2805068752695 48.007874611658224
20.658534298898836 29.40809723801725 13.341465701101164 22.59190276198275
17.876330843892056 42.998470360002905 18.123669156107944 33.001529639997095
11.793942512445748 96.42060381083726 2.2060574875542525 93.57939618916274
80.3404648133916 70.48200830049163 71.6595351866084 65.51799169950837
30.664572663518953 34.5789391368115 35.33542733648105 43.4210608631885
82.07028672245725 3.8354202542545446 91.92971327754275 2.1645797457454554
54.029905186835684 16.040293226497788 45.970094813164316 21.959706773502212
52.221657824430224 47.848458740673 49.778342175569776 38.151541259327
23.94382437067941 17.747395873601373 14.056175629320592 16.252604126398627
87.47418534602518 87.23849922380394 90.52581465397482 96.76150077619606
38.2105301980407 68.8330791600838 31.789469801959296 61.1669208399162
39.08115695053266 21.940399619103356 44.91884304946734 30.059600380896644
67.44530655114055 31.483730032458297 74.55469344885945 38.5162699675417
92.28816309887078 45.69783082112716 95.71183690112922 36.30216917887284
27.34254688215738 61.71729256694492 30.65745311784262 52.28270743305508
77.98080952282838 3.4376488287452815 68.01919047717162 2.5623511712547185
51.70476655199581 24.170675998116177 54.29523344800419 33.82932400188382
2.5338776669550924 2.751944994828305 11.466122333044908 7.248055005171695
7.278658319915228 85.8337390187009 4.721341680084772 76.1662609812991
11.19254776830455 46.625808223002906 20.80745223169545 49.374191776997094
35.0014765694089 95.12150520084268 44.9985234305911 94.87849479915732
68.88163642552068 87.91850760103011 59.11836357447932 90.08149239896989
4.035672175427691 34.99987274797072 3.964327824572309 25.00012725202928
60.194216923394514 12.144709489651712 57.805783076605486 21.85529051034829
22.339604374704482 4.278838538781918 15.660395625295518 11.721161461218081
84.3565854436358 28.987268472960633 83.6434145563642 19.012731527039367
42.17306105963651 54.695906266404684 51.82693894036349 57.304093733595316
82.01519639965211 41.895852966555815 79.98480360034789 32.104147033444185
5.01088692691695 51.896744594216486 2.9891130730830504 42.103255405783514
29.277863834236538 18.64360275978983 38.722136165763466 15.356397240210171
52.1991275154809 2.602994850622426 61.8008724845191 5.3970051493775735
24.103707278875536 8.98692666155722 33.89629272112446 11.01307333844278
85.92624950673321 96.85560843696798 76.07375049326679 95.14439156303202
92.93324529235008 32.388865363101374 89.06675470764992 41.611134636898626
