94.22163683674617 19.679138372430163 85.77836316325383 14.320861627569837
56.88615345472749 56.06089792951755 47.11384654527251 53.93910207048245
78.7481900271669 34.309240323736944 71.2518099728331 27.690759676263053
36.33213528392884 36.79193721777799 45.66786471607116 33.20806278222201
8.897853647175191 57.001043496628064 9.102146352824809 66.99895650337194
28.548041142729424 81.78453921258814 31.451958857270576 72.21546078741186
94.6974982366433 81.00915912063246 95.3025017633567 90.99084087936754
62.539591961139095 67.24293613736415 59.460408038860905 76.75706386263585
35.00045138369007 23.067183578004162 44.99954861630993 22.932816421995838
69.19047936200222 79.86398817885338 74.80952063799778 88.13601182114662
91.54438924844972 40.755508579455295 88.45561075155028 31.244491420544705
82.9975070456227 70.84212875831382 73.0024929543773 71.15787124168618
72.04262550765993 94.56373542566361 67.95737449234007 85.43626457433639
65.80188112061163 28.393534249135477 56.19811887938837 25.606465750864523
75.78014018043027 7.4663764371525225 66.21985981956973 4.5336235628474775
14.453818608213309 33.643536498719854 9.546181391786691 42.356463501280146
51.4639791016726 82.89654702692523 60.5360208983274 87.10345297307477
20.554132935102757 62.75233319749667 17.445867064897243 53.24766680250333
96.97933491969431 25.454118660168085 87.02066508030569 24.545881339831915
26.22059240401265 58.151272931658596 23.77940759598735 67.8487270683414
56.84777552257723 67.51308428890735 61.15222447742277 58.48691571109266
33.08444311440111 81.11901822051874 30.91555688559889 90.88098177948126
22.161260910140022 22.35037221280876 25.838739089859978 31.64962778719124
85.99960193967213 96.06309076657237 76.00039806032787 95.93690923342763
18.797357101518557 81.59097024853644 9.202642898481445 84.40902975146356
42.994902408885544 87.41520290754076 39.005097591114456 96.58479709245924
20.299297464004063 17.29606465261109 29.700702535995937 20.70393534738891
53.69068620751315 15.731318255736328 44.30931379248685 12.268681744263672
16.320976627476732 64.82234597987953 13.679023372523268 55.17765402012048
30.20027839135971 16.40095413185138 39.79972160864029 13.599045868148622
39.000006409467886 64.00800591267631 48.999993590532114 63.9919940873237
67.97147001877318 45.02155732065797 74.02852998122682 52.97844267934203
86.40395122581201 63.36753323116464 77.59604877418799 58.63246676883536
86.578307091964 38.74435946397995 83.421692908036 29.25564053602005
90.38528394086441 54.40193354570784 81.61471605913559 49.59806645429216
74.86326802904877 62.82586072521548 67.13673197095123 69.17413927478452
45.115736070619334 69.46969527741453 40.884263929380666 78.53030472258547
24.177402305849565 79.00314814889622 23.822597694150435 88.99685185110378
54.58916743264577 75.01517197844666 45.41083256735423 78.98482802155334
82.9539832769359 79.6767936848401 73.0460167230641 78.3232063151599
47.07396662205058 8.856851888793019 56.92603337794942 7.143148111206981
26.99461331194508 70.99283115072812 19.00538668805492 77.00716884927188
83.15558511039224 84.887907596396 88.84441488960776 93.112092403604
11.15800783132211 26.876465727606558 4.8419921686778915 19.123534272393442
87.96199876697257 3.6152789908347907 78.03800123302743 2.3847210091652093
81.30450585597113 40.63201498942642 88.69549414402887 47.36798501057358
51.74717711147991 70.84049943807456 54.25282288852009 61.159500561925434
37.23960329081812 85.15609829978014 34.76039670918188 94.84390170021986
13.952453097040376 71.68790138945577 4.047546902959624 70.31209861054423
34.739578095622676 75.79073198808047 41.260421904377324 68.20926801191953
29.22819269119005 45.66877997709947 20.77180730880995 40.33122002290053
18.118039745845778 10.919970335195158 27.881960254154222 13.080029664804842
56.58777783002686 18.647916769585414 65.41222216997313 23.352083230414586
62.87335446876585 35.908076968365194 57.12664553123415 44.091923031634806
94.24742041192827 11.841894496568951 91.75257958807173 2.158105503431049
90.27609509378132 59.59133377798757 81.72390490621868 54.40866622201243
22.215921566361768 34.82855697084545 15.784078433638232 27.171443029154553
11.311804685801782 50.53146999814294 2.688195314198219 45.46853000185706
19.768419416688037 94.50405327916019 10.231580583311963 91.49594672083981
70.1076267574193 57.850859944250686 61.8923732425807 52.149140055749314
11.143188800186813 14.896510050137573 16.856811199813187 23.10348994986243
64.02401928520361 12.489505797692283 73.97598071479639 11.510494202307717
40.34784858558999 40.28084798890065 43.65215141441001 49.71915201109935
36.00064039520757 42.99914594980528 27.99935960479243 37.00085405019472
32.917806072195276 6.097124905493987 23.08219392780472 7.902875094506013
89.71591142894957 66.0515183312556 88.28408857105043 75.9484816687444
36.942790039885665 46.92519810371816 29.057209960114335 53.07480189628184
66.83044294325744 33.495222294325885 71.16955705674256 42.504777705674115
50.40155883433827 29.72822010063785 55.59844116566173 38.27177989936215
96.78034728723613 69.93873041492479 95.21965271276387 60.06126958507521
30.567145489853722 66.63531427969693 37.43285451014628 59.36468572030307
30.951601262899814 2.3059935639715277 21.048398737100186 3.6940064360284723
45.62068049702534 40.194016468118754 48.37931950297466 49.805983531881246
2.0521353822540283 4.7201636789352195 11.94786461774597 3.2798363210647805
3.7223688241185475 88.99228614265836 4.277631175881453 79.00771385734164
17.850169698897904 44.11688667764395 24.149830301102096 51.88311332235605
44.77800896823752 93.678580170112 53.22199103176248 88.321419829888
67.11313881395752 74.08740920552236 60.88686118604248 81.91259079447764
3.6021214645243465 14.378794734146375 12.397878535475654 9.621205265853625
72.97827564941144 37.016385818247436 79.02172435058856 44.983614181752564
2.0649588132525816 38.08471244342183 9.93504118674742 31.91528755657817
96.00782255712804 41.99999388075625 95.99217744287196 32.00000611924375
39.86145143065009 52.1077624844016 46.13854856934991 59.8922375155984
74.69902131108066 25.36411078000875 67.30097868891934 18.63588921999125
2.180842862616954 61.657324050300595 5.819157137383046 52.342675949699405
40.00775306212455 4.2783352497856235 49.99224693787545 3.721664750214376
75.04524947468646 18.033540545619857 80.95475052531354 9.966459454380143
41.10370727887554 17.98692666155722 50.89629272112446 20.01307333844278
60.997385264552236 96.16168029452024 51.002614735447764 95.83831970547976
83.09299388960775 17.459143629438977 78.90700611039225 26.540856370561023
