87.31962716848182 10.738993910435992 80.68037283151818 3.2610060895640074
76.98000408581855 53.02647773440804 69.01999591418145 46.97352226559196
46.77013127410745 10.498615236737585 37.22986872589255 7.501384763262416
41.99695049032499 19.825398175150273 32.00304950967501 20.174601824849727
12.997172511487097 71.99788094425139 7.002827488512902 80.00211905574861
29.51057597679486 68.20115241177629 38.48942402320514 63.79884758822371
73.43671237491859 84.03183061365354 74.56328762508141 93.96816938634646
64.43002578743689 69.01852654105843 63.56997421256311 78.98147345894157
12.497332702735912 14.02533161022152 13.502667297264088 23.97466838977848
75.06539137078681 63.049889147896515 68.93460862921319 70.95011085210349
74.47276561121615 45.59720711240742 67.52723438878385 38.40279288759258
58.0706286729981 87.99950113416834 57.9293713270019 78.00049886583166
85.15420637625634 95.87955952860423 78.84579362374366 88.12044047139577
60.04816608017063 52.035675471311436 65.95183391982937 43.964324528688564
93.87291104847961 19.879849155869895 84.12708895152039 22.120150844130105
38.30718145910932 39.62908154592045 45.69281854089068 46.37091845407955
29.75413634631275 84.35942395786496 38.24586365368725 89.64057604213504
49.80384901742978 68.13985877626979 44.19615098257022 59.86014122373021
60.575185544394884 2.9831516580664488 51.424814455605116 7.016848341933551
13.88627977049305 57.12561519262307 16.11372022950695 66.87438480737693
54.83284733632297 61.651953422137176 51.16715266367703 52.348046577862824
37.99514026934367 77.22039439553045 28.004859730656328 76.77960560446955
20.892673763080314 64.9172086563458 27.107326236919686 57.082791343654186
71.32764919983616 77.26814378588486 64.67235080016384 84.73185621411514
53.77039710576767 78.99472546902831 54.22960289423233 69.00527453097169
73.69237621956175 71.56436335032322 78.30762378043825 80.43563664967678
57.34223856429614 10.01172647450959 56.65776143570386 19.98827352549041
62.35080919458321 15.720187463155327 65.6491908054168 6.279812536844673
6.1528185851170845 73.64628032091383 9.847181414882916 64.35371967908617
39.057906130499745 2.241245635895253 48.942093869500255 3.758754364104747
59.30428110240113 56.71762162152578 68.69571889759887 53.28237837847422
63.0750183928879 63.09750212006896 70.9249816071121 56.90249787993104
94.50011573020285 54.02505118450357 95.49988426979715 63.97494881549643
76.24351262883161 36.84289957999712 73.75648737116839 27.15710042000288
86.13101570770547 65.18313840902847 77.86898429229453 70.81686159097153
96.9806186677915 74.98553710227472 91.0193813322085 83.01446289772528
43.698755552040026 77.04906668611935 42.301244447959974 86.95093331388065
30.712667199428292 62.57269847769651 39.287332800571704 57.42730152230349
18.673176850738283 42.1792593587102 21.326823149261717 51.8207406412898
55.73932278051872 96.18283524707 50.26067721948128 87.81716475293
22.05283828190451 21.069187900927776 29.94716171809549 14.930812099072224
24.87059100859382 68.07637620286079 23.12940899140618 77.92362379713921
30.01026688517603 72.32025527759752 39.98973311482397 71.67974472240248
22.27824997236114 30.41222543988239 13.721750027638858 35.58777456011761
60.649907386911295 27.711721902800434 67.3500926130887 20.288278097199566
84.26418083982246 72.32319954297817 91.73581916017754 65.67680045702183
83.03265306612354 81.04305082216204 90.96734693387646 74.95694917783796
36.90213912487433 52.98439423016204 27.09786087512567 51.01560576983796
25.937177352299905 82.20988621582906 16.062822647700095 83.79011378417094
45.94243797398496 20.95617421975711 52.05756202601504 13.04382578024289
14.770672942800996 51.67597234055469 11.229327057199004 42.32402765944531
16.871335453661 15.998344269307125 17.128664546339 6.001655730692875
3.9866512024117315 16.989953511517815 10.013348797588268 9.010046488482185
42.40794700023394 52.52190350236345 49.59205299976606 59.47809649763655
67.50794066367432 26.232808483515953 64.49205933632568 35.76719151648405
87.01089996858072 37.329971023715785 96.98910003141928 36.670028976284215
42.90572581156715 29.870003287442813 51.09427418843285 24.129996712557187
3.031691341661915 66.0235734998674 8.968308658338085 57.976426500132604
9.330447511750549 95.71302392196137 12.669552488249451 86.28697607803863
91.39478672466247 50.32911140266346 84.60521327533753 57.67088859733654
55.60606544746472 26.53643363155821 48.39393455253528 33.46356636844179
80.49152848421829 30.161870623183766 89.50847151578171 25.838129376816234
68.86361353625891 12.479396845824237 73.13638646374109 21.520603154175763
85.44997571632871 44.21485941459846 82.55002428367129 53.78514058540154
18.221487426597015 27.32062620989842 9.778512573402985 32.67937379010158
90.48244362015885 94.34021585554596 85.51755637984115 85.65978414445404
49.237882266859316 72.65336652052433 40.762117733140684 67.34663347947567
41.310069719675894 36.26663507428498 50.689930280324106 39.73336492571502
69.6286875935406 4.598082523380099 74.3713124064594 13.4019174766199
89.4045847872444 42.525379236825174 96.5954152127556 49.474620763174826
36.17892542142906 33.656574640149415 39.82107457857094 24.343425359850585
33.5368611007807 3.465793787314558 26.463138899219306 10.534206212685442
26.34242791851989 31.590870130256512 33.65757208148011 38.40912986974349
3.0627192855641643 26.00039338635345 2.9372807144358357 35.99960661364655
3.766390384388809 95.94091547981914 2.233609615611191 86.05908452018086
24.433964484762903 47.0374787541453 33.5660355152371 42.9625212458547
19.000117310588927 89.03425043251511 28.999882689411073 88.96574956748489
69.68310777004555 95.75171390761703 60.31689222995444 92.24828609238297
2.3234636861457503 55.71054412868917 5.67653631385425 46.28945587131083
57.93847401890913 34.08886301190523 56.06152598109087 43.91113698809477
9.651216762841022 2.584064381351908 2.3487832371589774 9.415935618648092
84.54106096216542 15.529998195782566 77.45893903783458 8.470001804217434
18.15103665194591 37.780346586432 27.84896334805409 40.219653413568
79.27949223207871 44.94781452323802 80.72050776792129 35.05218547676198
24.005404901791692 25.23242161034112 33.99459509820831 24.76757838965888
7.580840023165314 27.98239951367009 8.419159976834685 18.01760048632991
86.11337204653923 2.9412898203683264 95.88662795346077 5.058710179631674
35.236424681954276 11.480674429457085 44.763575318045724 14.519325570542915
45.82629403919986 92.6935215856418 36.17370596080014 95.3064784143582
93.48421525548537 28.78825554313518 84.51578474451463 33.21174445686482
