57.39824038712389 23.378125626848234 48.60175961287611 18.621874373151766
52.89091578547449 11.998809921785519 53.10908421452551 2.0011900782144805
82.04345071472122 8.657737928511345 91.95654928527878 7.342262071488655
23.20971078143668 40.85145337247261 20.79028921856332 31.148546627527388
12.153494180088437 96.78361026294478 3.846505819911563 91.21638973705522
44.963177509661506 96.59847083991616 41.036822490338494 87.40152916008384
79.3154690494633 89.62002490030812 86.6845309505367 96.37997509969188
45.91714422174066 74.06350406446889 52.08285577825934 81.93649593553111
30.810572346955624 14.339331831546081 27.189427653044376 23.660668168453917
56.73289699761627 93.6123541825402 47.26710300238373 90.3876458174598
58.996979610931305 29.8262335822525 49.003020389068695 30.1737664177475
32.98663221741659 96.36537532514232 23.013367782583405 95.63462467485768
68.70089518915066 83.29819656349565 65.29910481084934 92.70180343650435
73.8756576674715 53.158999468909315 66.1243423325285 46.841000531090685
78.70565987954909 12.700077060570027 75.29434012045091 3.2999229394299725
43.16536390730097 60.07015389765927 44.83463609269903 69.92984610234073
69.00342811931066 95.18512007212765 78.99657188068934 94.81487992787235
37.055107912072806 28.606234336887148 40.944892087927194 19.393765663112852
95.94874417991387 13.714094560803106 86.05125582008613 12.285905439196894
50.02621976471207 47.51138065182317 59.97378023528793 46.48861934817683
53.49612125442005 51.23152553549954 56.50387874557995 60.76847446450046
3.6549108886200132 62.04307638469515 2.3450891113799868 71.95692361530486
19.45628345402448 72.64492576487088 14.54371654597552 81.35507423512912
18.975885026436174 40.593024968613314 15.024114973563826 31.406975031386686
23.369450485823307 70.69415801280685 16.630549514176693 63.30584198719315
36.47523466885108 63.77014021545897 27.52476533114892 68.22985978454102
26.64685252646079 46.58834532541632 31.35314747353921 55.41165467458368
43.061651840354905 5.1140102978136515 40.938348159645095 14.885989702186349
12.654148645534802 91.71845231601162 9.345851354465198 82.28154768398838
95.95460127767576 86.05959617181831 88.04539872232424 79.94040382818169
2.9207427730111606 36.99937178973219 3.0792572269888394 27.00062821026781
71.35499367218806 59.14961727888876 80.64500632781194 62.85038272111124
73.69058921662412 80.73158101193377 64.30941078337588 77.26841898806623
58.25866885667966 77.61987396054595 49.74133114332034 72.38012603945405
95.8168615909716 59.13101570770542 90.1831384090284 50.86898429229458
36.91807600332787 75.89376748582043 29.081923996672128 82.10623251417957
59.65651645770011 64.28232360171441 66.3434835422999 71.71767639828559
35.241780039546654 70.35286908217526 26.75821996045335 75.64713091782474
71.75751245733127 64.15683732398828 74.24248754266873 73.84316267601172
95.54912235403012 37.52189303019324 88.45087764596988 30.47810696980676
93.80161264135124 21.145737158060882 96.19838735864876 30.854262841939118
34.58414215638431 51.345250414130184 43.41585784361569 46.654749585869816
49.15551748325704 85.76266853876099 58.84448251674296 88.23733146123901
6.706613980769403 20.43741605213112 15.293386019230596 25.56258394786888
59.95915634590067 6.39981452413958 56.04084365409933 15.600185475860421
89.69549414402894 22.367985010573502 82.30450585597106 15.632014989426498
49.39324578734645 55.01548821340201 48.60675421265355 64.98451178659799
2.856422905136473 77.00206186334499 3.143577094863527 86.99793813665501
56.952453097040376 36.687901389455774 47.047546902959624 35.312098610544226
7.364585224148023 27.040539539160637 8.635414775851977 36.95946046083936
25.8285271599187 30.496145461408723 30.1714728400813 39.50385453859128
27.00485626106851 10.22031574481533 36.99514373893149 9.77968425518467
71.49536239618824 27.332801231500206 66.50463760381176 18.667198768499794
67.56945914758055 29.289274960749736 62.430540852419455 20.710725039250264
67.82820083247209 13.653781442670933 64.17179916752791 4.346218557329067
73.59414521471516 47.63601108061339 82.40585478528484 52.36398891938661
83.60677607813946 25.03695428280197 82.39322392186054 34.96304571719803
20.066381881463563 47.09061202413552 11.933618118536437 52.90938797586448
13.955756739971859 59.966432020566245 20.04424326002814 52.033567979433755
63.027260552738696 50.405623102833296 66.9727394472613 59.594376897166704
74.00054410347076 85.07376136291458 83.99945589652924 84.92623863708542
47.728833303502796 2.0534050079165365 46.271166696497204 11.946594992083464
79.59740200381987 79.37004870921056 88.40259799618013 74.62995129078944
12.66012178200102 76.2336452502452 7.339878217998979 67.7663547497548
12.879645762354835 5.0904390097261265 3.1203542376451647 2.9095609902738735
92.28189857451025 62.007953005660994 91.71810142548975 71.992046994339
24.2661205566698 55.00708703767853 23.7338794433302 64.99291296232147
88.95964993867992 58.63393413360721 79.04035006132008 57.36606586639279
39.67968015439246 67.17747415711487 42.32031984560754 76.82252584288513
87.72819411827928 65.37390640494797 78.27180588172072 68.62609359505203
33.98480266335805 21.097942909936393 32.01519733664195 30.902057090063607
36.75586236062332 2.456700545322975 27.24413763937668 5.543299454677025
35.17053535931362 59.21484067501528 42.82946464068638 52.78515932498472
4.010563997338148 56.00790124454048 9.98943600266185 47.99209875545952
21.319957205704807 17.046461689062333 22.680042794295193 26.953538310937667
4.192547768304549 11.625808223002906 13.80745223169545 14.374191776997094
87.69662377446288 43.454228395656465 96.30337622553712 48.545771604343535
29.97705021642277 90.52149070729395 20.02294978357723 91.47850929270605
44.758491299927755 23.319432903153892 41.241508700072245 32.680567096846104
88.4072711130298 37.63865264388038 79.5927288869702 42.36134735611962
74.81737438724545 33.00333632454955 75.18262561275455 42.99666367545045
80.80845878645945 20.37066556786143 71.19154121354055 17.62933443213857
50.139389041311645 42.80454245192849 41.860610958688355 37.19545754807151
54.00821701514032 40.713464431413215 63.99178298485968 41.286535568586785
33.15616313625948 85.88750782463596 38.84383686374052 94.11249217536404
14.461437098550267 8.902037467068542 23.538562901449733 13.097962532931458
33.220295911799546 34.843890619576804 38.779704088200454 43.156109380423196
2.74017627867733 49.79124640532662 9.25982372132267 42.20875359467338
58.36003884796897 51.27659789771937 61.63996115203103 60.72340210228063
94.99613199346702 2.8033655578103307 85.00386800653298 3.1966344421896693
