47.16042404696932 11.50916488246734 42.83957595303068 2.4908351175326597
60.26379134447109 12.78783131352963 53.73620865552891 5.212168686470371
78.61873458986294 49.39654125949988 83.38126541013706 40.60345874050012
3.1937202992677705 6.378287139288948 12.80627970073223 3.6217128607110523
11.289395483822707 79.05075346930582 12.710604516177293 88.94924653069418
45.973680562231664 96.51234916305087 36.026319437768336 95.48765083694913
86.74659760056483 70.68895689858289 79.25340239943517 77.31104310141711
51.28041438255345 76.65864057089262 58.71958561744655 83.34135942910738
9.801470663388999 20.156900979308652 16.198529336611 27.843099020691348
96.80177061716373 82.60608503123645 87.19822938283627 85.39391496876355
85.40945677162803 17.657267357249097 78.59054322837197 10.342732642750901
44.99224940785312 91.27829094449896 35.00775059214688 90.72170905550104
48.6440001350192 50.58986795705498 53.3559998649808 59.41013204294502
96.72639337727799 28.666234501681508 89.27360662272201 35.33376549831849
67.99711680494869 2.8302247435596914 58.00288319505131 3.1697752564403086
24.615742197072873 45.07778149781018 15.384257802927127 48.92221850218982
78.98244262118007 82.01322844076445 85.01755737881993 89.98677155923555
37.877611272320806 17.922377317383894 36.122388727679194 8.077622682616106
92.95380273750655 3.965765328107598 87.04619726249345 12.034234671892403
26.012982344226337 35.63992375668235 35.98701765577366 36.36007624331765
71.51276853031405 28.847113520919606 62.48723146968595 33.152886479080394
3.7413213881324134 66.05526111917955 2.2586786118675866 75.94473888082045
46.94966675251602 61.00025334999885 47.05033324748398 70.99974665000116
26.644920802503567 85.85059740042766 17.355079197496433 82.14940259957234
32.75240039399739 71.69553464488911 25.247599606002606 78.30446535511089
31.826482478131744 82.06878040305025 30.173517521868256 91.93121959694975
19.000651347485302 39.91929652671978 28.999348652514698 40.08070347328022
35.061651840354905 22.11401029781365 32.938348159645095 31.88598970218635
6.245347382077156 76.94272186414148 7.754652617922844 67.05727813585852
93.24124563589518 57.94209386950024 94.75875436410482 48.05790613049976
4.312063386909593 90.95244820430963 5.687936613090407 81.04755179569037
74.12759821506077 48.098957907795835 67.87240178493923 55.901042092204165
74.9789274088766 78.45856499772377 65.0210725911234 77.54143500227623
62.92625964338607 55.11665261868679 65.07374035661394 64.88334738131321
77.15040177722784 63.64531876347771 80.84959822277216 54.35468123652229
58.9561609683616 94.66065759337876 49.0438390316384 93.33934240662124
75.72564242915533 52.80823744131562 70.27435757084467 61.19176255868438
44.35168185185857 38.01238334722151 43.64831814814143 47.98761665277849
74.97790318075886 82.53044710309605 65.02209681924114 83.46955289690395
80.22001853520844 70.1559238510126 85.77998146479156 61.844076148987405
72.57574078918944 14.01803210347132 73.42425921081056 23.98196789652868
15.953512754027747 71.93699522781088 24.04648724597225 66.06300477218912
75.97178655036593 89.03799115393164 84.02821344963407 94.96200884606836
3.2965315058281703 12.303714609998371 12.70346849417183 15.696285390001629
58.70178410008689 55.049495068494 57.29821589991311 64.950504931506
89.03308527384341 27.02502909172982 82.96691472615659 34.97497090827018
47.04305082216198 81.9673469338765 40.95694917783802 74.0326530661235
7.821558018848356 50.872190611683656 2.178441981151644 59.127809388316344
8.833539317970818 38.99722831591057 9.166460682029182 29.00277168408943
16.243740371779886 78.30007781808304 23.756259628220114 71.69992218191696
12.595942293296122 52.632664849240356 21.404057706703878 57.367335150759644
30.522982003243207 23.977193368834502 31.477017996756793 14.022806631165498
55.907312703931524 22.12773422249965 64.09268729606848 27.87226577750035
67.73164605540353 22.99279342256612 68.26835394459647 13.00720657743388
94.17019933742611 18.930662314577216 95.82980066257389 9.069337685422784
74.70448303213331 32.55901035143849 83.29551696786669 27.440989648561512
48.497757449449196 4.671168492743913 53.502242550550804 13.328831507256087
2.095920379634448 28.91758477710753 3.904079620365552 19.08241522289247
11.088281849298244 74.9161743270231 12.911718150701756 65.0838256729769
40.025594311732405 22.09586566714657 41.974405688267595 31.90413433285343
51.551113588234415 68.7180250450087 60.448886411765585 73.2819749549913
48.070286722457254 18.835420254254544 57.929713277542746 17.164579745745456
76.0601576017142 73.91806789661283 67.9398423982858 68.08193210338717
20.640557970277985 62.861510602841 11.359442029722015 59.138489397159
32.35592961423211 4.545233779795777 23.644070385767893 9.454766220204224
86.10750692189764 47.00115590743779 85.89249307810236 56.99884409256221
33.219778280519044 63.53388939278015 42.780221719480956 66.46611060721985
62.699097704991736 47.3640267788656 55.300902295008264 40.6359732211344
50.10990420403009 40.919884034721925 55.89009579596991 49.080115965278075
89.92023679991986 73.93891592083814 96.07976320008014 66.06108407916186
24.836366776197597 53.49237409794708 29.163633223802403 62.50762590205292
41.708336521119996 11.699104843542823 38.291663478880004 2.300895156457176
30.904915801572077 45.868847400575 39.09508419842793 40.131152599425
17.638854020871307 7.445486812217483 26.361145979128693 2.554513187782517
2.895098015163848 48.85478189970586 11.104901984836152 43.14521810029414
4.257529882552346 33.00663656844482 3.7424701174476542 42.99336343155518
87.41096642785213 40.98513749491055 96.58903357214787 37.01486250508945
26.931308660991217 96.82595090049773 17.068691339008783 95.17404909950227
22.010962526856527 17.09879556876904 23.989037473143473 26.90120443123096
75.58566536316471 38.51531867979282 68.41433463683529 45.48468132020718
40.80406027550544 52.6139968003967 31.195939724494558 55.3860031996033
89.99273216190778 21.730508702456483 80.00726783809222 22.269491297543517
69.72264439876447 34.662048730081956 62.27735560123553 41.337951269918044
49.96959698460002 26.04097118407834 58.03040301539998 31.95902881592166
45.65732405030056 85.81915713738313 36.34267594969944 82.18084286261687
49.390984031941954 33.06170905017179 58.609015968058046 36.93829094982821
13.497477552663359 35.17423356869258 22.50252244733664 30.82576643130742
39.68913879849603 47.26449507968453 30.31086120150397 50.73550492031547
68.95310887246112 89.68316359501003 59.046891127538885 88.31683640498997
86.59382355543977 2.025972355440098 77.40617644456023 5.974027644559902
