76.76695340808836 21.164609085792833 71.23304659191164 12.835390914207167
77.03221723141297 9.956556138262265 68.96778276858703 4.043443861737735
96.65773792851125 39.9565492852788 95.34226207148875 30.043450714721207
51.47336695419237 42.59662647511865 44.52663304580763 35.40337352488135
11.448254329111052 91.71679317109799 2.551745670888949 96.28320682890201
55.05115913567607 95.93054767192557 46.94884086432393 90.06945232807443
86.09982974944447 96.99414863857 95.90017025055553 95.00585136143
64.11063870449584 89.85788785797925 71.88936129550416 96.14211214202075
12.589410673229256 28.965137969712767 11.410589326770744 19.034862030287233
64.72665768792794 96.33347003541468 57.27334231207206 89.66652996458532
64.9969796109313 8.826233582252497 55.003020389068695 9.173766417747503
49.92545166594107 86.0548406319167 44.07454833405893 77.9451593680833
75.95086470927929 87.11130741999823 78.04913529072071 96.88869258000177
62.949092026380924 61.711679783619516 53.050907973619076 60.288320216380484
89.72583848453368 30.452885514087683 94.27416151546632 21.547114485912317
15.147946084974725 64.18773911036308 22.852053915025277 57.81226088963691
81.52797977842128 80.22159477782981 84.47202022157872 89.77840522217019
22.011524943225012 2.6607116153862993 31.988475056774988 3.3392883846137007
88.8943283956531 47.99888322648517 89.1056716043469 38.00111677351483
64.70834304391089 31.565478624204825 73.29165695608911 26.434521375795175
45.652267371464085 43.04272783921204 44.347732628535915 52.95727216078796
3.2632274331738733 73.05458129328038 4.736772566826127 82.94541870671962
20.826269886084493 83.34546046281902 17.173730113915507 92.65453953718098
11.67651073655121 39.769250499765725 2.3234892634487903 36.230749500234275
21.445429487871806 79.06298023501253 30.554570512128194 74.93701976498747
29.692494736551485 69.46122107985683 38.30750526344852 74.53877892014317
40.56505537547936 10.960326148913268 31.43494462452064 15.039673851086732
45.02046294087223 10.972908195143614 52.97953705912777 17.027091804856386
15.418305601460947 84.96604788808045 16.581694398539053 75.03395211191955
96.55225330288853 88.51873506705428 89.44774669711147 81.48126493294572
2.659204489056569 31.988372321681773 3.340795510943431 22.011627678318227
87.70164503912623 75.44575948071997 96.29835496087377 80.55424051928003
73.7200950727664 77.64945521431969 64.2799049272336 74.35054478568031
57.999726529610825 71.05229368131725 48.000273470389175 70.94770631868275
52.701984500392776 52.79294880472828 47.298015499607224 61.20705119527172
27.315921950108375 81.56869031538008 22.684078049891625 90.43130968461992
59.50730995058527 82.80552144692872 68.49269004941473 87.19447855307128
39.94184259775673 80.92398359326377 32.05815740224327 87.07601640673623
73.16517712207144 41.92981447546326 74.83482287792856 32.07018552453674
82.99210297406697 63.71909450644066 73.00789702593303 64.28090549355935
96.04424049728519 45.43698775048114 91.95575950271481 54.56301224951886
23.302353653797343 51.28765692514355 32.69764634620266 54.71234307485645
45.024483243775975 66.49419936112257 54.975516756224025 65.50580063887743
29.277211469946305 48.64172729172456 38.72278853005369 45.35827270827544
46.70050409091554 17.295517295104965 37.29949590908446 20.704482704895035
64.55872810102613 43.70324056127224 73.44127189897387 48.29675943872776
88.90429078498813 21.92997603984534 83.09570921501187 30.07002396015466
10.595047800930105 77.01642560841434 11.404952199069895 86.98357439158566
68.95245309704038 54.687901389455774 59.047546902959624 53.312098610544226
39.917630952704386 52.93952839884068 34.082369047295614 61.06047160115932
45.788097807590596 2.5598196692961928 36.211902192409404 5.440180330703807
16.027671680194064 23.02060497428927 21.972328319805936 14.97939502571073
80.70073453953543 24.828240804189846 83.29926546046457 15.171759195810154
83.4554657004854 42.7834735908867 80.5445342995146 33.2165264091133
84.43291601725065 7.312845776095466 75.56708398274935 2.687154223904534
37.18842402917573 38.13461492285359 42.81157597082427 29.865385077146414
82.59489945018005 48.52484562312763 75.40510054981995 55.47515437687237
41.210885656984104 85.00444925561972 40.789114343015896 94.99555074438028
3.0328986656053822 61.04337099326462 10.967101334394618 54.95662900673538
86.26569224004368 68.3917929132051 95.73430775995632 71.6082070867949
43.52597337033622 72.54506865824625 36.47402662966378 65.45493134175375
49.20884417553318 6.429974078673333 58.79115582446682 3.5700259213266667
61.517370440453064 38.21495648532337 70.48262955954694 33.78504351467663
22.07113163683621 73.05237339237863 27.92886836316379 64.94762660762137
15.258783494706371 7.61968760450871 6.741216505293628 2.3803123954912904
87.32487966409904 61.77292127429432 96.67512033590096 58.22707872570568
15.476489363507644 57.406391548120716 8.523510636492356 64.59360845187928
69.13128037893597 71.81647340314422 60.86871962106404 66.18352659685578
47.832329829928455 75.13142588365702 54.167670170071545 82.86857411634298
82.19234620575796 73.72474462859675 73.80765379424204 68.27525537140325
30.647572976076084 19.156073365871816 21.352427023923916 22.843926634128184
36.98768894664902 31.35065506052977 27.012311053350974 30.64934493947023
14.940779161379513 36.07737868993028 7.059220838620487 29.922621310069722
7.0003933863534495 68.93728071443584 16.99960661364655 69.06271928556416
24.925987520419778 35.05445397437777 19.074012479580222 26.945546025622228
6.129086143476288 15.1288038812501 15.870913856523712 12.8711961187499
52.77800896823752 23.678580170111996 61.22199103176248 18.321419829888004
35.44124854736588 96.62736935467733 28.558751452634116 89.37263064532267
47.31218072771825 22.469170615885908 38.68781927228175 27.530829384114092
57.81065522897489 30.36293663386695 48.18934477102511 27.63706336613305
64.98167576562969 49.42767577221276 55.018324234370304 48.57232422778724
66.87008466904466 12.867624039315476 57.12991533095534 15.132375960684524
20.599068498445018 47.96398196352191 19.400931501554982 38.03601803647809
61.21125742832674 24.43803497253863 70.78874257167325 21.56196502746137
63.729324488770196 78.39974411301849 72.2706755112298 83.60025588698151
19.338101341096376 10.807401696943046 28.661898658903624 7.192598303056954
32.549357400691626 36.47834384952824 25.450642599308374 43.52165615047176
2.2265112204763655 55.16025960606505 7.7734887795236345 46.83974039393495
47.89689746152436 32.14263240748504 56.10310253847564 37.85736759251496
95.55116315336156 13.51983526009488 88.44883684663844 6.48016473990512
