63.69227319113953 20.371515784034283 56.30772680886047 13.628484215965717
61.083202124577745 10.88573394647597 52.916797875422255 5.11426605352403
78.4892937016525 33.157203905533315 87.5107062983475 28.84279609446668
2.424899118542663 13.285890275114104 7.575100881457336 4.714109724885896
4.89785364717519 76.00104349662806 5.10214635282481 85.99895650337194
47.353336467260306 82.70879151980024 40.646663532739694 75.29120848019976
85.30798353992368 70.00949440045038 84.69201646007632 79.99050559954962
49.96104277237377 72.43462450351444 54.03895722762623 81.56537549648556
26.984677917587106 15.424141948864786 31.015322082412894 24.575858051135214
61.44757705165808 82.71547414775748 52.55242294834192 87.28452585224252
73.92391168706943 31.868961275282757 64.07608831293057 30.131038724717243
52.73298267162929 93.38789732645314 43.26701732837071 96.61210267354686
65.36877066598802 68.19100146975165 62.63122933401198 77.80899853024835
90.99228621718866 48.27762983569511 81.00771378281134 47.72237016430489
87.96330437825982 3.3953433629348955 78.03669562174018 4.604656637065105
44.508815339389955 42.83884654980683 35.491184660610045 47.16115345019317
75.00630730643918 90.74893570091038 84.99369269356082 91.25106429908962
48.8756724756001 24.090294343085347 43.1243275243999 15.909705656914651
84.13486335402915 16.811210601059045 75.86513664597085 11.188789398940955
37.84849138763308 40.786570695576074 46.15150861236692 35.213429304423926
66.15222447742293 48.486915711092735 61.847775522577074 57.513084288907265
2.315441764884903 44.78180760487674 7.684558235115097 53.21819239512326
36.58016726912789 69.25625976664226 33.41983273087211 78.74374023335774
23.67321234802189 72.39227225415937 16.32678765197811 65.60772774584063
21.52776126990879 83.31397994459283 16.47223873009121 74.68602005540717
26.15369427924842 87.48761693209313 21.84630572075158 96.51238306790687
23.88096559929863 36.471237121614315 28.11903440070137 45.528762878385685
38.95717826592433 9.96823900714033 33.04282173407567 18.03176099285967
16.44836905684103 84.35952852513931 11.551630943158969 75.64047147486069
95.06923125985087 93.91260313401777 96.93076874014913 84.08739686598223
8.9610226195425 45.59939020802135 5.038977380457498 36.40060979197865
85.01053675678111 64.67556734972025 94.98946324321889 65.32443265027975
55.318642739521934 64.51978667517203 46.681357260478066 59.48021332482797
60.43904690056465 50.69894315268236 51.56095309943535 55.30105684731764
95.46092650326351 79.97870934666699 94.53907349673649 70.02129065333301
48.26742577590807 87.39441422188496 39.73257422409193 92.60558577811504
72.38099205298039 45.194496805785576 69.61900794701961 54.805503194214424
36.01139593922848 63.00857237354875 29.98860406077152 70.99142762645124
81.97603999533787 83.48890281733478 72.02396000466213 82.51109718266522
96.10651249224057 55.99886538016345 95.89348750775943 46.00113461983655
94.51000659226233 15.67566572675057 89.48999340773767 24.32433427324943
16.989019303250565 59.99174087884 23.010980696749435 52.00825912116
72.09739975296489 95.01790488354166 81.90260024703511 96.98209511645834
11.166588610386864 9.720103778129644 20.833411389613136 12.279896221870356
65.31005408495274 2.047831320087168 66.68994591504726 11.952168679912832
79.86498353995744 39.15409495100847 70.13501646004256 36.84590504899153
51.68369469785492 67.24985601241335 42.31630530214508 70.75014398758665
2.508134111319063 54.024252021298494 3.491865888680937 63.975747978701506
35.37976469648316 27.730204811764253 38.62023530351684 18.269795188235747
7.833024070667399 63.1308575287245 14.166975929332601 70.86914247127551
16.12856607946332 40.835825637086664 23.87143392053668 47.164174362913336
27.435304785815916 10.506130064611563 34.564695214184084 3.4938699353884366
71.55888851829819 12.980504056891313 72.44111148170181 3.0194959431086863
76.84820675678671 28.881520237231157 83.15179324321329 21.118479762768843
74.2144696419947 21.690398787671658 65.7855303580053 16.309601212328342
81.03500670583836 60.59062813083181 90.96499329416164 59.40937186916819
57.16970121093724 41.70840656227324 66.83029878906277 44.29159343772676
32.979913011308405 34.01498673036847 27.020086988691595 25.98501326963153
11.166982395193296 57.65188633357143 14.833017604806704 48.34811366642857
47.843244487588805 29.22126222719034 56.156755512411195 34.778737772809656
58.52523439019509 73.77755862299321 61.47476560980491 64.22244137700679
43.948007500986 9.03952758045681 50.051992499014 16.96047241954319
77.0601576017142 70.91806789661283 68.9398423982858 65.08193210338717
30.605316280685116 85.46434618885394 23.394683719314884 78.53565381114606
22.901299723399134 3.011434867392362 13.098700276600864 4.988565132607638
88.98025627733179 87.10509216224874 91.01974372266821 96.89490783775126
8.13109093564146 31.362416695178567 11.86890906435854 40.63758330482143
75.99602797357161 61.199259848664866 66.00397202642839 60.800740151335134
41.49561393336895 56.024623950991185 40.50438606663105 65.97537604900882
69.71696024851752 88.6557203300351 62.28303975148248 95.3442796699649
20.76963487191556 18.005309628439154 21.23036512808444 27.994690371560846
48.699104843542855 2.2916634788800883 39.300895156457145 5.708336521119912
22.991866089353863 63.99388662528379 29.008133910646137 56.00611337471621
2.8142214266171477 32.85735825062411 5.185778573382852 23.14264174937589
6.016456598125438 17.978182340811802 13.983543401874563 24.021817659188198
7.395853637806584 14.050170193196049 16.604146362193415 17.94982980680395
89.19188340317696 38.240099996142234 96.80811659682304 31.759900003857762
15.611876514383155 96.26357843525996 10.388123485616845 87.73642156474004
41.57392492846297 23.033048200708127 40.42607507153703 32.96695179929187
90.84761795407418 53.77501013418981 81.15238204592582 56.22498986581019
50.879540200504586 38.47190434744098 55.120459799495414 47.52809565255902
90.98726847296064 42.6434145563643 81.01273152703936 43.3565854436357
50.980060392132195 50.44609246879558 41.019939607867805 49.55390753120442
53.24283023914893 26.70095841369856 60.75716976085107 33.299041586301435
37.068194297976056 81.11543646353418 34.931805702023944 90.88456353646582
54.390984031941954 21.061709050171793 63.609015968058046 24.938290949828207
25.076943106807676 30.94343268277712 30.923056893192324 39.05656731722288
20.00940492745749 33.987418974245095 11.990595072542511 28.012581025754905
74.13800289916702 76.19341274739492 65.86199710083298 81.80658725260508
96.45732282945856 4.387948110435748 89.54267717054144 11.612051889564253
