95.96508849030936 20.99987811716357 96.03491150969064 11.000121882836432
78.36660696132274 35.59555094357776 73.63339303867726 44.40444905642224
42.583243828533604 17.001531584385525 33.416756171466396 20.998468415614475
25.46850518925418 39.11318593128568 34.53149481074582 34.88681406871432
10.59456800659794 69.03547697300837 9.40543199340206 78.96452302699163
20.970566353318116 77.89287914903682 23.029433646681884 68.10712085096318
96.23344622792727 87.5265541305435 91.76655377207273 96.4734458694565
69.57090292788475 81.62970396720759 74.42909707211525 90.37029603279241
26.45577959456049 24.02081683795602 25.54422040543951 33.97918316204398
67.54791620273676 65.02047991868172 68.45208379726324 74.97952008131828
69.34805263739507 43.98787122544301 68.65194736260493 34.01212877455699
53.76261320461507 66.29283189252902 46.23738679538493 59.70716810747097
91.21910909642351 81.84910022695112 88.78089090357649 72.15089977304888
64.68004412407959 47.95353812837903 63.31995587592041 38.04646187162097
79.35152871746307 18.587482273016178 74.64847128253693 27.412517726983822
3.788171038399918 67.69453090504206 12.211828961600082 62.30546909495794
33.27991472435697 87.30518300202063 36.72008527564303 96.69481699797937
38.73068259541764 62.61883976397067 29.26931740458236 59.38116023602933
46.00423167432689 7.005650538377783 37.99576832567311 12.994349461622217
13.812824505190804 57.26731608566425 22.187175494809196 62.73268391433575
56.08918295940803 84.91634135496787 57.91081704059197 75.08365864503213
39.99982915464918 82.95866691010735 30.000170845350823 83.04133308989265
32.31429656741918 55.25524117944619 41.68570343258082 58.74475882055381
84.32598606772265 72.57396466205249 79.67401393227735 81.42603533794751
58.83705470248488 88.50795603793529 63.16294529751512 79.49204396206471
65.61356858440523 86.73745859203572 60.38643141559477 95.26254140796428
50.20203798941592 18.334452592835813 53.79796201058408 27.665547407164187
49.031760992859724 27.957178265924256 40.968239007140276 22.042821734075744
4.895654766932856 81.91912619664005 3.1043452330671437 72.08087380335995
20.187212644936587 2.644611540944176 29.812787355063413 5.355388459055824
60.146590782128655 57.79816017544704 69.85340921787135 60.20183982455296
67.18551065065883 55.23259508812391 74.81448934934117 48.76740491187609
94.98291529014323 66.58701669373106 85.01708470985677 67.41298330626894
93.22323433451164 26.478529791555324 88.77676566548836 17.521470208444676
90.71931218803974 53.34830618097071 81.28068781196026 56.65169381902929
77.69332325480019 68.78739868428633 72.30667674519981 77.21260131571367
47.63060005626531 76.27335812055667 44.36939994373469 85.72664187944333
27.06201382739757 70.21495696984991 36.93798617260243 71.78504303015009
28.07018552453669 66.16517712207175 37.92981447546331 67.83482287792825
61.88719597826796 73.92065882744834 60.11280402173204 64.07934117255166
53.03587341663431 8.597868935739312 62.96412658336569 7.402131064260688
16.566598729716198 74.01881908189269 17.433401270283802 83.98118091810731
35.88790759639599 78.84441488960773 44.11209240360401 73.15558511039227
11.910918489590518 25.939616724307296 2.089081510409481 24.060383275692704
54.27179381638107 35.19009439269134 59.72820618361893 26.809905607308657
86.01437225413015 59.62116497045193 95.98562774586985 60.37883502954807
72.41257275310919 67.74131571779698 75.58742724689081 58.25868428220302
45.764751278651715 48.48436638576902 36.235248721348285 51.51563361423098
28.7164475052007 74.80227288267938 23.2835524947993 83.19772711732062
19.07617546676766 54.09896773658649 26.92382453323234 47.90103226341351
10.060424960899981 37.95395992123091 3.939575039100019 30.04604007876909
23.032392629630127 17.568222679806894 32.96760737036987 16.431777320193106
12.522859232735026 14.592978163672019 19.477140767264974 7.407021836327982
51.97242433442016 52.42955834515433 56.02757566557984 61.57044165484567
85.99503716728154 13.222718875437193 76.00496283271846 12.777281124562807
81.12394290947809 40.10637572730559 90.87605709052191 37.89362427269441
43.19476281691004 35.72102276908315 34.80523718308996 30.278977230916855
3.50060551656138 52.571307638565926 10.49939448343862 45.428692361434074
16.043370993264546 95.96710133439467 9.956629006735456 88.03289866560533
96.27511247076654 44.40704543767224 87.72488752923346 49.59295456232776
45.58777020934586 30.62037131287586 50.41222979065414 39.37962868712414
78.13575030318529 6.842815966650954 87.86424969681471 9.157184033349047
61.020706228870175 13.096839416271752 62.979293771129825 22.903160583728248
42.64055797027798 44.861510602841 33.35944202972202 41.138489397159
22.91472898662424 21.919477562551403 13.08527101337576 20.080522437448597
83.4356700503047 96.74898639801025 86.5643299496953 87.25101360198975
51.87084804570393 70.129087824601 42.12915195429607 67.870912175399
57.06917809469003 43.38785009242163 60.93082190530997 52.61214990757837
65.76529635362714 13.187298553500142 72.23470364637286 20.812701446499858
79.1088781649445 46.03775102729089 88.8911218350555 43.96224897270911
20.881391982446637 46.99859301585677 21.118608017553363 37.00140698414323
55.99688826643425 14.176373616994603 46.00311173356575 13.823626383005397
47.16902042225079 42.7869647566719 54.83097957774921 49.2130352433281
3.78610938759956 11.516843929069031 8.21389061240044 20.483156070930967
3.944821312541662 95.88739173154083 6.055178687458338 86.11260826845917
2.287057730307439 60.34874001707064 9.712942269692562 53.65125998292936
20.044009086320134 94.3380679313384 29.955990913679866 95.6619320686616
51.98452990693933 96.3930160388933 42.01547009306067 95.6069839611067
2.166911443676349 46.93010785453245 3.833088556323651 37.06989214546755
67.17759207779199 24.499100896183343 62.822407922208015 33.50089910381666
15.467436640097754 3.39765588166433 8.532563359902246 10.60234411833567
71.63523515312812 12.725040316650649 68.36476484687188 3.2749596833493513
27.47284660855919 42.877529229797034 36.527153391440805 47.122470770202966
81.27949223207871 31.947814523238023 82.72050776792129 22.052185476761977
17.10292522616283 35.91886743571577 18.89707477383717 26.081132564284232
25.338101341096376 12.807401696943046 34.661898658903624 9.192598303056954
85.13259334399967 3.856167649905074 94.86740665600033 6.143832350094926
31.163437639792903 24.73206288175321 40.8365623602071 27.26793711824679
84.99882317489265 80.9991176516015 79.00117682510735 89.0008823483985
95.69084050434147 31.269099840305774 86.30915949565853 34.73090015969422
