67.93285995737702 3.8166349495989387 58.06714004262299 2.1833650504010613
62.68957437431612 41.70588338504624 59.31042562568388 32.29411661495376
78.83031832777407 49.93057516670849 77.16968167222593 40.06942483329151
5.301501188489859 16.28999739233012 14.698498811510142 19.71000260766988
3.420946456823026 36.01775110211381 2.579053543176974 45.98224889788619
29.381947626361956 73.73095196722227 32.618052373638044 64.26904803277773
92.49909014565112 68.23059022423965 95.50090985434888 77.76940977576035
48.1273894474739 75.90755469022301 53.8726105525261 84.09244530977699
9.937541342639495 29.04761502735909 16.062458657360505 36.952384972640914
95.2879278227822 85.05096441572378 96.7120721772178 94.94903558427622
78.82975196935186 26.214498382834485 71.17024803064814 19.785501617165515
63.62966187994716 80.88844668374941 54.37033812005284 77.11155331625059
71.35871354925621 81.24542175585857 76.64128645074379 72.75457824414143
84.6127294319758 30.732769144933975 81.3872705680242 21.267230855066025
66.99931870663362 13.917462314648116 57.00068129336639 14.082537685351884
2.879974008286908 28.092899052873765 9.120025991713092 35.90710094712624
81.58028178342421 86.66203274486828 90.41971821657579 91.33796725513172
11.303285147652353 79.82715732330206 8.696714852347647 70.17284267669794
80.97065107944009 16.54095087250243 71.02934892055991 15.459049127497568
23.897175642620937 73.46368765162568 28.102824357379063 82.53631234837432
60.56650927731523 45.50428474511196 53.43349072268477 38.49571525488804
33.93180704120882 95.17703018993217 24.068192958791176 96.82296981006783
20.925534852008784 33.10194310652725 29.074465147991216 38.89805689347275
86.99994156178126 95.97582607246726 77.00005843821874 96.02417392753274
24.769281883355205 84.83693888460418 19.230718116644795 93.16306111539582
47.74029495220971 84.05510734355812 46.25970504779029 93.94489265644188
41.71078880118688 30.430434415708348 50.28921119881312 35.56956558429165
42.031760992859724 8.957178265924256 33.968239007140276 3.042821734075744
16.418305601460947 85.96604788808045 17.581694398539053 76.03395211191955
65.2934834725009 33.31219012433931 74.7065165274991 36.68780987566069
18.589026243265266 71.35442360619271 27.410973756734734 66.64557639380729
63.708329515477985 54.5561000922196 68.29167048452202 63.4438999077804
81.97494881549643 66.5001157302028 72.02505118450357 67.4998842697972
82.73903376860393 37.31958227450978 75.26096623139607 30.680417725490223
92.05987463524126 58.91846157180879 83.94012536475874 53.08153842819121
73.79676642003163 92.253392806244 66.20323357996837 85.746607193756
57.28433259915981 70.57769163783733 48.71566740084019 65.42230836216267
37.35168185185857 45.01238334722151 36.64831814814143 54.98761665277849
70.7968501622691 72.58924540733018 61.203149837730905 75.41075459266982
88.28507299407357 70.05137601183955 89.71492700592643 79.94862398816045
62.137692452158696 19.359761795203475 65.86230754784131 28.640238204796525
12.143852890690175 90.79794267638182 3.856147109309825 85.20205732361818
82.82228751154076 81.25287088694911 91.17771248845924 86.74712911305089
2.216229521533598 13.153386801541476 7.783770478466402 4.846613198458524
92.37599324540645 2.5811814627473306 83.62400675459355 7.418818537252669
88.29675943872797 39.55872810102624 83.70324056127203 48.44127189897376
42.304291215736654 96.99073209619846 41.695708784263346 87.00926790380154
33.42137024882253 81.03359409521812 34.57862975117747 90.96640590478188
12.197727117320667 85.71644750520063 3.8022728826793317 80.28355249479937
38.15367841733201 78.11077285288769 43.84632158266799 69.88922714711231
32.23125828210813 55.18437817462112 25.76874171789187 62.81562182537888
11.347098640564326 10.169560451869097 20.652901359435674 13.830439548130903
72.06324436568055 49.91747585968025 79.93675563431945 56.08252414031975
58.540256735589594 22.46919524100914 51.459743264410406 29.53080475899086
91.3835636102047 12.260781690975842 96.6164363897953 3.7392183090241584
75.06342770879009 61.95163392446936 68.93657229120991 54.04836607553064
33.699348258470245 24.7076668134073 24.30065174152975 21.2923331865927
23.991109435607942 44.29803792004603 14.008890564392058 43.70196207995397
11.99980478782714 95.04418239039263 2.0001952121728603 94.95581760960737
57.89501008955751 63.01925277685675 48.10498991044249 60.98074722314325
21.276820314170934 28.359398386148655 30.723179685829066 31.640601613851345
81.24838743569994 10.694640236315275 88.75161256430006 17.305359763684727
36.01437279876352 67.10397632510538 33.98562720123648 76.89602367489462
16.999984571760837 54.98757896326419 7.000015428239163 55.01242103673581
49.065669142557255 8.910383896199562 40.934330857442745 3.089616103800439
83.40542526766046 60.02772136123036 92.59457473233954 63.97227863876964
31.012625436485795 44.00950028449584 24.987374563514205 51.99049971550416
69.23363816625228 39.154575676499974 66.76636183374772 48.845424323500026
42.191004220079364 48.065881453788265 43.808995779920636 57.934118546211735
94.9981522667815 51.99999965858818 95.0018477332185 42.00000034141182
21.491451317415617 59.97578894273164 20.508548682584383 50.02421105726836
34.987950852823076 13.653090372255896 25.012049147176924 14.346909627744104
35.728997591706076 31.545502490569426 40.271002408293924 40.454497509430574
16.772817710662842 7.670380102665958 25.227182289337158 2.329619897334042
14.561484306951513 68.29404216854482 9.438515693048487 59.70595783145518
2.287057730307439 52.34874001707064 9.712942269692562 45.65125998292936
50.42717773412079 96.49784806079934 57.57282226587921 89.50215193920066
79.91408491501247 76.38087898641726 76.08591508498753 85.61912101358274
24.014795055919237 10.384358771869097 33.98520494408076 9.615641228130903
57.85979930486697 49.131741340600506 60.14020069513303 58.868258659399494
3.074555414249951 23.13977001173783 12.92544458575005 24.86022998826217
94.38570461692429 32.80414640853448 91.61429538307571 23.19585359146552
49.18484489180107 47.00341793162816 48.81515510819893 56.99658206837184
63.99993803274583 9.024893145678524 54.00006196725417 8.975106854321476
2.017215781296737 69.9024621548226 3.982784218703263 60.097537845177406
35.277863834236534 18.64360275978983 44.722136165763466 15.356397240210171
44.14381989338796 20.19059429368088 53.85618010661204 17.80940570631912
19.183334353212697 18.14204571774222 16.816665646787303 27.85795428225778
67.9495392418281 95.29143716326377 58.050460758171894 96.70856283673623
85.43386223062896 20.25160948453589 88.56613776937104 29.74839051546411
