87.02446589605728 9.967098625167662 78.97553410394272 4.032901374832338
78.92124038150632 43.05787563060486 73.07875961849368 34.94212436939514
33.91721069385742 3.9061120196831105 24.08278930614258 2.0938879803168895
39.99695049032499 23.825398175150273 30.003049509675012 24.174601824849727
21.099589761361763 75.46218964323268 16.900410238638237 84.53781035676732
35.019939129244406 70.44608712553604 44.980060870755594 69.55391287446396
69.2545583747146 85.15995007417966 66.7454416252854 94.84004992582034
68.04028714543358 70.09296920360387 69.95971285456642 79.90703079639613
12.826210454380828 20.497263164323638 17.173789545619172 29.502736835676362
71.40702919044097 63.63820116974345 62.59297080955903 68.36179883025655
84.42340828265296 44.373453131744874 79.57659171734704 35.626546868255126
58.69445907974726 74.70412674436628 55.30554092025274 65.29587325563372
75.35855067219123 88.98712757160584 74.64144932780877 79.01287242839416
63.19080730044211 50.136234565006035 68.8091926995579 41.863765434993965
92.95068053611486 18.700544237956073 83.04931946388514 17.299455762043927
38.52959195215307 51.65292235206994 43.47040804784693 60.34707764793006
44.54015177314236 90.73952354725938 53.45984822685764 95.26047645274062
39.49813386560511 63.18329835961473 30.501866134394884 58.81670164038527
59.811351191095326 4.639522247169917 50.188648808904674 7.360477752830083
5.555849204698422 87.2482284090837 2.4441507953015784 96.7517715909163
59.832333404902755 62.12042321654851 54.167666595097245 53.87957678345149
34.46011600873916 83.35291043137178 29.539883991260837 74.64708956862822
21.095411848537438 68.91749125837896 22.904588151462562 59.082508741621034
63.84804654081308 87.89042205313457 58.15195345918692 96.10957794686543
48.94485037868342 79.99969584267569 49.05514962131658 70.00030415732431
72.55914249374645 70.37225970862596 79.44085750625355 77.62774029137404
38.27988991938973 13.659224493004375 45.72011008061027 20.340775506995627
54.78785586587737 25.484018100974488 59.21214413412263 16.515981899025512
7.2023282695095 82.99590464994652 6.7976717304905 73.00409535005348
47.256958111911736 10.819602746126492 52.743041888088264 19.180397253873508
67.12995685976497 52.13255455155583 76.87004314023503 49.86744544844417
66.5561000922196 60.291670484521994 75.4438999077804 55.708329515478006
91.22303139208364 62.84206236811481 96.77696860791636 71.15793763188519
75.32784348764021 29.820459695125713 72.67215651235979 20.179540304874287
87.76824452891331 66.32310880114063 84.23175547108669 75.67689119885937
96.15986067530433 87.49056523904892 91.84013932469567 96.50943476095108
54.794564161453906 79.33314458436676 51.205435838546094 88.66685541563324
25.005073875425502 71.00675327541057 32.9949261245745 64.99324672458943
14.673176850738285 48.1792593587102 17.326823149261717 57.8207406412898
61.06486238537339 84.91177337035316 62.93513761462661 75.08822662964684
25.28292340652035 25.832608770943725 22.71707659347965 16.167391229056275
25.438156057917794 75.01923507190814 24.561843942082206 84.98076492809186
38.97178655036594 81.03799115393163 47.02821344963406 86.96200884606837
24.875134739963663 46.11043291882016 15.124865260036339 43.88956708117984
63.558267080108 29.980448978504217 64.44173291989199 20.019551021495783
79.65488541579157 83.4738591815419 88.34511458420843 78.5261408184581
88.9554366427104 86.96618632485281 95.0445633572896 79.03381367514719
31.55505709672508 54.061905634497975 22.44494290327492 49.938094365502025
26.451376106210965 90.72288543084585 17.548623893789035 95.27711456915415
35.07617546676766 9.09896773658649 42.92382453323234 2.901032263413511
15.249745214191993 66.46527115315747 10.750254785808007 57.53472884684253
18.08863491104069 16.620247125068914 21.91136508895931 7.379752874931086
2.002861898455066 16.169147255632172 11.997138101544934 15.830852744367828
47.21440149086124 55.329706865285495 50.78559850913876 64.67029313471451
68.52537657867019 21.022577714526808 69.47462342132981 30.977422285473192
86.00590104426233 48.24284896602603 95.99409895573767 47.75715103397397
52.4270299155648 38.287169805897776 57.5729700844352 29.712830194102228
2.93310397709617 71.55279483729548 7.06689602290383 62.44720516270453
12.565469865091966 80.9679214800229 11.434530134908034 71.0320785199771
86.26460654781587 61.21287126070981 79.73539345218413 68.78712873929018
56.83899733502677 40.002592858104165 57.16100266497323 49.997407141895835
87.52073047615484 24.778256420566954 96.47926952384516 29.221743579433046
72.93528342872034 7.114677224292904 75.06471657127966 16.885322775707095
80.56453552188897 57.707779414222784 75.43546447811103 66.29222058577722
17.932814409621976 34.18308996809574 8.067185590378026 35.81691003190426
87.69105914955146 96.70535003508967 84.30894085044854 87.29464996491033
44.852552532792814 73.79470587967664 35.147447467207186 76.20529412032336
43.293119472827435 49.686794505244706 52.706880527172565 46.313205494755294
54.024623950991185 10.504386066631056 63.975376049008815 11.495613933368944
93.20988538219066 54.331436017884585 96.79011461780934 63.668563982115415
45.017522659559695 34.59018339444523 48.982477340440305 25.40981660555477
18.874773427459402 2.3647842989034347 15.125226572540598 11.635215701096566
22.272790906672004 40.62895493736233 31.727209093327996 37.37104506263767
7.62874868630909 43.746803514504855 2.3712513136909097 52.253196485495145
9.690481078456495 94.82546994541667 12.309518921543505 85.17453005458333
31.062210066514815 47.78627639718637 40.937789933485185 46.21372360281363
32.08202428850699 95.90195060904955 41.91797571149301 94.09804939095045
80.97705021642277 95.52149070729395 71.02294978357723 96.47850929270605
3.607213179401924 60.390281452386866 8.392786820598076 51.609718547613134
66.48625442309621 34.661966004785754 61.51374557690378 43.338033995214246
12.97175273510737 3.4692696155745466 3.02824726489263 4.530730384425453
69.9608539532701 13.599462117894333 66.0391460467299 4.400537882105667
32.241528024812965 41.535234334347564 41.758471975187035 38.464765665652436
84.70228427666551 30.20685864845568 79.29771572333449 21.79314135154432
32.61277458991916 32.39838554055452 41.38722541008084 27.60161445944548
2.8065815754985746 39.85548684109642 5.193418424501425 30.144513158903575
86.07259764446985 3.8489440657169123 95.92740235553015 2.1510559342830877
29.03922377751194 9.970880473310661 34.960776222488064 18.02911952668934
39.88805556808113 86.94790078255372 30.11194443191887 89.05209921744628
96.62757542663289 37.10644628520248 87.37242457336711 40.89355371479752
