71.90760561146149 2.8806060868696446 64.09239438853851 9.119393913130356
60.52431216957929 13.761981983341862 57.47568783042071 4.238018016658138
69.78581284594928 68.69084124961579 78.21418715405072 63.309158750384206
13.886814068714303 14.468505189254191 18.113185931285695 23.53149481074581
3.072376937978804 62.000523869559046 2.927623062021196 71.99947613044095
39.92308530378795 64.999408377949 40.07691469621205 55.000591622051004
95.76940977576035 83.4990901456511 86.23059022423965 86.5009098543489
54.99422539019556 85.00000333461296 55.00577460980444 94.99999666538704
13.42414194886478 43.01532208241288 22.57585805113522 38.98467791758712
92.66201073584156 93.19288741388424 83.33798926415844 96.80711258611576
84.69821286265741 27.710788092418333 75.30178713734259 24.289211907581667
52.33842075767474 62.51442052442958 43.66157924232526 67.48557947557042
40.62216219499878 76.58452154778767 49.37783780500122 81.41547845221233
94.80188112061163 36.39353424913548 85.19811887938837 33.60646575086452
87.72912908553006 4.37662755585982 78.27087091446994 7.62337244414018
2.4245159569551444 25.03322860238155 3.5754840430448556 34.96677139761845
63.06323227006386 91.7926691495581 72.93676772993614 90.2073308504419
36.13579400235082 44.63947583228201 39.86420599764918 35.36052416771799
86.96494108341649 18.40893313559032 77.03505891658351 19.59106686440968
22.555849204698422 24.248228409083694 19.444150795301578 33.751771590916306
72.25225506110623 61.84064636819649 69.74774493889377 52.15935363180351
29.481517795234886 82.02323994823217 28.518482204765114 91.97676005176783
46.94966675251602 48.00025334999885 47.05033324748398 57.99974665000115
49.857270131398906 95.18613948194134 40.142729868601094 92.81386051805866
11.597441388817051 74.26204885954971 8.402558611182949 83.73795114045029
29.88841439497134 68.086173864033 36.111585605028665 75.913826135967
40.958774076354075 43.94423046551253 49.041225923645925 38.05576953448747
30.986192965037432 14.371321579511898 21.013807034962568 13.628678420488102
12.316096682864485 85.70791563417825 15.683903317135515 76.29208436582175
87.00040405059099 46.936436310262835 96.99959594940901 47.063563689737165
9.874436565170575 62.0911629682537 4.1255634348294254 53.9088370317463
86.70164503912623 65.44575948071997 95.29835496087377 70.55424051928003
90.65965456156769 77.81317935319741 81.34034543843231 74.18682064680259
79.99972652961083 37.05229368131726 70.00027347038917 36.94770631868274
83.50498155057876 81.16913375081967 74.49501844942124 76.83086624918033
75.77101324315275 93.504194988088 66.22898675684725 96.495805011912
65.89013036584164 75.04241306835316 56.10986963415835 72.95758693164684
28.080597306242737 62.06173639318418 21.919402693757263 69.93826360681582
67.98533984999398 80.61739500779262 58.01466015000602 81.38260499220738
74.33409497240112 82.76999404446956 79.66590502759888 91.23000595553044
52.13769245215869 8.359761795203474 55.86230754784131 17.640238204796525
3.287656925143491 84.69764634620263 6.712343074856509 75.30235365379737
59.02159981677963 85.53574617318613 68.97840018322037 86.46425382681387
11.216828194253447 2.730808802134025 18.78317180574655 9.269191197865975
75.71972104180497 41.658791330797584 68.28027895819503 48.341208669202416
82.97825682770738 50.46578853290401 73.02174317229262 49.53421146709599
24.042679458594105 87.9998178430633 23.957320541405895 78.0001821569367
22.368578842911305 54.30504714792051 15.631421157088697 61.69495285207949
2.894199475088865 49.5349315484673 7.105800524911135 40.4650684515327
5.134126912539394 94.15033868783354 14.865873087460606 91.84966131216646
26.519643747750695 37.658590912857 31.480356252249305 46.341409087143
21.15870619585192 17.750250304293935 30.84129380414808 20.249749695706065
80.0185627859192 42.430445446219366 89.9814372140808 41.569554553780634
51.93948282960126 2.2244296446650766 42.06051717039874 3.7755703553349234
92.74362144320602 20.83957776278347 95.25637855679398 11.16042223721653
82.50388709437853 65.97454498382704 81.49611290562147 56.02545501617296
69.4714283958496 14.401502411771117 62.5285716041504 21.59849758822888
11.909387975864558 21.066381881463514 6.090612024135442 12.933618118536488
36.16669226732488 94.86197790547884 33.83330773267512 85.13802209452116
60.435193752857096 38.25117052223366 63.564806247142904 47.74882947776634
51.66457266351895 51.5789391368115 56.33542733648105 60.4210608631885
76.23453038058751 14.513373485447865 85.76546961941249 11.486626514552135
64.34784858559 54.28084798890065 67.65215141441 63.71915201109935
18.460657906955074 72.25887826965491 9.539342093044926 67.74112173034509
35.99987616253025 2.964809669484913 26.000123837469747 3.035190330515087
88.937674051053 57.04751220338306 95.062325948947 64.95248779661694
14.195851780234612 26.507980970739276 9.804148219765388 35.492019029260724
59.09779616677254 33.07525046542721 52.90220383322746 40.92474953457279
64.10501519177689 29.080751867099014 65.89498480822311 38.91924813290098
96.00759924493207 58.99428927118256 89.99240075506793 51.00571072881744
26.9686475239495 57.99990170125829 27.0313524760505 48.00009829874171
39.34704789386353 18.285532286291385 32.65295210613647 25.714467713708615
33.148806586987284 32.21075285237824 42.851193413012716 29.789247147621758
17.890210448690564 3.1522588172469432 26.109789551309436 8.847741182753056
13.336869953274572 58.2317535791003 18.663130046725428 49.7682464208997
2.987607191000771 18.009324673154964 9.012392808999229 25.990675326845036
47.41096642785213 69.98513749491055 56.58903357214787 66.01486250508945
50.68310777004556 90.75171390761703 41.31689222995444 87.24828609238297
3.3836546394878013 6.079230489497112 12.616345360512199 9.920769510502888
71.07140650156693 20.000509914847918 70.92859349843307 29.999490085152082
25.899580119653805 32.138784033865726 34.100419880346195 37.861215966134274
94.1526773729646 31.880802157028487 87.8473226270354 24.119197842971513
55.97578007690171 46.428071117905276 60.02421992309829 55.571928882094724
45.877389684255036 8.89951380384734 36.122610315744964 11.10048619615266
32.56618039088069 55.20999359828142 35.43381960911931 64.79000640171857
49.19259830305694 13.338101341096383 52.80740169694306 22.661898658903617
38.84389061957679 25.77970408820043 47.15610938042321 20.22029591179957
59.68913879849603 28.26449507968453 50.31086120150397 31.73550492031547
53.80982756141823 76.36585461503834 44.19017243858177 73.63414538496166
96.81594548651229 2.769123951005481 89.18405451348771 9.230876048994519
