49.344594086609234 16.815814234608254 46.655405913390766 7.184185765391747
60.01372448684989 17.576561339156413 55.98627551315011 8.423438660843585
85.88228902021791 14.836275072517136 94.11771097978209 9.163724927482864
6.039660577338976 21.890716295587712 3.9603394226610242 12.109283704412288
15.278150147921107 91.41206041186379 6.7218498520788925 96.58793958813621
41.086455689890784 87.93367401729488 34.913544310109216 80.06632598270512
90.49909014565112 80.23059022423965 93.50090985434888 89.76940977576035
42.49500070851889 73.67276317383956 47.50499929148111 82.32723682616044
30.826210454380828 26.497263164323638 35.17378954561917 35.502736835676366
62.99997320318531 95.98363028928729 53.00002679681469 96.01636971071271
74.69821286265741 21.710788092418333 65.30178713734259 18.289211907581667
46.73298267162929 93.38789732645314 37.26701732837071 96.61210267354686
59.02997762972904 76.1072353334482 56.97002237027096 85.8927646665518
89.85531816097031 40.805895500489214 80.14468183902969 43.194104499510786
82.907232147915 8.958682766335968 73.092767852085 7.0413172336640315
38.62030506573663 53.551320364110104 31.37969493426337 60.448679635889896
86.19663225689898 96.38840135570972 95.80336774310102 93.61159864429028
39.217047947834686 34.67130409839474 42.782952052165314 25.32869590160526
80.23045434209584 16.665193437528018 71.76954565790416 11.334806562471982
48.00266353237175 48.16318158386532 57.99733646762825 47.83681841613468
62.50317924137456 52.23130498267077 59.49682075862544 61.76869501732923
5.582128396187234 74.20524869100582 8.417871603812767 83.79475130899418
33.11683183130546 68.16244900085476 24.88316816869454 73.83755099914524
9.285817520799963 56.9918241500281 8.714182479200037 47.0081758499719
19.821785189270216 80.65629667484319 16.178214810729784 71.34370332515681
30.904541920499017 74.93015525700747 25.095458079500983 83.06984474299253
37.73176995065859 39.00719991982152 38.26823004934141 48.99280008017848
31.31115175396033 2.2938559731082666 34.68884824603967 11.706144026891733
10.48846937182999 72.7733069175493 7.511530628170011 63.226693082450694
91.89498708239648 74.62698864895414 88.10501291760352 65.37301135104586
18.431047122860225 49.369211586365786 13.568952877139775 40.630788413634214
76.00818906511847 76.28604823089324 85.99181093488153 75.71395176910676
63.72009507276639 72.64945521431969 54.27990492723361 69.35054478568031
52.25382154903828 63.20360100529276 45.74617845096172 70.79639899470725
96.9788183367145 61.90325551686953 95.0211816632855 52.09674448313047
30.173892543155965 91.24707046254593 21.826107456844035 96.75292953745407
72.65412915031249 47.011977009341635 73.34587084968751 56.988022990658365
41.65875020196438 56.59213454496431 34.34124979803562 63.40786545503569
69.12017402474132 75.09301726964021 62.87982597525868 82.90698273035979
96.05838403897167 46.886698601924415 93.94161596102833 37.113301398075585
89.53503468286648 17.39527874155826 96.46496531713352 24.60472125844174
19.058477419993814 67.07642645797057 26.941522580006186 60.92357354202942
67.09739975296489 92.01790488354166 76.90260024703511 93.98209511645834
10.798662285567442 5.289140097812759 19.201337714432558 10.710859902187241
63.70178410008689 2.049495068493999 62.29821589991311 11.950504931506
88.79791558624017 23.407126869658036 79.20208441375983 20.592873130341964
48.44246428223062 59.37378438788226 41.55753571776938 66.62621561211773
3.16224163866912 81.0706835232438 4.83775836133088 90.9293164767562
50.431078198224576 38.369194295761766 45.568921801775424 29.630805704238234
3.1482387785287127 42.00219795664731 2.8517612214712873 51.99780204335269
27.939575039100102 43.046040078769025 34.0604249608999 50.953959921230975
20.93071251815612 14.905322596564567 29.06928748184388 9.094677403435433
66.87002919097368 12.87064328099979 69.12997080902632 3.12935671900021
53.120771820378025 31.633411426682795 56.879228179621975 22.366588573317205
54.247420411928275 18.84189449656895 51.752579588071725 9.158105503431049
80.06454294947818 58.19921057546043 89.93545705052182 59.80078942453957
67.61932387106157 28.194406027661138 70.38067612893843 37.80559397233886
13.252725409422716 14.797338200752709 6.747274590577284 7.202661799247291
18.66327838716824 61.81800532687423 21.33672161283176 52.18199467312577
74.68587279718821 39.17578299671024 77.31412720281179 48.82421700328976
52.0594640621932 90.76883330263422 61.9405359378068 89.23116669736578
37.52890051008229 4.653315365600072 42.47109948991771 13.346684634399928
81.32962750932063 93.95485627679959 82.67037249067937 84.04514372320041
19.289659298537785 86.76538732397398 12.710340701462217 79.23461267602602
27.99486572561608 5.226531196672178 18.00513427438392 4.773468803327822
93.55751738178505 64.21259528594587 96.44248261821495 73.78740471405413
25.459144962230166 47.243345108946905 28.540855037769834 56.756654891053095
74.36103144120652 68.4456910616037 65.63896855879348 63.55430893839631
37.01929878451689 67.09712073104487 38.98070121548311 76.90287926895513
76.14622081903535 81.20556751382362 67.85377918096465 86.79443248617638
25.944087384279634 22.000312631833538 26.055912615720366 31.999687368166462
51.98113675592811 2.566091462699834 42.01886324407189 3.433908537300166
21.855471211889103 70.79694138739445 30.144528788110897 65.20305861260555
3.199025862000578 66.99603730032662 2.800974137999422 57.00396269967338
20.27763117588138 33.007713857341635 19.72236882411862 42.992286142658365
13.421248553315582 20.71630521906345 18.578751446684418 29.28369478093655
74.09280686458153 27.880089456003773 81.90719313541847 34.11991054399623
23.967206668192738 89.95676631658903 16.032793331807262 96.04323368341097
45.0046393440966 37.10196980528977 42.9953606559034 46.89803019471023
88.66219583431946 49.19336500574846 79.33780416568054 52.80663499425154
60.52086212595637 33.40895563193725 67.47913787404363 40.59104436806275
93.9636780144757 28.601581722304175 84.0363219855243 27.398418277695825
57.973681111943925 52.48765617336377 48.026318888056075 53.51234382663623
50.071699611387814 42.84371516497276 59.928300388612186 41.15628483502724
29.485240636364935 84.44381291047003 36.514759363635065 91.55618708952997
39.66155718343428 18.514459027215736 48.33844281656572 23.485540972784264
32.74751772586714 19.536108916570964 37.25248227413286 28.463891083429036
9.244567204964188 33.94260268403039 10.755432795035812 24.057397315969613
65.86275268989836 45.13105056961293 68.13724731010164 54.86894943038707
94.92637686364338 2.9042666903226375 87.07362313635662 9.095733309677362
