96.43907452880825 15.301003547951595 87.56092547119175 10.698996452048405
77.8499757676696 47.10824027093061 72.1500242323304 38.89175972906939
39.476967969683976 7.2263777304006 30.523032030316024 2.7736222695994
44.98096438987961 21.564117278673216 35.01903561012039 22.435882721326784
16.36387039171502 74.18960941766647 13.636129608284977 83.81039058233353
26.063187772088625 74.7923919650935 35.936812227911375 73.2076080349065
73.39503296458967 80.01562953253999 72.60496703541033 89.98437046746001
67.60361474390002 69.03656880364535 66.39638525609998 78.96343119635465
11.391159133707603 16.26590757727022 14.608840866292397 25.73409242272978
72.59610344512441 61.03128642974263 63.40389655487559 64.96871357025738
80.79115680558662 43.668164232093886 77.20884319441338 34.331835767906114
60.54765159107791 80.97949605050006 61.45234840892209 71.02050394949994
81.13429495218736 94.86963807294158 78.86570504781264 85.13036192705842
58.56199372247402 51.36533221997409 63.43800627752598 42.63466778002591
93.999997767411 21.004725027515057 84.000002232589 20.995274972484943
33.61502865015691 46.32005856558268 40.38497134984309 53.67994143441732
43.10758963860532 88.86166579559995 50.89241036139468 95.13833420440005
51.29073011805078 75.5670284482358 42.70926988194922 70.4329715517642
60.911615996266136 2.0640361624386374 51.088384003733864 3.9359638375613626
11.802405477494919 66.33616740280097 8.197594522505081 75.66383259719903
60.35195905215554 60.46179861247045 51.64804094784446 55.53820138752955
35.37625518581585 86.68793992904597 28.623744814184146 79.31206007095403
24.173493716406426 71.12442265399729 29.826506283593574 62.875577346002714
66.7758907449157 83.8413426959785 61.2241092550843 92.1586573040215
55.29374587216736 72.99136387799814 54.70625412783264 63.00863612200186
71.82058262008053 70.1410746153539 78.17941737991947 77.8589253846461
47.20203798941592 14.334452592835813 50.79796201058408 23.665547407164187
53.368230126970715 17.959926090934477 54.631769873029285 8.040073909065523
4.648606180037451 69.81391054584181 7.351393819962549 60.186089454158186
40.84160529225195 2.22371589087626 49.15839470774805 7.77628410912374
61.72575119903194 54.77879541512361 68.27424880096807 47.22120458487639
66.5561000922196 57.291670484521994 75.4438999077804 52.708329515478006
92.31141538142701 62.29376137601176 95.68858461857299 71.70623862398824
73.1588029840301 25.86386427074224 70.8411970159699 16.13613572925776
87.69878158421977 64.63562564624021 80.30121841578023 71.36437435375979
96.8332226619957 79.06991480849095 95.1667773380043 88.93008519150905
54.9569097611179 81.09242180815453 53.0430902388821 90.90757819184547
33.90257330046088 68.86550073144362 42.09742669953912 63.134499268556375
13.75751245733105 46.156837323988334 16.24248754266895 55.843162676011666
55.14483295490377 96.6430975904873 58.85516704509623 87.3569024095127
26.465860084824797 26.97138758809013 27.534139915175203 17.02861241190987
20.21192492678373 80.149099261803 17.78807507321627 89.850900738197
39.15551748325705 82.76266853876099 48.84448251674295 85.23733146123901
22.949273937991784 39.28958639743084 13.050726062008216 40.71041360256916
56.34533656574903 25.23706998418139 61.65466343425097 16.76293001581861
82.6320149894264 76.69549414402884 89.3679850105736 69.30450585597116
84.55753571776951 86.62621561211786 91.44246428223049 79.37378438788214
37.590348554634915 60.9820948884857 28.409651445365085 57.0179051115143
31.97176248276339 89.46936093718382 22.02823751723661 90.53063906281618
37.67391727832013 17.733252433005653 44.32608272167987 10.266747566994347
17.39338943368555 64.67218029940678 10.606610566314453 57.32781970059322
19.83493287437811 20.86236759128669 22.16506712562189 11.137632408713309
3.90117154835852 15.863495298409674 12.09882845164148 10.136504701590326
46.29618130013122 57.29925518263569 49.70381869986878 66.70074481736431
67.39690748426442 25.01577845105829 66.60309251573558 34.98422154894171
87.07927034600014 45.11319693716903 96.92072965399986 46.88680306283097
45.78804633178103 38.83188643271362 52.21195366821897 31.168113567286383
2.5441669248541032 60.35532822035486 7.455833075145897 51.64467177964514
8.781353853619997 91.99521709865279 9.218646146380003 82.00478290134721
88.98065540161632 57.97437897720438 81.01934459838368 64.02562102279562
58.046010863048565 29.437781291050673 53.953989136951435 38.562218708949324
77.08185425540546 24.098977006438467 86.91814574459454 25.901022993561533
79.10313146852693 7.373782346851027 82.89686853147307 16.626217653148974
81.0274056390958 50.106694608676655 78.9725943609042 59.893305391323345
20.588660316716197 31.013999874674223 11.411339683283803 34.98600012532577
94.18229022672813 96.74015482398612 85.81770977327187 91.25984517601388
43.872848748402554 75.8795781708697 34.127151251597446 78.1204218291303
39.02486141619685 45.497992040050036 48.97513858380315 44.502007959949964
60.05738096007947 10.244674225108772 69.94261903992053 11.755325774891228
89.06108407916183 52.9202367999199 96.93891592083817 59.0797632000801
40.5485780615226 35.357812579672476 45.4514219384774 26.642187420327524
24.71698001726482 2.6557423019070394 17.28301998273518 9.34425769809296
26.00074109693992 35.913916202601726 35.99925890306008 36.086083797398274
2.7138115770609987 29.008197100588237 3.2861884229390013 38.991802899411766
2.2748967761082524 88.69297548117592 5.725103223891748 79.30702451882408
22.50785297329034 55.195589918546624 31.49214702670966 50.804410081453376
17.02392704603082 95.51143275101943 26.97607295396918 96.48856724898057
72.9679410489076 95.43470208334116 63.032058951092395 96.56529791665884
3.3067913349731146 50.21267457639729 8.693208665026885 41.78732542360271
57.99639561431133 41.99729924644174 52.00360438568867 50.00270075355826
12.710276961623215 2.6483071638278073 5.289723038376785 9.351692836172193
74.80244628928862 11.140808471259252 69.19755371071138 2.8591915287407472
22.328397302221372 44.782169530125415 31.671602697778628 41.217830469874585
87.8474553676271 38.10998758262985 82.1525446323729 29.89001241737015
30.070958925312173 28.839377200095566 39.92904107468783 27.160622799904434
7.278335249785535 33.99224693787545 6.721664750214465 24.00775306212455
85.10522700547298 6.020390774188496 94.89477299452702 3.9796092258115037
26.93906807419603 7.0830097885001315 35.06093192580397 12.916990211499868
42.99246007102533 95.72551422765872 33.00753992897467 96.27448577234128
96.12935560702012 25.10036751926393 89.87064439297988 32.899632480736074
