96.51076155650884 17.56013388699633 89.48923844349116 10.439866113003669
93.8239340436165 43.31516551917913 84.1760659563835 40.68483448082087
58.99098582788803 3.3001007594472505 49.00901417211197 2.6998992405527495
47.2401851536497 22.350315138970544 38.7598148463503 27.649684861029456
12.750661175720317 86.44076352226365 3.2493388242796835 89.55923647773635
27.007404631603453 72.27201376337484 36.99259536839655 71.72798623662516
69.9057499101448 85.93101763831625 64.0942500898552 94.06898236168375
63.784788249503386 72.14992160873095 66.21521175049661 81.85007839126905
19.973749150509118 20.09573526490639 18.026250849490882 29.90426473509361
55.40971783828867 73.6189887080911 50.59028216171133 82.3810112919089
53.95298226348079 27.60281004154304 50.04701773651921 18.39718995845696
50.133656397989824 60.89617730337538 43.866343602010176 53.10382269662462
77.60349477268792 85.46624082014087 70.39650522731208 78.53375917985913
70.64249357997579 50.70501695535881 77.35750642002421 43.29498304464119
95.59341511578917 25.476689201757594 88.40658488421083 18.523310798242406
29.48738455906227 50.234289714236006 32.51261544093773 59.765710285763994
40.91034584048763 95.87658284351123 49.08965415951237 90.12341715648877
44.8007209522045 65.66448325672756 41.1992790477955 56.33551674327244
68.10629369374362 12.147220285279408 59.89370630625637 17.85277971472059
2.662513294373284 32.01140272987233 3.337486705626716 41.98859727012767
57.58544659095082 52.993409030163534 48.41455340904918 49.006590969836466
21.972265013237955 75.0206517744119 16.027734986762045 66.9793482255881
22.963067970867243 59.99986360066194 23.036932029132757 50.00013639933806
60.84442406938952 83.07182102688674 59.15557593061048 92.92817897311326
47.32011326026088 78.70935033116551 50.67988673973912 69.29064966883449
63.783720858925 61.312437869641734 72.216279141075 66.68756213035826
39.14693866096887 5.7967562010958025 48.85306133903113 8.203243798904197
47.02378213249371 37.90377392170168 48.97621786750629 28.096226078298322
15.961412164079992 83.0286521312269 10.038587835920008 74.9713478687731
54.28067199747551 11.052013821282024 55.71932800252449 20.947986178717976
79.54860769823264 38.277082909286854 88.45139230176736 33.722917090713146
56.572200123420586 41.35991923082438 63.427799876579414 48.64008076917562
96.89076213587025 59.07998548606817 95.10923786412975 68.92001451393183
75.5716206867802 27.79163151103731 78.4283793132198 18.20836848896269
86.74741944577465 66.4309210963496 77.25258055422535 69.5690789036504
95.09678474314128 79.0822563914151 96.90321525685872 88.9177436085849
56.698755552040026 81.04906668611935 55.301244447959974 90.95093331388065
27.03762430851196 64.38776842900046 36.96237569148804 65.61223157099954
10.589245407330008 63.20314983773096 13.410754592669992 72.79685016226904
59.4097683237489 74.96504043974969 60.5902316762511 65.03495956025031
30.92956427722023 27.051870326853404 25.07043572277977 18.948129673146596
17.278806601517815 76.80534787043587 22.721193398482185 85.19465212956413
41.76687634916593 75.00543762042942 42.23312365083407 84.99456237957058
13.905310954851222 23.031535010329957 4.094689045148778 24.968464989670043
73.07359502962473 41.943730923106465 66.92640497037527 34.056269076893535
82.53136845844024 75.24306311676182 91.46863154155976 70.75693688323818
88.57900930315591 85.79382784833608 91.42099069684409 76.20617215166392
11.387301449882647 53.67779674365277 4.6126985501173525 46.32220325634723
14.632900887815783 93.11951353004716 5.367099112184216 96.88048646995284
59.7277538965329 7.597674581507509 68.2722461034671 2.4023254184924907
21.196551843936533 65.84474398484814 14.803448156063467 58.15525601515186
15.913361291019894 14.915869318041974 14.086638708980106 5.084130681958025
16.958063989774924 2.056744440378002 25.041936010225076 7.943255559621997
33.21440149086124 46.329706865285495 36.78559850913876 55.670293134714505
70.22271887543725 18.004962832718462 69.77728112456275 27.995037167281538
75.51316983904141 51.58357578804042 82.48683016095859 44.41642421195958
40.85626092550832 47.79811123483875 49.14373907449168 42.20188876516125
6.573187003676657 64.96703701001071 5.426812996323343 55.03296298998929
22.385310671146424 96.39434784719133 17.614689328853576 87.60565215280867
82.8919917135487 53.00116671511663 83.1080082864513 62.99883328488337
58.43584873416283 57.63346350704849 53.56415126583717 66.36653649295151
88.01759210857578 25.986866166052952 93.98240789142422 34.01313383394705
76.1487766077074 4.002213938052263 75.8512233922926 13.997786061947737
71.33477164871991 70.59910289291595 78.66522835128009 77.40089710708405
18.86348757493446 33.8261279549536 11.13651242506554 40.1738720450464
81.63102112690876 89.98636687290579 82.36897887309124 80.01363312709421
35.99679696160991 77.17894167889555 26.00320303839009 76.82105832110445
67.07171877240394 57.84382708046391 76.92828122759606 56.15617291953609
53.422227622576315 34.49278467921286 60.577772377423685 27.50721532078714
93.2958799103845 51.170849426880345 90.7041200896155 60.829150573119655
26.00009829874171 40.968647523949585 35.99990170125829 41.031352476050415
46.8068255920018 14.623617884424329 37.1931744079982 17.376382115575673
14.506546475066353 49.19291482261883 23.49345352493365 44.80708517738117
10.127488655288637 12.09887007252503 3.8725113447113633 19.901129927474972
4.722368824118547 81.99228614265836 5.277631175881453 72.00771385734164
10.957358968685089 45.942287119220204 19.04264103131491 40.057712880779796
23.78809142269725 89.30559354654063 32.21190857730275 94.69440645345937
77.97691166324425 96.47994822248165 68.02308833675575 95.52005177751835
24.056103624690085 30.253080573155653 33.94389637530991 31.746919426844347
66.73273180114388 40.61283901814203 57.267268198856115 37.38716098185797
40.75778962261906 10.537347685755693 31.242210377380943 7.462652314244307
64.83332052188362 29.997221022886105 65.16667947811638 20.002778977113895
7.195457548071394 36.13938904131157 12.804542451928606 27.860610958688433
82.97510685432157 24.99993803274583 83.02489314567843 15.00006196725417
30.00033607695239 36.05797117021567 39.99966392304761 35.94202882978433
3.452392601018185 13.979492035794816 2.547607398981815 4.020507964205184
82.02538120452714 5.503157867600329 91.97461879547286 4.496842132399671
30.679784574699415 13.177445569949636 33.32021542530059 22.822554430050364
36.82629403919986 83.6935215856418 27.17370596080014 86.3064784143582
84.31900843836488 29.480840197737948 75.68099156163512 34.51915980226205
