41.76695340808836 16.164609085792833 36.23304659191164 7.835390914207167
53.35719282526611 11.81227884011787 50.64280717473389 2.1877211598821296
89.0901681048364 12.116603046838232 96.9098318951636 5.883396953161767
5.294196072693221 29.829602108396244 2.7058039273067793 20.170397891603756
11.087203249248642 90.11993583416422 2.9127967507513572 95.88006416583578
45.999397015463195 86.00080381109863 38.000602984536805 79.99919618890137
93.92048301225834 87.11792635520754 96.07951698774166 96.88207364479246
51.954793818490835 83.11046586696288 54.045206181509165 92.88953413303712
23.725311782986246 12.165212522829334 26.274688217013754 21.834787477170664
76.92116980491598 93.11564274685895 67.07883019508402 94.88435725314105
77.7813098559593 26.462558053995313 68.2186901440407 23.537441946004687
45.90493456607594 96.97036946701422 36.09506543392406 95.02963053298578
63.78269391913697 71.328597385081 60.21730608086303 80.671402614919
89.99748609545877 44.841466957083576 80.00251390454123 45.158533042916424
81.41251772698386 7.351528717462996 72.58748227301614 2.6484712825370047
42.37741410810041 54.60137496953819 37.62258589189959 63.39862503046181
80.43660642363507 95.04338911301575 89.56339357636493 90.95661088698425
44.66104903874518 38.419197710087786 49.33895096125482 29.58080228991221
83.52372655122079 16.129764796821473 74.47627344877921 11.87023520317853
42.02621976471207 44.51138065182317 51.97378023528793 43.48861934817683
61.43361956477959 50.03218224945806 62.56638043522041 59.96781775054194
7.928626617163765 76.44924046901207 12.071373382836235 85.55075953098793
30.304740987645136 75.4565368040233 21.695259012354864 80.5434631959767
8.19865464547742 48.99605207457151 7.801345354522581 39.00394792542849
19.74024414049994 75.68738203387089 16.25975585950006 66.31261796612911
39.38690259888281 68.60651664582117 34.61309740111719 77.39348335417883
32.73176995065859 44.00719991982152 33.26823004934141 53.99280008017848
35.4998370484897 23.025079194405553 36.5001629515103 32.97492080559445
8.376559574451258 71.98580012504404 7.6234404255487425 62.01419987495597
95.02796974719342 81.9788690868237 88.97203025280658 74.0211309131763
15.88045351902507 48.632914262403986 12.11954648097493 39.367085737596014
78.00395711211601 70.19888555106856 87.99604288788399 69.80111444893144
72.90371922905659 65.97649256145685 63.0962807709434 64.02350743854315
58.25382154903828 67.20360100529275 51.74617845096172 74.79639899470725
96.11250650164725 61.99873406845044 95.88749349835275 52.00126593154956
33.397943240465416 88.62132489531577 24.602056759534584 93.37867510468423
72.62461896438876 51.19288787244557 75.37538103561124 60.80711212755443
52.7945530107946 55.333140296575436 49.2054469892054 64.66685970342456
72.05151255657076 70.0391577767991 65.94848744342924 77.9608422232009
93.89401362739935 46.87614541862952 96.10598637260065 37.12385458137048
90.21362856929416 17.8483576442393 95.78637143070584 26.1516423557607
22.005386688055026 64.00716884927202 29.994613311944974 57.99283115072798
68.0527197091743 87.27583308277194 77.9472802908257 88.72416691722806
3.7519911408434803 8.362876428278772 12.24800885915652 13.637123571721228
58.26764866543029 3.0071687198651125 57.73235133456971 12.992831280134887
78.99990920304971 19.030132395503472 69.00009079695029 18.969867604496528
57.914297819282474 55.380967216062395 54.085702180717526 64.6190327839376
2.076340798714977 78.08605518143706 3.923659201285023 87.91394481856294
62.71765501914714 39.695706681128904 59.28234498085286 30.304293318871096
2.020178589184594 35.096944829709976 3.979821410815406 44.903055170290024
26.64360284473581 30.187496830422738 29.35639715526419 39.81250316957726
18.256693407073914 10.314763302463103 25.743306592926086 3.6852366975368978
65.70073453953543 15.828240804189846 68.29926546046457 6.171759195810154
59.29751660405162 25.95040574886714 60.70248339594838 16.04959425113286
53.07768083610063 25.882479289817976 50.92231916389937 16.117520710182024
81.13242572126552 57.856881178091086 90.86757427873448 60.143118821908914
71.42259002624638 29.71549794874651 76.57740997375362 38.28450205125349
14.516029115134437 19.146038450554432 5.483970884865562 14.853961549445568
14.005750528232783 62.58508113825221 17.99424947176722 53.41491886174779
72.48205135761627 41.68028535267456 77.51794864238373 50.31971464732544
60.39221670400651 85.94121948711714 69.6077832959935 82.05878051288286
30.164579745745453 11.07028672245725 31.835420254254547 20.92971327754275
82.64656881546382 87.81333813779221 85.35343118453618 78.18666186220779
17.51074921923502 85.3239031393072 12.48925078076498 76.6760968606928
15.999876162530253 2.964809669484913 6.000123837469748 3.035190330515087
95.23783348307275 66.05843120047136 96.76216651692725 75.94156879952864
27.714278828329043 47.30305970883781 24.285721171670957 56.69694029116219
89.99874461817797 64.11203678965796 80.00125538182203 63.88796321034203
46.45034473301148 72.030303924034 47.54965526698852 81.969696075966
81.85192530723236 74.79218345224197 72.14807469276764 77.20781654775803
24.155282073434165 38.13529822796899 21.844717926565835 47.86470177203101
41.99701929934298 2.8273786745682674 32.00298070065702 3.1726213254317326
26.527555922708483 72.59751749545198 33.47244407729151 65.40248250454802
4.111802675856664 58.998749859882096 3.888197324143336 49.001250140117904
17.27763117588138 26.007713857341635 16.72236882411862 35.992286142658365
18.804410081453355 17.50785297329035 23.195589918546645 26.49214702670965
78.09280686458153 32.88008945600377 85.90719313541847 39.11991054399623
26.50506181694348 83.43425440343749 19.49493818305652 90.56574559656251
54.96432782457223 30.000127252029284 55.03567217542777 39.99987274797072
91.72240640261002 50.35717384711956 82.27759359738998 53.64282615288044
64.05449763697364 29.95970102227495 69.94550236302636 38.04029897772505
91.9524229735491 31.68811822462648 82.0475770264509 30.31188177537352
52.88857478088209 51.049684053286356 43.11142521911791 48.950315946713644
57.00397655266544 43.80062669766666 66.99602344733457 44.19937330233334
36.97220293160646 86.03742497549169 45.02779706839354 91.96257502450831
36.641970089536855 18.29545750187221 43.358029910463145 25.70454249812779
31.22646073459097 30.325114068337882 34.773539265409035 39.67488593166212
11.158421950138187 32.928665781526554 12.841578049861813 23.071334218473442
65.94790078255377 51.11194443191886 68.05209921744623 60.88805556808114
95.18124675022523 2.258253182051455 86.81875324977477 7.741746817948545
