69.07563596155431 7.896410107164606 60.92436403844569 2.103589892835394
79.44097196443238 11.787859625941415 76.55902803556762 2.212140374058584
81.25863679425012 21.3169566416613 88.74136320574988 14.6830433583387
31.939010726221547 43.04502360328771 26.060989273778453 34.95497639671229
11.949246530694179 95.28939548382266 2.050753469305821 96.71060451617734
44.19898017760269 82.71451017093318 35.80101982239731 77.28548982906682
87.13879217457186 90.83010321908462 96.86120782542814 93.16989678091538
59.429927012700574 82.97159350948678 68.57007298729943 87.02840649051322
18.36332789818186 22.441591622886158 9.636672101818139 17.558408377113842
69.6420266288253 94.85784519733932 60.357973371174694 91.14215480266068
61.829818408351784 7.706611372268086 52.170181591648216 10.293388627731915
55.90493456607594 90.97036946701422 46.09506543392406 89.02963053298578
81.02473312192512 77.42829837095866 76.97526687807488 86.57170162904134
82.92123990697678 60.883967068379334 73.07876009302322 59.116032931620666
73.27284329937048 24.19077753289428 78.72715670062952 15.80922246710572
33.491184660610024 54.161153450193126 42.508815339389976 49.838846549806874
82.42518871919438 86.01811134678124 81.57481128080562 95.98188865321876
34.9097056569147 12.87567247560017 43.0902943430853 7.124327524399829
95.98206927250115 27.02375996219974 88.01793072749885 20.97624003780026
55.02858678030384 45.46609869916786 64.97141321969616 46.53390130083214
49.91744390080717 72.11859935140534 52.08255609919283 81.88140064859466
4.568300896906675 78.03240157716276 3.431699103093325 87.96759842283724
30.662716284584544 78.28455998267634 27.337283715415456 87.71544001732366
18.298236905279843 53.554439176431956 9.701763094720157 48.445560823568044
18.026232413985344 82.03466162402651 25.973767586014656 75.96533837597349
38.317081087432925 60.24778127554759 47.682918912567075 63.75221872445241
27.51611831726377 21.026709149608802 26.48388168273623 30.973290850391198
50.32651950199576 33.04556521701941 51.67348049800424 42.95443478298059
20.320976627476732 95.82234597987953 17.679023372523268 86.17765402012047
91.9006016568221 87.12814748929725 84.0993983431779 80.87185251070275
3.1824982955158263 33.99666832720902 2.8175017044841737 24.003331672790978
87.09895790779584 75.87240178493923 94.90104209220416 82.12759821506077
71.97712209694453 81.99994765988123 72.02287790305547 72.00005234011877
42.25866885667966 69.61987396054595 33.74133114332034 64.38012603945405
66.71931218803974 58.34830618097072 57.280687811960256 61.65169381902928
39.755940477198955 87.15724087903104 42.244059522801045 96.84275912096896
53.34522257421582 64.58787427430079 60.65477742578418 71.41212572569921
34.35168185185857 83.01238334722152 33.64831814814143 92.98761665277848
68.9484874434292 49.96084222320086 75.0515125565708 42.03915777679914
93.81781755879264 35.771336330960665 86.18218244120736 42.228663669039335
93.46026989994436 30.74035568735912 84.53973010005564 35.25964431264088
32.16975375347482 47.29178992019966 41.83024624652518 44.70821007980034
62.00543762042941 64.23312365083407 71.99456237957058 63.766876349165926
7.4032370521591915 31.96717320065059 16.59676294784081 28.03282679934941
59.35009261308884 19.288278097199687 52.64990738691116 26.711721902800313
80.45068489345346 40.69872199369378 85.54931510654654 49.30127800630622
68.83370011784045 23.137927953549575 71.16629988215955 32.86207204645042
9.20541119212774 80.00422115760229 8.79458880787226 89.99577884239771
91.8736529612845 56.116918445081275 82.1263470387155 53.883081554918725
21.18410087875948 64.14223249744072 18.81589912124052 73.85776750255928
22.231577190708897 31.154051421720865 19.768422809291103 40.845948578279135
21.451115104663497 19.075486981163557 30.548884895336503 14.924513018836441
64.51731795419485 32.973166208188466 63.48268204580514 23.026833791811534
74.36584125496884 37.72541270113397 77.63415874503116 28.274587298866035
88.43841550751482 10.630054930394532 81.56158449248518 3.3699450696054685
36.088301315664154 40.93552981475391 45.911698684335846 39.06447018524609
89.32883150725607 27.49775744944917 80.67116849274393 32.50224255055083
28.48958871411395 64.23359068611727 31.51041128588605 73.76640931388273
16.167515782227316 64.12031954538342 21.832484217772684 55.879680454616576
87.00381306615205 61.19523350646614 96.99618693384795 60.80476649353386
50.59723167409932 59.96607755051981 41.40276832590068 56.03392244948019
42.02203995655586 2.5310503162666254 51.97796004344414 3.4689496837333746
54.0451437232004 50.32962750932071 63.9548562767996 51.67037249067929
13.143994124028936 78.92618046160543 14.856005875971064 69.07381953839457
13.655175433657678 3.175351627882776 4.344824566342321 6.824648372117224
90.51755637984105 45.659784144454086 95.48244362015895 54.340215855545914
13.569534228646575 55.97038010129301 4.430465771353426 60.02961989870699
84.84542432350005 71.2336381662522 75.15457567649995 68.7663618337478
57.42128931563135 74.99116738655299 66.57871068436864 79.00883261344701
85.95108285085685 65.6976952084909 76.04891714914315 64.3023047915091
47.29784313271325 15.559288690148549 42.70215686728675 24.44071130985145
40.24123499371628 16.351995897269713 31.758765006283717 21.648004102730287
17.4741394343703 47.595880308151706 10.5258605656297 40.404119691848294
2.0000602481937246 64.02454543353471 11.999939751806275 63.97545456646528
11.268222202097881 25.784008937319584 4.731777797902119 18.215991062680416
9.060909938655806 12.22193228705272 18.939090061344196 13.77806771294728
63.00011731058893 13.034250432515103 72.99988268941108 12.965749567484897
56.99071806538923 95.69547874984241 47.00928193461077 96.30452125015759
46.75004881001512 28.69286620734749 39.24995118998488 35.30713379265251
70.89401036813504 40.02404224355578 61.105989631864965 37.97595775644422
79.49039887540408 50.800836991087344 70.50960112459592 55.199163008912656
54.86147080823833 14.899757956705496 49.13852919176167 23.100242043294504
27.368230834064878 58.80915214821845 24.631769165935122 49.19084785178155
54.63069193487857 34.40299662645232 59.36930806512143 25.59700337354768
37.87126417945436 72.17979778665726 46.12873582054564 77.82020221334274
18.475535460941153 8.128196568646564 27.524464539058847 3.871803431353436
36.66618733637269 23.770171978984735 31.333812663627317 32.229828021015265
3.9397963673458833 54.99963753912374 4.060203632654116 45.00036246087626
46.77795101379038 44.15163983647007 49.22204898620962 53.84836016352993
95.91231457924093 3.9322904453961534 86.08768542075907 2.0677095546038466
