86.99485308521618 5.773190262320111 77.00514691478382 6.226809737679889
71.84673786899091 18.92778195349761 70.15326213100909 9.072218046502389
80.46674811522283 41.310758041026304 85.53325188477717 32.689241958973696
22.169710675015082 7.786141931119767 29.830289324984918 14.213858068880233
5.613757645772389 26.267581351918327 2.386242354227611 35.73241864808167
38.381947626361956 59.730951967222275 41.618052373638044 50.269048032777725
95.58912714913843 68.25925376086515 92.41087285086157 77.74074623913485
40.585787191632186 68.34717220510231 47.414212808367814 75.65282779489769
13.915790688854425 24.11569171156206 22.084209311145575 29.88430828843794
95.69470905521686 81.29596330603533 92.30529094478314 90.70403669396467
78.9241657376573 32.13247951719752 69.0758342623427 33.86752048280248
62.95362814084137 70.32061186184592 53.04637185915863 71.67938813815408
63.093742056055724 80.96365605248121 72.90625794394428 79.03634394751879
88.8596865813335 37.86823225690898 91.1403134186665 28.131767743091018
85.99931870663362 11.917462314648116 76.00068129336638 12.082537685351884
3.2085753470496092 11.004352261757926 2.7914246529503908 20.995647738242074
77.07781814786928 96.87870689911654 86.92218185213072 95.12129310088346
16.05529843979287 51.90994286750286 17.94470156020713 42.09005713249714
95.96494108341649 20.40893313559032 86.03505891658351 21.59106686440968
22.360076243317664 74.01298234422634 21.639923756682336 83.98701765577366
56.56638043522055 54.96781775054192 55.43361956477945 45.03218224945808
17.523060371408405 87.0227991209236 18.476939628591595 96.9772008790764
26.162449000854785 37.883168168694525 31.837550999145215 46.116831831305475
70.79958906780551 91.5985918580935 61.200410932194494 94.4014081419065
13.004302292799922 63.41930438480388 8.995697707200078 72.58069561519612
44.75371932652335 88.19715083272924 51.24628067347665 95.80284916727076
48.01960249245192 30.44231286077713 57.98039750754808 29.55768713922287
46.87146885221315 14.164131622790588 39.12853114778685 7.835868377209411
13.320976627476732 86.82234597987953 10.679023372523268 77.17765402012047
60.057906130499745 43.241245635895254 69.94209386950025 44.758754364104746
2.0538150676126974 75.90965722568524 3.9461849323873026 66.09034277431476
69.11216056457837 55.91828670835105 74.88783943542163 64.08171329164895
95.61141519680722 63.06742402926679 86.38858480319278 66.93257597073321
73.83856229771794 41.26028365501676 64.16143770228206 38.73971634498324
91.9788183367145 59.90325551686953 90.0211816632855 50.09674448313047
87.99558773397104 89.78999239966583 78.00441226602896 90.21000760033417
71.32866699668685 68.50252712908252 62.671333003313144 63.49747287091748
34.04240138421869 50.10986714350428 31.957598615781308 59.89013285649572
74.99125793641673 74.70445945767621 65.00874206358327 75.29554054232379
80.79085510122518 66.51450350393435 85.20914489877482 75.48549649606565
65.22082512894715 24.151331522517633 62.77917487105285 33.84866847748237
9.122429833730315 93.87238660908103 6.877570166269684 84.12761339091897
78.04083474855739 79.36228532329567 87.95916525144261 80.63771467670433
2.0592809584931597 6.232344248447436 11.94071904150684 7.767655751552564
79.57015519614525 19.97177873910499 70.42984480385475 24.02822126089501
92.57990029046643 40.993881028107864 83.42009970953357 45.006118971892136
37.43307967420031 85.50386634867785 44.56692032579969 78.49613365132215
26.595047800930107 70.01642560841434 27.404952199069893 79.98357439158566
9.662248051161018 59.40410622803803 2.337751948838981 52.59589377196197
22.25290165143393 93.57005008488305 31.74709834856607 90.42994991511695
25.98261021102589 46.10460236372047 28.01738978897411 55.89539763627953
30.829345480208527 9.242167358858964 39.170654519791476 14.757832641141036
63.00657501344516 49.25633357885725 72.99342498655484 48.74366642114275
69.7201929801425 3.6593168078223246 62.27980701985749 10.340683192177675
95.51616630642246 15.97653543712482 96.48383369357754 6.023464562875181
85.3206688340949 60.51631095576064 76.6793311659051 55.48368904423936
35.891275810087876 35.037025047744336 26.10872418991212 32.962974952255664
19.26696773377206 35.60633581085556 10.73303226622794 30.393664189144435
45.651886333571404 96.83301760480678 36.348113666428596 93.16698239519322
61.06192951401622 58.04720508359004 54.93807048598378 65.95279491640996
34.151805586634225 39.777293604249614 43.848194413365775 42.222706395750386
74.03098242446092 27.44424435766812 83.96901757553908 28.55575564233188
52.767791030762034 58.32293736715475 49.232208969237966 67.67706263284525
14.018985711822994 55.985690062186045 7.981014288177006 48.014309937813955
49.96162151357789 9.050500775800073 42.03837848642211 2.949499224199927
78.86916003466277 46.101559143523254 85.13083996533723 53.898440856476746
17.12908782460107 64.12915195429609 14.870912175398932 73.87084804570391
57.541955597753294 34.909392588734676 48.458044402246706 39.090607411265324
44.53716160395849 55.021468025697764 45.46283839604151 64.97853197430223
95.12993950895182 53.92371757332983 96.87006049104818 44.07628242667017
33.67564604973859 78.82141956423904 36.32435395026141 69.17858043576096
52.59800282296083 14.528058801482103 45.40199717703917 21.471941198517897
37.371045062637656 26.272790906672007 40.628954937362344 35.72720909332799
28.05213538225403 3.7201636789352195 37.94786461774597 2.2798363210647805
18.690481078456493 59.82546994541667 21.309518921543507 50.17453005458333
3.003192615645953 44.17865039508736 12.996807384354046 43.82134960491264
51.15692112414226 77.24281414629078 60.84307887585774 74.75718585370922
76.93154725132827 85.1754748591361 67.06845274867173 86.8245251408639
9.022262312282997 13.47130405502371 18.977737687717003 12.52869594497629
61.852619925985046 16.07323237184731 60.147380074014954 25.92676762815269
12.038267009293016 19.61741860105597 21.961732990706984 18.38258139894403
94.57201460952541 36.981649175277234 95.42798539047459 27.01835082472277
50.18484489180107 45.00341793162816 49.81515510819893 54.99658206837184
61.99178298485968 4.286535568586736 52.00821701514032 3.7134644314132643
31.998641427535865 64.11654989885108 22.001358572464135 63.88345010114892
42.00108044394103 26.10393878992537 51.99891955605897 25.89606121007463
56.19848709262228 18.935339609318383 57.80151290737772 9.064660390681619
34.271836161246384 20.401651329888967 25.72816383875362 25.598348670111033
62.36686674542536 85.5647433753918 53.63313325457464 90.4352566246082
91.15235709965322 6.002321807660556 90.84764290034678 15.997678192339444
