74.3125657104442 13.530173312858397 65.6874342895558 8.469826687141603
78.3280639361026 11.424942746456553 73.6719360638974 2.575057253543447
88.14515581424882 20.184364348434443 95.85484418575118 13.815635651565557
31.47336695419237 43.59662647511865 24.52663304580763 36.40337352488135
11.949246530694179 89.28939548382266 2.050753469305821 90.71060451617734
41.498497188295964 84.1825496665353 32.501502811704036 79.8174503334647
86.0553273151076 93.25823720821342 95.9446726848924 94.74176279178658
68.22266613064937 87.72406519609186 75.77733386935063 94.27593480390814
19.40527499156519 24.36506918475767 10.59472500843481 19.63493081524233
68.76031561499377 96.52950817116039 59.23968438500622 93.47049182883961
57.96281985367894 7.391379346447925 48.03718014632106 8.608620653552075
61.72215075225046 89.64356085163296 52.27784924774954 86.35643914836704
80.33836912595092 76.27773031889176 73.66163087404908 83.72226968110824
77.88739201480487 62.05517737543102 68.11260798519513 59.94482262456898
77.5718203789676 23.37080584423547 82.4281796210324 14.62919415576453
32.05633832878189 54.74847129572816 41.94366167121811 53.25152870427184
84.19929302685713 78.14596083290093 81.80070697314287 87.85403916709907
34.07762268261612 5.877611272320895 43.92237731738388 4.122388727679105
95.48403694981016 32.33930414144685 90.51596305018984 23.660695858553147
51.08971626066907 45.942928204723074 60.91028373933093 44.057071795276926
49.34700545277439 70.04282357371723 50.65299454722561 79.95717642628277
4.307538046588393 76.00946692728115 3.692461953411607 85.99053307271885
27.907224652116394 78.37804217605142 24.092775347883606 87.62195782394858
12.611915980583122 44.93138059119429 3.388084019416878 41.06861940880571
14.549881754791139 82.61893411021491 21.450118245208863 75.38106588978509
36.69249473655148 59.46122107985683 45.30750526344852 64.53877892014317
29.731769950658585 20.007199919821513 30.268230049341415 29.992800080178487
49.31115175396033 26.293855973108265 52.68884824603967 35.706144026891735
18.9813689440737 95.90274565887398 17.0186310559263 86.09725434112602
95.09694941319862 88.92541772708188 88.90305058680138 81.07458227291812
4.356768332294058 33.98725539320698 3.6432316677059426 24.01274460679302
87.94061830707521 70.0808528178341 96.05938169292479 75.9191471821659
69.2719833214804 82.83549981179564 66.7280166785196 73.16450018820436
38.25866885667966 65.61987396054595 29.741331143320334 60.38012603945405
61.520810285392066 62.86405188183484 52.479189714607934 67.13594811816516
33.528831346730534 86.02224949398061 34.471168653269466 95.97775050601939
54.62831715968608 75.57339967367827 63.37168284031392 80.42660032632173
29.177402305849565 87.00314814889622 28.822597694150435 96.99685185110378
65.30530951585314 48.21172686610235 70.69469048414686 39.78827313389765
96.81781755879264 40.771336330960665 89.18218244120736 47.228663669039335
93.29178008747469 36.43472736716821 84.70821991252531 41.56527263283179
30.217779027039654 48.45957615963614 39.782220972960346 45.54042384036386
58.03386600718876 69.5809588328313 67.96613399281124 68.4190411671687
9.277211469946305 31.64172729172456 18.722788530053695 28.35827270827544
59.28480389852749 16.230376232537445 52.71519610147251 23.769623767462555
74.4858371184003 45.44322347601275 81.5141628815997 52.55677652398725
72.34831414993897 26.04265135855564 73.65168585006103 35.957348641444355
9.595047800930105 72.01642560841434 10.404952199069895 81.98357439158566
86.9254287841515 57.86032045904524 77.0745712158485 56.13967954095476
21.583261834416067 60.03413596314663 20.416738165583933 69.96586403685336
22.731370039957735 29.30933290621294 19.268629960042265 38.69066709378706
22.143290157365684 11.182104522124876 29.856709842634316 4.817895477875124
69.03432145363047 35.89184823257629 66.96567854636953 26.10815176742371
80.04019385652241 31.599908681700917 83.95980614347759 22.400091318299083
88.79902357104861 9.250756820590727 81.20097642895139 2.749243179409272
36.14399447545597 42.191306151078656 45.85600552454403 39.808693848921344
89.59489945018005 30.524845623127636 82.40510054981995 37.47515437687237
28.910756229053188 65.12008729509907 31.089243770946812 74.87991270490093
16.313038333468977 60.216661831661725 21.686961666531023 51.783338168338275
87.01726090668485 64.58489624435698 96.98273909331515 65.41510375564302
52.80256918649632 60.39116110099302 43.19743081350368 57.60883889900698
54.030982424460916 2.444244357668122 63.969017575539084 3.555755642331878
52.00127686412329 51.11299119811272 61.99872313587671 50.88700880188728
15.143994124028936 74.92618046160543 16.856005875971064 65.07381953839457
17.65517543365768 2.175351627882776 8.344824566342322 5.824648372117224
87.60484511621502 51.329451905353785 94.39515488378498 58.670548094646215
15.888526841457214 50.85685523666714 8.111473158542786 57.14314476333286
82.82315638723226 72.31801459183905 73.17684361276774 69.68198540816095
54.613793990616614 80.59975067060752 63.386206009383386 85.40024932939248
83.85103129298676 68.21140224304862 74.14896870701324 65.78859775695138
43.982477340440255 8.409816605554749 40.017522659559745 17.59018339444525
35.66857456381632 10.209912979185852 26.331425436183682 13.790087020814148
18.774320904039786 44.279405695141776 11.225679095960214 37.720594304858224
2.1767818895100435 69.31778870030126 11.823218110489957 66.68221129969874
8.709783830422431 24.202031840952795 3.29021616957757 15.797968159047205
2.0006907272442227 10.916892868307839 11.999309272755777 11.083107131692161
64.00517694690856 17.77252985183483 73.99482305309144 18.22747014816517
53.95712991172279 91.65334756317232 44.04287008827721 90.34665243682768
46.438724409804266 32.69832113147647 37.561275590195734 37.30167886852353
64.94910850389871 38.28843481209558 55.050891496101286 39.71156518790442
70.75276295769275 52.44718183035373 61.24723704230724 55.55281816964627
52.467660524828574 13.397871395335029 45.532339475171426 20.602128604664973
25.815155108199086 56.99658206837185 26.184844891800914 47.00341793162815
57.76703252743163 29.814173740315837 64.23296747256836 22.185826259684163
36.37513395244548 70.09983841682413 45.62486604755452 73.90016158317587
15.815754954727584 8.737168866020737 24.184245045272416 3.262831133979264
39.161800343909356 27.12662697571552 32.838199656090644 34.873373024284476
2.9869266615573715 56.896292721124496 5.013073338442629 47.103707278875504
45.69352158564185 44.17370596080013 48.30647841435815 53.82629403919987
96.94185859725043 3.760285212786598 87.05814140274957 2.239714787213402
