94.07563596155431 13.896410107164606 85.92436403844569 8.103589892835394
70.64405139273174 36.14722190706325 61.35594860726825 39.85277809293675
39.99098582788803 6.3001007594472505 30.009014172111968 5.6998992405527495
39.14652081665782 26.114204489382 32.85347918334218 33.885795510618
17.099589761361763 86.46218964323268 12.900410238638237 95.53781035676732
20.00060298453672 64.99919618890148 27.99939701546328 71.00080381109852
82.54866691636809 92.07596466346092 73.45133308363191 87.92403533653908
67.38492212262273 53.03797629945593 68.61507787737727 62.96202370054407
6.593534519398521 26.617201363207123 11.40646548060148 35.38279863679288
48.46108044896701 71.02912827388249 49.53891955103299 80.97087172611751
61.722581650432204 58.19375120348476 56.277418349567796 49.80624879651524
65.36500932493792 71.43858434203229 56.634990675062085 66.56141565796771
77.83215443846149 95.28463359867976 68.16784556153851 92.71536640132024
74.57834348270407 41.6458560966728 81.42165651729593 34.3541439033272
89.98814762540638 17.655931304602426 80.01185237459362 18.344068695397574
26.232372934183843 47.83583856886385 31.767627065816157 56.16416143113615
53.59026224004285 91.35673776403063 62.40973775995715 86.64326223596937
39.00272279358549 56.83501356949737 48.99727720641451 57.16498643050263
61.89453311205624 7.9784591956338415 52.10546688794376 10.021540804366158
22.44705686100021 37.02002608811726 21.55294313899979 46.97997391188274
59.4352234888451 46.30841777068119 50.5647765111549 41.69158222931881
2.4112960538003008 82.74088807833823 5.588703946199699 73.25911192166177
33.93331727544634 66.90896744873793 42.06668272455366 61.091032551262074
56.39227225415944 80.32678765197817 49.60772774584056 87.67321234802183
43.50930803496188 76.97586388433677 44.49069196503812 67.02413611566323
65.69249473655148 66.46122107985683 74.30750526344852 71.53877892014317
49.01845909925137 3.570756183307684 58.98154090074863 4.429243816692316
34.017107851826204 42.41326243437789 43.982892148173796 41.58673756562211
20.481426357418393 94.76381507744124 23.518573642581607 85.23618492255876
46.6294669894664 22.747247555840275 41.3705330105336 31.252752444159725
43.40060979197869 36.96102261954258 52.59939020802131 33.03897738045742
79.32663087303781 42.60789751671901 86.67336912696219 49.39210248328099
95.84836830958652 24.002299745836858 96.15163169041348 33.99770025416314
74.99467430462403 19.89788936647377 77.00532569537597 10.10211063352623
87.73575300721244 67.60394621315004 78.26424699278756 64.39605378684996
93.58768846867362 59.20360800825428 96.41231153132638 68.79639199174572
51.29264213255427 66.30053948708246 54.70735786744573 75.69946051291754
46.192891158697435 62.37539252138096 55.807108841302565 59.62460747861904
8.35700682639151 63.0415163831376 9.64299317360849 72.95848361686241
76.93688783733973 82.95187852532979 83.06311216266027 75.04812147467021
18.10260662371367 16.536413273271673 13.897393376286333 7.463586726728328
5.211924926783729 55.149099261802995 2.7880750732162713 64.850900738197
39.6548475134432 69.28179274435185 36.3451524865568 78.71820725564815
17.999473334841078 42.072569788569545 8.000526665158922 41.927430211430455
75.592544276001 34.477589053492736 68.407455723999 27.522410946507268
89.69702321564489 81.7537107456504 96.30297678435511 74.2462892543496
92.57900930315591 96.79382784833608 95.42099069684409 87.20617215166392
12.760396709182043 62.8439017002199 15.239603290817957 53.1560982997801
37.95021478316844 95.29617217979069 28.049785216831555 96.70382782020931
64.01680548887784 3.5903996285134925 73.98319451112216 4.4096003714865075
22.871433920536738 75.16417436291326 15.128566079463264 68.83582563708674
11.170654519791395 12.757832641141155 2.8293454802086044 7.242167358858845
37.11764141678135 11.84923948366295 44.88235858321865 18.15076051633705
27.858594955057242 43.1100675656757 34.14140504494276 50.8899324343243
60.048258917967594 22.000232897740474 59.951741082032406 31.999767102259526
85.47646166493097 33.86983546852341 94.52353833506903 38.13016453147659
74.96297495225575 61.8912758100879 77.03702504774425 52.1087241899121
3.174211457649263 92.65472837001481 6.825788542350737 83.34527162998519
50.686015266797064 96.37835632415218 43.313984733202936 89.62164367584782
92.10452724531962 21.123523857912694 89.89547275468038 30.876476142087306
72.90554163984515 82.9672958284544 63.09445836015484 81.0327041715456
78.48809641692155 22.440992663233082 85.51190358307845 29.559007336766918
79.10313146852693 2.3737823468510273 82.89686853147307 11.626217653148974
86.99914594980535 76.99935960479249 81.00085405019465 85.00064039520751
5.260071924936826 36.16138255862421 2.739928075063174 45.83861744137579
88.19783469449821 96.93523361378661 89.80216530550179 87.06476638621339
20.52965777074971 82.11712079954988 11.470342229250289 77.88287920045012
65.00821050955311 76.71357778880835 74.99178949044689 77.28642221119165
45.32243010373637 51.23355162385981 54.67756989626363 54.76644837614019
95.41134291399908 46.34449189262173 88.58865708600092 53.65550810737827
82.54932951561098 55.381592448580946 89.45067048438902 62.618407551419054
36.65548794207569 19.41136452249525 29.344512057924312 12.58863547750475
20.826680215319527 60.99699512229483 21.173319784680473 51.00300487770517
13.936445015294085 23.114424210545167 16.063554984705917 32.88557578945483
7.793797556869171 95.48694448148443 12.20620244313083 86.51305551851557
3.4339644847629014 51.0374787541453 12.566035515237099 46.9625212458547
30.067032111413116 83.81598272663743 39.93296788858689 82.18401727336257
66.07099727697995 89.09707368835828 57.92900272302005 94.90292631164172
19.48365210709359 26.14536750004279 28.51634789290641 21.85463249995721
47.996375585287 46.80965554710462 38.003624414713 47.19034445289538
49.50704034960534 17.326054632739943 44.49295965039466 8.673945367260057
50.659551966867696 29.418405029442994 55.340448033132304 20.581594970557006
27.553907531204278 37.98006039213218 28.446092468795722 28.01993960786782
53.122610315745 14.100486196152834 62.877389684255 11.899513803847166
69.15415994166733 41.35318663178147 72.84584005833267 50.64681336821853
5.225787070188813 22.84741643131245 2.7742129298111866 13.15258356868755
87.0135843951505 2.6316802805803765 96.9864156048495 3.3683197194196235
21.71129989490292 2.008341733520119 22.28870010509708 11.991658266479881
36.99899821454852 87.89991578076099 27.00100178545148 88.10008421923901
72.5036369961095 24.171923987453 63.496363003890494 19.828076012547
