61.57235975408604 14.498320423772864 54.42764024591396 7.501679576227136
65.09328979543297 11.540719968500174 60.906710204567034 2.4592800314998255
80.61873458986294 49.39654125949988 85.38126541013706 40.60345874050012
4.397516528015321 5.953751747307691 13.60248347198468 2.046248252692309
9.59456800659794 84.03547697300837 8.40543199340206 93.96452302699163
39.826940339562874 91.69591144537627 30.173059660437126 94.30408855462373
88.74659760056483 76.68895689858289 81.25340239943517 83.31104310141711
40.52255655745805 69.40731477806335 47.47744344254195 76.59268522193665
12.980091924735554 19.10512640428679 15.019908075264446 28.89487359571321
96.9049861247009 83.0298911831698 87.0950138752991 84.9701088168302
86.71523461221665 17.346196613498293 79.28476538778335 10.653803386501707
48.91128293776518 95.06229007405453 39.08871706223482 96.93770992594547
50.72854131414699 80.00737442001957 51.27145868585301 89.99262557998043
94.6676435990742 29.6017077185489 87.3323564009258 36.3982922814511
75.99931870663362 2.9174623146481156 66.00068129336638 3.0825376853518844
31.716380161416872 46.660047641784224 22.283619838583128 43.339952358215776
87.6217580826896 90.58525410995149 96.3782419173104 95.41474589004851
42.881853151297804 26.63234591939662 39.118146848702196 17.36765408060338
95.97065107944009 11.540950872502432 86.02934892055991 10.459049127497568
31.07400775439606 32.85708832464913 40.925992245603936 31.142911675350867
61.38547151044123 40.605739462335755 56.61452848955877 49.394260537664245
7.3384077716357226 70.18246280379434 4.6615922283642774 79.81753719620566
42.60102466585907 56.01594355140844 43.39897533414093 65.98405644859156
14.650678644190227 81.71966736260241 11.349321355809773 72.28033263739759
23.998574857082883 89.8806291570825 14.001425142917117 90.1193708429175
33.23211820447987 80.52589133779368 28.767881795520132 89.47410866220632
30.220398142045827 39.46813013028172 39.77960185795418 36.53186986971828
34.63176987302944 18.04007390906554 33.36823012697056 27.95992609093446
14.374063310746845 64.25493319618936 19.625936689253155 55.745066803810644
93.06818316607485 54.611733266372134 96.93181683392515 45.388266733627866
2.7463154950820505 96.99356027018445 3.2536845049179495 87.00643972981555
74.59837003384601 75.20047570711647 77.40162996615399 84.79952429288353
65.99994765988123 77.02287790305557 56.00005234011877 76.97712209694443
76.9810719964848 52.98587372498396 71.0189280035152 61.01412627501604
79.2340934663813 69.84530838195414 76.7659065336187 60.15469161804587
62.98394486890236 94.40036676153474 53.01605513109764 93.59963323846526
89.65875834446658 49.59214328693294 82.34124165553342 56.40785671306706
38.43867420198678 56.01928068001104 37.56132579801322 65.98071931998896
66.34698404407578 86.47057275151948 57.65301595592421 81.52942724848052
85.14350749209343 70.86748298564322 82.85649250790657 61.132517014356786
80.09882237381015 18.000976681547233 79.90117762618985 27.999023318452767
22.78807507321643 76.85090073819704 25.21192492678357 67.14909926180296
72.15551748325704 93.76266853876099 81.84448251674296 96.23733146123901
13.29653150582817 13.303714609998371 22.70346849417183 16.69628539000163
66.88948864410442 59.858045498836304 59.11051135589558 66.1419545011637
89.16196241042208 29.229067143680016 80.83803758957792 34.77093285631998
44.44108134960626 79.62752796617642 37.55891865039374 72.37247203382358
11.54452627174473 60.9149865790787 2.45547372825527 65.0850134209213
7.746351011109789 23.993562074354834 8.25364898889021 14.006437925645164
22.42160092333866 85.49214261566581 29.57839907666134 78.50785738433419
4.143090899276733 55.187616936268384 13.856909100723268 52.812383063731616
26.389401099650488 20.264360840910854 31.610598900349512 11.735639159089146
59.24306585595708 19.539992710774502 68.75693414404293 16.460007289225498
74.03302002035042 16.892123223872762 71.96697997964958 7.107876776127239
96.98950177203393 25.587143195832656 93.01049822796607 16.412856804167344
70.33443274515716 42.23021881347875 75.66556725484284 33.76978118652125
61.06196410311544 34.78473019636021 70.93803589688456 33.21526980363979
2.7891143430160517 22.99555074438029 3.2108856569839483 13.004449255619711
18.832238642875645 75.86172123972642 21.167761357124355 66.13827876027358
48.63895540050574 34.29819244149422 55.36104459949426 41.70180755850578
57.16689379863065 71.2810481826556 66.83310620136935 68.7189518173444
45.14057122726604 19.17726462731423 54.85942877273396 16.82273537268577
73.65215141441013 89.71915201109931 70.34784858558987 80.28084798890069
34.66012178200102 76.2336452502452 29.33987821799898 67.7663547497548
31.186901090098964 4.147252740974819 24.813098909901036 11.85274725902518
89.22084533436136 60.8435232053506 94.77915466563864 69.1564767946494
28.212312568266732 53.330506060993024 31.787687431733268 62.669493939006976
56.87008777844641 60.16582068145367 49.12991222155359 53.83417931854633
47.705872808811165 59.55736784882565 52.294127191188835 68.44263215117435
96.00759924493207 78.99428927118255 89.99240075506793 71.00571072881745
23.856839324033235 49.00204991813076 24.143160675966765 58.99795008186924
50.697820701980376 5.711864671066198 41.302179298019624 2.2881353289338016
41.88797675381266 46.53203682769285 46.11202324618734 37.46796317230715
15.280455299285972 7.651029320745738 24.719544700714028 4.348970679254262
8.046461689062333 43.68004279429519 17.953538310937667 42.31995720570481
3.9085831275936997 36.00083577430792 4.091416872406301 45.99916422569208
91.60596487532608 45.38960087272494 96.39403512467392 36.61039912727506
23.957129911722788 96.65334756317232 14.04287008827721 95.34665243682768
22.50406521026192 25.22902744664662 25.49593478973808 34.77097255335338
76.62995563110854 44.11227362841797 67.37004436889146 47.88772637158203
49.56441312791351 47.958889322518054 40.43558687208649 52.041110677481946
70.52822743376922 25.879821632961082 61.471772566230776 30.120178367038918
67.78454077043652 52.54804627620897 58.21545922956347 55.45195372379103
50.04036445847218 24.365953238937326 59.95963554152782 25.634046761062674
44.790006401718564 85.56618039088065 35.209993598281436 88.43381960911935
47.70559662056252 28.43912131980526 56.29440337943748 33.56087868019474
10.034920178672271 35.589900303309136 19.965079821327727 34.410099696690864
18.94750162766202 46.27734680220616 9.052498372337979 47.72265319779384
66.5729284279901 91.02196082862153 57.42707157200989 86.97803917137847
92.95998238199958 2.368672216472472 83.04001761800042 3.631327783527528
