70.90135484364171 4.988291807468757 61.09864515635828 3.011708192531243
59.71652628624884 36.99195779765937 60.28347371375116 27.008042202340636
83.26604813767283 44.94583811540435 84.73395186232717 35.05416188459565
15.19372029926777 16.378287139288947 24.80627970073223 13.621712860711053
8.710697837053292 27.798557719521234 3.2893021629467087 36.201442280478766
40.61961699924913 70.96145893606321 39.38038300075087 61.03854106393679
93.33355445863914 71.2858766183225 96.66644554136086 80.7141233816775
49.05640394110627 71.95831195636461 54.94359605889373 80.04168804363539
7.199265303323949 19.602521423373258 16.800734696676052 22.397478576626742
95.37440885531315 85.03929080476497 96.62559114468685 94.96070919523503
83.9877691703947 29.349512092580838 74.0122308296053 28.650487907419162
61.13586251704155 70.80974042219754 52.86413748295845 65.19025957780246
71.0127235792113 78.01689024398011 78.9872764207887 71.98310975601989
89.07129073906358 29.999491737219273 88.92870926093642 20.000508262780727
67.907232147915 9.958682766335968 58.092767852085004 8.041317233664032
2.9468375003516263 12.000282633125035 3.0531624996483737 21.999717366874965
82.03598505104611 94.40120488765992 91.96401494895389 95.59879511234008
16.009516534159705 52.999990943549555 15.990483465840297 43.000009056450445
83.97933491969431 16.454118660168085 74.02066508030569 15.545881339831915
23.2290126328313 66.05979975308021 24.7709873671687 75.94020024691979
58.58687105200318 53.74150189964259 55.41312894799682 44.25849810035741
24.58870394619986 82.25911192166183 21.41129605380014 91.74088807833817
18.617111600026867 27.318143664762676 25.382888399973133 34.68185633523732
68.79958906780551 92.5985918580935 59.200410932194494 95.4014081419065
20.395909246103766 77.61142176958933 15.604090753896234 86.38857823041067
46.30650211413576 83.00940319660761 45.69349788586424 92.99059680339239
38.126678305895524 29.881637059908257 47.873321694104476 32.11836294009174
39.70421523564958 12.205617666797673 34.29578476435042 3.7943823332023268
7.673173746272208 80.22541620698375 2.326826253727792 71.77458379301625
69.01058248956555 41.674864787249824 78.98941751043445 42.325135212750176
12.06488021470561 77.08461217584717 19.93511978529439 70.91538782415283
71.80111444893146 52.00395711211601 72.19888555106854 61.99604288788399
96.98936392052207 60.67404345597506 87.01063607947793 61.32595654402494
80.54620770418812 36.081344639981694 71.45379229581188 31.918655360018306
94.05672378439463 55.5573991787757 89.94327621560537 46.4426008212243
75.68051926163771 90.75861861739216 66.31948073836229 87.24138138260784
72.80550319421444 69.38099205298032 63.194496805785555 66.61900794701968
35.9156441623231 47.00071164137836 36.0843558376769 56.99928835862164
67.51710233684773 72.85622144836628 58.48289766315227 77.14377855163372
86.77171737824422 75.1532153131078 89.22828262175578 84.8467846868922
68.72096118599929 16.305504010409216 65.27903881400071 25.694495989590784
10.647572173719125 94.24150463691225 5.352427826280875 85.75849536308775
82.08100651959629 88.10361663349556 91.91899348040371 89.89638336650444
2.814668251655311 7.735506928577953 11.185331748344689 2.264493071422047
82.70050409091554 7.295517295104966 73.29949590908446 10.704482704895034
94.60097211478123 33.72976065563879 89.39902788521877 42.27023934436121
35.24807023863838 95.68302702439944 38.75192976136162 86.31697297560056
33.23960329081812 86.15609829978014 30.760396709181883 95.84390170021986
10.582079932989275 66.28168929508601 5.417920067010725 57.718310704913996
28.869560644568796 83.81770664390477 37.13043935543121 78.18229335609523
33.64360284473581 62.18749683042274 36.35639715526419 71.81250316957727
23.118039745845778 7.919970335195158 32.88196025415422 10.080029664804842
77.33401902608175 47.20316346012417 86.66598097391825 50.79683653987583
60.38461019490934 14.195538052169306 57.61538980509066 23.804461947830696
95.33173313443808 12.819386564557746 92.66826686556192 3.180613435442255
85.40754009121886 69.3822084283126 80.59245990878114 60.61779157168741
33.45620779586229 31.267644610624902 24.543792204137713 26.732355389375098
20.124714925838216 37.82607975481363 11.875285074161784 32.17392024518637
25.916374689187055 95.08936290679497 16.083625310812945 96.91063709320503
65.36300099695671 54.55782426910866 56.63699900304328 59.44217573089134
31.33695371823222 38.195561202453334 40.663046281767784 41.804438797546666
71.07028672245725 24.835420254254544 80.92971327754275 23.164579745745456
50.09966569997387 58.12242525958843 47.90033430002613 67.87757474041157
11.921866680817592 51.1195294574731 2.078133319182408 52.8804705425269
46.621055178124045 10.447892022233443 39.378944821875955 3.552107977766556
76.59480442132435 51.634782903491406 85.40519557867565 56.365217096508594
30.726923643706037 49.80907081407989 25.273076356293963 58.19092918592011
69.20679728178123 36.297620191387225 60.793202718218765 41.702379808612775
42.40870616398071 47.01673206906109 41.59129383601929 56.98326793093891
95.73647503568905 48.99305062994407 96.26352496431095 39.00694937005593
32.09418424519322 75.8788073171187 29.90581575480678 66.1211926828813
49.603257458252614 14.048072549237114 40.396742541747386 17.951927450762888
43.85248233413739 36.11501189923537 50.14751766586261 43.88498810076463
16.01052764724313 2.6757074760731916 25.98947235275687 3.3242925239268084
18.606464461792736 58.8018807465152 21.393535538207264 49.1981192534848
3.0766845310941475 41.87233296030377 12.923315468905852 40.12766703969623
52.08112534578474 89.1052248621556 59.91887465421526 82.8947751378444
80.71344867930254 81.33164705545225 71.28655132069746 84.66835294454775
8.014795055919237 10.384358771869097 17.985204944080763 9.615641228130903
52.071406501566926 28.000509914847918 51.928593498433074 37.99949008515208
20.003336324549547 19.18262561275456 29.996663675450453 18.81737438724544
95.05363502544499 27.909622524689194 96.94636497455501 18.090377475310806
47.388136814038354 52.19655579968795 44.611863185961646 61.80344420031205
55.986021976931134 3.37361055333026 46.013978023068866 2.62638944666974
17.915176618526434 65.06223402609903 12.084823381473566 56.937765973900966
37.30726786183206 25.72576507074564 46.69273213816794 22.27423492925436
51.04524947468646 20.033540545619857 56.95475052531354 11.966459454380143
36.32342977437818 15.572622211338523 31.676570225621823 24.427377788661477
60.59749822511378 90.03454583618044 51.40250177488622 93.96545416381956
86.68452012625318 2.17615167094082 89.31547987374682 11.82384832905918
