50.80768816206071 9.240603471655053 43.19231183793929 2.759396528344947
65.10347762486249 11.876713763532553 62.89652237513751 2.1232862364674467
76.31784801778679 59.21972282790111 81.68215198221321 50.78027717209889
5.3641198389691676 5.873129769279411 14.635880161030833 2.1268702307205887
8.44076352226369 87.24933882427968 11.55923647773631 96.75066117572032
39.9061507745175 94.03579847661324 30.0938492254825 95.96420152338676
90.68824130566591 78.62407404240263 83.31175869433409 85.37592595759737
43.98631508261344 71.010300359837 50.01368491738656 78.989699640163
14.826210454380828 19.497263164323638 19.173789545619172 28.502736835676362
95.98237350990973 89.4194689592207 86.01762649009027 88.5805310407793
87.09534060099183 22.86848136857604 78.90465939900817 17.13151863142396
53.96473063719782 95.40716806760318 44.03526936280218 96.59283193239682
54.72854131414699 73.00737442001957 55.27145868585301 82.99262557998043
93.4847643448463 32.414415325098574 86.5152356551537 39.585584674901426
81.99678700278433 8.179219554752233 72.00321299721567 7.820780445247768
28.553750225772376 46.06479027537375 19.446249774227624 41.93520972462625
83.50138027583394 91.81770291267571 92.49861972416606 96.18229708732429
46.352719134963344 23.709349592859997 39.647280865036656 16.290650407140003
95.9355277936957 7.800353295524699 86.0644722063043 6.199646704475301
29.539838562267533 34.259858391440545 38.46016143773247 29.740141608559455
61.68618874155559 42.782845740936196 56.31381125844441 51.217154259063804
4.8714141548132845 70.0016537054324 5.1285858451867155 79.9983462945676
42.9045881514625 56.08250874162102 41.0954118485375 65.91749125837897
14.815972933317438 87.13162152657084 9.184027066682562 78.86837847342916
28.946768591840613 86.27234589344988 19.053231408159387 87.72765410655012
37.914582833296066 81.38108534670232 34.085417166703934 90.61891465329768
27.003279087617095 39.18105282034633 36.996720912382905 38.81894717965367
35.54511100537986 15.029803425234192 34.45488899462014 24.970196574765808
10.374063310746845 73.25493319618936 15.625936689253155 64.74506680381064
95.8491910107893 61.99772514738188 96.1508089892107 52.00227485261812
2.3120633869095926 96.95244820430963 3.6879366130904074 87.04755179569037
73.76672485118368 65.15448326725497 76.23327514881632 74.84551673274503
70.99429274231765 77.76116950774 61.00570725768234 78.23883049226
72.17564715191996 54.1401796561825 69.82435284808004 63.8598203438175
81.89309564979455 78.91959146274547 80.10690435020545 69.08040853725453
69.91479257510508 96.91913760868105 60.08520742489492 95.08086239131895
88.83209758313137 52.7882982527391 81.16790241686863 59.2117017472609
36.9156441623231 58.00071164137836 37.0843558376769 67.99928835862164
69.92981447546329 83.83482287792842 60.07018552453672 82.16517712207158
86.05838403897167 76.88669860192441 83.94161596102833 67.11330139807559
74.40213106426069 15.035873416634306 75.59786893573931 24.964126583365694
21.20205732361825 76.14385289069023 26.79794267638175 67.85614710930977
72.97178655036593 91.03799115393164 81.02821344963407 96.96200884606836
16.18966203141428 15.635944052473427 25.81033796858572 18.364055947526573
66.77746664196012 58.72421829651631 59.222533358039875 65.27578170348369
95.38762759811607 26.60235030493398 86.61237240188393 31.39764969506602
44.61167999311077 80.26369881834833 39.38832000688923 71.73630118165167
11.43255161097854 57.36439971421931 4.567448389021459 64.63560028578068
10.920778330368133 31.999372353312037 11.079221669631867 22.000627646687963
23.545654807071145 81.61489962351506 30.454345192928855 74.38510037648494
4.029809443463918 52.45483412458266 13.970190556536082 53.54516587541734
29.750250304293864 20.841293804148062 32.249749695706136 11.158706195851938
54.00713536291033 19.732974316404768 63.99286463708967 20.267025683595232
70.53872715129968 24.757343665729138 67.46127284870032 15.242656334270862
95.06925544871737 22.551722958172373 90.93074455128263 13.448277041827627
71.70549828422988 41.76115121269907 78.29450171577012 34.23884878730093
59.061153815894066 37.220385755811094 68.93884618410594 38.779614244188906
3.503356424103588 19.7707502561681 6.496643575896412 10.2292497438319
15.166982395193296 78.65188633357144 18.833017604806706 69.34811366642856
45.86812085093561 39.47726948693773 50.13187914906439 48.52273051306227
58.12513005951604 70.11159482877795 67.87486994048396 67.88840517122205
50.070286722457254 13.835420254254544 59.929713277542746 12.164579745745456
80.61452786905231 88.4547341842527 73.38547213094769 81.5452658157473
36.281012719192574 75.4493798416051 31.71898728080743 66.5506201583949
30.69208517101663 6.628278319617836 23.30791482898337 13.371721680382164
89.937674051053 62.047512203383064 96.062325948947 69.95248779661694
27.13109093564146 50.36241669517857 30.86890906435854 59.63758330482143
56.26155345689712 61.78975844188023 49.73844654310288 54.21024155811977
47.96927077862517 60.0232324198283 54.03072922137483 67.97676758017171
96.72164534966113 80.19435890103219 91.27835465033887 71.80564109896781
23.118608017553285 54.00140698414323 22.881391982446715 63.99859301585677
46.239245370107156 12.65118816609177 37.760754629892844 7.348811833908229
37.80920347647724 46.49448668843513 42.19079652352276 37.50551331156487
10.682197874311449 10.521226844891078 19.31780212568855 5.478773155108922
2.0590845201808765 43.7663903843889 11.940915479819123 42.2336096156111
6.949965492428484 25.091072870453758 5.050034507571516 34.90892712954624
90.8389797764597 45.50887919481658 95.1610202235403 36.49112080518342
25.817959057811407 95.33688837127602 16.182040942188593 92.66311162872398
22.54481400415064 21.644306975258104 27.45518599584936 30.355693024741896
84.52481447304648 44.87254753648663 75.47518552695352 49.12745246351337
45.90657751408375 51.03797240253319 36.09342248591625 52.96202759746681
83.8495802460551 27.782801808630925 74.1504197539449 30.217198191369075
69.85397311015042 50.800439644729536 60.14602688984957 53.199560355270464
60.03429703583391 30.584631569171638 69.9657029641661 29.415368430828362
48.92904107468786 88.16062279990462 39.07095892531214 89.83937720009538
45.79758603212534 32.290808821324724 54.20241396787466 37.709191178675276
14.058531994837598 35.76281973883501 23.941468005162402 34.23718026116499
14.994490818541292 48.234651792038186 5.005509181458708 47.765348207961814
67.64070813881924 90.86113620412289 58.359291861180765 87.13886379587711
96.92783712170784 3.8464167424609643 87.07216287829216 2.1535832575390357
