44.92147180491654 18.61605308709841 41.07852819508346 9.383946912901589
54.77144603343756 15.67567951752666 51.22855396656244 6.3243204824733406
87.83341634221122 15.763979128475365 96.16658365778878 10.236020871524635
7.54518426657068 27.75525031752719 4.45481573342932 18.24474968247281
12.232332791404605 90.33779055241679 3.7676672085953946 95.66220944758321
46.29115731109053 88.56631426981855 37.70884268890947 83.43368573018145
90.92903286230349 83.44905557992837 95.07096713769651 92.55094442007163
51.2844740656553 86.30351506245461 54.7155259343447 95.69648493754539
25.641127248086317 15.188195261224067 28.358872751913683 24.811804738775933
71.86814183022798 92.85930060016474 62.131858169772016 95.14069939983526
78.89058586194798 23.040273967238686 69.10941413805202 20.959726032761314
49.9211228031166 96.88461876344887 40.0788771968834 95.11538123655113
64.10421194020367 72.46433112863116 59.89578805979633 81.53566887136884
89.99637117654878 46.190460143212775 80.00362882345122 45.809539856787225
83.72605244855438 6.63230764671159 74.27394755144562 3.3676923532884095
41.904608869938485 53.37696365442022 38.095391130061515 62.62303634557978
80.19663225689898 94.38840135570972 89.80336774310102 91.61159864429028
39.43297155176427 40.290730118050824 44.56702844823573 31.709269881949176
80.18329598430316 13.738619124250956 71.81670401569684 8.261380875749044
40.02621976471207 44.51138065182317 49.97378023528793 43.48861934817683
61.43361956477959 51.03218224945806 62.56638043522041 60.96781775054194
4.008363802296037 71.4137831215701 7.991636197703963 80.5862168784299
30.853857178366972 73.81444120306196 23.146142821633028 80.18555879693804
9.54667770810951 49.97002449525716 8.45332229189049 40.02997550474284
19.52776126990879 76.31397994459283 14.47223873009121 67.68602005540717
42.68723901264821 70.62297935102478 35.31276098735179 77.37702064897522
35.64467442713492 45.01264160729669 36.35532557286508 54.98735839270331
33.643549715654416 20.187511805095127 36.356450284345584 29.812488194904873
11.066784186727446 71.88487169728626 8.933215813272554 62.11512830271375
95.88726466126116 83.08211988748891 90.11273533873884 74.91788011251109
17.199048590868152 46.490454909583306 12.80095140913185 37.509545090416694
81.00124700217496 71.11166228877835 90.99875299782504 70.88833771122165
68.88593022380078 67.06192553794982 59.114069776199216 64.93807446205018
56.693798960820764 68.78770286438848 51.306201039179236 77.21229713561152
96.11250650164725 59.99873406845044 95.88749349835275 50.00126593154956
27.312249568299528 91.46928791430149 18.687750431700472 96.53071208569851
71.21088527651986 49.33105274111748 74.78911472348014 58.66894725888252
52.50251678646475 57.67132702396426 47.49748321353525 66.32867297603573
73.38511077588554 71.32018682064107 66.61488922411446 78.67981317935893
95.15072707654853 41.92734568520336 96.84927292345147 32.07265431479664
91.5860710269555 18.62130762520404 96.4139289730445 27.37869237479596
23.543884449497973 63.26782587527659 32.45611555050203 58.73217412472341
71.06611165929318 88.18960143050636 80.93388834070682 89.81039856949364
6.16034913613732 5.797332167764104 13.83965086386268 12.202667832235896
59.09323832229773 2.0008694140625707 58.90676167770227 11.99913058593743
79.88438431355243 18.06901350670741 70.11561568644757 15.930986493292588
57.462947426169514 58.64869100431549 52.537052573830486 67.3513089956845
2.905409265952254 79.12128386509967 5.094590734047745 88.87871613490033
62.63544203045875 40.7249687157704 59.36455796954125 31.275031284229602
2.020178589184594 40.096944829709976 3.979821410815406 49.903055170290024
27.22932705719912 32.32402765944527 30.77067294280088 41.67597234055473
18.034585714520095 12.045568837592068 25.965414285479905 5.954431162407933
62.870029190973675 12.87064328099979 65.12997080902632 3.12935671900021
57.868733475513956 25.870342498282568 60.131266524486044 16.129657501717432
51.162727713076954 23.862927540612016 48.837272286923046 14.137072459387984
82.07927034600014 60.11319693716903 91.92072965399986 61.88680306283097
71.80581680791872 28.507165691950348 76.19418319208128 37.49283430804965
11.311804685801782 15.531469998142937 2.688195314198219 10.468530001857063
13.461834533606591 62.30786676502511 18.53816546639341 53.69213323497489
74.43519375285709 42.25117052223366 77.56480624714291 51.74882947776634
59.2680284063445 87.61506805950629 68.7319715936555 84.38493194049371
30.570025921326664 6.208844175533179 33.42997407867334 15.79115582446682
85.41620377587901 86.96580124136096 86.58379622412099 77.03419875863904
17.358317695296652 86.4088930184402 12.641682304703348 77.5911069815598
19.999876162530253 2.964809669484913 10.000123837469747 3.035190330515087
95.23783348307275 65.05843120047136 96.76216651692725 74.94156879952864
29.382460939164403 47.19491917324124 26.617539060835597 56.80508082675876
86.9196753617321 66.89263337108028 77.0803246382679 65.10736662891972
46.01929878451689 74.09712073104487 47.98070121548311 83.90287926895513
81.63661112932898 78.1286803492234 72.36338887067102 81.8713196507766
24.72689918016834 37.05312041971198 23.27310081983166 46.94687958028802
43.99927088663126 3.914614977419323 34.00072911336874 4.0853850225806765
26.46529945526475 71.53636707074483 33.53470054473525 64.46363292925517
4.328449439190388 64.95469674594483 5.671550560809612 55.04530325405517
18.928710603057116 26.00050824364281 19.071289396942884 35.999491756357195
20.534168053728642 17.219692823124195 23.465831946271358 26.780307176875805
81.2040703288131 34.745630947264445 88.7959296711869 41.254369052735555
26.627369354677388 84.55875145263418 19.372630645322612 91.44124854736582
49.83308855632358 29.069892145467538 48.16691144367642 38.930107854532466
88.596305098561 52.03175727082707 79.403694901439 55.96824272917293
64.05449763697364 28.95970102227495 69.94550236302636 37.04029897772505
91.93965937660954 31.77444511947161 82.06034062339046 30.22555488052839
54.949888716517464 49.70611733734069 45.050111283482536 48.29388266265931
58.01691866039039 45.4109748931924 67.98308133960961 44.5890251068076
31.921112321180388 85.10817094150198 40.07888767881961 90.89182905849802
38.97762056012771 18.016882813494277 45.02237943987229 25.983117186505723
31.39069229294864 28.26606625479136 34.60930770705136 37.73393374520864
11.986926661557371 32.896292721124496 14.013073338442629 23.103707278875504
67.11913237215015 52.07820437013012 68.88086762784985 61.92179562986988
96.08301406364642 3.1139999729616026 87.91698593635358 8.886000027038397
