65.91785641386137 3.9026008490149984 56.08214358613863 2.0973991509850016
68.52227155043724 11.132852555641396 59.47772844956277 6.867147444358604
87.03272651152736 10.571134039185896 96.96727348847264 9.428865960814104
22.987827533134702 45.34867821799391 13.012172466865298 44.65132178200609
12.608320671258804 93.9399434504255 3.391679328741196 90.0600565495745
48.84896465665485 72.7803517890342 39.15103534334515 75.2196482109658
85.25704152218577 84.6848436185666 92.74295847781423 91.3151563814334
29.16606849123376 64.79048770276707 36.83393150876624 71.20951229723293
31.72101707898498 20.646814421825397 22.27898292101502 17.353185578174603
64.56104464692126 91.95137320900295 55.43895535307873 96.04862679099705
54.66816423209392 14.208843194413456 45.33183576790608 17.791156805586542
55.98239579350599 90.5807958053003 46.01760420649401 91.4192041946997
74.33870675845505 87.5806730492125 69.66129324154495 96.4193269507875
90.9111587170111 58.061639698023306 81.0888412829889 59.938360301976694
82.26574145478071 12.457175749293292 77.73425854521929 3.542824250706709
37.55132036411011 52.37969493426336 44.44867963588989 59.62030506573664
80.05990664287842 95.22832803412128 89.94009335712158 96.77167196587872
35.0600785280445 2.2272284613723277 44.9399214719555 3.7727715386276723
95.72156614518119 20.64523953778133 86.27843385481881 17.35476046221867
58.305421414137264 52.27926413963123 67.69457858586273 55.72073586036877
50.00280096744705 60.10044960333344 51.99719903255295 69.89955039666657
2.498664396289846 75.2307242263597 5.501335603710154 84.7692757736403
27.499763779815463 84.4290542589544 20.500236220184537 91.5709457410456
20.561276203937922 33.788535667471294 23.438723796062078 24.21146433252871
25.032115502147043 74.99989685838837 24.967884497852957 65.00010314161163
28.43463226083406 49.49455382518648 35.56536773916594 56.50544617481352
37.954026298072684 36.11062999816168 40.045973701927316 45.88937000183832
39.559766809650725 14.211918092031386 42.440233190349275 23.788081907968614
21.817812593917097 81.65784900714873 18.182187406082903 72.34215099285127
94.81558210146629 87.13188787721819 89.18441789853371 78.86811212278181
5.79931161414938 37.66502708622224 2.2006883858506203 28.33497291377776
89.11216056457837 70.91828670835105 94.88783943542163 79.08171329164895
82.77696860791646 91.15793763188513 77.22303139208354 82.84206236811487
43.01412627501609 67.98107199648473 34.98587372498391 62.01892800351527
93.55739917877574 50.943276215605444 84.44260082122426 55.056723784394556
56.02409516867532 79.03239859929877 47.97590483132468 84.96760140070123
70.78829825273911 71.16790241686863 77.21170174726089 78.83209758313137
31.412116993222828 86.34521442153442 24.587883006777172 93.65478557846558
60.8359434338513 46.232215161195896 69.1640565661487 51.767784838804104
89.84678468689225 41.771717378244404 80.15321531310775 44.228282621755596
92.948272529762 29.96172201424285 87.051727470238 38.03827798575715
48.524991856827334 36.59504080712357 55.475008143172666 29.404959192876436
77.92070588453299 69.10874430056485 86.07929411546701 74.89125569943515
3.1896620314142803 18.635944052473427 12.81033796858572 21.364055947526573
66.7880754391037 22.062496875719315 65.2119245608963 31.937503124280685
79.26418083982261 38.32319954297835 86.73581916017739 31.67680045702165
58.91873260844361 25.11831373110102 61.08126739155639 34.88168626889898
7.757655033284393 77.53100804987912 12.242344966715606 86.46899195012088
89.98026618785175 47.55621097564212 80.01973381214825 48.44378902435788
12.538054975660387 26.021385052598678 13.461945024339613 35.978614947401326
25.672667705883534 33.57467239712554 30.327332294116466 42.42532760287446
22.38145271137978 10.915468857167564 31.61854728862022 7.084531142832436
75.51731795419485 47.973166208188466 74.48268204580515 38.026833791811534
69.29751660405162 32.95040574886714 70.70248339594838 23.04959425113286
77.04013544414599 13.969581398743104 70.95986455585401 6.030418601256896
49.39014130198541 21.936285821964102 58.60985869801459 18.063714178035898
82.23886749442116 27.348207707089472 73.76113250557884 32.65179229291053
21.038077610602205 61.02884343900198 14.961922389397797 68.97115656099803
13.781353853619997 60.99521709865279 14.218646146380003 51.00478290134721
64.78951301533574 36.515164742085844 69.21048698466426 45.484835257914156
60.39221670400651 80.94121948711714 69.6077832959935 77.05878051288286
54.08053972637423 7.895514348000722 61.91946027362577 14.104485651999278
57.479396845824326 75.13638646374127 66.52060315417567 70.86361353625873
17.72176739642299 84.69420036136239 14.27823260357701 75.30579963863761
11.976164708936858 3.4876318175953536 2.0238352910631416 2.5123681824046464
96.10750692189764 56.00115590743779 95.89249307810236 65.99884409256221
7.13613886892167 43.07519097363034 8.86386113107833 52.92480902636966
64.68993028032413 66.73336492571495 55.310069719675866 63.26663507428505
58.18627354914073 85.64795057179931 67.81372645085928 88.35204942820069
91.92435928434226 62.133578832950064 82.07564071565774 63.866421167049936
51.36888668744041 3.305327824124744 44.63111331255959 10.694672175875256
37.2868030769323 8.426418958026822 28.7131969230677 13.573581041973178
28.0964360169581 60.866916803635654 19.9035639830419 55.133083196364346
2.1767818895100435 68.31778870030126 11.823218110489957 65.68221129969874
14.92123966967441 14.883968389493035 5.078760330325591 13.116031610506965
2.000835774307925 9.091416872406308 11.999164225692075 8.908583127593692
80.4403303320902 17.488767758270196 87.5596696679098 24.511232241729804
38.35213435427632 91.53851131176116 29.647865645723677 96.46148868823884
44.877073446285046 44.001511322170295 45.122926553714954 53.998488677829705
58.99949008515208 41.07140650156686 49.00050991484792 40.92859349843314
76.20770331580725 59.16455485793902 69.79229668419275 66.83544514206098
72.5645399773792 14.959173012010293 63.4354600226208 19.040826987989707
33.13854856934999 35.89223751559834 26.861451430650007 28.10776248440166
39.08717507538417 31.92959736449359 48.91282492461583 30.07040263550641
35.92111232118039 82.10817094150198 44.07888767881961 87.89182905849802
16.174714787843552 6.3101994586109065 25.825285212156448 3.6898005413890935
35.932323395999305 16.000458033252354 36.067676604000695 25.999541966747646
4.201539685810241 61.99593652432089 3.7984603141897595 52.00406347567911
50.11508259198889 45.36890009123354 53.88491740801111 54.63109990876646
96.8353151338418 5.272685175697623 87.1646848661582 2.7273148243023773
