92.34459408660923 17.815814234608254 89.65540591339077 8.184185765391746
83.73029339540366 33.67059897515968 76.26970660459634 40.32940102484032
48.79263305767173 4.5749847809542015 39.20736694232827 7.4250152190457985
34.60248347198475 22.04624825269247 25.397516528015252 25.95375174730753
5.777933617220437 83.32678354313033 2.2220663827795626 92.67321645686967
17.05994997749924 69.22805066539945 26.94005002250076 70.77194933460055
66.76940977576035 87.4990901456511 57.230590224239656 90.5009098543489
50.570902927884745 54.62970396720759 55.429097072115255 63.37029603279241
8.237667563626223 35.058456794031606 9.762332436373777 44.941543205968394
43.852115217092226 68.07314505421563 42.147884782907774 77.92685494578437
61.329761217823986 43.50063347906632 52.670238782176014 38.49936652093368
54.17689179521909 70.50123784218384 49.82310820478091 61.49876215781617
87.67140261491895 95.7826939191371 78.32859738508105 92.2173060808629
78.41113099260926 51.277587785489814 83.58886900739074 42.722412214510186
96.82840404782044 27.298658673782757 87.17159595217956 24.701341326217243
31.879974008286908 51.09289905287376 38.12002599171309 58.90710094712624
45.050150179532515 95.70638994529793 54.949849820467485 94.29361005470207
41.1759018322937 56.22122231516939 48.8240981677063 49.77877768483061
72.89453311205624 7.9784591956338415 63.10546688794376 10.021540804366158
14.018109831130342 16.01364664797081 7.981890168869658 23.98635335202919
62.916341354967855 49.91081704059206 53.083658645032145 48.08918295940794
11.610531755782688 56.26440194541394 6.389468244217312 47.73559805458606
25.757858051681556 65.80637827691282 32.24214194831845 58.19362172308717
60.10118777464427 76.1227686660387 57.89881222535573 85.8772313339613
36.077500153382196 81.91416259732928 37.922499846617804 72.08583740267072
63.20625984309503 59.578713502464495 72.79374015690497 62.421286497535505
52.22215193820996 9.724658182413746 59.77784806179004 16.275341817586256
27.35566278268746 29.852061503267535 36.64433721731254 26.147938496732465
13.2023282695095 94.99590464994652 12.7976717304905 85.00409535005348
44.93076874014908 24.08739686598222 43.06923125985092 33.91260313401778
63.24719747736289 39.55269706665991 72.75280252263711 36.44730293334009
84.68234675754383 49.17674488206929 87.31765324245617 58.82325511793071
92.71851347733944 57.0518954757522 91.28148652266056 66.94810452424781
84.24351262883161 21.84289957999712 81.75648737116839 12.15710042000288
91.91959146274549 71.10690435020554 82.08040853725451 72.89309564979446
96.22618570140354 65.00511861717612 95.77381429859646 74.99488138282388
49.785054828622684 71.06201570313794 48.214945171377316 80.93798429686206
34.00314814889622 62.822597694150446 43.99685185110378 63.177402305849554
16.83482287792826 52.07018552453669 15.16517712207174 61.92981447546331
70.54058409699235 78.61004731409683 77.45941590300765 71.38995268590317
23.27156016853987 9.781123386458496 16.72843983146013 2.218876613541504
5.624107404975799 54.193034266092845 8.375892595024201 63.806965733907155
32.98209511645835 69.09739975296489 31.017904883541643 78.90260024703511
25.646731361555293 35.57927633728635 18.353268638444707 42.42072366271365
77.14184245785889 32.80091789495471 68.85815754214111 27.199082105045296
82.44322347601255 83.5141628815995 89.55677652398745 76.4858371184005
92.1666069750401 90.651738386456 95.8333930249599 81.348261613544
21.056329179667394 63.99968269228338 20.943670820332606 54.00031730771662
32.87003508497098 92.86741081095053 23.129964915029024 95.13258918904947
55.00829624145328 5.287912463972273 64.99170375854672 4.712087536027727
25.22819269119005 78.66877997709948 16.77180730880995 73.33122002290052
18.687886767960975 12.376313253638994 11.312113232039023 5.623686746361005
33.063244365680546 7.917475859680248 40.936755634319454 14.082524140319752
35.29618130013122 42.29925518263569 38.70381869986878 51.70074481736431
56.66826686556204 26.18061343544222 59.33173313443796 35.81938656455778
91.04584078542467 41.03397364083353 96.95415921457533 32.96602635916647
65.65492921301058 54.41595323843095 70.34507078698942 45.58404676156905
2.174211457649263 79.65472837001481 5.825788542350737 70.34527162998519
40.251367788937074 95.84087581505771 37.748632211062926 86.15912418494229
91.09426707488834 30.45973068871034 86.90573292511166 39.540269311289656
67.99945589652924 71.92623863708536 58.00054410347076 72.07376136291464
77.48662651455213 20.23453038058752 80.51337348544787 29.76546961941248
81.70714819029692 2.5567094874697514 86.29285180970308 11.443290512530249
80.63905450888883 78.7531904564587 75.36094549111117 87.2468095435413
3.3136691216168694 32.009848531142154 2.6863308783831306 41.990151468857846
86.11555458031962 88.08411246427971 91.88444541968038 79.91588753572029
23.565916734601906 83.03774492336069 14.434083265398092 78.96225507663931
75.02124736385205 66.53954132861911 84.97875263614795 67.46045867138089
41.00406784069901 44.20164786054432 50.99593215930099 43.79835213945568
96.28168942292787 43.22766457861401 89.71831057707213 50.77233542138599
74.82380538283586 55.250563963360996 83.17619461716414 60.749436036639004
39.890347348540544 19.041394646914654 30.10965265145946 16.958605353085346
27.791533963570693 45.85176358026613 30.208466036429307 36.14823641973387
2.329619897334021 3.7728177106628538 7.670380102665979 12.227182289337147
7.793797556869171 78.48694448148443 12.20620244313083 69.51305551851557
13.399101006763289 48.957480128643304 22.60089899323671 45.042519871356696
42.78809142269725 83.30559354654063 51.21190857730275 88.69440645345937
71.76880205180709 90.4971603576294 62.23119794819292 93.5028396423706
17.008846341274207 21.297296409309208 26.991153658725793 20.702703590690792
42.248622354073746 38.63613506718926 33.751377645926254 33.36386493281074
55.89242254435074 19.031601496474625 46.10757745564926 16.968398503525375
48.22555488052848 33.93965937660956 49.77444511947152 24.06034062339044
13.491038455505446 34.32494068956414 18.508961544494554 25.675059310435863
67.06551364728611 14.193250698865862 76.93448635271389 15.806749301134138
56.566180390880476 53.209993598281486 59.433819609119524 62.790006401718514
3.7549785994957485 24.993992842735654 4.2450214005042515 15.006007157264346
87.03969446915515 2.37121622105051 96.96030553084485 3.62878377894949
29.098371133071392 3.1221335756259716 26.901628866928608 12.877866424374028
33.9938024283582 88.24887206858892 24.0061975716418 87.75112793141108
73.29720364933621 24.556176988420713 64.70279635066379 19.443823011579287
