93.84125541599423 27.863878184025303 96.15874458400577 18.136121815974697
59.70486412164729 43.20520036186449 54.29513587835271 34.79479963813551
62.918175405098324 23.61742386134042 59.081824594901676 14.382576138659578
17.012172466865287 39.65132178200627 26.987827533134713 40.34867821799373
3.9394272890011988 60.08904526912741 2.0605727109988012 69.91095473087259
20.929854123638666 91.94641664017644 27.070145876361334 84.05358335982356
96.58912714913843 74.25925376086515 93.41087285086157 83.74074623913485
67.19020496517389 71.27196364580087 58.80979503482611 76.72803635419913
7.817617771213798 29.259985603626625 16.182382228786203 34.740014396373375
85.89637121795606 70.00107400779606 86.10362878204394 79.99892599220394
87.28921190758174 28.69821286265745 90.71078809241826 19.30178713734255
80.80169653757451 61.39417013346469 71.19830346242549 58.60582986653531
81.00979282726715 77.99999041004422 80.99020717273285 68.00000958995578
66.72237016430498 19.99228621718867 67.27762983569502 10.00771378281133
82.92321607397267 12.872893744379656 73.07678392602733 11.127106255620344
3.3379214928500085 46.044028647139896 4.6620785071499915 55.955971352860104
67.07412657580936 95.14222904639274 76.92587342419064 96.85777095360726
19.1539919919295 58.87973382010217 12.846008008070497 51.12026617989783
61.99756285521855 6.843905451280886 52.00243714478145 7.156094548719114
15.662769691634487 71.27670926881521 22.337230308365513 78.72329073118479
58.753038627163676 65.80226798678221 65.24696137283632 58.19773201321779
34.99585406979282 77.41561710455034 31.004145930207184 86.58438289544966
24.03693202913268 48.00013639933806 23.96306797086732 57.99986360066194
81.89570688461262 92.01590063488345 72.10429311538738 89.98409936511655
51.96654228055669 89.57745802916125 42.03345771944331 88.42254197083875
63.86214400378904 82.83400013446904 54.13785599621096 85.16599986553096
15.521992639512778 26.40786069306928 22.478007360487222 33.59213930693072
38.263206851008896 42.78833486475636 31.7367931489911 35.21166513524364
12.9813689440737 79.90274565887398 11.0186310559263 70.09725434112602
31.000056173922225 19.02370097185194 40.999943826077775 18.97629902814806
39.27501965248913 50.635408424717205 48.72498034751087 47.364591575282795
56.91828670835103 56.8878394354216 65.08171329164897 51.1121605645784
95.0825951208239 59.88659264175341 86.9174048791761 54.11340735824659
82.81669417790522 41.932850151765784 81.18330582209478 32.067149848234216
81.61419286739184 48.45508464690722 74.38580713260816 41.54491535309278
59.91807600332787 69.89376748582043 52.08192399667213 76.10623251417957
37.54786043281522 85.24562011609031 34.45213956718478 94.75437988390969
30.206445654304453 63.85318747498208 35.79355434569555 72.14681252501792
48.11511785422691 82.84003609938728 39.88488214577309 77.15996390061272
75.5586673479955 71.7042787098903 70.4413326520045 80.2957212901097
70.0358734166343 3.597868935739312 79.9641265833657 2.402131064260688
19.717320567660487 82.65612084589644 12.282679432339513 89.34387915410356
84.37469357024398 85.74467790292184 89.62530642975602 94.25532209707816
2.927430211430545 38.99947333484108 3.072569788569455 29.000526665158922
83.09232887769087 21.872776419566502 74.90767112230913 16.127223580433498
87.13501646004258 47.84590504899147 96.86498353995742 50.15409495100853
67.10056661430207 64.00222622849243 76.89943338569793 65.99777377150757
43.73913821523274 61.312207527170486 40.26086178476726 70.68779247282951
29.779166496242286 93.53045326675357 20.220833503757714 96.46954673324643
45.021385052598674 69.46194502433961 54.978614947401326 68.53805497566039
10.945643094471215 24.558466595765093 15.054356905528785 15.441533404234907
14.20527101661427 9.58205290088775 23.79472898338573 12.41794709911225
25.01949594310868 2.5588885182982772 34.98050405689132 3.4411114817017228
61.700744817364296 47.296181300131174 52.299255182635704 50.703818699868826
95.74014825677995 13.590909960917337 86.25985174322005 10.409090039082663
79.9939956125708 55.00449625694753 74.0060043874292 46.99550374305247
26.01114306752327 29.991618396954618 19.98885693247673 22.008381603045382
23.315143035948246 73.43171667901959 18.684856964051754 64.56828332098041
15.683168396996667 95.75155181635363 6.316831603003333 92.24844818364637
96.92759959059462 64.84779848712516 87.07240040940538 63.15220151287484
31.634797593406667 42.18998727766425 34.36520240659333 51.81001272233575
83.29024934888602 6.678764070479065 92.70975065111398 3.321235929520935
47.35343118453633 17.18666186220783 44.64656881546367 26.81333813779217
54.05170485365934 29.88814043382444 51.94829514634066 20.11185956617556
37.990151468857846 11.313669121616803 28.00984853114215 10.686330878383197
89.937674051053 87.04751220338306 96.062325948947 94.95248779661694
55.142699507352525 63.799650119529424 46.857300492647475 58.200349880470576
48.06917809469003 34.38785009242163 51.93082190530997 43.61214990757837
62.63420548613 39.30251067744576 69.36579451387 46.69748932255424
88.34693911267169 42.98794880207271 87.65306088732831 33.01205119792729
26.92979463414295 79.88412330668369 29.07020536585705 70.11587669331631
48.99927088663126 2.914614977419323 39.00072911336874 3.085385022580677
57.044798288516226 21.092089070655575 58.955201711483774 30.907910929344425
7.293198478157983 2.3129850522340725 16.706801521842017 5.6870149477659275
5.695080753393658 84.70390276679635 2.3049192466063424 75.29609723320365
12.523720128370096 42.40618889560111 19.476279871629906 49.59381110439889
49.02212849561327 96.46988858872567 58.97787150438673 95.53011141127433
67.9952095279509 90.21881903909059 58.004790472049095 89.78118096090941
2.5128477446390636 15.976211679590886 3.4871522553609364 6.023788320409113
63.03175727082711 28.40369490143898 66.9682427291729 37.59630509856102
7.946059831863175 9.090318666701979 6.053940168136825 18.90968133329802
95.9608539532701 41.59946211789433 92.0391460467299 32.40053788210567
28.71950543646121 54.41593995976973 37.28049456353879 59.58406004023027
71.10725490930514 38.91965508984524 72.89274509069486 29.080344910154757
11.096192940819476 64.87835638678618 8.903807059180524 55.12164361321382
30.020507964205194 30.452392601018275 39.979492035794806 29.547607398981725
43.405164591258114 9.028328737701997 52.594835408741886 12.971671262298003
29.021458005231814 26.4627305980045 38.978541994768186 25.5372694019955
77.97125260263824 84.46460522904826 68.02874739736176 85.53539477095174
77.06511238387353 27.000423980229293 76.93488761612647 36.99957601977071
