95.35601685216409 24.95835514110308 96.64398314783591 15.04164485889692
65.3294010248404 46.730293395403606 58.67059897515961 39.269706604596394
64.54212905114403 28.305528990417965 59.45787094885597 19.694471009582035
20.19372029926777 46.37828713928895 29.80627970073223 43.62171286071105
3.072376937978804 50.000523869559046 2.927623062021196 59.999476130440954
23.47179132069864 80.54284398687022 30.52820867930136 73.45715601312978
95.4819620583879 76.02328295215867 94.5180379416121 85.97671704784133
73.3702960327924 64.57090292788472 64.6297039672076 69.42909707211528
7.308442829399411 37.271043287127696 16.69155717060059 40.728956712872304
86.63488966561057 74.0133483735354 87.36511033438943 83.9866516264646
89.87453197934614 23.87168571795077 92.12546802065386 14.128314282049232
77.8474273097569 55.22574405020911 68.1525726902431 52.77425594979089
77.8352897129135 85.99728631572455 78.1647102870865 76.00271368427545
69.93836030197679 31.911158717011094 68.06163969802321 22.088841282988906
89.95068053611486 8.700544237956073 80.04931946388514 7.2994557620439275
2.2400395409714777 37.31998513008173 5.759960459028522 46.68001486991827
55.12576957723503 93.88560429568648 64.87423042276497 96.11439570431352
19.875672475600098 63.09029434308535 14.124327524399902 54.90970565691465
68.91161599626614 13.064036162438637 59.088384003733864 14.935963837561363
13.585860863843404 73.62142349258608 18.414139136156596 82.37857650741392
59.0261808688643 69.01950242882018 64.9738191311357 60.980497571179825
27.999093070633688 84.10083547569468 26.000906929366312 93.89916452430532
25.64598683751591 49.04190550657249 24.35401316248409 58.95809449342751
80.99960193967213 96.06309076657237 71.00039806032787 95.93690923342763
48.99573024145365 90.79341017782706 39.00426975854635 91.20658982217294
73.96771628268563 81.56726971956914 64.03228371731437 80.43273028043086
17.419189267282647 32.717545568031 22.580810732717353 41.282454431969
38.627406632456584 39.893966171265156 29.372593367543416 36.106033828734844
8.7234341297698 72.94738749845655 7.2765658702302005 63.05261250154344
32.029923815519865 17.54620758001276 41.970076184480135 16.45379241998724
43.67388148817796 51.50693011902419 52.32611851182204 46.49306988097581
54.37327822980736 58.89563858929531 63.62672177019264 55.10436141070469
94.44459963491336 65.29031309766329 85.55540036508664 60.709686902336706
86.32280361389228 41.710309149347545 89.67719638610772 32.289690850652455
82.298786272516 43.5535145551236 73.701213727484 38.4464854448764
54.622490100535416 73.09406577488832 45.377509899464584 76.90593422511168
35.502527129082594 85.6713330033132 30.497472870917402 94.3286669966868
34.92398359326379 77.05815740224325 41.07601640673621 84.94184259775675
51.85193313273127 87.18788505767806 44.14806686726873 80.81211494232194
77.70702718797901 68.7961917499079 72.29297281202099 77.2038082500921
59.04706372881999 4.684413832143576 68.95293627118001 3.315586167856424
13.146521890542777 81.20601427862461 4.853478109457223 86.79398572137539
83.31679402672081 86.29183500166813 86.68320597327919 95.70816499833187
3.5372536683185816 31.97105205121393 2.4627463316814184 22.02894794878607
84.60018547586046 15.959156345900583 75.39981452413954 12.040843654099417
87.37545270666345 50.09906277544639 96.62454729333655 53.90093722455361
69.05506167303346 59.26001017405819 78.94493832696654 60.73998982594181
44.4954787905732 65.424859719584 37.5045212094268 72.575140280416
22.97176248276339 88.46936093718382 13.028237517236612 89.53063906281618
42.7277538965329 73.5976745815075 51.2722461034671 68.4023254184925
12.433386584662863 34.748233609131475 15.566613415337137 25.251766390868525
9.20527101661427 3.5820529008877493 18.79472898338573 6.417947099112251
30.049407542027954 2.2988336038640393 39.95059245797205 3.7011663961359607
58.099590092958806 50.1375952295816 49.900409907041194 55.8624047704184
93.76719151648408 5.50794066367424 84.23280848351592 2.4920593363257604
81.9939956125708 53.00449625694753 76.0060043874292 44.99550374305247
16.87543399365858 19.634948471712477 13.124566006341421 10.365051528287523
19.80671353205594 70.24174830683417 12.19328646794406 63.75825169316583
21.91617432702308 96.91171815070184 12.083825672976921 95.08828184929816
92.76165378566743 69.52533708584005 83.23834621433257 66.47466291415995
33.742086511482526 42.53885365871384 38.257913488517474 51.46114634128616
68.69710401936852 8.546583236390578 77.30289598063148 3.4534167636094226
43.77459283166119 22.840476635659517 38.22540716833881 31.159523364340483
51.358317695296655 38.408893018440196 46.641682304703345 29.591106981559804
38.77111669653144 10.504525002522982 29.228883303468557 13.495474997477018
90.0071208815927 87.99466922931433 95.9928791184073 96.00533077068567
56.49201902926077 65.19585178023453 47.50798097073923 60.804148219765466
42.64564982930251 33.18692036060781 45.35435017069749 42.81307963939219
57.266150783810716 29.674587239038935 64.73384921618928 36.325412760961065
95.79011461780925 48.66856398211545 92.20988538219075 39.33143601788455
27.100900019572062 69.91849765936658 28.899099980427938 60.08150234063343
53.9084937749915 3.0477978886445793 44.0915062250085 4.952202111355421
51.47618574179807 20.02751383884235 52.52381425820193 29.97248616115765
22.458142319769763 3.909179870832111 31.541857680230237 8.09082012916789
5.7769170073122 77.67360310136887 2.2230829926878006 68.32639689863113
11.057712880779771 42.95735896868511 16.94228711922023 51.04264103131489
39.03321160024502 95.42466271452362 48.96678839975498 96.57533728547638
65.99071806538923 84.69547874984241 56.00928193461077 85.30452125015759
4.995360655903334 17.898030194710216 7.004639344096666 8.101969805289782
68.72248576005906 36.00770735567014 69.27751423994094 45.99229264432986
10.286237334679782 20.16827220149191 7.713762665320217 29.83172779850809
96.30164965169335 38.827598593943634 93.69835034830665 29.172401406056366
29.510578338481302 53.7988427713844 38.4894216615187 58.2011572286156
75.93610525890773 27.885501814540262 78.06389474109227 18.114498185459738
7.931805702024104 58.88456353646585 10.068194297975896 49.11543646353415
24.02567468018659 30.493949001914622 33.97432531981341 31.506050998085378
42.81734758731228 9.260398059090045 51.18265241268772 14.739601940909955
21.14204571774222 20.816665646787314 30.85795428225778 23.183334353212686
77.99380242835821 90.24887206858892 68.00619757164179 89.75112793141108
82.84641674246103 22.072162878292175 81.15358325753897 31.927837121707825
