46.38437601457653 12.680488960988617 39.61562398542347 5.319511039011383
62.40493525996177 18.383638488218732 57.59506474003823 9.616361511781268
70.6958274930979 77.43743045674368 75.3041725069021 68.56256954325632
3.397516528015321 5.953751747307691 12.60248347198468 2.046248252692309
8.246812048632304 72.00609533404472 7.753187951367696 81.99390466595528
45.701992512661214 95.70037243299164 36.298007487338786 92.29962756700836
91.55094442007162 75.92903286230346 82.44905557992838 80.07096713769654
46.1273894474739 64.90755469022301 51.8726105525261 73.09244530977699
4.514868858718524 16.79011343152932 13.485131141281476 21.20988656847068
92.78628419412074 91.44619625677497 83.21371580587926 88.55380374322503
91.80610679690588 17.378889936410843 82.19389320309412 14.621110063589159
48.855476249535656 85.80653848399074 39.144523750464344 88.19346151600926
54.84579362374357 62.12044047139585 61.15420637625643 69.87955952860415
91.99949173721927 37.92870926093651 82.00050826278073 38.07129073906349
70.70007706057005 2.2943401204509954 61.29992293942994 5.705659879549005
19.347077647930043 38.52959195215305 10.652922352069957 43.47040804784695
75.64645530162154 86.29139676482131 82.35354469837846 93.70860323517869
46.55413293510276 45.75233319749667 43.44586706489724 36.24766680250333
91.89729111541959 3.8677289450509686 84.10270888458041 10.132271054949031
21.08971626066907 32.942928204723074 30.91028373933093 31.057071795276926
66.99981280211368 37.04326596607197 57.00018719788632 36.95673403392803
7.905386668931593 63.93075826424694 2.094613331068407 72.06924173575307
45.14650544944635 50.484192834553596 40.85349455055365 59.515807165446404
25.483320555237842 85.7864425015415 16.516679444762158 90.2135574984585
31.44036058822389 77.70147920467357 22.55963941177611 82.29852079532643
31.783163648837604 83.00470401309246 32.2168363511624 92.99529598690754
24.0267091496088 37.48388168273624 33.9732908503912 38.51611831726376
37.55147686840287 19.48048127534469 30.448523131597128 26.51951872465531
9.505063682465137 59.975443501999095 10.494936317534863 50.024556498000905
95.58783696464006 59.982983206100826 96.41216303535994 50.017016793899174
2.3120633869095926 87.95244820430963 3.6879366130904074 78.04755179569037
78.51482026021378 42.225668513757284 81.48517973978622 51.774331486242716
65.55837419164583 79.05456193115157 56.441625808354175 74.94543806884843
74.42837931321998 46.20836848896274 71.57162068678002 55.79163151103726
76.7303103495175 81.83610258280959 79.2696896504825 72.16389741719041
66.99116174376653 94.70283935731419 57.00883825623347 95.29716064268581
86.7945641614539 61.333144584366764 83.2054358385461 70.66685541563324
41.941277271839084 46.95662418143417 36.058722728160916 55.04337581856583
68.92981447546329 83.83482287792842 59.07018552453672 82.16517712207158
86.44013790209556 73.05125757721805 95.55986209790444 68.94874242278195
77.01156233594087 16.000013368779115 76.98843766405913 25.999986631220885
21.1930342660929 76.37589259502441 30.8069657339071 73.62410740497559
62.086488899567044 89.92596364179276 71.91351110043296 88.07403635820724
2.4032370521591915 12.967173200650587 11.596762947840809 9.032826799349413
65.8314762628191 64.002840832032 66.1685237371809 73.997159167968
96.23696243941139 26.189216069384166 89.76303756058861 33.810783930615834
52.61167999311077 82.26369881834833 47.38832000688923 73.73630118165167
5.982094888485779 52.40965144536512 2.017905111514221 61.59034855463488
7.973665667257593 34.57099214306363 12.026334332742408 25.429007856936376
6.3739865019458115 88.89736636309924 15.626013498054188 85.10263363690076
18.009047272227203 46.99323050572803 23.990952727772797 55.00676949427197
20.315114127197106 28.37958815603583 27.684885872802894 21.62041184396417
60.857560212949856 23.11090342306028 67.14243978705014 30.88909657693972
71.26399537805673 26.45806291208836 66.73600462194327 17.54193708791164
96.21347481149118 15.995440771829731 95.78652518850882 6.00455922817027
75.64035891316236 36.70308138819988 82.35964108683764 29.29691861180012
51.04341287257256 5.092358910062787 52.95658712742744 14.907641089937213
4.01023438711976 33.90105744014083 5.98976561288024 24.098942559859168
16.391747436818296 80.98462977017815 15.608252563181704 71.01537022982185
51.15375845521493 52.00236472544765 50.84624154478507 61.99763527455235
56.001719358407314 53.998711058389986 61.998280641592686 62.001288941610014
67.38024354858845 11.4492554605979 74.61975645141155 4.5507445394021
80.79915150141152 62.597094134840276 71.20084849858848 65.40290586515972
21.48221608102508 65.58805952640844 14.51778391897492 58.411940473591564
31.9583192213285 9.355740347837662 22.0416807786715 10.644259652162338
91.19473240689273 50.00379351010131 90.80526759310727 59.99620648989869
30.546988024739694 68.72608611680471 39.45301197526031 73.27391388319529
53.774220204776746 33.48553742339312 44.225779795223254 30.51446257660688
51.346493989837725 39.281322444332815 54.653506010162275 48.718677555667185
91.42322598479451 86.28488455790372 96.57677401520549 77.71511544209628
14.613004988682551 52.32192104580248 21.38699501131745 59.67807895419752
56.993049072099694 19.263554479385952 47.006950927900306 18.736445520614048
31.07616600076371 43.869401373339585 40.923833999236294 42.130598626660415
22.021225803963212 4.46022549351186 31.978774196036788 3.53977450648814
7.6191791327992 39.41006400941926 16.3808208672008 34.58993599058074
3.5185093968576373 39.02695787215005 2.4814906031423627 48.97304212784995
84.56062127453207 47.30041659963205 93.43937872546793 42.69958340036795
11.998267652151378 96.13160728496987 2.0017323478486215 95.86839271503013
18.226049833406964 7.005112466449652 17.773950166593036 16.994887533550347
68.17759207779199 46.49910089618334 63.822407922208015 55.50089910381666
29.286237334679782 55.16827220149191 26.713762665320218 64.8317277985081
91.90663729615545 23.038277356003174 82.09336270384455 24.961722643996826
72.97368111194392 40.48765617336377 63.026318888056075 41.51234382663623
56.941346840708654 25.044669312035076 63.058653159291346 32.955330687964924
44.98344112860025 79.59341111946401 35.01655887139975 80.40658888053599
38.020507964205194 25.452392601018275 47.979492035794806 24.547607398981725
17.51264455810255 24.58306461313053 24.48735544189745 17.41693538686947
34.995936524320896 47.798460314189846 25.004063475679104 48.201539685810154
54.86894943038706 88.86275268989831 45.13105056961294 91.13724731010169
77.70086496760723 7.6379175364757215 70.29913503239277 14.362082463524278
