93.9184640514858 15.105742983122308 86.0815359485142 8.894257016877692
94.46489912426846 30.749516538584047 85.53510087573154 35.25048346141595
59.956549285278804 2.3422620714888316 50.043450714721196 3.6577379285111684
39.83015510453496 20.78598197341633 32.16984489546504 27.21401802658367
10.334575024078092 88.2743310119128 3.6654249759219093 95.7256689880872
28.089899965754654 68.05611565660625 37.910100034245346 69.94388434339375
72.07217159410006 91.09872122880192 63.927828405899945 96.90127877119808
54.399292015989765 59.53086437078557 61.600707984010235 66.46913562921442
2.065674585126968 28.088072066986086 3.934325414873032 37.911927933013914
52.89637121795606 75.00107400779606 53.10362878204394 84.99892599220394
57.59619081399446 40.47381801903063 50.40380918600554 33.52618198096937
55.40690367794407 67.3620330169841 46.59309632205593 62.6379669830159
81.78437775449697 89.45249079249214 72.21562224550303 86.54750920750786
79.27489803594436 40.692975944282196 82.72510196405564 31.307024055717804
96.27672765670997 26.776646113121004 89.72327234329003 19.223353886878996
29.643536498719847 51.546181391786696 38.35646350128015 56.453818608213304
43.00630730643919 94.74893570091038 52.99369269356081 95.25106429908962
42.73853090686871 58.45934496768437 47.26146909313129 49.54065503231563
67.97450043799054 14.495673327661615 58.02549956200946 15.504326672338385
11.732683914335752 16.812824505190804 6.267316085664248 25.187175494809196
66.74173462691186 50.58617550351309 57.258265373088136 47.41382449648691
7.830135666356812 63.12193305501376 2.1698643336431878 54.87806694498624
22.96151174148706 64.97084236691398 29.03848825851294 57.02915763308602
65.52207614216762 79.23730284214457 62.47792385783238 88.76269715785543
48.077500153382196 78.91416259732928 49.922499846617804 69.08583740267072
62.73745859203573 60.38643141559477 71.26254140796428 65.61356858440523
45.242694518942784 9.461154796640356 54.757305481057216 12.538845203359644
28.65861829580581 40.48040418046897 37.34138170419419 35.51959581953103
19.7234341297698 91.94738749845655 18.2765658702302 82.05261250154345
48.41216303535986 17.017016793899167 47.58783696464014 26.982983206100833
61.47013166138844 41.541190408897506 68.52986833861156 34.458809591102494
76.43172288671755 48.252315628018806 79.56827711328245 57.747684371981194
94.09630318646136 52.074072520090404 87.90369681353864 59.925927479909596
73.03497154273383 17.999877697624093 72.96502845726617 8.000122302375907
91.99600922784633 67.80027069500349 82.00399077215367 68.19972930499651
95.35539738257286 58.04172535395566 96.64460261742714 67.95827464604433
60.464649316082834 81.21933034179331 57.535350683917166 90.78066965820669
33.46969022223736 58.88427475377633 42.53030977776264 63.11572524622367
13.314943699539196 48.00992881151776 12.685056300460804 57.99007118848224
68.47323816374748 84.76119714939036 71.52676183625252 75.23880285060964
24.198387358648667 14.854262841939143 21.801612641351333 5.145737158060858
2.0614159415248796 67.91981240598471 9.93858405847512 74.08018759401529
43.37256382247696 69.59875689057358 38.62743617752304 78.40124310942642
28.036430525726786 29.04919864935286 19.963569474273214 34.95080135064714
73.82807865095792 30.299867893350818 64.17192134904208 27.700132106649182
84.6123724018839 77.39764969506598 93.3876275981161 72.60235030493402
93.49556189492223 88.76829801795043 96.50443810507777 79.23170198204957
18.508585314982398 55.77238747770063 21.491414685017602 46.22761252229937
24.92263600938234 95.1238409281801 15.077363990617659 96.8761590718199
61.63969889793542 8.446992909539052 70.36030110206458 3.5530070904609476
22.97950364033962 70.02713573804078 15.020496359660381 63.97286426195922
18.995781886413567 14.584414320484516 15.004218113586433 5.415585679515484
32.58777783002686 6.647916769585412 41.41222216997314 11.352083230414589
30.230840277920805 44.71466364135179 37.769159722079195 51.28533635864821
59.35195617379574 25.042173944225297 60.64804382620426 34.9578260557747
89.15768538936918 46.19947158651752 96.84231461063082 39.80052841348248
66.50716569195043 43.19418319208147 75.49283430804957 38.80581680791853
2.3195922915680107 87.22083102203564 7.680407708431989 78.77916897796436
38.04308296406375 96.99981438237536 37.95691703593625 87.00018561762464
85.44200245243272 42.212450634491795 82.55799754756728 51.787549365508205
71.91069440149224 70.05921283217045 62.08930559850776 71.94078716782955
78.08185425540546 26.098977006438467 87.91814574459454 27.901022993561533
77.02070622887018 5.096839416271753 78.97929377112982 14.903160583728248
77.03376513965767 68.09424927308172 78.96623486034233 77.90575072691828
7.005111369468775 42.10206664653707 4.994888630531225 51.89793335346293
81.35653345023096 84.85424335004225 90.64346654976904 81.14575664995775
36.190929185920155 81.72692364370596 27.809070814079842 76.27307635629404
75.0403500613201 62.36606586639273 84.9596499386799 63.63393413360727
41.598082523380086 44.37131240645938 50.401917476619914 39.62868759354062
90.21535327474174 50.17096574596054 83.78464672525826 57.82903425403946
63.25449935409839 54.42512742745724 72.7455006459016 57.57487257254276
28.99701929934298 18.827378674568266 19.00298070065702 19.172621325431734
22.45603580729861 57.75564659869254 25.54396419270139 48.24435340130746
8.411321432012581 3.016947252981651 7.588678567987419 12.983052747018348
13.03164961068934 80.59625899454116 16.96835038931066 71.40374100545884
14.399101006763289 41.957480128643304 23.60089899323671 38.042519871356696
42.35135905780258 87.15876742628046 51.64864094219742 90.84123257371954
85.97705021642277 94.52149070729395 76.02294978357723 95.47850929270605
14.453500681550008 21.919292440698655 23.546499318449992 26.080707559301345
44.895689717547555 36.134262532812826 37.104310282452445 29.865737467187174
43.37703585922458 17.41693133685303 34.62296414077542 12.583068663146971
55.00782255712804 31.999993880756254 54.99217744287196 22.000006119243746
11.293882662659165 37.94988871651744 12.706117337340835 28.050111283482558
78.94033333677406 21.918750860126977 87.05966666322594 16.081249139873023
50.91349418020768 44.45615873252896 55.08650581979232 53.54384126747104
2.5808400231653144 12.982399513670089 3.4191599768346856 3.0176004863299104
82.38985751028115 5.935610039364567 91.61014248971885 2.0643899606354323
26.512284091836307 3.226458193689232 29.487715908163693 12.773541806310767
32.41935977612715 96.64801024140608 25.580640223872848 89.35198975859392
73.95437473479146 23.67392209287137 64.04562526520854 22.32607790712863
