96.31647555995931 20.43102030915129 91.68352444004069 11.56897969084871
76.75919258128239 53.29673643727117 69.24080741871761 46.70326356272883
46.685162513525256 12.746210818274152 37.314837486474744 9.253789181725848
33.56776975254665 23.033587836244077 24.432230247453347 18.966412163755923
12.855674774184877 74.89571911486505 7.144325225815122 83.10428088513495
29.472844331297885 67.12246591288019 38.527155668702115 62.87753408711982
76.5061476871951 84.23224170659242 73.4938523128049 93.76775829340758
71.64545732074502 72.01258589160808 72.35454267925498 81.98741410839192
14.281730959601335 12.007943543347881 13.718269040398665 21.99205645665212
70.6356998190132 53.75110761914899 65.3643001809868 62.24889238085101
77.7225816504322 47.19375120348476 72.2774183495678 38.80624879651524
68.25511767634734 81.46256028147809 63.744882323652654 72.53743971852191
88.97362356860563 94.51290213278027 79.02637643139437 93.48709786721973
61.51523565515383 43.585584674901554 68.48476434484617 36.414415325098446
88.98138307964798 15.568928528203505 79.01861692035202 16.431071471796496
36.44624977422765 40.935209724626176 45.55375022577235 45.064790275373824
34.21948707404588 88.72773442143004 41.78051292595412 95.27226557856996
49.0166699075648 65.98744312420791 42.9833300924352 58.01255687579208
66.91161599626614 2.0640361624386374 57.088384003733864 3.9359638375613626
12.382868893150452 60.26873304671364 15.617131106849548 69.73126695328635
52.39266107235884 62.984557882325575 51.60733892764116 53.015442117674425
28.968119083030672 81.43626887896225 19.031880916969328 82.56373112103775
20.037316088568957 63.0491205647015 27.962683911431043 56.9508794352985
67.84442406938952 86.07182102688674 66.15557593061048 95.92817897311326
59.070950711113404 82.88395992759622 56.929049288886596 73.11604007240378
74.25014502336994 67.31619731833598 77.74985497663006 76.68380268166402
54.954026298072684 15.110629998161679 57.045973701927316 24.889370001838323
62.10603382873492 15.62740663245662 65.89396617126508 6.372593367543381
4.677269096325736 77.42774447649326 9.322730903674264 68.57225552350674
43.00040405059099 5.9364363102628355 52.99959594940901 6.0635636897371645
55.40060979197869 50.96102261954258 64.59939020802132 47.03897738045742
57.29730503024781 62.20659481058923 62.70269496975219 53.79340518941077
95.32679703641206 56.04552749832877 96.67320296358794 65.95447250167123
72.91865536001839 34.54620770418816 77.08134463998161 25.453792295811837
87.97793114928224 63.970798162622685 80.02206885071776 70.02920183737731
94.44764154569684 77.37870633994078 87.55235845430316 84.62129366005922
41.785054828622684 73.06201570313794 40.214945171377316 82.93798429686206
31.953207241805035 59.936574257910195 40.04679275819497 54.063425742089805
14.033704939517163 44.974941787482436 19.96629506048284 53.025058212517564
52.4240480303925 82.6436101720087 45.5759519696075 75.3563898279913
28.34060534622575 15.234102038859826 33.65939465377425 6.765897961140174
22.46414055456465 67.2191745026116 19.53585944543535 76.7808254973884
27.21019518400268 73.43449288065464 36.78980481599732 70.56550711934536
18.13695312331786 32.19186559163016 9.86304687668214 37.80813440836984
59.96085773648876 31.56529285250818 64.03914226351124 22.43470714749182
85.76303756058857 74.8107839306158 92.23696243941143 67.1892160693842
80.37247203382364 85.44108134960632 87.62752796617636 78.55891865039368
35.98357439158566 51.59504780093005 26.016425608414337 52.40495219906995
29.906595183849674 88.03806252707197 20.093404816150326 89.96193747292803
44.15135214252139 29.645697052008423 47.84864785747861 20.354302947991577
9.977346981312108 56.9999486838111 10.022653018687892 47.0000513161889
17.522982003243207 27.977193368834502 18.477017996756793 18.022806631165498
9.586094933348477 10.653115409604666 16.413905066651523 3.3468845903953346
34.7176096116529 45.419082999824994 43.2823903883471 50.580917000175006
69.9159191328734 29.891048835250704 62.084080867126595 36.1089511647493
86.08830131566415 29.935529814753913 95.91169868433585 28.064470185246087
46.286009326717846 35.34757722521425 53.713990673282154 28.652422774785745
2.2463368721451915 69.17340860428175 7.753663127854809 60.82659139571826
7.768518972002637 96.47442649081286 12.231481027997363 87.52557350918714
96.81685128227763 46.77019407874472 89.18314871772237 53.22980592125528
54.661037350957876 34.766930166320535 49.338962649042124 43.233069833679465
79.0333202053029 21.57627408144703 88.9666797946971 20.42372591855297
67.53859074358527 15.021335369991789 68.46140925641473 24.97866463000821
90.8222263083648 42.776556802479064 83.1777736916352 49.223443197520936
13.716018936408055 30.33892643406722 4.283981063591946 33.66107356593278
96.09472243613865 96.54005924141275 91.90527756386135 87.45994075858725
49.49201902926077 71.19585178023453 40.50798097073923 66.80414821976547
37.63896855879352 35.55430893839623 46.36103144120648 40.44569106160377
69.84878818232005 7.134333411460048 72.15121181767995 16.865666588539952
89.22766457861403 34.71831057707213 96.77233542138597 41.28168942292787
34.89704705384009 30.92067379590773 41.10295294615991 23.07932620409227
29.598002822960833 2.5280588014821044 22.401997177039167 9.471941198517897
21.90356398304182 34.13308319636447 30.09643601695818 39.86691680363553
4.498225047605592 19.02488474485883 3.501774952394408 28.97511525514117
3.63528370187848 95.986680461177 4.36471629812152 86.013319538823
21.000690727244223 46.91689286830784 30.999309272755777 47.08310713169216
23.016158251842707 95.59835160983211 32.983841748157296 96.40164839016789
61.96777740404413 89.56673420919209 52.03222259595587 88.43326579080791
2.3234636861457503 53.71054412868917 5.67653631385425 44.28945587131083
56.56158488692837 39.70601783107333 51.43841511307163 48.29398216892667
9.416931336853107 2.6229641407754656 4.583068663146894 11.377035859224534
81.72975239072545 11.189087237731947 76.27024760927455 2.810912762268054
17.22151371537481 39.52824294543937 26.77848628462519 42.47175705456063
80.86437402801756 44.52096247582239 85.13562597198244 35.47903752417761
21.32168001304855 29.764460852410895 30.67831998695145 26.235539147589105
8.407212128700008 24.964735898276928 9.592787871299992 15.03526410172307
84.16533824865486 6.2751649893564245 93.83466175134514 3.724835010643576
32.01674091976122 17.591185935641033 41.98325908023878 18.408814064358967
55.88805556808113 92.94790078255372 46.11194443191887 95.05209921744628
91.94820876358531 24.28220474229939 82.05179123641469 25.71779525770061
