96.66127678870981 40.95607839008965 95.33872321129019 31.04392160991035
52.52227155043723 45.1328525556414 43.47772844956277 40.8671474443586
70.23559803256775 41.47237089660274 65.76440196743225 32.52762910339726
26.019017411133923 39.564325294040394 35.98098258886608 40.435674705959606
2.2643316277569427 53.81477377467967 7.735668372243057 62.18522622532033
23.7392731450633 72.45972130153534 28.2607268549367 63.54027869846467
96.7417627917866 59.055327315107604 95.2582372082134 68.9446726848924
59.86314998567354 68.90093032999711 54.13685001432646 77.09906967000289
27.00045138369007 23.067183578004162 36.99954861630993 22.932816421995838
82.115642746859 77.07883019508401 83.884357253141 86.92116980491599
91.293388627732 38.82981840835176 88.706611372268 29.170181591648237
77.52448342623478 71.12815641477003 68.47551657376522 66.87184358522997
78.6190653813218 88.96152779430378 77.3809346186782 79.03847220569622
62.01908051967071 28.57420089798057 57.98091948032929 19.42579910201943
87.28340102073304 7.5792393637627296 78.71659897926696 2.4207606362372704
5.382793880351341 36.01467465001876 4.617206119648659 45.98532534998124
59.167630675919256 90.71617496687306 68.83236932408074 93.28382503312694
16.480131182938205 54.59008174691623 9.519868817061795 47.40991825308377
83.89453311205624 10.978459195633842 74.10546688794376 13.021540804366158
15.632700495370567 66.19058298079277 18.367299504629433 75.80941701920723
49.206005494156926 66.42042834312274 58.793994505843074 63.57957165687726
31.394588018578098 83.01559428862431 30.605411981421902 92.98440571137569
21.57349963080025 43.207808779204136 24.42650036919975 52.792191220795864
95.67651073655121 94.76925049976572 86.32348926344879 91.23074950023428
51.86452540975863 89.84397554618744 42.13547459024137 92.15602445381256
66.913826135967 78.88841439497132 59.08617386403301 85.11158560502868
28.10790241181912 31.966858582906088 37.89209758818088 34.033141417093915
42.27415399326382 16.594534185912163 33.72584600673618 11.405465814087835
7.564797680463099 82.78959228974617 10.435202319536902 73.21040771025383
22.164290865494177 3.728812694188247 31.835709134505823 6.271187305811753
50.764007442109836 61.65638232366863 59.235992557890164 56.34361767633137
54.000395149760436 51.93714030336483 63.999604850239564 52.06285969663517
83.45679850757725 66.61255367821873 76.54320149242275 59.38744632178126
76.530347395605 29.34750687332464 81.469652604395 20.65249312667536
91.00832211914707 58.98887165819417 82.99167788085293 53.01112834180583
49.93275789217673 77.18274876741104 40.06724210782327 78.81725123258896
40.941286932786824 85.95663120912556 35.058713067213176 94.04336879087444
32.427301522303466 74.71266719942831 37.572698477696534 83.28733280057169
56.5538284548774 80.93538226212479 47.4461715451226 85.06461773787521
71.94141708282565 74.76314953551638 62.05858291717435 73.23685046448362
64.57984565171307 10.337142600980997 73.42015434828693 5.662857399019003
23.194652129564126 78.2788066015178 14.805347870435874 83.7211933984822
86.15992997971375 76.07107695728405 87.84007002028625 85.92892304271595
2.5788613573718626 30.982232656519095 3.4211386426281374 21.017767343480905
96.96199876697257 21.615278990834792 87.03800123302743 20.384721009165208
76.92159738709412 39.107486883859906 85.07840261290588 44.892513116140094
44.316305302145146 73.75014398758682 53.683694697854854 70.24985601241318
34.73913821523274 61.312207527170486 31.260861784767258 70.68779247282951
29.93509784630851 78.91535983622431 22.06490215369149 85.08464016377569
37.99034579989999 73.57835013908071 42.00965420010001 64.42164986091929
21.890089294881147 28.998791817719585 22.109910705118853 19.001208182280415
12.001772005731421 12.133104910915788 21.99822799426858 11.866895089084212
50.00323555961875 8.820152488642576 59.99676444038125 9.179847511357424
48.77792933758056 53.72475192996803 41.22207066241944 60.27524807003197
96.91015908547614 10.1161925367776 89.08984091452386 3.883807463222399
91.03397364083348 64.9541592145754 82.96602635916652 59.0458407854246
17.956039360521668 30.60151171030673 14.043960639478332 21.39848828969327
13.509690856305138 58.56118942112998 6.490309143694862 51.43881057887002
19.741792680560604 92.41399805341169 10.258207319439396 95.58600194658831
74.54026931128969 63.09426707488825 65.45973068871031 58.90573292511175
28.078323857963852 17.118465001879013 37.92167614203615 18.881534998120987
86.07028672245725 15.835420254254544 95.92971327754275 14.164579745745456
45.35343118453633 19.18666186220783 42.64656881546367 28.81333813779217
56.20010488197872 35.71276961432012 47.79989511802128 30.287230385679873
47.93002754572616 4.833563673861374 38.06997245427384 3.1664363261386264
90.47418534602518 69.23849922380394 93.52581465397482 78.76150077619606
35.09830928066552 51.135761699856154 26.901690719334486 56.864238300143846
51.242755322895114 37.70104373530551 58.757244677104886 44.29895626469449
63.50721532078711 40.422227622576344 70.49278467921289 47.577772377423656
95.86642116705002 54.924359284342245 94.13357883294998 45.075640715657755
19.532996683148003 64.97814301743624 20.467003316851997 55.021856982563754
66.97280535652393 2.4792247258875997 57.027194643476065 3.5207752741124003
49.70476655199581 18.170675998116177 52.29523344800419 27.829324001883823
6.142641749375871 2.8142214266172205 15.857358250624129 5.1857785733827795
5.446574454758828 92.78616990367446 2.5534255452411725 83.21383009632554
10.523720128370096 41.40618889560111 17.476279871629906 48.59381110439889
50.04400908632014 95.3380679313384 59.95599091367986 96.6619320686616
72.04438054306932 79.03367334817455 65.95561945693068 86.96632665182545
2.161411742436101 17.116116701943756 7.838588257563899 8.883883298056244
77.15864875895612 45.00251757669107 76.84135124104388 54.99748242330893
8.001932981830521 31.997424419231812 15.998067018169479 38.00257558076819
84.78989761640952 35.93721194153042 83.21010238359048 26.062788058469582
35.999200479978775 45.00059976488469 42.000799520021225 52.99940023511531
67.09050426843802 28.542003071734143 62.90949573156197 19.457996928265857
2.2647382490229124 74.32382605617195 9.735261750977088 67.67617394382805
36.073092219818065 7.148190323145623 45.926907780181935 8.851809676854376
53.01085165154648 15.329239665173455 62.98914834845352 14.670760334826545
8.044965978123427 16.33094257193745 17.95503402187657 17.66905742806255
84.7028338616275 95.69804407184556 75.2971661383725 92.30195592815444
71.71620098002406 20.008060685839553 72.28379901997594 29.991939314160447
