76.22163683674617 10.679138372430163 67.77836316325383 5.320861627569837
81.81615602226407 9.230627371539116 74.18384397773593 2.769372628460884
91.03002862055901 29.022346330849864 96.96997137944099 20.977653669150136
32.85150388817202 38.20950817403265 23.14849611182798 35.79049182596735
22.85505861260149 91.19515934845697 13.144941387398509 88.80484065154303
51.94641664017639 91.07014587636141 44.05358335982361 84.92985412363859
87.04313486698526 95.34464661967549 96.95686513301474 96.65535338032451
70.98631508261343 88.010300359837 77.01368491738657 95.989699640163
11.13392538682547 23.812589713442023 2.86607461317453 18.187410286557977
72.29424455844958 96.5611449924255 63.70575544155042 91.4388550075745
59.981037192406696 9.564950016824262 50.018962807593304 10.435049983175738
57.26772208613224 89.78444082630493 50.73227791386776 82.21555917369507
79.55446655947848 76.01988956413845 80.44553344052152 85.98011043586155
75.75032230044292 56.560268580057524 66.24967769955708 53.439731419942476
86.2131611694672 26.93770034072196 87.7868388305328 17.06229965927804
35.74178647183861 50.620613964051806 44.25821352816139 45.379386035948194
86.93032020809086 87.94867633012933 81.06967979190914 96.05132366987067
34.01986495213227 5.445258245290815 43.98013504786773 4.554741754709185
95.45904912749765 44.97065107944009 96.54095087250235 35.02934892055991
58.02858678030384 40.46609869916785 67.97141321969616 41.53390130083215
45.217730560015 53.00474290919521 44.782269439985 62.99525709080479
3.2632274331738733 86.05458129328038 4.736772566826127 95.94541870671962
31.968724727148107 86.97673347956919 26.031275272851893 95.02326652043081
9.165351849041183 54.870471246731015 2.8346481509588157 47.129528753268985
18.810730151675052 85.85078665139545 25.189269848324948 78.14921334860455
30.23179482255874 60.4952676697092 39.76820517744126 63.5047323302908
31.56956558429166 16.71078880118688 26.43043441570834 25.28921119881312
43.9172431868634 14.11363605815436 52.0827568131366 19.88636394184564
13.564797680463098 84.78959228974617 16.435202319536902 75.21040771025383
95.74304188808817 90.18039725387356 90.25695811191183 81.81960274612644
10.217376030262376 45.84953560673005 7.782623969737624 36.15046439326995
91.55463566904047 74.63878534249106 96.44536433095953 83.36121465750894
72.87129160047563 78.16434848651139 65.12870839952437 71.83565151348861
53.01412627501609 72.98107199648473 44.98587372498391 67.01892800351527
58.82303251726193 60.68153220083535 49.17696748273807 63.31846779916465
41.118905690094174 88.09200469597286 34.881094309905826 95.90799530402714
62.54629314066672 77.72744742390242 71.45370685933328 82.27255257609758
35.74122290203363 76.00670104904903 36.25877709796637 85.99329895095097
76.23221516119585 35.16405656614867 81.76778483880415 26.835943433851323
96.55986209790451 53.94874242278211 87.44013790209549 58.05125757721789
90.3542365764599 48.29202252041108 83.6457634235401 55.70797747958892
32.01881908189271 42.43340127028404 41.98118091810729 41.56659872971596
55.18588934169152 66.35068078003675 64.81411065830848 63.64931921996324
15.47469063057599 33.12639956522834 24.525309369424008 28.87360043477166
59.53406179758296 22.892327441062346 50.46593820241704 27.107672558937654
76.4858371184003 42.44322347601275 83.5141628815997 49.55677652398725
83.9946194999449 13.4150798207123 80.0053805000551 22.5849201792877
6.990721314301233 80.10292367482452 9.009278685698767 89.89707632517548
78.89078544569068 53.14034848633103 71.10921455430932 46.85965151366897
32.68538922220519 68.29261610130695 29.31461077779481 77.70738389869305
36.85690910072326 10.812383063731563 27.143090899276746 13.187616936268437
15.649315594442555 14.464050568320232 24.350684405557445 9.535949431679768
73.82015248864249 29.99676444038125 74.17984751135751 20.00323555961875
83.29751660405162 41.95040574886714 84.70248339594838 32.04959425113286
94.43291601725065 12.312845776095466 85.56708398274935 7.687154223904534
44.424636252937134 38.016444043871005 53.575363747062866 33.983555956128995
91.86576030662839 36.902754844416414 86.13423969337161 45.097245155583586
39.774692237831076 70.00507893833081 40.225307762168924 79.99492106166919
11.433362462062895 59.50415420222597 18.566637537937105 52.49584579777403
82.00004305712457 70.02075016606612 91.99995694287543 69.97924983393388
36.18598361124668 55.73450931729519 27.814016388753323 50.26549068270481
47.344137737161184 2.1771048879671007 56.655862262838816 5.822895112032899
57.20084849858853 49.402905865159894 66.79915150141147 46.597094134840106
20.58682306203943 70.37910687995797 25.41317693796057 61.62089312004203
15.932814409621974 2.1830899680957456 6.067185590378026 3.8169100319042544
85.3085008841111 63.270885762705745 94.6914991158889 66.72911423729425
19.726923643706034 57.80907081407989 14.273076356293966 66.19092918592011
76.03047021030686 73.95893728960736 67.96952978969314 68.04106271039264
57.57257190418954 82.67666609019966 66.42742809581047 87.32333390980034
79.90778301798004 64.9558586968934 70.09221698201996 63.0441413031066
37.29784313271325 15.559288690148549 32.70215686728675 24.44071130985145
25.9084937749915 17.04779788864458 16.0915062250085 18.95220211135542
16.874125519493884 46.63547770323424 13.125874480506116 37.36452229676576
3.442311278489445 74.05608207954242 12.557688721510555 69.94391792045758
9.2016843740901 30.840470956628536 2.798315625909901 23.159529043371464
3.026957872150052 8.481490603142372 12.973042127849947 9.518509396857628
63.60144521888642 18.377544076887503 72.39855478111359 13.622455923112497
54.93130866099122 96.82595090049773 45.06869133900878 95.17404909950227
47.79635357307895 31.587558000478325 38.20364642692105 34.412441999521675
67.98668900267182 35.63540050653921 58.013310997328176 36.36459949346079
59.937162838598965 56.20979552952578 50.062837161401035 57.79020447047422
67.3262104409377 11.493228526426542 58.6737895590623 16.50677147357346
22.467061435202496 53.97151651773898 23.532938564797504 44.02848348226102
60.89001241737007 31.847455367627 69.10998758262993 26.152544632373
47.01430878722131 76.62200114970892 56.98569121277869 77.37799885029108
18.439082407310735 7.048909639954276 27.560917592689265 2.9510903600457232
37.44116132506736 24.636431347509774 32.55883867493264 33.36356865249023
2.1520852135846242 68.64598869371713 5.847914786415376 59.35401130628287
52.98717557269197 39.00001644662063 53.01282442730803 48.99998355337937
95.42509444809748 7.327775574538249 86.57490555190252 2.6722244254617515
