96.18711593565617 20.85256953378995 89.81288406434383 13.147430466210048
48.98000408581855 54.02647773440804 41.01999591418145 47.97352226559196
66.7481900271669 31.309240323736947 59.2518099728331 24.690759676263053
32.8067040242125 41.72328273586206 41.1932959757875 36.27671726413794
2.031345792749419 51.09472640653187 3.968654207250581 60.90527359346813
29.056115656606178 63.91010003424533 30.943884343393822 54.08989996575467
96.91387751799695 76.08422662421265 95.08612248200305 85.91577337578735
61.784788249503386 78.14992160873095 64.21521175049661 87.85007839126905
29.405359048319475 26.027875631421715 38.594640951680525 29.972124368578285
82.20166369433441 74.06414555086394 83.79833630566559 83.93585444913606
96.95298226348079 37.60281004154304 93.04701773651921 28.39718995845696
80.93581201847945 68.79859859643868 71.06418798152055 67.20140140356132
77.5739776846843 91.98181743812968 78.4260223153157 82.01818256187032
56.18463176920076 27.73657759915477 47.81536823079924 22.26342240084523
73.66620674976251 9.796250140840858 64.33379325023749 6.203749859159141
7.157957756650007 38.13593443364359 4.842042243349993 47.86406556635641
57.75413634631275 89.35942395786496 66.24586365368725 94.64057604213504
20.085800932175534 50.934187667992546 13.914199067824468 43.065812332007454
87.53928986449027 19.903610836190985 78.46071013550973 24.096389163809015
17.48861934817684 68.02621976471207 18.51138065182316 77.97378023528793
54.565115180921296 69.30906834924939 63.434884819078704 64.69093165075061
25.30753804658839 68.00946692728115 24.69246195341161 77.99053307271885
26.490081624805377 35.23343451736477 29.509918375194623 44.76656548263523
93.15865730402155 96.77589074491563 84.84134269597845 91.22410925508437
23.994725469028314 88.22960289423241 14.005274530971686 87.77039710576759
53.58580335938394 87.00741184660176 44.41419664061606 90.99258815339824
23.090616698058895 30.05239481078783 32.909383301941105 31.94760518921217
43.84596217437315 14.231523692238465 34.15403782562685 11.768476307761535
8.027850458737626 66.99992243459317 7.972149541262374 57.000077565406826
28.021130913176343 10.027969747193502 35.97886908682366 3.9720302528064986
46.09339797462442 65.96190257540995 55.90660202537558 64.03809742459005
61.293245858865305 52.31285286506736 70.7067541411347 55.68714713493264
86.19637891434697 66.84488775335745 79.80362108565303 59.15511224664255
85.51215043270474 35.97614336607074 86.48784956729526 26.02385663392926
88.64531876347768 51.84959822277224 79.35468123652232 48.15040177722776
62.43878701711718 70.69844187197629 53.56121298288282 75.30155812802371
40.296914126320644 84.17112707260276 37.703085873679356 93.82887292739724
28.21087412087268 82.33105701591496 31.78912587912732 91.66894298408504
57.99853161312342 80.87883188288265 48.00146838687658 81.12116811711735
76.83457663482598 75.27548765654345 67.16542336517402 72.72451234345655
58.463586726728366 16.102606623713747 67.53641327327163 11.897393376286253
12.806965733907145 77.62410740497576 3.1930342660928552 80.37589259502424
89.30346775798668 87.63315438670615 96.69653224201332 94.36684561329385
7.950801350647212 29.036430525726733 2.049198649352788 20.963569474273267
80.14184245785889 8.800917894954704 71.85815754214111 3.1990821050452958
81.92159738709412 42.107486883859906 90.07840261290588 47.892513116140094
42.55753571776951 80.62621561211786 49.44246428223049 73.37378438788214
35.15487675201829 59.13520198901869 32.84512324798171 68.8647980109813
16.889059761892753 82.95257714143658 7.110940238107245 85.04742285856342
39.071757797794206 77.91308115280464 40.928242202205794 68.08691884719536
18.58685629663376 34.96544053303444 17.41314370336624 25.03455946696556
19.181254687981955 12.665948420073596 28.818745312018045 15.334051579926404
49.24637443231566 17.44982453823518 58.75362556768434 20.55017546176482
57.50578589643438 47.67321862798332 52.49421410356562 56.32678137201668
95.5012450142136 9.569493430508661 88.4987549857864 2.4305065694913393
88.48567288108868 58.20878672665915 79.51432711891132 53.79121327334085
13.464335024454485 28.78076593613993 10.535664975545515 19.21923406386007
17.118218744973547 55.90854344462174 10.881781255026453 48.09145655537826
25.976928272076087 94.47977596293453 16.023071727923913 93.52022403706547
70.83495807962369 62.27404096020562 61.16504192037632 59.72595903979438
16.5916171295778 18.640728826995904 25.4083828704222 23.359271173004096
63.18461740295594 19.34613908794196 72.81538259704406 16.65386091205804
44.32861489880053 29.773452751820994 49.67138510119947 38.226547248179
52.37910687995793 46.41317693796065 43.62089312004207 41.58682306203935
26.99015146885785 4.313669121616804 17.00984853114215 3.6863308783831963
89.06583951029748 70.08804069851156 90.93416048970252 79.91195930148844
35.457049742589895 46.73401068138454 26.542950257410105 51.26598931861546
61.07525046542721 41.90220383322745 68.92474953457278 48.09779616677255
60.765296353627136 33.18729855350014 67.23470364637286 40.81270144649986
92.56238061398196 67.98081210978503 93.43761938601804 58.01918789021497
20.62500574127551 65.39993207572863 25.37499425872449 56.600067924271364
50.987950852823076 2.653090372255896 41.012049147176924 3.346909627744104
51.85248233413739 31.115011899235366 58.14751766586261 38.88498810076463
2.264472876293481 2.3953870059606692 11.735527123706518 5.60461299403933
3.766390384388809 96.94091547981914 2.233609615611191 87.05908452018086
17.782879761365518 40.17245021323453 24.217120238634482 47.82754978676547
42.03108733618493 96.55669285910479 51.96891266381507 95.44330714089521
73.61310907818276 80.73717688080788 68.38689092181724 89.26282311919212
5.826182342006406 15.75304307227854 14.173817657993595 10.24695692772146
72.6065769381148 43.19808661358761 75.3934230618852 52.80191338641239
3.0006261923818727 33.92087015922027 12.999373807618127 34.07912984077973
95.9608539532701 49.59946211789433 92.0391460467299 40.40053788210567
34.5105783384813 51.7988427713844 43.4894216615187 56.2011572286156
73.2614673952505 31.789832506815817 66.7385326047495 24.210167493184183
3.057971170215586 74.9996639230476 2.942028829784414 65.0003360769524
44.0036557856086 8.191166135383849 53.9963442143914 7.808833864616151
71.46021770071013 22.09532257064502 80.53978229928987 17.90467742935498
34.61384596317115 19.599655698611134 43.38615403682885 24.400344301388866
82.92179562986986 95.1191323721501 73.07820437013014 96.8808676278499
78.23955540598443 30.0057419762828 77.76044459401557 39.9942580237172
