73.99850732165241 4.122166097536323 64.00149267834759 3.8778339024636765
58.50093056564302 53.97484357225477 57.49906943435698 44.02515642774523
80.83729809977191 47.65019738210912 77.16270190022809 38.34980261789088
5.193662743444664 19.621913581719884 14.806337256555336 22.378086418280116
3.5078345773763697 34.025856451405836 2.4921654226236303 43.974143548594164
37.35910513790722 74.98708767718482 36.64089486209278 65.01291232281518
92.25153546911417 65.31567808704033 95.74846453088583 74.68432191295967
48.2844740656553 75.30351506245461 51.7155259343447 84.69648493754539
12.297742523014762 31.639451001085256 19.70225747698524 38.360548998914744
93.52249487880846 79.22328788633303 96.47750512119154 88.77671211366697
74.42340828265296 29.373453131744878 69.57659171734704 20.626546868255122
61.62966187994716 77.88844668374941 52.37033812005284 74.11155331625059
70.35871354925621 84.24542175585857 75.64128645074379 75.75457824414143
87.5855846749015 33.484764344846226 80.4144153250985 26.51523565515377
67.66620674976251 9.796250140840858 58.33379325023749 6.203749859159141
6.823508358673611 30.140384025677633 9.176491641326388 39.85961597432237
81.4279596434183 87.97603187332696 90.5720403565817 92.02396812667304
15.355756163112156 79.41026222575927 10.644243836887844 70.58973777424073
79.97933491969431 16.454118660168085 70.02066508030569 15.545881339831915
31.801379650688368 70.14579468314163 34.19862034931163 79.85420531685837
52.39266107235884 51.984557882325575 51.60733892764116 42.015442117674425
29.956923615304863 95.65491088861994 20.043076384695137 94.34508911138006
22.180061332711798 33.67026647647732 31.819938667288202 36.32973352352268
85.99994156178126 95.97582607246726 76.00005843821874 96.02417392753274
29.386433666528006 82.32140420510683 22.613566333471994 89.67859579489317
46.43523761793603 83.0319980422905 47.56476238206397 92.9680019577095
36.85114768804801 18.209475946419634 45.14885231195199 23.790524053580366
41.97953705912783 10.027091804856314 34.02046294087217 3.9729081951436864
26.809667764673602 78.93400832091399 25.190332235326398 69.06599167908601
60.45849551215426 32.90841280677162 69.54150448784574 37.09158719322838
21.509545090416736 66.19904859086823 30.490454909583264 61.80095140913177
62.47889441910937 54.68212706879856 67.52110558089062 63.31787293120144
81.64444095724902 62.14819866221352 72.35555904275098 65.85180133778648
85.49836331649348 38.57231774983871 78.50163668350652 31.427682250161293
94.9555486293059 56.05837130531861 87.0444513706941 49.94162869468139
75.5464427185484 91.08083122981135 66.4535572814516 86.91916877018865
57.666855415633265 71.79456416145382 48.333144584366735 68.20543583854618
37.0488084039378 48.0913103023739 38.9511915960622 57.9086896976261
73.55382845487739 69.93538226212479 64.44617154512261 74.06461773787521
85.2718190838535 68.30815700166053 88.7281809161465 77.69184299833947
65.14314811120698 20.073966622050573 66.85685188879302 29.926033377949427
15.754544578469162 93.54735446855254 6.245455421530839 90.45264553144746
83.54733160236542 79.38349879911875 90.45266839763458 86.61650120088125
2.216229521533598 14.153386801541476 7.783770478466402 5.846613198458524
89.89197725179582 2.9662889340283676 80.10802274820418 5.033711065971632
91.61756540859166 38.54844665193176 84.38243459140834 45.45155334806824
42.478279888084046 95.97707226677032 41.521720111915954 86.02292773322968
31.48436638576906 86.23524872134827 34.515633614230936 95.76475127865173
15.998011865966083 89.00264901705052 8.001988134033917 82.99735098294948
36.83178791135791 85.50542521174931 41.16821208864209 76.49457478825069
33.551515723036225 51.48052048322107 26.44848427696377 58.51947951677893
8.230747866142504 15.498589302124254 17.769252133857496 18.501410697875745
72.28786011880494 45.650370542516505 79.71213988119506 52.349629457483495
61.77792933758056 25.72475192996803 54.22207066241944 32.27524807003197
93.57548796690284 11.792782643471474 96.42451203309716 2.207217356528526
73.25313661425128 60.463560842816 68.74686338574872 51.536439157184
35.37435353886481 26.42178263207517 26.625646461135194 21.57821736792483
19.91495405332431 45.0817262642812 10.085045946675692 46.9182737357188
11.713023921961334 96.66955248824954 2.2869760780386663 93.33044751175046
56.85645677274477 65.1894652640836 47.14354322725523 62.8105347359164
26.55111358823441 26.71802504500871 35.448886411765585 31.28197495499129
86.83812937681621 8.491528484218298 91.16187062318379 17.5084715157817
43.8428861081646 54.071557750296435 42.1571138918354 63.928442249703565
11.83282902977783 61.28209343221806 2.1671709702221698 58.71790656778194
48.710382536659495 5.676990267811128 39.289617463340505 2.3230097321888716
82.3085008841111 56.270885762705745 91.6914991158889 59.729114237294255
34.34895645380256 42.28725294821554 27.651043546197442 49.71274705178446
65.23363816625228 40.154575676499974 62.766361833747716 49.845424323500026
46.71119181282434 31.008347985784635 47.28880818717566 40.99165201421536
93.95863426108025 48.89035350438024 96.04136573891975 39.10964649561976
21.759993129099634 55.84379840209312 24.240006870900366 46.15620159790688
34.66857456381632 12.209912979185852 25.331425436183682 15.790087020814148
39.302967570906624 34.04882379703649 40.697032429093376 43.95117620296351
10.941071781440797 10.955117969631528 17.058928218559203 3.0448820303684716
21.019079291719795 76.57420144000548 16.980920708280205 67.42579855999452
5.00290256570129 51.82965554859272 14.99709743429871 52.17034445140728
55.027528563002576 89.03635812812647 62.972471436997424 82.96364187187353
80.08290371779633 75.11867645633042 77.91709628220367 84.88132354366958
19.15727472101984 11.244191252310724 28.84272527898016 8.755808747689276
60.3571738471196 59.27759359738997 63.6428261528804 68.72240640261003
5.361040067253005 24.13451058904962 14.638959932746996 27.86548941095038
95.87594354064719 32.92267436599238 94.12405645935281 23.07732563400762
47.14195776127823 46.07417382395914 48.85804223872177 55.92582617604086
81.99874207266981 9.112150305040576 72.00125792733019 8.887849694959424
6.2657773523323375 75.8371280419607 3.734222647667663 66.1628719580393
50.40401865336165 19.968998593537428 59.59598134663835 16.031001406462572
49.21278601030678 25.44311545514749 58.78721398969322 22.55688454485251
21.435958317354366 20.21063431018044 18.564041682645634 29.78936568981956
70.97125260263824 95.46460522904826 61.028747397361755 96.53539477095174
84.68452012625318 17.17615167094082 87.31547987374682 26.82384832905918
