96.588771059941 14.985744233139794 87.411228940059 11.014255766860206
79.3294010248404 47.730293395403606 72.6705989751596 40.269706604596394
49.967273488472664 2.428865960814281 40.032726511527336 3.571134039185719
44.996957777687214 19.174393142099195 35.003042222312786 18.825606857900805
13.365861803565172 91.56294220171728 4.634138196434828 96.43705779828272
29.002695402701434 73.83584531131089 38.997304597298566 74.16415468868911
68.3151563814334 89.25704152218576 61.68484361856661 96.74295847781424
62.16606849123376 73.79048770276707 69.83393150876624 80.20951229723293
14.194564652372234 13.003786974512868 13.805435347627766 22.99621302548713
58.52393982427236 58.45290990882565 51.47606017572764 65.54709009117435
82.34510937847911 41.71621356302502 75.65489062152089 34.28378643697498
41.50609514429015 69.97432082850774 40.49390485570985 60.02567917149226
75.29910481084929 88.70180343650433 78.70089518915071 79.29819656349567
62.04816608017063 54.035675471311436 67.95183391982937 45.964324528688564
96.14254381001993 21.79988049424712 87.85745618998007 16.20011950575288
24.40444182485095 36.261414334454315 27.59555817514905 45.738585665545685
38.107063059373644 89.970841073957 47.892936940626356 92.029158926043
36.89171171809976 66.13920051975101 29.10828828190024 59.860799480248986
67.674469098187 3.2253623890791605 58.325530901813 6.7746376109208395
8.011322349519844 54.0000128195763 7.988677650480155 63.9999871804237
49.585446590950816 56.993409030163534 40.414553409049184 53.006590969836466
27.58434228223901 84.7423474706847 24.41565771776099 75.2576525293153
23.181371677787393 61.932529540719585 24.818628322212607 52.067470459280415
63.32764919983616 88.26814378588486 56.67235080016384 95.73185621411514
49.57559675695494 76.7452602520276 46.42440324304506 67.2547397479724
68.03400154763811 68.9551919147731 75.96599845236189 75.0448080852269
36.19859983093293 5.85848372057395 41.80140016906707 14.14151627942605
59.600104877795296 26.800030588113735 62.399895122204704 17.199969411886265
9.115106895461274 83.99867486466336 8.884893104538726 74.00132513533664
52.10842796533087 14.080132186024105 53.89157203466913 23.919867813975895
85.11093278857767 50.04738808576149 94.88906721142233 47.95261191423851
63.0717820048512 61.155803700380325 72.9282179951488 62.844196299619675
90.45856499772384 65.02107259112341 89.54143500227616 74.97892740887659
78.20944345423602 28.995611417982555 77.79055654576398 19.004388582017445
83.76824452891331 64.32310880114063 80.23175547108669 73.67689119885937
93.74705390761584 84.05612394379511 92.25294609238416 93.94387605620489
55.464649316082834 74.21933034179331 52.535350683917166 83.78066965820669
21.027087538597172 68.51975152835222 30.972912461402828 67.48024847164778
14.05335193277513 64.0002846509757 13.94664806722487 73.9997153490243
54.747219806451824 91.46374074062966 59.252780193548176 82.53625925937034
30.038277985757066 32.94827252976211 21.961722014242934 27.051727470237893
18.374415869647624 76.2716307002153 21.625584130352376 85.7283692997847
40.55802027308878 82.70460981405998 49.44197972691122 87.29539018594002
12.999473334841078 35.072569788569545 3.0005266651589224 34.927430211430455
65.3847210091653 26.961998766972584 66.6152789908347 17.038001233027416
89.6320149894264 81.69549414402884 96.3679850105736 74.30450585597116
84.92566639981483 96.54941096353613 89.07433360018517 87.45058903646387
22.314576189968744 48.52674341810854 13.685423810031256 43.47325658189146
26.999091667151006 95.90469783097232 17.000908332848994 96.09530216902768
46.01194841591106 14.008933490446498 51.98805158408894 5.991066509553502
18.263165028278724 54.78837088973858 11.736834971721274 47.21162911026142
18.60991865698445 23.98476043013415 19.39008134301555 14.015239569865852
10.049407542027954 8.29883360386404 19.950592457972046 9.70116639613596
31.81415336527011 45.50310390497623 36.18584663472989 54.49689609502377
73.5706125224609 17.03266657559503 72.4293874775391 26.96733342440497
70.00242337086479 56.155652934188694 79.99757662913521 55.844347065811306
46.591902761982816 43.65853429889889 53.408097238017184 36.34146570110111
4.138100054215194 75.99809247363689 3.861899945784806 66.00190752636311
18.152059289125198 88.51316306110138 13.847940710874802 79.48683693889862
93.74882947776632 52.43519375285705 84.25117052223368 55.56480624714295
55.13790751225499 44.13120482115404 52.86209248774501 53.86879517884596
87.83812937681621 21.4915284842183 92.16187062318379 30.5084715157817
82.49704212757753 5.0247664252406 81.50295787242247 14.9752335747594
81.18068501678354 60.500598611195514 76.81931498321646 69.49940138880449
15.985241962124604 27.61612166110597 6.014758037875397 28.38387833889403
85.15425969829602 84.9976198280263 84.84574030170398 75.0023801719737
43.69998220010429 77.2940787478014 34.30001779989571 80.7059212521986
36.918503073627576 44.111854775117344 45.081496926372424 49.888145224882656
61.341903462754544 10.817178210771278 70.65809653724546 7.182821789228723
95.00184773321843 59.00000034141182 94.99815226678157 68.99999965858818
42.38159244858092 39.45067048438899 49.61840755141908 32.54932951561101
27.981136755928112 2.566091462699834 18.018863244071888 3.433908537300166
16.731097536985597 40.45556748499304 21.268902463014403 31.54443251500696
9.498225047605592 13.024884744858829 8.501774952394408 22.97511525514117
3.4198626549911424 91.98234034876621 2.5801373450088576 82.01765965123379
30.365639007166923 38.87688523573159 39.634360992833074 35.12311476426841
31.02392704603082 95.51143275101943 40.97607295396918 96.48856724898057
79.71296613312661 96.66971561291184 70.28703386687339 93.33028438708816
3.233680214802351 52.1650299934123 8.766319785197648 43.8349700065877
71.4072711130298 32.63865264388038 62.59272888697021 37.36134735611962
13.92544458575006 3.8602299882621063 4.07455541424994 2.1397700117378937
77.57201460952541 11.98164917527723 78.42798539047459 2.018350824722769
35.26904629672247 30.618047297653753 44.73095370327753 27.381952702346247
86.10048619615274 34.877389684255014 83.89951380384726 25.122610315744982
30.05706049009194 24.75322573070086 39.942939509908065 23.24677426929914
2.7549785994957485 20.993992842735654 3.2450214005042515 11.006007157264346
87.0585319948376 3.7628197388350113 96.9414680051624 2.2371802611649887
25.181641646024858 10.870005304049588 30.818358353975142 19.129994695950412
34.80275777895209 87.60949012347443 25.197242221047908 90.39050987652557
95.97980685337114 38.97326291035047 88.02019314662886 45.02673708964953
