85.16460908579288 4.233046591911716 76.83539091420712 9.766953408088284
74.63106129187479 18.251766277489644 69.36893870812521 9.748233722510355
69.49912976586351 57.569861006221 76.50087023413649 50.430138993779
17.126870230720574 13.364119838969174 20.873129769279426 22.635880161030826
3.072376937978804 62.000523869559046 2.927623062021196 71.99947613044095
39.88533062549118 61.87416784544112 42.11466937450882 52.12583215455888
90.8038126455405 83.75484833056663 83.1961873544595 90.24515166943337
51.98631508261344 80.010300359837 58.01368491738656 87.989699640163
14.514868858718524 27.79011343152932 23.485131141281478 32.20988656847068
96.5930957579442 87.0353008729724 95.4069042420558 96.9646991270276
82.9241657376573 28.132479517197517 73.0758342623427 29.867520482802483
58.98239579350599 69.5807958053003 49.01760420649401 70.4192041946997
38.36042116115574 79.13605037671385 47.63957883884426 82.86394962328615
92.56148545969324 39.29404148091051 87.43851454030676 30.705958519089492
90.996019359755 4.994699802604865 83.003980640245 11.005300197395135
2.0794533485692304 37.08547114541591 3.9205466514307696 46.91452885458409
79.007419912148 95.27229408069891 88.992580087852 94.72770591930109
33.12171239029667 40.527508866127334 28.878287609703328 31.47249113387267
89.89453311205624 17.978459195633842 80.10546688794376 20.021540804366158
20.924058816617208 43.00057673959621 21.075941183382792 52.99942326040379
65.56638043522055 59.96781775054192 64.43361956477945 50.03218224945808
20.654910888620012 87.04307638469514 19.345089111379988 96.95692361530486
35.81862832221254 45.0674704592804 34.18137167778746 54.9325295407196
57.99605207457151 92.80134535452267 48.00394792542849 93.19865464547733
15.008123308370585 74.10268569569811 12.991876691629415 83.89731430430189
37.82058262008053 89.1410746153539 44.17941737991947 96.8589253846461
47.01077348136552 38.014311162276286 54.98922651863448 31.98568883772371
43.970196574765815 3.545111005379788 34.029803425234185 2.454888994620212
17.94368683838267 83.95713910017385 24.05631316161733 76.04286089982615
74.21160044602986 40.56082325215468 83.78839955397014 43.43917674784532
8.65971399645958 73.41849085340604 13.34028600354042 64.58150914659396
74.32663087303781 62.60789751671901 81.67336912696219 69.392102483281
93.27400864812454 79.5947736078041 84.72599135187546 74.4052263921959
87.90764306543618 40.11934699466869 80.09235693456382 33.88065300533131
95.8885287344372 74.0812255206409 90.1114712655628 65.9187744793591
73.58852293416419 93.01368248191554 64.41147706583581 96.98631751808446
78.99142043122349 73.01140547605462 71.00857956877651 66.98859452394538
32.04240138421869 60.10986714350428 29.957598615781308 69.89013285649571
69.86429812163755 81.82711487331977 62.13570187836246 88.17288512668023
74.61759934455957 77.59280983401908 83.38240065544043 82.40719016598092
66.9308120990722 17.05283828190453 73.0691879009278 24.94716171809547
10.595040807123501 88.47500814317273 3.4049591928764986 81.52499185682727
66.53206015639249 90.24444058818773 75.46793984360751 85.75555941181227
4.9792026446000826 10.015682826680479 11.020797355399917 17.98431717331952
75.53406179758295 34.89232744106234 66.46593820241705 39.10767255893766
93.2561312174561 45.37600551452644 84.7438687825439 50.62399448547356
24.61336850578009 84.39363062976369 29.38663149421991 75.60636937023631
20.901680377169484 60.37575825209272 17.098319622830516 69.62424174790728
9.72993580109455 62.18896771554786 4.27006419890545 53.81103228445214
5.0021979566473105 92.85176122147129 14.997802043352689 93.14823877852871
29.84814352647778 43.002306570881984 30.15185647352222 52.997693429118016
28.00485626106851 10.22031574481533 37.99514373893149 9.77968425518467
63.12935671900019 42.87002919097375 72.8706432809998 45.12997080902625
74.72541270113393 5.634158745031238 65.27458729886607 2.3658412549687626
94.86449046453912 23.998163379262344 95.13550953546088 14.001836620737656
84.1319266552532 65.89756788601746 77.8680733447468 58.102432113982545
47.34372794075135 26.282543415419795 40.65627205924865 33.717456584580205
14.715611936471557 32.66222864390161 5.284388063528444 29.33777135609839
35.37754571117074 93.68675805674201 28.622454288829264 86.31324194325799
56.772452368547164 54.324701870336874 53.227547631452836 63.675298129663126
34.729907212359095 33.21760748200045 41.270092787640905 40.78239251799955
77.10244551699809 25.00695585108183 86.89755448300191 22.99304414891817
52.09966569997387 50.12242525958843 49.90033430002613 59.87757474041157
11.390122393323995 53.802869947393866 8.609877606676005 44.197130052606134
28.820401585894295 2.671945576902908 19.179598414105705 5.328054423097091
80.91588753572026 55.11555458031967 89.08411246427974 60.88444541968033
20.57900115619687 35.716455552193345 15.42099884380313 44.283544447806655
49.5047777056741 42.83044294325741 40.4952222943259 47.16955705674259
46.58237073395197 52.034031380663365 45.41762926604803 61.965968619336635
96.65550810737817 60.411342913999185 89.34449189262183 53.588657086000815
22.591702381420095 68.79757207527956 25.408297618579905 59.202427924720446
49.14806066131973 9.115451883082004 42.85193933868027 16.884548116917998
23.301133985974047 13.291006675779023 32.69886601402595 16.708993324220977
5.940536326095037 3.0809668244012673 14.059463673904963 8.919033175598733
25.071289396942806 48.999491756357195 24.928710603057194 39.000508243642805
3.80438535922114 33.28029086369846 12.19561464077886 38.71970913630154
41.056316215237324 73.25167477907357 50.943683784762676 74.74832522092643
50.98452990693933 87.3930160388933 41.01547009306067 86.6069839611067
2.069892145467535 22.166911443676426 11.930107854532466 23.833088556323574
62.85832072277554 21.35816371558593 59.14167927722446 30.64183628441407
25.29876135475752 20.297544361670873 34.70123864524248 23.702455638329127
96.44357097034752 37.98028561372387 95.55642902965248 28.019714386276128
57.2720191200832 40.007404923458225 56.7279808799168 49.992595076541775
60.99874207266981 5.112150305040576 51.00125792733019 4.887849694959424
36.48984725919439 66.2271229699194 33.51015274080561 75.7728770300806
51.047595863181854 13.964741667142103 56.952404136818146 22.035258332857897
58.90628089390053 17.927964115487192 65.09371910609947 10.072035884512808
42.68913879849603 25.26449507968453 33.31086120150397 28.73550492031547
68.98690925791483 76.63842559088991 59.01309074208517 77.36157440911009
95.26354449903909 6.2119560056948 88.73645550096091 13.7880439943052
