65.92998105393616 3.1661614018105846 56.07001894606384 4.833838598189415
73.03221723141297 15.956556138262265 64.96778276858703 10.043443861737735
87.11740759148168 10.922831780881337 96.88259240851832 13.077168219118663
26.47336695419237 46.59662647511865 19.52663304580763 39.40337352488135
12.949246530694179 94.28939548382266 3.050753469305821 95.71060451617734
54.97151708954224 84.46706676929519 45.02848291045776 85.53293323070481
85.8217282671854 84.140130987664 92.1782717328146 91.859869012336
34.58255396490447 70.65774242940303 43.41744603509553 75.34225757059697
27.559522849583672 23.052011545806796 18.440477150416328 18.947988454193204
60.97429392752737 96.50635947958376 51.02570607247263 95.49364052041624
53.66816423209392 13.208843194413456 44.33183576790608 16.791156805586542
52.98239579350599 89.5807958053003 43.01760420649401 90.4192041946997
78.2728981128194 88.22003466376962 71.7271018871806 95.77996533623038
83.81068678628984 60.637174756538315 74.18931321371016 63.362825243461685
81.64650426943149 17.987488422890806 82.35349573056851 8.012511577109192
38.28361983858315 53.339952358215704 47.71638016141685 56.660047641784296
83.8008674182284 91.28572559222465 92.1991325817716 96.71427440777535
34.11124945358413 5.048865146202562 43.88875054641587 2.951134853797438
96.6921336386878 18.727391651217047 87.3078663613122 15.272608348782953
60.07793996511812 59.12061100017196 69.92206003488188 60.87938899982804
51.41312894799694 70.25849810035737 54.58687105200306 79.74150189964263
5.609997144285597 79.01523342848087 6.390002855714403 88.98476657151913
19.818628322212536 87.0674704592804 18.181371677787464 96.9325295407196
9.82989726582578 33.50451485990773 14.17010273417422 24.495485140092267
25.99569770720024 67.58069561519619 30.00430229279976 58.41930438480381
37.83126744528465 60.23926298114861 46.16873255471535 65.76073701885139
31.470834584092998 44.028080454934134 32.529165415907 53.971919545065866
39.559766809650725 22.211918092031386 42.440233190349275 31.788081907968614
25.059094326758807 81.55632862659287 20.940905673241193 72.44367137340713
94.9006016568221 86.12814748929725 87.0993983431779 79.87185251070275
3.8335037758652275 34.99722713185511 4.1664962241347725 25.002772868144888
85.8902904274957 74.15214339727814 94.1097095725043 79.84785660272186
81.51931977548993 83.55167401626971 74.48068022451007 76.44832598373029
41.065541784243 68.91056180153836 32.934458215757 63.08943819846164
81.93442885340471 54.19289908271204 72.06557114659529 55.80710091728796
40.18663458805169 84.14703231232954 33.81336541194831 91.85296768767046
66.5409327669426 75.21762372774597 69.4590672330574 84.78237627225403
26.87572762400889 87.36517035043035 23.12427237599111 96.63482964956965
56.0002846509757 53.94664806722465 65.9997153490243 54.05335193277535
96.80096571130903 41.603315268632564 87.19903428869097 44.396684731367436
96.3542365764599 26.29202252041108 89.6457634235401 33.70797747958892
39.625744976347185 49.42196056698868 48.374255023652815 44.57803943301132
73.02409424903782 67.96814026388655 80.97590575096218 74.03185973611345
2.0507260620082404 20.71041360256934 11.949273937991759 19.28958639743066
64.21851460087804 19.173622631791936 57.78148539912196 26.826377368208064
83.05693423094253 38.752396705715995 92.94306576905747 37.247603294284005
55.53871191462731 31.64775219446291 60.46128808537269 40.35224780553709
10.162241638669121 80.0706835232438 11.837758361330879 89.9293164767562
96.95021478316845 48.29617217979068 87.04978521683155 49.70382782020932
13.767287706319594 53.322747156386384 10.232712293680406 62.677252843613616
19.586792575875066 24.01710328978735 20.413207424124934 33.98289671021265
17.015239569865845 14.609918656984537 26.984760430134155 15.390081343015463
66.99464661099735 33.9999971341218 67.00535338900265 24.0000028658782
71.03939511447373 31.906856249565813 72.96060488552627 22.093143750434187
77.60854702066186 11.265616302598737 72.39145297933814 2.734383697401264
46.15768538936918 34.19947158651752 53.84231461063082 27.800528413482485
80.93803589688454 35.21526980363974 71.06196410311546 36.78473019636026
23.531469998143013 56.68819531419827 18.468530001856987 65.31180468580173
7.49594672083989 50.76841941668806 10.504053279160111 41.23158058331194
64.8432444875888 40.221262227190344 73.1567555124112 45.778737772809656
59.812008970490886 83.99646468743892 60.187991029509114 74.00353531256108
54.8735293627367 9.176484446686407 63.1264706372633 14.823515553313593
57.00221393805226 69.85122339229284 66.99778606194775 70.14877660770716
15.88047054252699 85.92186668081757 14.11952945747301 76.07813331918243
20.976164708936857 4.487631817595354 11.023835291063142 3.5123681824046464
88.28189857451025 54.007953005660994 87.71810142548975 63.992046994339006
2.5798422680580844 59.62474725844075 7.420157731941916 68.37525274155925
66.97875263614796 65.46045867138082 57.02124736385205 64.53954132861918
58.03403138066336 88.41762926604804 67.96596861933664 89.58237073395196
95.72819411827928 66.37390640494797 86.27180588172072 69.62609359505203
51.67613263839348 2.7764571623191605 46.32386736160652 11.223542837680839
39.41136452249531 15.344512057924373 32.58863547750469 22.655487942075627
23.330716104582333 52.49897939597573 14.669283895417667 47.50102060402427
5.252359674057992 73.56841044866746 14.747640325942008 70.43158955133254
11.92123966967441 14.883968389493035 2.078760330325591 13.116031610506965
6.108399707707764 7.964506600481435 15.891600292292235 10.035493399518565
77.03321160024501 24.424662714523624 86.96678839975499 25.575337285476376
45.98464332622825 95.60842508981271 36.01535667377175 96.39157491018729
41.159738011434364 36.49050648941973 36.840261988565636 45.50949351058027
61.974242029309686 47.506869050001164 52.025757970690314 46.493130949998836
83.04029897772504 45.054497636973615 74.95970102227496 50.945502363026385
54.75285945863713 19.447477225144965 45.24714054136287 22.552522774855035
30.138548569349993 34.89223751559834 23.861451430650007 27.10776248440166
44.10414703344416 40.015196399651984 53.89585296655584 37.984803600348016
27.2271229699194 76.51015274080562 36.7728770300806 79.48984725919438
23.180520655281548 9.226697620674909 30.819479344718452 2.7733023793250915
34.932323395999305 29.000458033252354 35.067676604000695 38.99954196674765
2.852549830278853 51.99782537184416 3.147450169721147 42.00217462815584
50.19619351189939 51.33670908547556 53.80380648810061 60.66329091452444
93.81236727297356 6.356879224549129 84.18763272702644 3.643120775450871
