96.48790931532497 26.976137508150185 95.51209068467503 17.023862491849815
68.08320212457775 45.88573394647597 59.916797875422255 40.11426605352403
63.68986495254249 18.374151246165265 56.31013504745751 11.625848753834735
30.170397891603777 47.29419607269331 39.82960210839622 44.70580392730669
2.860744291120209 58.13152011098076 5.139255708879791 67.86847988901924
10.99919618890144 89.99939701546324 17.00080381109856 82.00060298453676
96.1698967809154 59.138792174571854 93.8301032190846 68.86120782542814
68.14211214202075 72.11063870449584 61.85788785797926 79.88936129550416
14.86607461317458 38.1874102865579 23.133925386825418 43.8125897134421
91.27452595206097 73.30716084764363 94.72547404793903 82.69283915235637
83.38992723254331 29.96264155651078 84.61007276745669 20.03735844348922
76.18426933697916 61.73713173150581 67.81573066302084 56.26286826849419
85.66098727267298 87.98849379780214 86.33901272732702 78.01150620219786
65.19325705374919 29.66215400069249 68.80674294625081 20.33784599930751
87.99339273307683 12.74303888765903 78.00660726692317 13.25696111234097
3.6431810440156145 22.041540748920188 2.3568189559843855 31.958459251079812
55.00630730643919 95.74893570091038 64.99369269356082 96.25106429908962
12.377704322058943 43.415720362257694 3.6222956779410573 38.584279637742306
68.70472885076673 4.307213409563035 59.29527114923327 7.692786590436965
23.14139989700699 74.89775604684846 28.85860010299301 83.10224395315154
62.413824496486995 58.74173462691189 65.586175503513 49.25826537308811
33.233046883772374 86.52635477324425 28.766953116227622 95.47364522675575
21.25432634692519 57.05591557483996 22.74567365307481 66.94408442516004
80.99875815325515 95.88856874197464 71.00124184674485 96.11143125802536
51.969149916163786 90.44542889483002 42.030850083836214 91.55457110516998
57.99982046708307 84.95762905550704 48.00017953291693 85.04237094449296
19.756287171772033 36.35596871585577 28.243712828227967 41.64403128414423
42.12900801344363 36.899911390250494 35.87099198655637 29.100088609749506
7.833210094991058 76.5061093537054 12.166789905008942 67.4938906462946
34.11424465184998 13.062729823625673 43.88575534815002 10.937270176374327
42.34869619880823 48.41584258293653 49.65130380119177 41.58415741706347
48.47882904945546 57.13518459060386 57.52117095054454 52.86481540939614
90.69058921662412 60.73158101193377 81.30941078337588 57.26841898806623
88.20944345423602 42.99561141798256 87.79055654576398 33.00438858201744
84.15925430930932 46.77499614242827 75.84074569069068 41.22500385757173
62.12521159392409 71.1746452779599 53.87478840607591 76.8253547220401
39.72564242915533 85.80823744131561 34.27435757084467 94.19176255868439
38.65650757495666 65.28233159040806 45.34349242504334 72.71766840959194
36.43055772444266 77.31736019003985 27.569442275557343 72.68263980996015
76.60962365080917 71.26617367209614 73.39037634919083 80.73382632790386
68.5397301000556 12.259644312640834 77.4602698999444 7.740355687359166
18.411736769276473 73.34485948051693 11.588263230723527 80.65514051948307
77.61097410932446 86.32379223759989 84.38902589067554 93.67620776240011
7.14623372933174 35.92656910588588 8.85376627066826 26.073430894114118
77.98957749032793 22.013846619964042 70.01042250967207 15.986153380035956
82.48127785540962 50.85963783905889 91.51872214459038 55.14036216094111
59.001738419251666 62.868162333094084 68.99826158074833 63.131837666905916
50.17058343189444 75.13381315746426 43.82941656810556 82.86618684253574
25.188967715547907 91.27006419890553 16.811032284452093 96.72993580109447
50.09779013992391 62.87385889507129 57.90220986007609 69.12614110492872
15.845923108938988 31.927921883894165 14.154076891061012 22.072078116105835
19.06820591742534 12.176952536556009 28.93179408257466 13.823047463443991
24.000670960139068 3.081909408514459 33.99932903986093 2.918090591485541
53.35061689340466 45.28875136461712 46.64938310659534 52.71124863538288
95.83957776278345 8.256378556794068 86.16042223721655 5.743621443205932
76.6335877097485 51.25020185109621 71.3664122902515 42.74979814890379
21.464335024454485 27.78076593613993 18.535664975545515 18.21923406386007
17.000362535709932 61.5824174543278 12.999637464290068 52.4175825456722
11.51268972784359 96.15305165293705 2.48731027215641 91.84694834706295
89.99419065543987 67.24095579909418 80.00580934456013 66.75904420090582
29.55105922334699 31.214545933168708 32.44894077665301 40.78545406683129
73.00431914766051 2.7922192945228463 82.99568085233949 3.2077807054771537
45.701576555394034 14.792686829418887 40.298423444605966 23.207313170581113
45.40298361541526 33.96422918855862 46.59701638458474 24.03577081144138
35.917806072195276 7.097124905493987 26.08219392780472 8.902875094506014
92.14575664995773 87.35653345023096 95.85424335004227 96.64346654976904
49.864238300143924 70.09830928066546 44.135761699856076 61.90169071933454
51.31320549475528 30.293119472827442 54.68679450524472 39.70688052717256
58.12210979423001 33.901734485448436 67.87789020576999 36.098265514551564
92.82365592077325 45.996889308932275 93.17634407922675 36.003110691067725
30.780007938575842 66.4801378602911 35.21999206142416 57.5198621397089
55.19233009908769 7.724769410479238 46.80766990091231 2.2752305895207616
50.12587448050602 14.364522296765799 53.87412551949398 23.6354777032342
9.005627883117363 6.762835166803234 18.994372116882637 7.237164833196766
8.854781899705792 86.1049019848362 3.1452181002942092 77.8950980151638
23.716569789822763 50.229179657568466 30.283430210177237 57.770820342431534
41.00435842688763 96.20872295750902 50.99564157311237 95.79127704249098
71.88163642552068 84.91850760103011 62.11836357447932 87.08149239896989
2.6561385921773244 13.816018741301248 5.343861407822676 4.183981258698752
56.77501013418986 18.15238204592581 59.22498986581014 27.84761795407419
12.1845426592532 11.502470303610774 7.8154573407468 20.497529696389226
93.13237596068461 30.870084669044637 90.86762403931539 21.129915330955363
32.111425219117926 51.95031594671358 41.888574780882074 54.04968405328642
72.71346443141336 34.99178298485969 73.28653556858664 25.00821701514031
9.600114977575803 59.73704887651981 6.399885022424197 50.26295112348019
25.09507404596822 25.97041299737042 34.90492595403178 24.02958700262958
38.63643134750977 2.5588386749326437 47.36356865249023 7.441161325067356
26.134308485925494 20.151106463305343 35.865691514074506 17.848893536694657
71.97125260263824 90.46460522904826 62.028747397361755 91.53539477095174
79.15235709965322 28.002321807660557 78.84764290034678 37.99767819233944
