96.8338385981895 34.929981053936146 95.1661614018105 25.070018946063854
67.08320212457775 50.88573394647597 58.916797875422255 45.11426605352403
66.11660304683816 43.90983189516366 59.883396953161835 36.09016810483634
32.33206045313441 35.20825772310628 41.66793954686559 38.79174227689372
2.289395483822708 52.05075346930582 3.710604516177292 61.94924653069418
26.80043443675376 78.85397182310257 29.19956556324624 69.14602817689743
95.263668903404 73.05451554282234 96.736331096596 82.94548445717766
74.19020496517389 68.27196364580087 65.80979503482611 73.72803635419913
32.13270616574147 30.855687660212972 41.86729383425853 33.14431233978703
77.52249487880846 77.22328788633303 80.47750512119154 86.77671211366697
92.69514110684013 36.95144209716534 91.30485889315987 27.048557902834663
73.88725223845128 61.055824586639744 64.11274776154872 58.944175413360256
77.47122064707185 94.7786514632927 74.52877935292815 85.2213485367073
59.529885594780644 26.76019433078973 56.470114405219356 17.23980566921027
91.45288551408764 14.2741615154664 82.54711448591236 9.7258384845336
3.946837500351627 37.00028263312503 4.053162499648373 46.99971736687497
53.26895719193405 93.38221325625179 62.73104280806595 96.61778674374821
16.72208520140537 53.338574808728886 9.277914798594628 46.661425191271114
70.97450043799054 12.495673327661615 61.02549956200946 13.504326672338385
14.28630752826881 67.80049131815763 19.71369247173119 76.19950868184237
51.01538457180885 63.608070117190834 60.98461542819115 64.39192988280917
33.61445333873174 82.73800120370801 28.385546661268254 91.26199879629199
26.020502201334004 44.98470513315093 31.979497798665996 53.01529486684907
93.89570688461262 95.01590063488345 84.10429311538738 92.98409936511655
53.99573024145365 88.79341017782706 44.00426975854635 89.20658982217294
71.58580335938393 78.00741184660176 62.41419664061606 81.99258815339824
36.04775101353248 43.31063074043626 45.95224898646752 44.68936925956374
40.484018100974446 20.21214413412271 31.51598189902555 15.787855865877292
13.2023282695095 82.99590464994652 12.7976717304905 73.00409535005348
28.12287285165499 7.898350882142556 37.87712714834501 10.101649117857445
46.5324715717216 60.60225576536163 53.4675284282784 53.39774423463837
55.37327822980736 57.89563858929531 64.62672177019263 54.10436141070469
96.65965456156769 64.81317935319741 87.34034543843231 61.18682064680258
79.40526528874524 33.7388628594547 82.59473471125476 24.261137140545298
72.50498155057876 38.16913375081967 63.49501844942124 33.83086624918033
57.97619842651227 74.48728761525085 48.02380157348773 73.51271238474915
38.216173254545566 87.171654456982 31.783826745454434 94.828345543018
35.65650757495666 77.28233159040806 42.34349242504334 84.71766840959194
50.709954044921126 80.6781933424761 41.290045955078874 77.3218066575239
86.9975890420266 72.15525387922871 77.0024109579734 71.84474612077129
68.0358734166343 7.597868935739312 77.9641265833657 6.402131064260688
21.411736769276473 82.34485948051693 14.588263230723527 89.65514051948307
82.99246924378494 76.42071836825353 87.00753075621506 85.57928163174647
9.14623372933174 31.926569105885882 10.85376627066826 22.073430894114118
90.98149088406743 18.570176115190076 81.01850911593257 19.429823884809924
81.7297606556388 42.399027885218764 90.2702393443612 47.600972114781236
62.1973511518867 71.24651532230214 69.80264884811331 64.75348467769786
37.37462765677412 65.59987005968193 32.62537234322588 74.40012994031807
28.340254577563428 82.58149250173847 23.659745422436572 91.41850749826153
38.08236904729557 74.06047160115929 43.91763095270443 65.93952839884071
24.541658941649622 21.978948028874196 25.458341058350378 12.021051971125804
11.032392629630127 11.568222679806894 20.967607370369873 10.431777320193106
46.047917446531685 4.690563815758375 55.952082553468315 3.3094361842416253
48.2853363586482 50.2308402779208 41.7146636413518 57.7691597220792
90.11800873734119 8.835842738795934 81.88199126265881 3.164157261204066
93.06342770879009 58.95163392446936 86.93657229120991 51.04836607553064
28.464335024454485 40.78076593613993 25.535664975545515 31.21923406386007
14.909387975864558 60.06638188146351 9.090612024135442 51.93361811853649
17.68355343887344 93.24947802492605 8.316446561126563 96.75052197507395
90.38312075721791 69.40587872255556 81.61687924278209 64.59412127744444
29.591617129577802 19.640728826995904 38.4083828704222 24.359271173004096
73.23453038058751 17.513373485447865 82.76546961941249 14.486626514552135
47.24699305614637 19.533343285450513 42.75300694385363 28.466656714549487
55.37910687995793 35.41317693796065 46.62089312004207 30.58682306203935
40.99987616253025 2.964809669484913 31.000123837469747 3.035190330515087
91.41075603834614 80.03484224282305 92.58924396165386 89.96515775717695
38.83077818267385 60.71020073274857 29.16922181732615 63.28979926725143
47.07525046542721 37.90220383322745 54.92474953457279 44.09779616677255
74.03913653748103 48.97094458261988 79.96086346251897 57.02905541738012
96.708364298588 52.699094745087606 93.291635701412 43.300905254912394
20.017522659559695 67.59018339444523 23.982477340440305 58.40981660555477
75.97280535652393 2.4792247258875997 66.02719464347607 3.5207752741124003
52.82432482734806 19.003087129665587 53.17567517265194 28.996912870334413
14.034337705037744 3.4150231009773235 23.965662294962257 4.584976899022676
9.636035549669014 90.24868409991625 4.363964450330986 81.75131590008375
12.80438535922114 43.28029086369846 21.19561464077886 48.71970913630154
39.02212849561327 96.46988858872567 48.97787150438673 95.53011141127433
66.26357843526 85.38812348561692 57.73642156474 90.61187651438308
2.5524569599421447 12.621387439497276 9.447543040057855 5.378612560502724
81.69059410729263 47.17449938263985 84.30940589270737 56.82550061736015
15.645464001027927 26.589086236442093 20.354535998972075 35.41091376355791
88.26949129754361 40.992732161907774 87.73050870245639 31.007267838092226
32.590132452299144 46.64350510042249 41.409867547700856 51.35649489957751
67.01519639965211 26.895852966555815 64.98480360034789 17.104147033444185
3.703985469839691 72.44165704183615 8.29601453016031 63.55834295816384
43.020507964205194 15.452392601018275 52.979492035794806 14.547607398981725
45.013584395150495 9.631680280580376 54.986415604849505 10.368319719419624
8.057397315969636 17.24456720496404 17.942602684030362 18.75543279503596
72.95310887246112 93.68316359501003 63.046891127538885 92.31683640498997
76.58735368975829 22.034618278205862 75.41264631024171 31.965381721794138
