65.99013396917226 2.686052600404026 56.00986603082774 3.313947399595974
62.92124038150632 25.057875630604862 57.07875961849368 16.942124369395138
66.04345071472122 69.65773792851134 75.95654928527878 68.34226207148866
3.719626060326886 4.226520595536066 10.280373939673114 11.773479404463934
4.375879974344402 67.03910550469216 5.624120025655598 76.96089449530784
35.66154189459703 66.98853145834393 36.33845810540297 57.01146854165607
93.71229010763304 87.67162254755783 84.28770989236696 84.32837745244217
65.6162632288449 87.19528642392147 68.3837367711551 96.80471357607853
20.892754931313178 43.85140981722161 29.107245068686822 38.14859018277839
95.80177061716373 91.60608503123643 86.19822938283627 94.39391496876357
76.96264155651077 21.610072767456778 67.03735844348923 20.389927232543222
43.29438065193991 71.439083207864 34.70561934806009 76.560916792136
53.66498487258952 85.50848563216618 62.33501512741048 90.49151436783382
78.32211828228095 30.513820509497997 69.67788171771905 25.486179490502003
86.7567405719585 2.4594094862410922 77.2432594280415 5.540590513758907
8.494437091722805 40.22855810274472 5.505562908277195 49.77144189725528
70.86076542168934 90.80477041943139 79.13923457831066 85.19522958056861
37.05529843979287 50.90994286750286 38.94470156020713 41.09005713249714
96.46336172504283 11.746468968169566 87.53663827495717 16.253531031830434
20.48861934817684 28.026219764712064 21.51138065182316 37.97378023528793
77.08918295940803 61.91634135496787 78.91081704059197 52.08365864503213
24.568300896906674 79.03240157716276 23.431699103093326 88.96759842283724
43.81862832221254 47.0674704592804 42.18137167778746 56.9325295407196
38.91269115552109 95.93030404194806 29.087308844478915 94.06969595805194
12.34728694734426 86.18493843429643 9.65271305265574 95.81506156570357
41.888414394971335 86.086173864033 48.111585605028665 93.913826135967
50.547949155676505 42.27579508733947 59.452050844323495 37.72420491266053
36.93485618737206 18.804483940147787 27.06514381262794 17.195516059852213
18.44836905684103 86.35952852513931 13.551630943158969 77.64047147486069
87.67199781048687 60.7315414276939 94.32800218951313 53.2684585723061
6.717621621525698 62.6957188975989 3.2823783784743026 53.3042811024011
88.55463566904047 70.63878534249106 93.44536433095953 79.36121465750894
77.9124498484533 72.06842258162239 68.0875501515467 73.93157741837761
81.65525527331984 36.17555533374457 72.34474472668016 39.82444466625543
86.13594811816525 79.52081028539203 81.86405188183475 70.47918971460797
84.47827869624402 89.7762599255383 75.52172130375598 94.2237400744617
63.981227011953294 74.5671288235666 54.018772988046706 75.4328711764334
24.1488602934751 61.11610004606505 17.8511397065249 68.88389995393496
71.94363330900933 83.74865860447436 62.05636669099067 82.25134139552564
71.00003707194126 79.01925403953231 80.99996292805874 78.98074596046769
57.74035568735915 25.53973010005562 62.25964431264085 34.46026989994438
5.348380134993109 89.23897535868055 10.651619865006891 80.76102464131945
45.342420294068845 77.18149751638931 54.657579705931155 80.81850248361069
15.70862923884416 3.2361085944718813 22.29137076115584 10.763891405528119
75.28480389852749 43.230376232537445 68.71519610147251 50.769623767462555
95.82089463236699 37.871737233038196 90.17910536763301 46.128262766961804
27.53705257383064 89.3513089956846 32.462947426169364 80.6486910043154
16.67779674365283 47.612698550117415 9.32220325634717 54.387301449882585
12.737215443250015 45.45867761222246 17.262784556749985 36.54132238777754
14.114791830258397 96.06524229088498 23.885208169741603 93.93475770911502
32.109910705119006 41.001208182280415 31.890089294880994 50.998791817719585
14.257677476071496 18.415583047603825 23.742322523928504 21.584416952396175
79.58275130222438 42.34262970654766 88.41724869777562 37.65737029345234
59.97190641240087 8.529288792935487 50.02809358759913 7.470711207064512
94.73447112136152 27.94576103060853 93.26552887863848 18.05423896939147
81.19921057546034 62.93545705052181 82.80078942453966 53.06454294947819
67.00700635667647 7.005264367832673 60.99299364332353 14.994735632167327
9.46839739498968 27.348219670210806 4.53160260501032 18.651780329789194
27.82469582949138 74.93151871017636 26.17530417050862 65.06848128982364
56.11133166403836 48.07960686645272 57.88866833596164 57.92039313354728
41.796417114859175 62.161112570283834 48.203582885140825 69.83888742971617
73.34413773716119 14.177104887967097 82.65586226283881 17.822895112032903
73.49704212757753 54.0247664252406 72.50295787242247 63.9752335747594
21.60736335119397 74.94221598955282 12.392636648806029 71.05778401044718
49.99987616253025 2.964809669484913 40.00012383746975 3.035190330515087
82.54130231755326 45.38926457055664 89.45869768244674 52.61073542944336
12.626088471171913 22.19246766927634 15.373911528828087 31.80753233072366
52.4019895374134 54.200580729194066 49.5980104625866 63.799419270805934
63.972830495803436 41.00007381874075 64.02716950419656 50.99992618125925
96.11141654941231 73.53231951156003 91.88858345058769 64.46768048843997
15.38159244858092 62.45067048438899 22.618407551419082 55.54932951561101
33.4947928642378 22.809831717059865 24.5052071357622 27.190168282940135
42.194016468118754 27.379319502974653 51.805983531881246 24.620680497025347
25.00396269967338 5.199025862000667 34.99603730032662 4.800974137999333
20.33235548864959 51.39829129686689 27.66764451135041 44.60170870313311
2.962521245854685 25.43396448476291 7.037478754145315 34.56603551523709
61.08112534578474 65.1052248621556 68.91887465421526 58.894775137844405
61.99527258348133 94.78262516999484 52.00472741651867 95.21737483000516
12.96251240040545 7.028392128833797 19.03748759959455 14.971607871166203
67.98414249306563 33.00002514611585 68.01585750693437 42.99997485388415
29.84708143508585 30.11939379438989 36.152918564914145 37.880606205610114
91.47891467819369 30.591260595090326 84.52108532180631 23.408739404909674
55.01035408986841 61.00001072072919 54.98964591013159 70.9999892792708
43.673700272644716 7.608256155490195 36.326299727355284 14.391743844509804
28.317455825379433 55.29159845590349 31.682544174620567 64.70840154409652
49.41052658945653 12.722778067940784 54.58947341054347 21.277221932059216
38.66011233789718 22.48301733387581 47.33988766210282 17.51698266612419
49.48204154321115 30.78385388457138 40.51795845678885 35.21614611542862
48.7028338616275 83.69804407184556 39.2971661383725 80.30195592815444
92.18124675022523 5.258253182051455 83.81875324977477 10.741746817948545
