48.12556454885587 7.824839314584754 39.87443545114413 2.1751606854152468
71.48107401724363 22.340998931232143 66.51892598275637 13.659001068767859
72.6958274930979 68.43743045674368 77.3041725069021 59.562569543256316
2.027379610950989 6.477461516810423 11.97262038904901 7.522538483189577
2.9851130252186318 76.00002216225093 3.0148869747813682 85.99997783774907
53.086455689890784 96.93367401729488 46.913544310109216 89.06632598270512
94.74659760056483 80.68895689858289 87.25340239943517 87.31104310141711
39.98631508261344 70.010300359837 46.01368491738656 77.989699640163
12.329565904353862 24.395278125502873 19.670434095646137 17.604721874497127
95.85541282199125 94.1937195349172 86.14458717800875 91.8062804650828
84.56802477105246 18.966985073578883 75.43197522894754 23.033014926421117
43.90493456607594 85.97036946701422 34.09506543392406 84.02963053298578
47.457548300622385 83.47139744975767 54.542451699377615 90.52860255024233
78.32211828228095 39.513820509498 69.67788171771905 34.486179490502
76.85261955272162 2.7949757361182357 67.14738044727838 5.205024263881764
24.347077647930043 35.52959195215305 15.652922352069957 40.47040804784695
59.107063059373644 88.970841073957 68.89293694062636 91.029158926043
52.355756163112154 49.41026222575927 47.644243836887846 40.58973777424073
94.95380273750655 2.965765328107598 89.04619726249345 11.034234671892403
29.05024811760204 32.29292411814723 38.94975188239796 33.70707588185277
75.07079053927887 47.90321621401467 66.92920946072113 42.09678378598533
19.114372594901628 65.08839120819506 12.885627405098372 72.91160879180494
45.47255831736442 49.02238122826891 44.52744168263558 58.97761877173109
30.970024495257164 95.45332229189057 21.029975504742836 96.54667770810943
17.357438421610947 83.5479130517315 8.642561578389053 88.4520869482685
38.08774481663906 89.88643943687208 45.91225518336094 96.11356056312792
50.1296294310639 33.13114566756057 59.8703705689361 30.868854332439433
37.989345653534485 16.6737639664958 28.010654346465515 17.3262360335042
2.9023988299852133 71.87803973657269 5.097601170014787 62.12196026342731
80.54379622175006 63.61312267204019 87.45620377824994 56.38687732795981
2.4853204090824708 58.973439948234315 3.5146795909175292 49.026560051765685
81.1501052586711 75.00225366676946 80.8498947413289 84.99774633323054
67.92001451393185 76.89076213587018 58.07998548606815 75.10923786412982
73.63282852700729 52.56451504247769 66.36717147299271 59.43548495752231
82.84640339667128 95.19455488449888 75.15359660332872 88.80544511550112
69.99987371645513 95.96446382827052 60.00012628354487 96.03553617172948
90.83209758313137 44.7882982527391 83.16790241686863 51.2117017472609
40.78504303015009 49.06201382739757 39.21495696984991 58.93798617260243
70.83829543504388 82.26130776705513 61.161704564956125 79.73869223294487
83.86838457394362 68.89781795666315 90.13161542605638 61.10218204333685
64.21895941373444 21.327966777721414 67.78104058626556 30.672033222278586
18.363187265923614 72.87082005257243 27.636812734076386 69.12917994742757
56.04083474855739 84.36228532329567 65.95916525144261 85.63771467670433
6.025876044404061 12.491973549540372 15.974123955595939 13.508026450459628
60.881069597950365 60.12680856569649 63.118930402049635 69.87319143430351
96.29176612937223 39.00852000647592 95.70823387062777 48.99147999352408
36.478279888084046 78.97707226677032 35.521720111915954 69.02292773322968
26.368578842911305 47.30504714792051 19.631421157088695 54.69495285207949
15.139679540954845 35.92542878415152 16.860320459045155 26.07457121584848
17.07617546676766 90.09896773658649 24.92382453323234 83.90103226341351
31.5666134153373 44.25176639086858 28.4333865846627 53.74823360913142
26.01558807627969 22.394509536861676 35.98441192372031 21.605490463138324
71.50837911561469 27.8033339282099 80.49162088438531 32.1966660717901
56.565004759974244 16.03978713139692 47.434995240025756 11.96021286860308
95.08427379736726 17.91542933239934 96.91572620263274 8.08457066760066
84.53643915718405 35.25313661425136 93.46356084281595 30.74686338574864
61.91014851238872 3.0008073941711304 62.08985148761128 12.99919260582887
8.46839739498968 28.348219670210806 3.531602605010321 19.651780329789194
7.380391991232962 82.91290926218036 16.619608008767038 79.08709073781964
50.76167089249399 54.058354782916176 49.23832910750601 63.941645217083824
47.001719358407314 71.99871105838999 52.998280641592686 80.00128894161001
72.00431914766051 13.792219294522846 81.99568085233949 14.207780705477154
73.0579877453265 59.04415483753055 66.9420122546735 66.95584516246946
20.785140585401567 60.44997571632864 11.214859414598433 57.55002428367136
35.84284516094735 10.756275453692075 26.15715483905265 13.243724546307925
91.98483155936476 55.42407428427124 96.01516844063524 64.57592571572876
38.43408326539812 63.962255076639245 47.56591673460188 68.03774492336076
62.29895626469448 35.24275532289511 55.70104373530552 42.75724467710489
55.346493989837725 61.281322444332815 58.653506010162275 70.71867755566718
86.20250383329916 76.14415434042871 91.79749616670084 67.85584565957129
23.677712173245126 56.26337002150382 30.322287826754874 63.73662997849618
30.993245571568906 27.740194953845158 21.006754428431094 28.259805046154842
21.76038410011894 42.65059559749799 30.23961589988106 37.34940440250201
23.252359674057992 8.56841044866746 32.74764032594201 5.431589551332539
8.144681518470833 51.19410319609375 17.855318481529167 48.80589680390625
7.420412779007661 35.62488834665715 2.5795872209923396 44.37511165334285
82.68709979128549 44.5296030893542 91.31290020871451 39.4703969106458
14.999803255605705 96.04435544199525 5.000196744394295 95.95564455800475
15.93378038885794 3.4468981431850265 20.06621961114206 12.553101856814973
68.645935323667 48.57842790290236 61.35406467633299 55.42157209709764
35.34066840492069 48.01161899631867 34.65933159507931 57.98838100368133
96.37688563463638 26.417203371939095 87.62311436536362 21.582796628060905
58.963182443500706 45.40153126643982 55.036817556499294 54.59846873356018
42.32879400667063 13.045256564208522 43.67120599332937 22.954743435791478
31.616986473954853 71.54783997369363 24.383013526045147 78.45216002630637
50.00049823921203 25.929415696660133 59.99950176078797 26.070584303339867
36.03969446915515 28.37121622105051 45.96030553084485 29.62878377894949
43.92333549592327 35.90041315875349 36.07666450407673 42.09958684124651
32.82629403919986 88.6935215856418 23.17370596080014 91.3064784143582
89.03202455537811 3.043181103816475 80.96797544462189 8.956818896183524
