95.75055190382128 17.30656323344082 88.24944809617872 10.69343676655918
71.50349545055462 39.827782532333885 62.496504549445376 44.172217467666115
37.99546315699807 4.212950339456993 28.004536843001926 3.787049660543007
36.85145337247263 28.790289218563405 27.14854662752737 31.209710781436595
11.420946456823026 82.0177511021138 10.579053543176974 91.9822488978862
12.664707893269892 72.50896761375456 21.33529210673011 77.49103238624544
80.81741770011853 90.33883781787964 71.18258229988147 87.66116218212036
56.65005782810197 58.28814231887332 63.34994217189803 65.71185768112667
14.810572346955626 30.339331831546083 11.189427653044374 39.66066816845392
43.89637121795606 65.00107400779606 44.10362878204394 74.99892599220394
59.45470047489402 41.27060425415329 50.54529952510598 36.72939574584671
59.33327199566948 70.72683482366547 52.66672800433052 63.27316517633453
81.8538384256226 95.20010521953266 72.1461615743774 92.79989478046734
76.11904790734846 41.086577423694145 81.88095209265154 32.913422576305855
94.63414717635226 21.877413099961327 85.36585282364774 18.122586900038673
31.40444182485095 40.261414334454315 34.59555817514905 49.738585665545685
57.76540185555185 90.6586046255576 66.23459814444816 85.3413953744424
35.33551674327247 56.80072095220458 44.66448325672753 53.19927904779542
69.92720275466368 12.14989823289524 60.07279724533632 13.85010176710476
14.584888919755901 17.72000592611121 9.415111080244099 26.27999407388879
60.627124282321184 52.441506856101846 53.372875717678816 45.558493143898154
7.086561306561641 66.91585493615604 8.913438693438358 57.08414506384397
26.93263317577415 65.55258107166587 31.06736682422585 56.44741892833414
67.32764919983616 76.26814378588486 60.67235080016384 83.73185621411514
36.9065603140026 79.87897424189613 39.0934396859974 70.12102575810387
73.10062819131186 65.00192391060007 82.89937180868814 66.99807608939993
43.951062941784386 2.0663830006955046 52.048937058215614 7.933616999304496
27.025079194405578 35.50016295151053 36.97492080559442 34.49983704848947
16.289488012406835 93.99161263427689 15.710511987593165 84.00838736572311
48.93076874014908 20.08739686598222 47.06923125985092 29.91260313401778
60.471850318666306 37.12034442094617 69.5281496813337 32.87965557905383
74.68234675754383 45.17674488206929 77.31765324245617 54.82325511793071
94.41336703626565 41.03453307675298 95.58663296373435 50.96546692324702
75.73047968568335 18.946352133522637 74.26952031431665 9.05364786647736
90.99600922784633 71.80027069500349 81.00399077215367 72.19972930499651
92.671612153033 58.179690287125695 95.328387846967 67.8203097128743
48.65412915031248 64.01197700934163 49.34587084968752 73.98802299065837
42.192891158697435 60.37539252138096 51.807108841302565 57.62460747861904
15.575672227514293 58.03325041033185 14.424327772485707 67.96674958966815
69.07182941543932 82.09345694306423 76.92817058456068 75.90654305693577
19.588657511554885 9.481599813987916 12.411342488445115 2.5184001860120833
3.611715334269766 57.03756064522505 2.388284665730234 66.96243935477494
32.724166917228075 65.0527197091743 31.27583308277193 74.9472802908257
17.722788530053755 44.35827270827561 8.277211469946247 47.64172729172439
75.76962376746262 32.28480389852742 68.23037623253738 25.71519610147258
84.65488541579157 82.4738591815419 93.34511458420843 77.5261408184581
93.00538050005525 96.58492017928776 96.99461949994475 87.41507982071224
19.446601263561337 63.96928061579421 20.553398736438663 54.03071938420579
36.993562074354834 95.2536489888903 27.00643792564517 94.7463510111097
57.00403173677397 5.200751370700803 66.99596826322603 4.799248629299197
32.45696098713478 82.61239819696391 25.543039012865222 75.38760180303609
13.218150125046215 9.684624652083155 4.781849874953785 4.315375347916845
33.95806398977493 8.056744440378 42.04193601022507 13.943255559622
35.79118472440392 40.16548509885523 42.20881527559608 47.83451490114477
60.75536961001102 25.3182612703986 57.24463038998898 34.6817387296014
78.94386121892663 43.9236515162845 87.05613878107337 38.0763484837155
70.8280908238017 58.99704384963138 71.1719091761983 49.00295615036862
2.4203232976879336 81.74390361581814 5.579676702312066 72.25609638418186
46.903067213946386 95.07089679939317 41.096932786053614 86.92910320060683
96.92211371613594 25.94275322047448 91.07788628386406 34.05724677952552
59.461146341286145 74.7420865114825 50.538853658713855 79.2579134885175
79.48662651455213 16.23453038058752 82.51337348544787 25.76546961941248
81.45177133981207 2.030146346606516 82.54822866018793 11.969853653393484
83.70740136612827 76.64512666253549 76.29259863387173 83.35487333746451
6.260071924936826 36.16138255862421 3.739928075063174 45.83861744137579
90.18927116580853 92.66060737340399 93.81072883419147 83.33939262659601
21.565916734601906 82.03774492336069 12.434083265398092 77.96225507663931
64.16401674631214 72.27014407452485 73.83598325368786 69.72985592547515
47.45704563868041 49.91156382166768 56.54295436131959 54.08843617833232
90.21535327474174 49.17096574596054 83.78464672525826 56.82903425403946
80.92230334165404 60.10649175523652 89.07769665834596 65.89350824476348
41.043981243750586 19.940444813322202 32.956018756249414 14.059555186677796
26.00117841184235 55.999999861134555 25.99882158815765 46.000000138865445
2.403801112555932 7.726856972106575 7.596198887444068 16.273143027893425
3.6904810784564943 96.82546994541667 6.309518921543505 87.17453005458333
11.546855476668789 52.27365429525362 20.45314452333121 47.72634570474638
45.28993279412743 83.32212428464926 54.71006720587257 86.67787571535074
62.58558853684458 93.006917520332 53.41441146315542 96.993082479668
21.446898143185017 23.066219611142042 30.553101856814983 18.933780388857958
49.6418362844141 41.85832072277545 40.3581637155859 38.14167927722455
48.54128035033965 13.529778106382649 41.45871964966035 6.470221893617351
52.379557593018376 31.73013386762527 55.620442406981624 22.26986613237473
16.198497718603846 38.66418154986751 19.801502281396154 29.335818450132493
52.28057012869044 16.348642470634818 61.71942987130956 19.651357529365182
64.15415994166733 55.35318663178147 67.84584005833267 64.64681336821853
5.884662437475991 30.921114952093582 4.115337562524009 21.078885047906418
87.0000383681104 4.980412258122179 96.9999616318896 5.019587741877821
23.36380267504357 3.0406398634785274 24.63619732495643 12.959360136521472
30.996490132435138 89.8126864754528 21.003509867564862 90.1873135245472
77.73051035183373 27.32915792879541 70.26948964816627 20.67084207120459
