93.26775127278536 14.605052604773842 84.73224872721464 9.394947395226158
69.87671376353258 34.8965223751376 60.12328623646743 37.1034776248624
36.99098582788803 3.3001007594472505 27.009014172111968 2.6998992405527495
43.72310761310102 20.806590298161737 38.27689238689898 29.193409701838263
15.613757645772388 87.26758135191832 12.386242354227612 96.73241864808168
18.277359182627823 62.66204473594468 25.722640817372177 69.33795526405532
79.35042562330939 93.46450743477334 70.64957437669061 88.53549256522666
67.6162632288449 50.19528642392148 70.3837367711551 59.80471357607852
6.905125126393965 28.46001109429394 11.094874873606035 37.53998890570606
46.28792782278219 73.05096441572378 47.71207217721781 82.94903558427622
63.64897593755966 60.24062807638561 58.35102406244034 51.75937192361439
66.59599882095864 70.96895780496861 57.40400117904136 67.03104219503139
75.95269374521878 96.68616664599116 66.04730625478122 95.31383335400884
74.39222337889927 43.46178391183491 81.60777662110073 36.53821608816509
86.9874884228908 20.353495730568596 77.0125115771092 19.646504269431404
27.160119819424622 46.884774543238834 32.83988018057538 55.115225456761166
55.59026224004285 90.35673776403063 64.40973775995715 85.64326223596937
37.006363313350654 56.74782418484374 46.993636686649346 57.25217581515626
58.674469098187 5.2253623890791605 49.325530901813 8.77463761092084
23.011322349519844 38.0000128195763 22.988677650480156 47.9999871804237
60.65222223265716 44.83216492106209 51.34777776734284 41.16783507893791
3.0041459302073443 84.58438289544974 6.995854069792656 75.41561710455026
28.93331727544634 66.90896744873793 37.06668272455366 61.091032551262074
56.518399035785706 80.44741386804174 49.481600964214294 87.55258613195826
38.68326209647243 76.98995762511757 39.31673790352757 67.01004237488243
70.45071704198749 68.92538568212379 79.54928295801251 73.07461431787621
42.049576820671746 3.7023605524013288 51.950423179328254 2.2976394475986712
35.00230824765453 41.1519116471442 44.99769175234547 40.8480883528558
18.73282632726061 95.83676243815181 21.26717367273939 86.16323756184819
46.6294669894664 23.747247555840275 41.3705330105336 32.252752444159725
44.36708573759605 36.88045351902515 53.63291426240395 33.11954648097485
78.99218271364252 45.010451438900155 87.00781728635748 50.989548561099845
95.89076213587026 24.079985486068168 94.10923786412974 33.92001451393183
71.99467430462403 17.89788936647377 74.00532569537597 8.10211063352623
89.96574461082952 68.58427772507396 80.03425538917048 67.41572227492604
93.50419498808805 59.228986756847235 96.49580501191195 68.77101324315277
49.50252798088723 67.66841443421133 54.49747201911277 76.33158556578867
47.33105701591496 63.789125879127305 56.66894298408504 60.210874120872695
11.227806981555922 63.005192298080495 10.772193018444078 72.9948077019195
78.80083523094328 80.84257007488819 85.19916476905672 73.15742992511181
16.10260662371367 11.536413273271673 11.897393376286333 2.4635867267283276
5.380480649180313 65.19434986945171 2.619519350819686 74.80565013054829
34.29539018594002 72.55802027308879 29.704609814059978 81.44197972691121
18.98677370324356 41.63656082676943 9.01322629675644 42.36343917323057
76.53130481652347 35.53975794268451 69.46869518347653 28.46024205731549
88.32489807324762 83.22419574374646 93.67510192675238 74.77580425625354
93.33006715701329 94.71288916694571 96.66993284298671 85.28711083305429
14.780381222576956 59.48032281012328 19.219618777423044 50.51967718987672
38.97176248276339 95.46936093718382 29.02823751723661 96.53063906281618
64.01041594137847 2.677430748598158 73.98958405862153 3.322569251401842
23.815621825378933 75.23125828210806 16.184378174621067 68.76874171789194
11.264360840910808 10.610598900349588 2.7356391590891933 5.389401099650412
31.117641416781353 7.84923948366295 38.88235858321865 14.15076051633705
28.230840277920805 40.71466364135179 35.769159722079195 47.28533635864821
61.39690748426442 21.01577845105829 60.60309251573558 30.98422154894171
85.51432711891127 41.791213273340986 94.48567288108873 46.208786726659014
73.81047231225534 64.49510494923084 78.18952768774466 55.50489505076917
3.93310397709617 93.55279483729548 8.06689602290383 84.44720516270452
49.80167278128395 93.24765824311068 42.19832721871605 86.75234175688932
92.01925277685683 21.10498991044251 89.98074722314317 30.89501008955749
72.8879128621496 83.05276201110811 63.11208713785039 80.94723798889189
79.42651805429301 28.502825885989346 86.57348194570699 35.497174114010654
77.85018495155227 5.13400314895672 80.14981504844773 14.865996851043281
87.48923535252592 76.66367582395698 82.51076464747408 85.33632417604302
5.676990267811207 36.289617463340534 2.323009732188793 45.710382536659466
86.68635665445773 96.82434878099754 89.31364334554227 87.17565121900246
24.492019029260767 81.19585178023453 15.507980970739233 76.80414821976547
62.00397202642839 75.80074015133508 71.99602797357161 76.19925984866492
46.26363139365523 52.397872531653086 55.73636860634477 55.602127468346914
96.99428927118248 49.99240075506783 89.00571072881752 56.00759924493217
82.30532782412476 56.631113312559584 89.69467217587524 63.368886687440416
32.408618597427896 18.658048558626398 25.591381402572104 11.3419514413736
24.523814258201845 61.97248616115766 23.476185741798155 52.02751383884234
15.851341945511981 27.13372990126321 18.148658054488017 36.86627009873679
9.112165180051303 92.62991141303905 12.887834819948697 83.37008858696095
4.470218821412635 52.11685674388128 13.529781178587365 47.88314325611872
29.228602262200862 87.49457807682478 38.771397737799134 84.50542192317522
66.16982800267422 89.24091782867673 57.83017199732578 94.75908217132327
16.313857076415896 21.743578073887896 25.686142923584104 18.256421926112104
52.986689002671824 46.63540050653921 43.013310997328176 47.36459949346079
45.199163008912734 16.49039887540404 40.800836991087266 7.509601124595959
52.973465535073146 26.570903418632213 57.026534464926854 17.429096581367787
28.467061435202268 35.97151651773896 29.532938564797732 26.028483482261038
58.01691866039041 11.410974893192629 67.98308133960958 10.589025106807371
69.67854738616884 43.57158518635207 74.32145261383116 52.42841481364793
7.278335249785535 23.99224693787545 6.721664750214465 14.007753062124548
87.0135843951505 2.6316802805803765 96.9864156048495 3.3683197194196235
21.234651792038253 4.005509181458711 20.765348207961747 13.994490818541289
39.949539241828106 90.29143716326377 30.050460758171898 91.70856283673623
74.67579494597204 23.77114133349721 65.32420505402796 20.22885866650279
