74.08139922570118 18.5461827133597 69.91860077429882 9.453817286640302
73.77509681863563 5.482717226127703 64.22490318136437 2.5172827738722967
87.96028133858796 48.9699005603999 94.03971866141204 41.0300994396001
52.85150388817202 39.20950817403265 43.14849611182798 36.79049182596735
11.036316698009347 91.04904294958891 2.9636833019906517 96.95095705041109
54.80453801064955 96.13939205038878 49.19546198935045 87.86060794961122
79.03183061365354 95.56328762508141 88.96816938634646 94.43671237491859
61.429927012700574 88.97159350948678 70.57007298729943 93.02840649051322
23.130970859012862 37.89833573208007 16.869029140987138 30.10166426791993
59.51416318692252 95.32191895684355 54.48583681307748 86.67808104315645
63.98776917039469 7.349512092580839 54.01223082960531 6.650487907419161
43.857598516861785 76.6421253483887 40.142401483138215 67.3578746516113
72.72132638206574 82.54942177431624 77.27867361793426 91.45057822568376
58.974253764457224 52.49324612800378 49.025746235542776 53.50675387199622
92.20374985915923 13.66620674976254 95.79625014084077 4.333793250237459
18.10424923179929 66.0761044501417 23.89575076820071 57.923895549858294
77.49080026852576 81.67519749496354 82.50919973147424 90.32480250503646
8.24766680250336 6.554132935102841 17.75233319749664 3.44586706489716
93.27260834878304 35.692133638687835 96.72739165121696 26.307866361312165
56.58173630038513 42.64903730864666 63.41826369961487 35.35096269135334
46.073132501914756 42.45004157936529 41.926867498085244 51.54995842063471
2.928626617163765 76.44924046901207 7.071373382836235 85.55075953098793
17.907224652116394 87.37804217605142 14.092775347883606 96.62195782394858
11.577506324378358 46.011575464723144 2.4224936756216406 41.988424535276856
24.41930438480378 78.99569770720029 33.58069561519622 83.00430229279971
23.46339545214527 65.69121393339114 28.53660454785473 74.30878606660886
36.411654674583666 3.6468525264607647 27.588345325416334 8.353147473539234
37.63790176859937 7.556212157405744 46.36209823140063 12.443787842594256
19.809667764673602 81.93400832091399 18.190332235326398 72.06599167908601
88.81558210146629 90.13188787721819 83.18441789853371 81.86811212278181
3.210676269186429 34.149659398639876 8.789323730813571 25.850340601360124
90.47889441910938 82.68212706879856 95.52110558089062 91.31787293120144
67.87129160047563 78.16434848651139 60.12870839952438 71.83565151348861
44.744359463979976 61.42169290803608 35.255640536020024 64.57830709196392
40.48284430940139 56.78547817855242 31.517155690598603 61.21452182144758
24.660657593378826 85.04383903163841 23.339342406621174 94.95616096836159
59.36517483217446 80.12426130186239 68.63482516782554 83.87573869813761
41.775454179408044 82.7218990651308 34.224545820591956 89.2781009348692
79.23221516119585 47.16405656614867 84.76778483880415 38.83594343385133
73.98912636356633 67.32957264505319 64.01087363643367 66.67042735494681
92.73288488476648 59.8129556717638 87.26711511523352 68.1870443282362
14.170989083874929 50.70359976398301 23.82901091612507 53.29640023601699
53.024483243775975 60.494199361122575 62.975516756224025 59.505800638877425
17.073430894114104 47.14623372933182 26.926569105885896 48.85376627066818
42.87319143430349 20.881069597950322 33.12680856569651 23.118930402049678
66.64158935232615 47.5496415310728 75.35841064767385 52.4503584689272
80.26369881834837 28.388320006889305 71.73630118165163 33.61167999311069
9.735811323390191 77.16245651286404 12.264188676609809 86.83754348713596
76.41850749826158 60.34025457756335 67.58149250173842 55.65974542243665
40.52007719977887 42.236664476786 37.47992280022113 51.763335523214
22.89539763627952 8.982610211025838 13.104602363720481 11.017389788974162
8.957955148058907 32.96811833477515 15.042044851941093 25.03188166522485
84.04070053778406 23.90711162923692 85.95929946221594 14.092888370763081
89.11824200924208 39.87334944455723 86.88175799075792 30.126650555442772
87.8804766020713 10.086714376749727 78.1195233979287 7.913285623250274
32.70549828422987 42.76115121269907 39.29450171577013 35.23884878730093
95.45385625075693 50.72774022224716 86.54614374924307 55.27225977775284
42.910756229053185 87.12008729509907 45.089243770946815 96.87991270490093
3.886996609236708 63.9126985430897 10.113003390763293 56.0873014569103
86.74880012099591 75.36802363446105 95.25119987900409 80.63197636553895
32.335427336480954 72.42106086318854 27.66457266351905 63.57893913681145
42.20884417553318 5.429974078673333 51.79115582446682 2.5700259213266667
74.01151701859733 42.00861191310242 79.98848298140267 33.99138808689758
27.97767024154052 58.57276528460069 32.022329758459485 49.42723471539931
10.961621513577889 16.050500775800074 3.038378486422112 9.949499224199927
91.71202440118611 73.44580337613262 96.28797559881389 64.55419662386738
16.726923643706034 56.80907081407989 11.273076356293966 65.19092918592011
57.13128037893596 68.81647340314422 48.86871962106404 63.18352659685579
47.90032820924949 74.07673161896544 54.09967179075051 81.92326838103456
78.92371757332981 74.87006049104826 69.07628242667019 73.12993950895174
40.99576171060017 17.205827429904954 31.00423828939983 16.794172570095046
26.19233009908769 21.72476941047924 17.80766990091231 16.27523058952076
18.114159253845457 42.53104079096399 13.885840746154543 33.46895920903601
5.701573306435474 68.44588019857096 14.298426693564526 73.55411980142904
31.96075861269536 28.62519915752406 22.03924138730464 27.37480084247594
5.012471344569536 21.35292762892694 14.987528655430463 20.64707237107306
58.19188340317696 25.240099996142238 65.80811659682304 18.759900003857762
39.651822886971466 96.83317861329671 30.348177113028534 93.16682138670329
51.38381603709329 21.31899619300519 44.61618396290671 28.68100380699481
66.98233051282644 31.419979357776846 57.01766948717356 30.580020642223154
60.98838100368134 48.34066840492063 51.01161899631866 47.65933159507937
63.827598593943655 13.698350348306727 54.172401406056345 16.30164965169327
27.989645910131745 42.99998927927081 28.010354089868255 33.00001072072919
64.00125792733019 26.887849694959375 73.99874207266981 27.112150305040625
47.87126417945435 68.17979778665726 56.12873582054565 73.82020221334274
26.039329610299497 12.625898781552321 35.9606703897005 11.374101218447679
39.161800343909356 26.12662697571552 32.838199656090644 33.873373024284476
2.2265112204763655 58.16025960606505 7.7734887795236345 49.83974039393495
48.57925585327932 30.663973204512665 57.42074414672068 35.336026795487335
89.87678566260068 5.103159825706327 80.12321433739932 2.896840174293673
