83.16460908579288 2.2330465919117155 74.83539091420712 7.766953408088284
69.77144603343756 11.67567951752666 66.22855396656244 2.3243204824733406
68.83341634221122 66.76397912847537 77.16658365778878 61.23602087152464
15.564117278673042 14.019035610120405 16.43588272132696 23.980964389879595
2.607509051033518 60.19781623039617 5.392490948966482 69.80218376960383
34.13656621576129 51.639786043747904 37.86343378423871 42.360213956252096
92.93188048637062 86.17747044542052 83.06811951362938 87.82252955457948
55.43002578743689 86.01852654105843 54.56997421256311 95.98147345894157
13.165212522829332 45.27468821701375 22.834787477170668 42.72531178298625
94.03544141825505 90.04784611515056 85.96455858174495 95.95215388484944
83.99922565567815 28.087993429353425 74.00077434432185 27.912006570646575
51.57446823773874 60.98152524367545 42.42553176226126 65.01847475632455
40.29819656349564 80.29910481084936 49.70180343650436 83.70089518915064
96.75032230044292 37.560268580057524 87.24967769955708 34.439731419942476
91.41695425908726 3.6568151858782305 82.58304574091274 8.34318481412177
3.9874989198778223 28.09848534805412 2.0125010801221777 37.90151465194588
63.02851284073607 92.53321236414199 72.97148715926393 91.46678763585801
36.547244831113396 34.78429748440388 39.452755168886604 25.215702515596124
87.97450043799054 21.495673327661617 78.02549956200946 22.504326672338383
19.555849204698422 29.248228409083694 16.444150795301578 38.751771590916306
68.47959379824813 56.97694582938994 67.52040620175187 47.02305417061006
27.58870394619986 79.25911192166183 24.41129605380014 88.74088807833817
43.99027243439858 47.09904493943575 42.00972756560142 56.90095506056425
49.54170231540389 96.09115759287887 40.45829768459611 91.90884240712113
8.263047337551246 81.16215839210246 5.736952662448753 90.83784160789754
30.957193988980045 76.03246530206718 37.042806011019955 83.96753469793282
41.547949155676505 38.27579508733947 50.452050844323495 33.72420491266053
29.823731058847958 18.31590982666198 20.176268941152042 15.68409017333802
10.374063310746845 89.25493319618936 15.625936689253155 80.74506680381064
84.0081488361907 45.28534533179252 93.9918511638093 44.71465466820748
9.8761240602157 61.92264224082059 8.1238759397843 52.07735775917941
80.61512177225073 69.59732587981425 89.38487822774927 74.40267412018575
81.18084874456665 76.74235369255234 72.81915125543335 71.25764630744766
79.83856229771794 34.26028365501676 70.16143770228206 31.73971634498324
87.9128911527466 82.92924728746674 78.0871088472534 81.07075271253326
77.99987371645513 95.96446382827052 68.00012628354487 96.03553617172948
69.85077173910804 75.21244114705446 60.14922826089196 72.78755885294554
35.7945530107946 61.333140296575436 32.2054469892054 70.66685970342456
67.77149851622077 79.50574369343713 58.228501483779226 82.49425630656287
73.94874242278193 82.44013790209556 78.05125757721807 91.55986209790444
62.315586167856424 6.04706372881999 63.684413832143576 15.952936271180011
2.0436125029817944 88.90767999726421 3.9563874970182056 79.09232000273579
60.04476150312378 87.66754133885168 69.95523849687622 86.33245866114832
11.798662285567442 4.289140097812759 20.201337714432558 9.710859902187241
72.834061589183 36.79064309707512 65.165938410817 43.20935690292488
83.4412718989738 50.29675943872789 74.5587281010262 45.70324056127211
16.868162333094 95.99826158074833 17.131837666906 86.00173841925167
22.15487675201829 52.13520198901869 19.84512324798171 61.86479801098131
3.3568038034637717 52.98725285561438 2.6431961965362283 43.01274714438562
2.154944186899601 96.23508468047419 11.845055813100398 93.76491531952581
27.750254785808114 48.53472884684248 32.24974521419188 57.46527115315752
21.230747866142504 21.498589302124255 30.769252133857496 24.501410697875745
76.12694821799931 41.119538445047745 85.87305178200069 38.880461554952255
53.996716418054866 3.181176812922973 44.003283581945134 2.818823187077027
92.49205933632585 21.767191516484097 95.50794066367415 12.232808483515903
86.01644404387092 64.57536374706291 81.98355595612908 55.4246362529371
59.4714283958496 22.40150241177112 52.5285716041504 29.59849758822888
9.509690856305138 17.561189421129985 2.490309143694862 10.438810578870015
35.912909262180285 93.61960800876707 32.087090737819715 84.38039199123293
60.435193752857096 42.25117052223366 63.564806247142904 51.74882947776634
48.58777020934586 46.62037131287586 53.41222979065414 55.37962868712414
73.14057122726604 15.177264627314228 82.85942877273396 12.822735372685772
61.430460775189815 58.25273272062945 64.56953922481019 67.74726727937055
21.893534628986945 73.13693928740732 14.106465371013055 66.86306071259268
38.968807926595616 2.4423730739996463 29.031192073404387 3.5576269260003537
90.29380913544543 65.79565332012197 95.70619086455457 74.20434667987803
12.87715538818835 34.36574842627254 9.12284461181165 43.63425157372746
55.466227614667 35.752154165876604 46.533772385333 40.247845834123396
60.53716160395849 28.021468025697764 61.46283839604151 37.978531974302236
93.49839964538742 59.331050589860155 88.50160035461258 50.668949410139845
25.44618723477192 69.96923449044925 26.55381276522808 60.03076550955075
40.07978648387141 13.061102284424868 33.92021351612859 20.93889771557513
24.109507137760517 31.040711085933392 33.89049286223948 28.959288914066608
18.746803514504855 3.3712513136909137 27.253196485495145 8.628748686309086
13.561992550594372 58.36533156548763 18.438007449405628 49.63466843451237
2.852489840890774 18.207481516608034 11.147510159109226 23.792518483391966
43.41096642785213 68.98513749491055 52.58903357214787 65.01486250508945
48.99062981453853 88.30596413881226 39.00937018546147 87.69403586118774
3.3194329031538885 6.2415087000722576 12.680567096846111 9.758491299927742
69.19421692339452 16.14470948965171 66.80578307660548 25.85529051034829
22.50247030361077 35.81545734074681 31.49752969638923 40.18454265925319
96.19760817766303 31.71663129386682 87.80239182233697 26.28336870613318
56.54804627620901 43.215459229563464 59.45195372379099 52.784540770436536
42.46627865936078 6.752255589054115 33.53372134063922 11.247744410945884
38.02929382590943 67.00008581356003 37.97070617409057 76.99991418643997
51.715198335939625 7.55256463162117 56.284801664060375 16.44743536837883
39.10197304495883 21.13135527492051 46.89802695504117 14.868644725079491
55.74685055008 20.429200886425892 46.25314944992 23.570799113574108
54.953108872461115 76.68316359501003 45.046891127538885 75.31683640498997
95.36231603320967 6.556600968650056 86.63768396679033 11.443399031349944
