96.25386713179363 19.796359926117802 89.74613286820637 12.203640073882198
75.63106129187479 41.251766277489644 70.36893870812521 32.748233722510356
43.99098582788803 3.3001007594472505 34.00901417211197 2.6998992405527495
44.78149325371197 20.538041633729975 35.21850674628803 23.461958366270025
21.930870967084505 86.9099751715994 14.069129032915495 93.0900248284006
33.00740463160345 72.27201376337484 42.99259536839655 71.72798623662516
76.46450743477342 78.64957437669065 71.53549256522658 87.35042562330935
64.58578719163219 65.34717220510231 71.41421280836781 72.65282779489769
14.237667563626221 18.058456794031603 15.762332436373779 27.941543205968397
63.92995445160745 57.90880961306315 56.07004554839255 64.09119038693684
79.19119823409254 38.494290856065035 74.80880176590746 29.50570914393497
49.255117676347346 65.46256028147809 44.744882323652654 56.53743971852192
78.44553344052143 96.98011043586155 77.55446655947857 87.01988956413845
64.1908073004421 48.136234565006035 69.8091926995579 39.863765434993965
90.52954002885538 22.117372694401453 81.47045997114462 17.882627305598547
24.529591952153073 44.65292235206994 29.470408047846927 53.34707764793006
46.32829915851302 91.21808775534545 55.67170084148698 94.78191224465455
39.377704322058946 65.4157203622577 30.622295677941057 60.584279637742306
64.46336172504283 3.746468968169567 55.53663827495718 8.253531031830434
9.389066986432336 65.19682470575934 6.610933013567664 74.80317529424066
56.16963150835907 57.75937911213723 47.83036849164093 52.24062088786277
36.991636197704075 86.58621687842985 33.008363802295925 77.41378312157015
25.398975334140843 62.984056448591566 24.601024665859157 53.015943551408434
72.70288938580676 76.79353010612306 67.29711061419324 85.20646989387694
52.8576020543287 77.9979718711762 53.1423979456713 68.0020281288238
71.37399681222311 66.55731196850022 78.62600318777689 73.44268803149978
37.22215193820996 9.724658182413746 44.77784806179004 16.275341817586256
57.40546581408791 24.274153993263873 62.59453418591209 15.725846006736129
12.7234341297698 88.94738749845655 11.2765658702302 79.05261250154345
52.54061539964311 13.02114814551036 53.45938460035689 22.97885185448964
71.17244914229927 47.30182668443729 80.82755085770073 44.69817331556271
58.00005956082106 53.02440501307329 67.99994043917894 52.97559498692671
88.06742402926682 64.38858480319277 91.93257597073318 73.61141519680723
73.41176987245937 23.796551451534327 70.58823012754063 14.203448548465673
85.0901806122299 59.457847976095664 80.9098193877701 68.54215202390434
96.25973723488522 85.16129541105848 93.74026276511478 94.83870458894152
65.34782138135158 72.28622940954006 58.65217861864842 79.71377059045994
21.805064808769444 70.72075701623196 30.194935191230556 65.27924298376804
17.673176850738283 53.1792593587102 20.326823149261717 62.8207406412898
56.00632415437345 90.00473531351476 61.99367584562655 81.99526468648524
27.858403202615733 30.102381153827142 22.141596797384267 21.897618846172858
24.306497824526193 75.04832808713934 25.693502175473807 84.95167191286066
43.48061824489497 81.86103096057381 52.51938175510503 86.13896903942619
11.974123955595921 41.508026450459795 2.025876044404079 40.491973549540205
59.881492961365105 37.52900959672801 64.1185070386349 28.47099040327199
88.15047860842446 82.19079693114469 95.84952139157554 75.80920306885531
85.4614868795263 96.30766191073334 90.5385131204737 87.69233808926666
21.687792472829546 49.739138215232664 12.312207527170454 46.260861784767336
26.59937626039718 93.03894466796706 17.40062373960282 96.96105533203294
45.18671816895927 9.2340194305314 52.81328183104073 2.7659805694686
14.84929648143094 65.10871142341553 9.15070351856906 56.89128857658447
20.498589302124188 15.769252133857474 23.501410697875812 6.230747866142527
2.1081517674237293 14.034321453630552 11.89184823257627 11.965678546369448
38.79687662921506 52.14690880420828 41.20312337078494 61.85309119579172
66.83727228692318 19.13707245938795 69.16272771307682 28.86292754061205
81.00590104426233 49.24284896602603 90.99409895573767 48.75715103397397
51.40510054982007 36.475154376872496 58.59489945017993 29.524845623127508
2.3377713560984756 72.71561193647159 5.662228643901525 63.28438806352841
15.69420859543897 78.99064040148122 16.30579140456103 69.00935959851878
86.27511247076654 53.40704543767224 77.72488752923346 58.59295456232776
54.926238637085426 40.00054410347076 55.073761362914574 49.99945589652924
89.87935255987674 27.09339539312562 96.12064744012326 34.90660460687438
81.1487766077074 2.0022139380522628 80.8512233922926 11.997786061947737
73.85769861484651 51.89712800264201 68.14230138515349 60.10287199735799
22.750367505721496 31.69322762016671 15.249632494278504 38.30677237983329
82.50250026574086 89.97468526471076 81.49749973425914 80.02531473528924
46.96327074511475 75.39506735028758 37.03672925488525 76.60493264971242
39.07171877240394 47.84382708046391 48.92828122759606 46.15617291953609
61.28132244433281 10.65350601016226 70.71867755566718 7.3464939898377395
93.70768963608704 60.169892969785955 96.29231036391296 69.83010703021405
44.96594484119747 37.974230654270556 51.03405515880253 30.025769345729444
22.04618812976888 2.0625927046939125 13.953811870231121 7.9374072953060875
18.58581538916554 42.34839822463573 27.41418461083446 37.65160177536427
10.604612994039343 22.264472876293485 7.395387005960657 31.735527123706515
8.50675253665068 95.97425390049584 7.493247463349319 86.02574609950416
40.02782660888987 42.526774874815004 49.97217339111013 41.473225125184996
33.06703211141311 96.81598272663743 42.93296788858689 95.18401727336257
72.99062981453852 93.30596413881226 63.00937018546147 92.69403586118774
2.380722832592943 54.259035937897224 7.619277167407057 45.740964062102776
67.52430317425768 36.45327092437028 60.47569682574232 43.54672907562972
13.695675130323135 2.2822587300571717 4.304324869676864 5.717741269942828
76.18231506179157 15.996675016272714 75.81768493820843 6.0033249837272855
36.328397302221376 33.782169530125415 45.671602697778624 30.217830469874585
83.49787906057462 33.97514989131396 82.50212093942538 24.02485010868604
40.121643613213834 27.096192940819563 49.878356386786166 24.903807059180437
3.3879393308694414 30.732996978558337 6.612060669130559 21.267003021441663
87.00114173971724 5.893153878859582 96.99885826028276 6.106846121140418
31.628782906848894 9.598031179443906 36.37121709315111 18.401968820556093
41.99899821454852 90.89991578076099 32.00100178545148 91.10008421923901
91.26354449903909 36.2119560056948 84.73645550096091 43.7880439943052
