53.55341615244511 7.065526892260652 44.44658384755489 2.9344731077393478
67.0654381870124 38.99957176602962 66.9345618129876 29.000428233970382
71.41836273986684 78.74325031780513 74.58163726013316 69.25674968219487
5.128173163145383 6.124857000557466 14.871826836854616 3.875142999442534
4.420946456823026 70.0177511021138 3.579053543176974 79.9822488978862
49.54284398687017 92.52820867930143 42.45715601312983 85.47179132069857
85.58639464939878 80.00877321232205 76.41360535060122 83.99122678767795
43.53262016451297 70.22016774160367 46.46737983548703 79.77983225839633
9.892754931313178 20.85140981722161 18.107245068686822 15.14859018277839
96.38101129190895 92.4097178382886 87.61898870809105 87.5902821617114
88.9241657376573 18.132479517197517 79.0758342623427 19.867520482802483
34.979496050500046 82.45234840892218 25.020503949499954 81.54765159107782
50.19592222353541 82.8602961671712 55.80407777646459 91.1397038328288
79.23175429402121 48.66312891070505 70.76824570597879 43.33687108929495
72.71888412877625 2.6578598418474257 65.28111587122375 9.342140158152574
21.960957838429774 31.948637517078357 14.039042161570226 38.05136248292164
74.04719151023981 95.31466208060596 83.95280848976019 96.68533791939404
48.877611272320806 41.92237731738389 47.122388727679194 32.07762268261611
89.42335239394679 8.668915788958877 80.57664760605321 13.331084211041123
27.268733046713642 28.617131106849538 36.73126695328636 25.382868893150462
61.65222223265716 36.83216492106209 52.34777776734284 33.16783507893791
20.746302015670736 66.68862246076027 13.253697984329264 73.31137753923973
40.9045881514625 57.08250874162102 39.0954118485375 66.91749125837897
29.975078222249447 96.4985947076527 20.024921777750553 95.5014052923473
11.958714490237133 89.35878973471077 2.041285509762867 90.64121026528923
38.03400154763811 89.9551919147731 45.96599845236189 96.0448080852269
33.00651332620616 33.74487093728208 42.99348667379384 34.25512906271792
26.675952792360924 17.22927543541858 17.324047207639076 20.77072456458142
8.766136568896878 71.99452779505657 9.233863431103122 62.00547220494343
84.75119072427891 67.46574258566599 89.24880927572109 58.534257414334
3.8335037758652275 62.99722713185511 4.1664962241347725 53.00277286814489
76.26698644367707 61.309939871003685 79.73301355632293 70.69006012899632
65.99994765988123 80.02287790305557 56.00005234011877 79.97712209694443
66.57231774983877 48.501636683506575 59.42768225016123 55.498363316493425
88.1661843244915 94.86979028157138 81.8338156755085 87.13020971842862
67.91774360858489 95.09678474314123 58.08225639141511 96.90321525685877
87.28249725818013 54.228367495362264 80.71750274181987 61.771632504637736
34.307012948187094 50.04825596925491 35.692987051812906 59.95174403074509
71.98381465102105 86.40198448262082 62.01618534897895 85.59801551737918
76.96626226043989 77.954481316314 85.03373773956011 72.045518683686
73.48885807733447 13.026195225494494 74.51114192266553 22.973804774505506
19.24398049882118 73.54281512321042 28.75601950117882 70.45718487678958
63.00543762042941 91.23312365083407 72.99456237957058 90.76687634916593
10.222793008909392 12.475904253085211 19.77720699109061 9.524095746914789
62.460600846936245 61.24287374063431 65.53939915306375 70.75712625936569
96.49064773028313 37.22737290958096 93.50935226971687 46.77262709041904
39.97334759961469 80.01985124747988 34.02665240038531 71.98014875252012
18.01171880345739 46.01568898370388 9.988281196542607 51.98431101629612
8.815374730159373 39.49748956979044 13.184625269840627 30.50251043020956
16.556956254577905 90.29332995364068 25.443043745422095 85.70667004635932
22.15407689106115 42.072078116105814 23.84592310893885 51.927921883894186
15.206532580596647 26.42220606774073 24.793467419403353 23.57779393225927
74.99520201552487 34.00360298862911 81.00479798447513 41.99639701137089
68.07303791188136 20.944165056401648 61.926962088118636 13.05583494359835
94.86449046453912 25.998163379262344 95.13550953546088 16.001836620737656
87.61779157168746 36.40754009121894 96.38220842831254 31.59245990878106
61.267644610624984 3.543792204137752 56.732355389375016 12.456207795862248
5.510411285886174 25.76640931388269 2.489588714113826 16.23359068611731
8.686488052449672 84.74441431647745 15.313511947550328 77.25558568352255
46.67531128553042 55.045814429430884 45.32468871446958 64.95418557056912
49.58777020934586 66.62037131287586 54.41222979065414 75.37962868712414
73.61085075407851 7.3948630226020935 82.38914924592149 2.6051369773979065
75.27252562309799 55.40278518409217 66.72747437690201 60.59721481590783
19.152120827781697 62.78565838384778 10.847879172218303 57.21434161615222
42.901299723399134 9.011434867392362 33.098700276600866 10.988565132607638
94.19473240689273 54.00379351010131 93.80526759310727 63.99620648989869
25.00000197755761 65.9955530266251 34.99999802244239 66.0044469733749
64.64514494345747 25.149965282955055 55.35485505654254 28.850034717044945
55.51218073281706 63.2264904076561 58.48781926718294 72.7735095923439
89.11310764185036 77.1451657819832 96.88689235814964 70.8548342180168
18.677712173245126 52.26337002150382 25.322287826754874 59.73662997849618
42.972805356523935 20.4792247258876 33.027194643476065 21.5207752741124
28.006790791591648 38.7394970229229 37.99320920840835 39.2605029770771
29.021225803963212 6.46022549351186 38.97877419603679 5.53977450648814
2.2960972332036764 48.69508075339374 11.703902766796324 45.30491924660626
4.949965492428484 31.091072870453758 3.0500345075715156 40.90892712954624
80.24901093980979 53.30606731182737 87.75098906019021 46.69393268817263
14.916406204919287 94.08953307131388 5.083593795080713 95.91046692868612
19.692866207347503 3.2499511899848685 26.307133792652497 10.750048810015132
62.585665363164715 44.51531867979282 55.414334636835285 51.48468132020718
30.34066840492069 43.01161899631867 29.65933159507931 52.98838100368133
89.97342107099489 25.514861972361604 80.02657892900511 24.485138027638396
56.33529477943255 42.508972265223676 47.66470522056745 47.491027734776324
48.231422212910786 9.323234813355004 51.768577787089214 18.676765186644996
27.543841267471116 75.91349418020786 18.456158732528884 80.08650581979214
42.029161704503146 25.53922781829383 51.970838295496854 24.46077218170617
31.07259764446985 16.848944065716914 40.92740235553015 15.151055934283088
44.2598237213228 40.208753594673496 37.7401762786772 47.791246405326504
33.961151529641015 90.37792645134147 24.038848470358985 91.62207354865853
91.44493202458557 2.7103320553377888 82.55506797541443 7.289667944662211
