45.44809394695203 19.620862898950026 38.55190605304797 12.379137101049974
50.556457015345124 20.297037063918893 45.443542984654876 11.702962936081105
87.31844559229228 8.755861135646086 96.68155440770772 5.244138864353914
9.009158496625504 28.993114716882864 2.9908415033744955 21.006885283117136
12.847855642283754 93.77595111552783 3.152144357716245 96.22404888447217
52.66381848920682 91.40241591786575 45.33618151079318 84.59758408213425
88.39503296458967 85.01562953253999 87.60496703541033 94.98437046746001
54.72490380017447 80.54759196821098 59.27509619982553 89.45240803178902
27.391159133707603 11.26590757727022 30.608840866292397 20.73409242272978
63.93585444913605 94.20166369433436 54.06414555086395 95.79833630566564
74.80610679690588 30.378889936410843 65.19389320309412 27.621110063589157
41.91128293776518 94.06229007405453 32.08871706223482 95.93770992594547
65.93099806094561 68.94916670711655 60.06900193905438 77.05083329288345
86.99637117654878 46.190460143212775 77.00362882345122 45.809539856787225
74.65354441426713 9.413445944053814 67.34645558573287 2.5865540559461855
33.382793880351336 46.01467465001876 32.617206119648664 55.98532534998124
74.30518300202063 96.72008527564302 83.69481699797937 93.27991472435698
45.50824608856353 37.33487744288591 50.49175391143647 28.665122557114092
91.7495604168879 15.562586268444608 82.2504395831121 12.437413731555392
38.00745769422368 45.727014057076744 47.99254230577632 46.272985942923256
53.005918351636495 49.414845871766154 56.994081648363505 58.585154128233846
9.307538046588393 75.00946692728115 8.692461953411607 84.99053307271885
23.94408442516003 84.25432634692514 14.055915574839968 85.74567365307486
8.19865464547742 58.99605207457151 7.801345354522581 49.00394792542849
23.43340924927707 74.63479035529956 16.56659075072293 67.36520964470044
33.11356056312792 70.08774481663906 26.88643943687208 77.91225518336094
25.95402629807268 39.11062999816168 28.04597370192732 48.88937000183832
36.39354251203803 32.265098275637506 39.60645748796197 41.734901724362494
3.3985176066159726 75.7365867609156 6.601482393384027 66.2634132390844
96.59547714090775 90.27358145014522 91.40452285909225 81.72641854985478
13.469512742034706 53.779176948073555 10.530487257965294 44.220823051926445
82.00395711211601 66.19888555106856 91.99604288788399 65.80111444893144
63.94810452424781 63.71851347733938 54.05189547575219 62.28148652266062
58.91842676085236 69.89420996848852 51.08157323914764 76.10579003151148
93.54774676097564 55.969906788445904 92.45225323902436 46.030093211554096
34.750138767393864 86.69296821525865 27.249861232606136 93.30703178474135
64.87808868625989 47.12749397085012 67.12191131374011 56.87250602914988
38.69874372262822 59.0490650165764 37.30125627737178 68.95093498342361
70.57567222751452 67.03325041033187 69.42432777248548 76.96674958966813
96.10651249224057 35.99886538016345 95.89348750775943 26.00113461983655
96.09882237381015 10.000976681547233 95.90117762618985 19.999023318452767
20.168244224078606 65.21210953637839 27.831755775921394 58.7878904636216
74.01661607096605 87.40728935150103 83.98338392903395 86.59271064849897
5.2965315058281695 13.303714609998371 14.70346849417183 16.696285390001627
60.918714382631705 8.00066077882196 61.081285617368295 17.99933922117804
89.82174259049526 20.323177384557376 80.17825740950474 17.676822615442624
49.65357604841781 60.04290020789025 48.34642395158219 69.95709979210976
2.595047800930106 80.01642560841434 3.404952199069894 89.98357439158566
62.582079932989274 32.281689295086004 57.417920067010726 23.718310704913996
5.8423557372841834 32.071467073066835 4.1576442627158166 41.928532926933165
26.371376626157293 23.01381113458946 25.628623373842707 32.98618886541054
18.10081974514069 7.999015931002433 27.89918025485931 6.000984068997567
73.99464661099735 23.9999971341218 74.00535338900265 14.000002865878201
69.10703206134356 15.534359479846113 64.89296793865644 6.465640520153887
56.98950177203393 19.587143195832656 53.01049822796607 10.412856804167344
85.40487561222072 57.02900231840925 94.59512438777928 60.97099768159075
80.36971068385378 31.27325093265366 83.63028931614622 40.72674906734634
17.98514778655155 21.385099397870416 8.014852213448448 20.614900602129584
11.23985667465064 67.1691256665552 16.76014332534936 58.8308743334448
70.60187874924326 39.19945243038022 73.39812125075674 48.80054756961978
63.00101540248034 81.89923793491005 72.99898459751967 82.10076206508995
34.77158776194621 17.005219939826453 35.22841223805379 26.994780060173547
77.51737044045306 82.21495648532337 86.48262955954694 77.78504351467663
17.43490430498521 80.36706320375198 12.56509569501479 71.63293679624802
14.99015146885785 4.313669121616804 5.0098485311421515 3.6863308783831963
95.8457403017039 67.0023801719737 96.1542596982961 76.9976198280263
22.958409869495824 49.09271454650812 21.041590130504176 58.90728545349188
77.97875263614796 63.46045867138083 68.02124736385204 62.53954132861917
44.18282178922871 71.34190346275454 47.81717821077129 80.65809653724546
83.96250523730549 73.61118063591347 74.03749476269451 72.38881936408653
21.657453117842564 38.282707433055066 18.342546882157436 47.717292566944934
44.92436440587256 2.13360794199426 35.07563559412744 3.86639205800574
26.06202717536756 69.04577751263231 31.93797282463244 60.95422248736769
2.4150231009772423 55.96566229496224 3.5849768990227577 46.03433770503776
19.711681112210236 26.050908164670695 18.288318887789764 35.949091835329305
15.400415585354573 11.529698566141303 22.599584414645427 18.470301433858697
86.82685428538925 34.135915855749595 93.17314571461075 41.864084144250405
25.019714194528092 89.02646711901325 16.980285805471908 94.97353288098675
54.238110586447235 32.52888593269722 49.761889413552765 41.47111406730278
87.27764772923794 50.411230040242 78.72235227076206 55.588769959758
68.46502977279893 32.89428277340002 77.53497022720107 37.10571722659998
90.41840502944295 27.340448033132382 81.58159497055705 22.659551966867618
49.99658206837184 54.184844891801006 40.00341793162816 53.815155108198994
56.15460369217191 37.76625180037177 65.8453963078281 40.23374819962823
39.92111232118039 87.10817094150198 48.07888767881961 92.89182905849802
39.047595863181854 19.964741667142103 44.952404136818146 28.035258332857897
30.9796092258115 29.105227005472983 33.0203907741885 38.89477299452702
12.986926661557371 36.896292721124496 15.013073338442629 27.103707278875504
58.205163710290186 43.063580723585126 59.794836289709814 52.936419276414874
86.62757542663289 2.106446285202483 77.37242457336711 5.893553714797517
