56.94636090396395 3.7304202952663106 47.05363909603605 2.2695797047336894
67.1329432348205 13.814032732174846 58.8670567651795 8.185967267825154
87.05568473084254 10.744141464492118 96.94431526915746 9.255858535507882
22.89075970961789 44.03945633038542 13.10924029038211 41.96054366961458
13.537810356767368 95.09958976136168 4.462189643232632 90.90041023863832
49.92223118086466 73.12156946653494 40.07776881913534 74.87843053346506
83.6889568985829 84.25340239943516 90.3110431014171 91.74659760056484
28.900930329997106 66.13685001432647 37.09906967000289 71.86314998567353
28.691557170600614 22.728956712872233 19.308442829399386 19.271043287127767
62.59610344512441 93.03128642974264 53.40389655487559 96.96871357025736
55.60281004154307 17.04701773651929 46.39718995845693 20.95298226348071
54.9989204782998 91.10389442542731 45.0010795217002 90.89610557457269
73.49151436783382 87.66498487258953 68.50848563216618 96.33501512741047
91.9823402360533 59.5801360074925 82.0176597639467 60.4198639925075
81.64558808748572 11.24274247054351 76.35441191251428 2.7572575294564903
37.30718145910932 52.62908154592045 44.69281854089068 59.37091845407955
80.14596083290093 93.80070697314287 89.85403916709907 96.19929302685713
35.0600785280445 5.227228461372328 44.9399214719555 6.772771538627672
96.27632406251459 20.590955907065702 87.72367593748541 15.409044092934298
58.24822840908369 54.44415079530159 67.7517715909163 57.55584920469841
48.86874865921402 58.00172298831468 49.13125134078598 67.99827701168532
2.1696337140811877 77.34706982006266 5.830366285918812 86.65293017993734
24.797674550398106 82.74766729726824 17.202325449601894 89.25233270273176
16.312635331737642 37.70667616012615 19.687364668262358 28.29332383987385
24.032115502147043 70.99989685838837 23.967884497852957 61.00010314161163
29.08774481663906 52.88643943687208 36.91225518336094 59.11356056312792
35.04030800294177 39.40004268751699 38.95969199705823 48.59995731248301
38.06814740160116 17.087602343574236 39.93185259839884 26.912397656425764
22.59902292795188 78.27142597032659 17.40097707204812 69.72857402967341
95.13454794392779 85.52147156079452 90.86545205607221 76.47852843920548
6.5526970666598245 43.75280252263714 3.4473029333401755 34.24719747736286
91.32973861638698 68.77274271623017 96.67026138361302 77.22725728376983
80.55555322698845 89.29757463041993 75.44444677301155 80.70242536958007
43.164642308030515 68.76690340383655 34.835357691969485 63.233096596163456
93.84530838195415 52.76590653361879 84.15469161804585 55.23409346638121
58.31224956829953 77.46928791430149 49.68775043170047 82.53071208569851
72.28622940954006 71.6521786186484 79.71377059045994 78.3478213813516
33.65875020196438 85.59213454496431 26.341249798035623 92.40786545503569
65.37982560310786 49.55118319766234 72.62017439689214 56.44881680233766
90.88669860192444 41.94161596102842 81.11330139807556 44.05838403897158
96.80554265254881 28.86128879665065 91.19445734745119 37.138711203349345
47.28267943233963 38.34387915410369 54.71732056766037 31.656120845896314
76.59875689057358 69.62743617752305 85.40124310942642 74.37256382247695
3.1248652600363034 20.889567081180004 12.875134739963697 23.110432918819996
66.8741267227075 23.077002694226955 65.1258732772925 32.922997305773045
85.76303756058874 35.81078393061595 92.23696243941126 28.189216069384052
60.34831414993897 29.04265135855564 61.65168585006103 38.957348641444355
4.994617056281127 72.41977737996925 9.005382943718873 81.58022262003075
89.88905976189275 46.952577141436585 80.11094023810725 49.047422858563415
9.27812748122388 27.052384405934934 10.72187251877612 36.94761559406507
28.672667705883534 41.57467239712554 33.32733229411647 50.42532760287446
20.649315594442555 10.464050568320232 29.350684405557445 5.535949431679768
74.43044544621928 47.9814372140808 73.56955455378072 38.0185627859192
69.95390496965385 30.889344044704266 72.04609503034615 21.110655955295734
76.5012450142136 10.569493430508661 69.4987549857864 3.4305065694913393
48.39014130198541 26.936285821964102 57.60985869801459 23.063714178035898
82.14373907449178 27.201888765161396 73.85626092550822 32.79811123483861
19.89763553050227 58.925235180728734 14.10236446949773 67.07476481927127
14.868565713535283 58.99827220430635 15.131434286464717 49.00172779569365
66.68587279718821 37.17578299671024 69.31412720281179 46.82421700328976
60.12513005951604 81.11159482877795 69.87486994048396 78.88840517122205
53.19127234244756 9.760618325884538 60.80872765755244 16.239381674115464
54.773452751821104 73.67138510119963 63.226547248178896 68.32861489880037
14.473732309337613 82.7778774660318 11.526267690662387 73.2221225339682
11.943824370679408 3.747395873601373 2.0561756293205926 2.252604126398627
96.28189857451025 57.007953005660994 95.71810142548975 66.992046994339
8.481780502762255 49.026927654589905 9.518219497237745 58.973072345410095
68.68993028032413 65.73336492571495 59.310069719675866 62.26663507428505
57.14202009667095 85.81677083417833 66.85797990332905 88.18322916582167
87.92435928434226 64.13357883295006 78.07564071565774 65.86642116704994
49.23789225327591 11.190006068748161 42.76210774672409 18.80999393125184
34.146237337501006 9.205592023144689 25.853762662498998 14.794407976855311
31.0964360169581 59.866916803635654 22.9035639830419 54.133083196364346
2.3733314695589005 66.89576852738566 11.6266685304411 63.10423147261434
13.960758612695361 17.62519915752406 4.0392413873046396 16.37480084247594
2.0622100665148153 10.786276397186372 11.937789933485185 9.213723602813628
79.37959303484391 17.551427337774477 86.62040696515609 24.448572662225523
38.96720666819274 89.95676631658903 31.032793331807262 96.04323368341097
44.877073446285046 43.001511322170295 45.122926553714954 52.998488677829705
58.96077325556795 43.3749170400325 49.03922674443205 44.6250829599675
79.7892179947687 54.850269529516595 74.2107820052313 63.149730470483405
72.75285945863713 16.447477225144965 63.24714054136287 19.552522774855035
32.76674691593175 33.28810244233945 25.23325308406825 26.711897557660553
37.237083947826974 35.5213910345314 46.762916052173026 32.4786089654686
38.92111232118039 81.10817094150198 47.07888767881961 86.89182905849802
16.09507404596822 3.970412997370422 25.90492595403178 2.029587002629578
33.583737834869154 18.017357547457316 34.416262165130846 27.982642452542684
4.1143178755825955 59.99869297149988 3.8856821244174045 50.00130702850012
50.44272335525147 49.24869602617126 53.55727664474853 58.75130397382874
92.96538172179415 3.587353689758222 83.03461827820585 2.412646310241778
