91.1742364492306 13.752408048584845 82.8257635507694 8.247591951415155
62.083202124577745 63.88573394647597 53.916797875422255 58.11426605352403
79.7481900271669 43.309240323736944 72.2518099728331 36.690759676263056
26.22652059553604 31.280373939673087 33.773479404463956 24.719626060326913
2.1942700062482765 52.337453572385 5.805729993751724 61.662546427615
27.66154189459703 81.98853145834393 28.33845810540297 72.01146854165607
96.30798353992368 69.00949440045038 95.69201646007632 78.99050559954962
53.81973154079564 64.00325072846195 54.18026845920436 73.99674927153805
24.79574418652137 25.706332029672478 33.20425581347863 20.293667970327522
78.48583681307758 74.6780810431564 83.51416318692242 83.3219189568436
90.46115896194213 33.781737601326135 87.53884103805787 24.218262398673865
76.98239579350599 69.5807958053003 67.01760420649401 70.4192041946997
80.55439554060078 90.7522473108373 77.44560445939922 81.2477526891627
78.97955590977685 31.451688987475222 69.02044409022315 30.548311012524778
74.99711680494869 5.8302247435596914 65.00288319505131 6.1697752564403086
4.987498919877822 36.09848534805412 3.0125010801221777 45.90151465194588
67.05341098748545 87.93007570674789 74.94658901251455 94.06992429325211
17.618791212679238 65.96156199549205 16.381208787320762 56.03843800450796
92.97933491969431 20.454118660168085 83.02066508030569 19.545881339831915
21.749627722343394 60.006272562245606 22.250372277656606 69.99372743775439
48.739409750766164 66.9450250980629 47.260590249233836 57.05497490193711
31.045932255861118 86.00021098166418 30.954067744138882 95.99978901833582
12.3685188313672 20.563090847597895 19.6314811686328 27.436909152402105
94.92817897311328 96.84442406938945 85.07182102688672 95.15557593061055
18.975863884336764 91.49069196503821 9.024136115663236 90.50930803496179
49.91241824948463 86.08395555980141 48.08758175051537 95.91604444019859
17.270275631543175 11.378362741416666 26.729724368456825 14.621637258583334
52.480404180468895 34.341381704194234 47.519595819531105 25.658618295805766
10.463516432801487 63.97846889279455 9.536483567198513 54.02153110720545
45.14284208989871 16.813401063399937 54.85715791010129 19.186598936600063
26.710045640623022 65.43167533312814 35.28995435937698 70.56832466687186
68.10436141070468 48.37327822980737 71.89563858929532 57.62672177019263
76.98617215683443 64.37160089129206 67.01382784316557 63.62839910870794
84.902659897169 36.91784557606711 83.097340102831 27.08215442393289
88.98599534179125 49.6260341571267 79.01400465820875 50.3739658428733
66.46916163075664 75.65221425997103 61.53083836924336 84.34778574002897
49.65207095674867 72.76130684758024 44.34792904325133 81.23869315241976
26.29690258854958 87.17112397386168 23.70309741145042 96.82887602613832
61.31307078675141 76.47068776374455 52.68692921324859 81.52931223625545
91.69184299833945 69.27181908385346 82.30815700166055 72.72818091614654
42.15133152251763 10.77917487105286 51.84866847748237 13.22082512894714
16.831755775921508 79.78789046362174 9.168244224078494 86.21210953637826
89.22778423649252 82.83889200325675 94.77221576350748 91.16110799674325
4.804653372573602 24.855012506708952 7.195346627426398 15.144987493291048
91.997159167968 2.831476262819035 82.002840832032 3.168523737180965
90.15685291061199 43.88703092303085 95.84314708938801 52.11296907696915
40.461486879526305 96.30766191073334 45.538513120473695 87.69233808926666
37.856422905136476 82.00206186334499 38.143577094863524 91.99793813665501
20.100367324629325 76.86129128246534 11.899632675370677 71.13870871753466
33.29887622315922 81.20760387182365 38.70112377684078 72.79239612817635
31.132477912434037 60.81471602532917 22.867522087565963 55.18528397467083
3.015588076279692 11.394509536861678 12.984411923720309 10.605490463138322
51.508379115614694 22.8033339282099 60.491620884385306 27.1966660717901
51.96060488552642 43.093143750434216 50.03939511447358 52.906856249565784
95.86449046453912 11.998163379262344 96.13550953546088 2.001836620737656
77.55901035143842 56.29551696786674 72.44098964856158 47.70448303213326
29.53736474033425 41.53370212296396 22.46263525966575 34.46629787703604
16.715611936471557 51.66222864390161 7.284388063528444 48.33777135609839
14.995265056781804 95.78245227536316 5.004734943218195 96.21754772463684
64.70551961823931 57.69058721229194 55.29448038176069 54.30941278770806
15.014962961838402 15.980152354094626 22.9850370381616 22.019847645905372
57.49152848421829 16.161870623183766 66.50847151578171 11.838129376816234
36.88700880188752 32.00127686412329 37.11299119811248 41.99872313587671
35.9990062729111 45.900319092121734 26.000993727088897 46.099680907878266
38.968807926595616 7.442373073999646 29.031192073404387 8.557626926000355
83.71591142894957 54.05151833125559 82.28408857105043 63.94848166874441
41.9958522262733 48.994477585213055 34.0041477737267 55.005522414786945
58.39560879374056 35.26439773024831 61.60439120625944 44.73560226975169
45.705872808811165 30.557367848825653 50.294127191188835 39.44263215117435
89.25983456238225 63.993244035713815 88.74016543761775 54.006755964286185
34.70215686728671 65.44071130985142 39.29784313271329 56.55928869014858
45.98080952282838 3.4376488287452815 36.01919047717162 2.5623511712547185
41.88584074615444 33.46895920903605 46.11415925384556 42.53104079096395
4.186983796192392 3.6454244126349375 13.813016203807608 6.354575587365062
5.023927609354471 91.89403435325107 2.9760723906455286 82.10596564674893
15.651259982929334 42.28705773030747 22.348740017070664 49.71294226969253
52.529720399943095 96.34715064122958 57.470279600056905 87.65284935877042
73.8331786132968 74.34817711302857 70.1668213867032 83.65182288697143
20.229027446646615 5.495934789738071 29.770972553353385 2.5040652102619294
62.56209480177628 31.63461132950641 67.43790519822372 40.36538867049359
4.110959478072053 31.047512660995803 13.889040521927946 28.952487339004197
96.71744942293259 36.69578188161125 93.28255057706741 27.30421811838875
43.40093150155512 59.036018036478076 44.59906849844488 68.96398196352193
69.65892337549589 25.815057294208078 60.341076624504105 22.184942705791922
5.145218507760421 76.99789071359147 4.854781492239579 67.00210928640853
51.00108044394103 8.103938789925369 60.99891955605897 7.896061210074631
67.9434326827771 15.9230568931923 76.0565673172229 10.0769431068077
31.386969472778325 14.071282976971244 40.613030527221675 17.928717023028756
69.33652498938498 96.48888549685186 60.66347501061502 91.51111450314814
80.48079112565235 14.658839395866055 75.51920887434765 23.341160604133947
