95.09739915098508 30.917856413861386 96.90260084901492 21.082143586138614
68.73465379489986 38.39281194552709 59.265346205100144 41.60718805447291
38.882592408518285 9.077168219118825 29.117407591481715 6.922831780881175
30.576043213946374 42.37314915128041 35.42395678605362 33.62685084871959
8.810625383900334 72.0035875615821 9.189374616099666 81.9964124384179
13.359185570795574 84.24571538736474 18.640814429204426 75.75428461263526
96.65535338032451 82.04313486698526 95.34464661967549 91.95686513301474
67.44942407829376 79.24650504249506 70.55057592170624 88.75349495750494
20.194564652372232 37.00378697451287 19.805435347627768 46.99621302548713
76.0708943469911 68.00050262610682 75.9291056530089 77.99949737389318
77.70941330423499 34.69871324463458 74.29058669576501 25.301286755365417
71.89416963083755 42.97671918585978 62.105830369162454 45.02328081414022
90.8352897129135 85.99728631572455 91.1647102870865 76.00271368427545
60.43973141994256 36.750322300442946 63.56026858005744 27.249677699557058
90.78290310912914 17.54266069541689 81.21709689087086 20.45733930458311
9.48866257928852 53.44043408293774 16.51133742071148 60.55956591706226
55.173132888313965 96.30435956933803 64.82686711168604 93.69564043066197
26.042373318342825 67.56384829157602 21.957626681657175 58.436151708423985
67.92720275466368 9.14989823289524 58.07279724533632 10.85010176710476
17.350962691353313 65.58173630038516 24.649037308646687 72.41826369961484
50.43434830058638 70.96790077949937 51.56565169941362 61.032099220500626
24.170697942566413 91.24223302799669 15.829302057433587 96.75776697200331
28.4290542589544 62.500236220184526 35.5709457410456 69.49976377981547
84.40333739487261 78.63132531002746 75.59666260512739 83.36867468997254
50.64121026528932 90.95871449023713 49.35878973471068 81.04128550976287
62.56713652526439 74.49635375499685 55.43286347473561 81.50364624500315
34.71769158645435 24.803078218394436 29.28230841354565 33.19692178160557
46.802920244503014 34.996114447245304 47.197079755496986 25.003885552754696
4.981368944073702 65.90274565887398 3.0186310559262983 56.09725434112602
34.12287285165499 3.898350882142556 43.87712714834501 6.101649117857444
43.50954509041674 52.19904859086823 52.49045490958326 47.80095140913177
62.08025777694343 50.892264791793544 71.91974222305657 49.107735208206456
94.7349917061177 70.3938077502999 85.2650082938823 73.6061922497001
90.42537905804193 32.966871326404906 91.57462094195807 23.033128673595094
96.4828443094014 52.78547817855242 87.5171556905986 57.21452182144758
62.91010266701295 62.934129555993685 57.08989733298705 71.06587044400632
43.464649316082834 80.21933034179331 40.535350683917166 89.78066965820669
26.00294526957447 79.17159260220609 35.997054730425525 78.82840739779391
31.52931223625553 95.31307078675137 26.47068776374447 86.68692921324863
71.44087009081503 77.36373156825265 66.55912990918497 68.63626843174735
68.30550401040921 13.279038814000728 77.69449598959079 16.720961185999272
10.278806601517815 62.80534787043586 15.721193398482185 71.19465212956413
43.008430298761354 75.70977264485172 52.991569701238646 76.29022735514828
9.886649015382266 37.63039474480925 6.1133509846177345 28.36960525519075
69.57006502019237 24.288911958991886 64.42993497980763 15.711088041008114
80.08128308804748 65.1021002616816 89.91871691195252 66.8978997383184
60.15902321024348 57.25097710652062 69.84097678975651 54.74902289347938
46.17058343189444 61.13381315746427 39.82941656810556 68.86618684253574
22.09114252410938 84.1255343370595 13.90885747589062 89.8744656629405
34.322747156386384 53.232712293680414 43.677252843613616 56.767287706319586
11.102671304802012 28.876896143405787 8.897328695197988 19.123103856594213
16.02323236713891 24.48143943389197 25.97676763286109 23.51856056610803
23.21254064322039 13.937601417836422 24.78745935677961 4.062398582163578
55.7449948497361 54.0065069967668 56.2550051502639 63.9934930032332
94.99544077182973 3.7865251885089144 85.00455922817027 4.213474811491086
74.04584078542467 58.03397364083353 79.95415921457533 49.96602635916647
26.85085143634281 27.787877752645848 17.14914856365719 30.212122247354152
10.93310397709617 47.55279483729547 15.06689602290383 38.44720516270453
11.51268972784359 95.15305165293705 2.48731027215641 90.84694834706295
83.27511247076654 58.40704543767224 74.72488752923346 63.59295456232776
39.664688419430476 22.01125605548491 40.335311580569524 31.98874394451509
76.0333202053029 10.57627408144703 85.9666797946971 9.42372591855297
52.978664630008204 16.538590743585214 43.021335369991796 17.461409256414786
47.510749219235024 45.323903139307205 42.489250780764976 36.676096860692795
11.999728813124065 13.052074900067261 2.000271186875934 12.947925099932739
85.68003283370679 91.48248462126871 94.31996716629321 96.51751537873129
38.45301197526034 62.27391388319523 29.546988024739658 57.72608611680477
51.59765439691333 26.614941778798126 56.40234560308667 35.385058221201874
68.18155222175558 28.87006632967197 73.81844777824442 37.12993367032803
86.80564109896787 48.72164534966121 95.19435890103213 43.27835465033879
27.59816442084906 49.73770730247576 24.40183557915094 40.26229269752424
53.99688826643425 12.176373616994603 44.00311173356575 11.823626383005397
49.40248250454799 38.527555922708515 56.59751749545201 45.472444077291485
4.264472876293482 4.395387005960668 13.735527123706518 7.604612994039332
3.809538515504262 83.9963711254193 4.190461484495738 74.0036288745807
15.060909938655806 53.221932287052724 24.939090061344196 54.778067712947276
37.1793488461201 95.32714824062589 46.8206511538799 92.67285175937411
65.43538786797687 86.69189808270873 56.564612132023136 91.30810191729127
3.903349026179654 38.917719038019584 2.096650973820346 29.082280961980416
59.36293663386703 15.189344771025134 56.63706336613297 24.810655228974866
19.946166302069976 3.3943038827244285 16.053833697930024 12.60569611727557
85.72095389229698 30.339835644369344 78.27904610770302 23.660164355630656
34.111425219117926 44.95031594671358 43.888574780882074 47.04968405328642
79.93610525890773 45.88550181454026 82.06389474109227 36.11449818545974
3.5936778415637276 51.79815151768795 6.406322158436272 42.20184848231205
20.013371025418763 19.36541958057402 29.986628974581237 18.63458041942598
71.00791578495718 4.718761329258687 80.99208421504282 5.281238670741313
28.322468352950345 13.233450342942792 37.677531647049655 16.766549657057208
85.06819146444998 83.05206368624363 78.93180853555002 90.94793631375637
95.18124675022523 36.258253182051455 86.81875324977477 41.741746817948545
