58.081399225701176 18.5461827133597 53.918600774298824 9.453817286640302
67.58150288457334 10.488959313003356 60.41849711542666 3.5110406869966435
83.10068058458297 26.073566855642106 88.89931941541703 17.926433144357894
2.0464404632667383 12.602565060532934 5.953559536733262 3.3974349394670664
2.3758799743444023 83.03910550469216 3.6241200256555977 92.96089449530784
46.66381848920682 86.40241591786575 39.33618151079318 79.59758408213425
87.2545583747146 72.15995007417966 84.7454416252854 81.84004992582034
46.21212468167191 71.06246493857822 47.78787531832809 80.93753506142178
25.2936679703275 21.795744186521386 30.7063320296725 30.204255813478614
52.868141830227984 89.85930060016474 43.131858169772016 92.14069939983526
77.87168571795075 25.125468020653944 68.12831428204925 22.874531979346056
59.948997737687186 96.7123351685598 50.051002262312814 95.2876648314402
59.59962571528635 78.03608531483796 58.40037428471365 87.96391468516204
83.40721643518502 47.361449405224484 74.59278356481498 42.638550594775516
94.99915378043237 6.091986301092848 85.00084621956763 5.908013698907152
54.983829878143275 52.59820434829832 45.016170121856725 53.40179565170168
73.05015017953251 89.70638994529793 82.94984982046749 88.29361005470207
51.65766200065458 38.23518980569663 46.34233799934542 29.76481019430337
80.9355277936957 20.800353295524697 71.0644722063043 19.199646704475303
45.39306353881496 48.94322835575334 54.60693646118504 45.05677164424666
67.6861887415556 54.782845740936196 62.31381125844441 63.217154259063804
5.16986433364328 45.87806694498617 10.830135666356721 54.12193305501383
28.680844177522314 76.77944618612146 23.319155822477686 85.22055381387854
21.81597293331744 79.13162152657084 16.18402706668256 70.86837847342916
12.062980235012443 72.55457051212824 7.937019764987556 63.44542948787177
31.18136462031967 89.14267979646772 24.81863537968033 96.85732020353228
16.57021693177696 32.63008532790666 21.42978306822304 41.36991467209334
41.2974314688465 9.44420603910099 32.7025685311535 14.55579396089901
14.366298054704595 86.6970308907138 7.633701945295405 79.3029691092862
96.31697406745154 90.82344060870041 93.68302593254846 81.17655939129959
5.880453519025069 41.632914262403986 2.1195464809749307 32.367085737596014
85.47882904945546 65.13518459060387 94.52117095054454 60.86481540939614
63.593536979050484 74.97469441233214 54.406463020949516 71.02530558766786
58.692232709414476 59.62843988344715 51.307767290585524 66.37156011655284
96.13594811816525 77.52081028539203 91.86405188183475 68.47918971460797
40.9806186677915 87.98553710227472 35.0193813322085 96.01446289772528
71.34993435759449 58.58663297300157 66.65006564240551 67.41336702699843
37.87026266289989 48.90590764076299 32.12973733710011 57.09409235923701
78.99007118848223 82.31494369953936 69.00992881151777 81.68505630046064
95.97293819181886 53.90442568247295 94.02706180818114 44.09557431752705
96.79359021826218 11.063380249049096 95.20640978173782 20.936619750950904
20.588263230723655 65.65514051948318 27.411736769276345 58.34485948051682
75.02448324377598 94.49419936112257 84.97551675622402 93.50580063887743
10.326852128921528 5.221886118654167 19.67314787107847 8.778113881345833
73.31005408495274 4.047831320087168 74.68994591504726 13.952168679912832
81.22419574374653 33.675101926752255 72.77580425625347 28.32489807324774
44.30958857119765 63.56538607860919 39.69041142880235 72.4346139213908
3.2483976679356728 63.05681338260071 4.751602332064327 72.94318661739929
37.139679540954845 26.92542878415152 38.860320459045155 17.07457121584848
2.0398595721860415 49.97041334035097 7.9601404278139585 58.02958665964903
21.516006320969737 47.787806363263684 30.483993679030263 52.212193636736316
27.692981836750878 9.53960519400992 36.307018163249126 4.460394805990082
80.60403288211022 12.963380327692974 79.39596711788978 3.036619672307025
59.780944921389 23.82592268621162 66.21905507861099 16.17407731378838
63.68325953159446 12.381360557958665 56.31674046840554 5.618639442041334
80.11321690211872 51.94200616530062 89.88678309788128 54.05799383469938
61.80523718309 33.27897723091678 70.19476281691 38.72102276908322
31.46839739498968 23.348219670210806 26.53160260501032 14.651780329789194
13.955756739971859 64.96643202056624 20.04424326002814 57.033567979433755
57.61687924278213 36.59412127744437 66.38312075721787 41.40587872255563
52.2772174061674 85.69382787651907 55.7227825938326 76.30617212348093
46.1594652618858 8.885226324381073 51.8405347381142 17.114773675618927
81.14981504844788 78.86599685104325 78.85018495155212 69.13400314895675
22.358317695296652 92.4088930184402 17.641682304703348 83.5911069815598
25.98391716362152 3.4007114999084043 16.01608283637848 2.5992885000915957
89.06499939469667 86.38960168125618 92.93500060530333 95.61039831874382
12.812142046152227 43.504082121103075 17.187857953847775 52.495917878896925
88.98948753536123 58.67594115584534 79.01051246463877 59.32405884415466
37.928617138687656 61.386927712211715 34.071382861312344 70.61307228778828
68.8314096540772 85.78747761678709 61.168590345922794 92.21252238321291
19.99499867840293 23.419610311295116 24.00500132159707 32.580389688704884
49.890347348540544 5.0413946469146556 40.109652651459456 2.958605353085345
23.731097536985597 74.45556748499304 28.268902463014403 65.54443251500696
5.4017647574992065 28.799484927013857 2.5982352425007935 19.200515072986143
7.363964450330888 20.751315900083807 12.636035549669112 29.248684099916193
10.804410081453357 16.50785297329035 15.195589918546643 25.49214702670965
86.31336146980298 30.742245472737054 95.68663853019702 27.257754527262946
15.912590794477698 96.11313881395745 8.087409205522302 89.88686118604255
44.051593068949614 34.00026619156216 43.948406931050386 43.99973380843784
74.92126037378969 48.116146882470076 65.07873962621031 49.883853117529924
58.61399680039674 42.195939724494544 61.38600319960326 51.804060275505456
88.80845878645945 40.37066556786143 79.19154121354055 37.62933443213857
52.92223023836678 58.87843581467728 43.07776976163322 57.12156418532272
57.00561140197435 29.236817507611644 66.99438859802565 28.763182492388356
33.16062279990466 76.07095892531214 34.83937720009534 85.92904107468786
45.94513340539612 19.074584320140886 54.05486659460388 24.925415679859114
26.478343849528247 37.45064259930837 33.521656150471756 44.54935740069163
14.61544464225236 39.453774752181836 7.38455535774764 32.546225247818164
74.94145303226185 68.08943321112064 73.05854696773815 77.91056678887936
90.81594548651229 10.769123951005481 83.18405451348771 17.230876048994517
