96.91975163361361 33.91467770382403 95.08024836638639 24.085322296175967
79.20520036186454 32.29513587835279 70.79479963813546 37.70486412164721
40.99814912458186 12.863965708582045 31.00185087541814 13.136034291417955
33.1318619306845 39.92405689372139 34.8681380693155 30.075943106278608
7.696103956344229 87.2964660765257 4.303896043655771 96.7035339234743
16.5329332307049 83.97151708954223 15.467066769295101 74.02848291045777
89.31581832488774 80.78156797672506 94.68418167511226 89.21843202327494
69.95479381849083 76.11046586696288 72.04520618150917 85.88953413303712
28.56417049515271 35.250961080166455 25.43582950484729 44.749038919833545
74.46108044896701 68.02912827388249 75.53891955103299 77.97087172611751
70.293388627732 30.829818408351763 67.706611372268 21.170181591648237
58.825296839746244 60.3101566350383 49.174703160253756 57.6898433649617
86.65789602778358 84.23504294021824 81.34210397221642 75.76495705978176
68.93836030197679 50.91115871701109 67.06163969802321 41.08884128298891
85.80760872767972 21.62635582426243 76.19239127232028 24.37364417573757
8.319985130081726 57.75996045902851 17.680014869918274 54.24003954097149
48.02629067889337 95.48793009350575 57.97370932110663 96.51206990649425
25.480131182938205 68.59008174691624 18.519868817061795 61.40991825308377
55.99627764856919 3.1928980518509453 46.00372235143081 2.8071019481490547
11.411175384805418 61.51857243628803 18.588824615194582 68.48142756371197
54.739409750766164 73.9450250980629 53.260590249233836 64.0549749019371
35.475697442695115 83.77106922461634 26.524302557304885 88.22893077538366
24.004471090380726 60.78859774561735 33.995528909619274 61.21140225438265
79.91933479414449 83.94075322754364 74.08066520585551 92.05924677245636
49.303795326298236 87.21075769399152 54.696204673701764 78.78924230600848
64.68756213035826 78.783720858925 59.312437869641734 87.216279141075
47.34077550699562 18.279889919389728 40.65922449300438 25.720110080610272
49.368230126970715 34.959926090934474 50.631769873029285 25.040073909065523
4.550332099556102 68.9696211706928 3.4496679004438975 59.03037882930719
36.08013218602411 8.891572034669133 45.91986781397589 7.1084279653308675
55.19590441008537 54.38588078959296 64.80409558991462 51.61411921040704
72.63878534249105 48.445364330959514 81.36121465750895 43.554635669040486
91.84589318031188 73.23179514733854 82.15410681968812 70.76820485266146
91.6440426822729 29.958347408503233 90.3559573177271 20.041652591496767
96.90325551686955 58.02118166328559 87.09674448313045 59.97881833671441
76.44764154569684 56.37870633994078 69.55235845430316 63.62129366005922
44.612243427747224 84.03762577134893 43.387756572252776 93.96237422865107
20.149225363984712 75.78757044303977 29.850774636015288 78.21242955696023
34.81211494232201 78.85193313273133 41.18788505767799 71.14806686726867
66.61004731409676 71.45941590300772 59.38995268590324 64.54058409699228
62.17337633455104 4.694739875684531 71.82662366544896 7.305260124315469
8.792706246348843 68.14794458065504 11.207293753651157 77.85205541934496
41.05716641270742 77.75392050531362 50.94283358729258 76.24607949468638
22.94908334775055 38.066714970863664 15.050916652249452 31.933285029136336
56.05626907689359 30.0735950296248 63.94373092310641 23.9264049703752
84.00418821198127 66.79539164559303 93.99581178801873 67.20460835440697
65.03265306612354 60.04305082216205 72.96734693387646 53.95694917783795
49.85003411149862 49.809821738476515 42.14996588850138 56.190178261523485
25.467502807634418 81.39771957240313 18.532497192365582 88.60228042759687
27.08691884719535 54.071757797794284 36.91308115280465 55.928242202205716
11.926066739418921 27.096126605555476 4.073933260581078 20.903873394444524
19.48803016421663 25.154559862473313 28.51196983578337 20.845440137526687
24.571271108651963 11.370500654654032 29.428728891348037 2.629499345345968
58.832182157689786 70.00281707641172 59.167817842310214 79.99718292358828
96.62368567455904 15.445127302727085 89.37631432544096 8.554872697272915
80.84429814262703 49.78031330476025 89.15570185737297 44.21968669523975
33.890198885087976 25.957908418475455 24.109801114912024 28.042091581524545
7.8345590724387835 45.76570097425552 16.165440927561217 40.23429902574448
19.80167278128395 95.24765824311068 12.198327218716049 88.75234175688932
82.63197636553895 55.74880012099591 77.36802363446105 64.25119987900409
43.96729582845447 31.094458360154857 42.03270417154553 40.90554163984515
74.34413773716119 14.177104887967097 83.65586226283881 17.822895112032903
61.71915201109933 17.347848585589958 52.28084798890067 20.652151414410042
44.785140585401564 46.44997571632864 35.214859414598436 43.55002428367136
11.998500501222443 14.877555158218136 2.001499498777557 15.122444841781864
87.02083214418091 95.54405322286705 96.97916785581909 96.45594677713295
47.45301197526034 67.27391388319522 38.54698802473966 62.72608611680477
56.06917809469003 38.38785009242163 59.93082190530997 47.61214990757837
58.38448057555361 8.546303532235234 65.61551942444639 15.453696467764766
88.0588089228433 51.07685113278825 95.9411910771567 44.92314886721175
22.143160675966683 56.99795008186924 21.856839324033317 47.00204991813076
53.096836701708085 8.133655805815078 44.903163298291915 13.866344194184922
46.65347133046184 40.28506448724084 53.34652866953816 47.71493551275916
8.767297785396526 2.185601437749617 15.232702214603474 9.814398562250382
7.612728161457016 82.73276957787334 4.387271838542984 73.26723042212666
4.54685547666879 52.27365429525362 13.453144523331211 47.72634570474638
30.2342450218124 93.48752537612027 39.7657549781876 96.51247462387973
64.9952095279509 92.21881903909059 55.004790472049095 91.78118096090941
2.8611574024215236 36.9980719015534 3.1388425975784764 27.001928098446598
64.85832072277553 28.35816371558593 61.14167927722446 37.64183628441407
21.2017161571698 4.14656016029898 18.7982838428302 13.85343983970102
73.19888391921899 21.490535548216958 68.80111608078101 12.509464451783042
26.00095294709909 48.90238564202575 35.99904705290091 49.09761435797425
80.86437402801756 38.52096247582239 85.13562597198244 29.479037524177613
4.323315910738878 42.38850912759197 11.676684089261123 35.61149087240803
17.72277806794077 20.589473410543444 26.27722193205923 15.410526589456556
84.02077191584154 2.544711425656594 93.97922808415846 3.455288574343406
32.40811681282731 21.97853703411404 41.59188318717269 18.02146296588596
85.06819146444998 88.05206368624363 78.93180853555002 95.94793631375637
94.99995092791437 39.977847834230886 85.00004907208563 40.022152165769114
