83.61605308709845 5.078528195083543 74.38394691290155 8.921471804916457
74.52006666836294 18.550933771598707 67.47993333163706 11.449066228401291
70.10068058458297 57.073566855642106 75.89931941541703 48.926433144357894
18.208062782221994 8.33213528392885 21.791937217778006 17.66786471607115
5.777933617220437 34.32678354313034 2.2220663827795626 43.67321645686966
42.05587459393485 59.60655797808863 45.94412540606515 50.39344202191137
93.08487882522365 76.11911504595925 90.91512117477635 85.88088495404075
39.848912428602226 71.11790686389642 46.151087571397774 78.88209313610358
10.182716369531875 23.770705079346254 17.817283630468125 30.229294920653746
96.85211521709222 78.07314505421563 95.14788478290778 87.92685494578437
83.99310933608571 34.26241028541916 74.00689066391429 33.73758971458084
65.88725223845128 80.05582458663974 56.112747761548725 77.94417541336026
42.277730318891756 84.66163087404908 49.722269681108244 91.33836912595092
89.72237016430498 39.99228621718867 90.27762983569502 30.00771378281133
87.6043684274863 8.05069464065598 78.3956315725137 11.94930535934402
3.4697415032192236 22.022114613598124 2.5302584967807764 31.977885386401876
87.00630730643918 95.74893570091038 96.99369269356082 96.25106429908962
23.445258245290727 47.98013504786774 22.554741754709273 38.01986495213226
83.3393041414469 19.51596305018991 74.6606958585531 24.48403694981009
26.315348440532492 65.04709658461638 27.684651559467508 74.95290341538362
62.739409750766164 74.9450250980629 61.260590249233836 65.0549749019371
16.835009434646054 80.13761406482 19.164990565353946 89.86238593518
34.03693202913268 44.00013639933806 33.96306797086732 53.99986360066194
58.97880837800581 95.5401444410479 49.02119162199419 96.4598555589521
9.16294529751528 64.49204396206478 4.8370547024847195 73.50795603793522
38.888414394971335 87.086173864033 45.111585605028665 94.913826135967
51.22039814204582 35.46813013028172 60.77960185795418 32.53186986971828
40.885989702186365 9.061651840354832 31.114010297813635 6.938348159645169
7.564797680463099 82.78959228974617 10.435202319536902 73.21040771025383
64.12287285165499 40.89835088214256 73.87712714834501 43.10164911785744
2.3986003019090676 67.96370007183513 3.6013996980909324 58.036299928164865
70.97147001877318 63.02155732065797 77.02852998122682 70.97844267934204
95.97936748380198 70.02731472246602 88.02063251619802 63.972685277533984
79.85982034381752 40.17564715191989 70.14017965618248 37.82435284808011
88.29930930371953 58.756934670497984 81.70069069628047 51.243065329502016
91.9852153973444 90.61577683297297 82.0147846026556 91.38422316702703
76.59467098049998 76.4753907034967 69.40532901950002 69.5246092965033
40.63058876275692 50.27335422452974 37.36941123724308 59.72664577547026
76.12612846049002 81.1759844321367 67.87387153950998 86.8240155678633
79.99526468648534 74.0063241543733 88.00473531351466 79.9936758456267
63.92429877607205 14.000573100374822 64.07570122392795 23.999426899625178
11.34387915410362 96.71732056766042 4.65612084589638 89.28267943233958
75.00034427479893 87.05867392490852 84.99965572520107 86.94132607509148
10.563110613027803 4.634044192200033 15.436889386972197 13.365955807799967
69.94373092310651 30.926404970375337 62.056269076893486 37.07359502962466
95.88438431355243 48.069013506707414 86.11561568644757 45.930986493292586
33.025119840203715 85.01871721260036 38.974880159796285 76.98128278739964
22.46658854612306 67.02181809004263 21.53341145387694 76.97818190995737
13.152847285122284 60.8806641179954 6.847152714877716 53.1193358820046
16.040539539160637 95.63541477585198 25.959460460839363 94.36458522414802
26.64360284473581 35.18749683042274 29.35639715526419 44.81250316957726
24.06820591742534 10.176952536556009 33.931794082574655 11.823047463443991
62.06239858216357 45.21254064322047 71.93760141783643 46.78745935677953
71.49689609502376 3.814153365270079 62.50310390497625 8.18584663472992
93.51616630642246 26.97653543712482 94.48383369357754 17.02346456287518
85.81807535410371 68.2283588075655 78.18192464589629 61.771641192434494
43.97233809552643 31.47478207972632 34.02766190447357 32.525217920273676
17.023573499867343 34.96830865833816 8.976426500132657 29.031691341661844
37.07025833496363 95.90396230806446 28.929741665036367 90.09603769193554
67.39478672466247 50.32911140266346 60.60521327533753 57.67088859733654
33.00101540248034 36.89923793491004 42.99898459751966 37.10076206508996
77.16185744256542 28.261894050204063 86.83814255743458 25.738105949795937
55.010146879891295 62.42186615297638 50.989853120108705 71.57813384702362
23.572765284600653 58.02232975845956 14.427234715399347 53.97767024154044
42.966896466276665 3.574403597906868 33.033103533723335 2.425596402093132
77.60484511621502 54.329451905353785 84.39515488378498 61.670548094646215
17.549313683781833 62.24609348963966 14.45068631621817 71.75390651036034
56.706880527172544 39.313205494755245 47.293119472827456 42.686794505244755
52.62651615688583 52.745424477387 47.37348384311417 61.254575522613
96.79011461780925 64.66856398211544 93.20988538219075 55.33143601788455
24.097934346682514 88.62408328757927 27.902065653317486 79.37591671242073
50.01057417362553 8.007952512168853 43.98942582637447 15.992047487831147
25.283487464379498 14.655222791787818 32.7165125356205 21.344777208212182
15.00396269967338 4.199025862000667 24.99603730032662 3.800974137999333
30.561484306951513 61.29404216854482 25.438515693048487 52.70595783145518
7.0193904057643755 47.43991825355178 16.980609594235624 46.56008174644822
47.0014765694089 83.12150520084268 56.9985234305911 82.87849479915732
72.8813235436696 96.08290371779626 63.11867645633041 93.91709628220374
2.0147950559192376 17.3843587718691 11.985204944080763 16.6156412281309
59.93847401890913 15.088863011905232 58.06152598109087 24.911136988094768
16.000626192381873 22.920870159220275 25.999373807618127 23.079129840779725
94.48513802763848 41.973421070994895 95.51486197236152 32.026578929005105
58.01035408986841 44.00001072072919 57.98964591013159 53.99998927927081
58.969945806786626 4.547392617418295 49.030054193213374 3.452607382581706
42.708401544096496 64.3174558253794 33.291598455903504 67.6825441746206
43.01104397963067 26.667858724605612 52.98895602036933 27.332141275394388
45.45064259930834 22.521656150471724 52.54935740069166 15.478343849528276
31.520035989305736 25.862413825039813 22.479964010694264 30.137586174960187
63.69406143669552 87.27785388874 54.30593856330448 90.72214611126
92.77114133349728 7.324205054027984 89.22885866650272 16.675794945972015
