54.76695340808836 19.164609085792833 49.23304659191164 10.835390914207167
63.978173661986446 12.999952360869944 64.02182633801355 3.000047639130057
86.28851461351746 9.673889319208852 95.71148538648254 6.326110680791148
24.782275444608164 34.93842536936249 23.217724555391836 25.061574630637505
12.833460756952197 94.27970977608327 3.1665392430478025 91.72029022391673
40.53590278923516 83.10370765236254 31.464097210764844 78.89629234763746
86.56021952597239 87.3712384632635 93.43978047402761 94.6287615367365
36.99422539019556 65.00000333461296 37.00577460980444 74.99999666538704
35.00523027845139 15.006986398865486 26.994769721548607 20.993013601134514
57.91123310081229 95.93797091078865 48.08876689918771 94.06202908921135
63.980909681896776 35.43650743497332 54.019090318103224 34.56349256502668
37.98239579350599 95.5807958053003 28.01760420649401 96.4192041946997
63.72854131414699 87.00737442001957 64.27145868585302 96.99262557998043
91.52476521097327 58.12755723438077 82.47523478902673 53.87244276561923
78.10880803593982 11.533533794685518 73.89119196406018 2.4664662053144824
41.73887555093606 61.1616567790231 44.26112444906394 70.83834322097691
70.01144954621351 93.66182198470828 79.98855045378649 94.33817801529172
45.196323338239665 29.387332162554824 54.803676661760335 26.612667837445176
90.76094025709935 12.472437278429858 81.23905974290065 15.527562721570142
58.33616740280096 51.19759452250509 67.66383259719905 54.80240547749491
60.16715266367715 62.348046577862775 63.83284733632285 71.65195342213723
2.2632274331738733 63.05458129328037 3.7367725668261267 72.94541870671962
31.561552345278525 66.49067743120683 24.438447654721475 73.50932256879317
16.233051199086088 36.84557372665326 13.766948800913912 27.15442627334674
19.375665697190016 70.39956958067431 14.624334302809986 61.6004304193257
28.67022364887866 55.28721388531938 25.32977635112134 64.71278611468063
21.64685252646079 42.58834532541632 26.35314747353921 51.41165467458368
48.054306580757505 3.441510724784316 43.945693419242495 12.558489275215685
18.853338716471814 87.99784858393228 19.146661283528186 78.00215141606772
95.49030188296942 90.58019451507039 88.50969811703058 83.41980548492961
3.5306037018153367 26.971766256736117 2.4693962981846633 17.028233743263883
84.15413617062336 64.80479556117415 91.84586382937664 71.19520443882585
86.92038688434488 95.05848992184858 81.07961311565512 86.94151007815142
57.30374334595937 73.54515092128354 48.69625665404063 68.45484907871646
91.38528394086441 52.40193354570785 82.61471605913559 47.59806645429215
50.253392806244065 78.20323357996843 43.746607193755935 85.79676642003157
70.46969527741452 75.88426392938068 79.53030472258548 80.11573607061932
26.956330872418324 78.39861221829511 23.043669127581676 87.60138778170489
71.24842541429105 56.82521410138429 76.75157458570895 65.17478589861571
94.48711629691347 43.58329735464425 87.51288370308653 36.41670264535575
94.92429877607205 17.000573100374822 95.07570122392795 26.999426899625178
32.65053532102411 54.413617079249704 37.34946467897589 45.586382920750296
59.01425570476533 80.62270194469762 68.98574429523467 81.37729805530238
5.75199114084348 14.362876428278772 14.24800885915652 19.637123571721226
62.61527899083486 20.038001233027437 61.38472100916514 29.961998766972563
89.18808046285831 28.933638278715577 90.81191953714169 19.066361721284423
52.83370011784045 49.13792795354958 55.16629988215955 58.86207204645042
9.323952234447258 77.1784701099234 6.676047765552741 86.8215298900766
84.67077790216639 42.784330067177635 75.32922209783361 39.215669932822365
8.364585224148023 21.040539539160637 9.635414775851977 30.959460460839363
27.897328695198116 40.123103856594184 30.102671304801884 49.876896143405816
30.043066073448657 11.65483283958905 39.95693392655134 10.34516716041095
74.37303998135019 33.80778131882201 71.62696001864981 24.19221868117799
69.6215198909177 32.729764607605574 66.3784801090823 23.27023539239443
74.53370445689738 14.310492051390229 69.46629554310262 5.689507948609771
52.0293967415537 38.4586098937707 61.9706032584463 39.5413901062293
86.62539179168327 18.271564579744304 83.37460820831673 27.728435420255696
10.621899586025652 49.552995011789626 3.378100413974347 56.447004988210374
8.005750528232783 63.58508113825221 11.994249471767217 54.41491886174779
75.6343410909866 54.59504166578099 80.3656589090134 63.40495833421901
68.05055688233028 88.29076602947136 77.94944311766972 89.70923397052864
59.55575564233189 7.0309824244609205 58.44424435766811 16.96901757553908
82.01684959618517 76.58986337281334 91.98315040381483 77.41013662718666
14.556893312213443 79.75142959690923 11.443106687786557 70.24857040309077
13.622621922895968 2.0943855169626824 4.377378077104032 5.905614483037318
95.93298428866086 72.00044913072847 96.06701571133914 81.99955086927153
16.613760302331805 42.03781315433593 15.386239697668193 51.96218684566407
94.84542432350005 63.233638166252206 85.15457567649995 60.766361833747794
51.152370112182375 84.8069224490513 58.847629887817625 91.1930775509487
83.99999965858818 71.0018477332186 74.00000034141182 70.9981522667814
47.10295294615987 15.079326204092235 40.89704705384013 22.920673795907767
41.9387350276522 2.2196819067577374 32.0612649723478 3.7803180932422626
19.826680215319527 58.99699512229483 20.173319784680473 49.00300487770517
2.021642376761411 49.02864171232244 9.978357623238589 42.97135828767756
26.726394272231865 15.66623550203714 19.273605727768135 22.33376449796286
6.6677967249185155 9.503599634799485 15.332203275081485 14.496400365200515
89.09280686458153 44.88008945600377 96.90719313541847 51.11991054399623
26.217345541120196 91.31411158333158 17.782654458879804 96.68588841666842
48.238110586447235 43.52888593269722 43.761889413552765 52.47111406730278
77.58566536316471 44.51531867979282 70.41433463683529 51.48468132020718
76.95888932251809 26.435586872086475 81.04111067748191 35.564413127913525
77.73013386762524 21.62044240698171 68.26986613237476 18.37955759301829
41.58949873465056 39.48073251398927 34.41050126534944 32.51926748601073
58.12261031574495 47.100486196152616 67.87738968425505 44.899513803847384
29.485240636364935 83.44381291047003 36.514759363635065 90.55618708952997
12.57745591659372 7.66738262239001 21.42254408340628 12.33261737760999
36.076943106807676 24.94343268277712 41.923056893192324 33.05656731722288
2.2995401777808406 43.20803003180586 7.700459822219159 34.79196996819414
63.95460777675014 60.4375039010352 68.04539222324986 69.5624960989648
88.94820876358531 2.282204742299387 79.05179123641469 3.717795257700613
