45.11939391313042 11.90760561146143 38.88060608686958 4.092394388538571
59.172217467666194 18.50349545055459 54.827782532333806 9.496504549445412
70.6958274930979 75.43743045674368 75.3041725069021 66.56256954325632
2.332135283928843 5.791937217777994 11.667864716071158 2.2080627822220062
9.939427289001198 76.08904526912741 8.060572710998802 85.91095473087259
47.606557978088595 95.94412540606523 38.393442021911405 92.05587459393477
94.51410792898811 72.8499233489369 85.48589207101189 77.1500766510631
45.570902927884745 63.62970396720759 50.429097072115255 72.37029603279241
2.405359048319477 14.027875631421715 11.594640951680523 17.972124368578285
95.87550659759624 94.10879908765993 86.12449340240376 91.89120091234007
88.87168571795075 15.125468020653944 79.12831428204925 12.874531979346056
46.875565512429475 84.89145999891376 37.124434487570525 87.10854000108624
54.98310975601986 62.01272357921132 61.01689024398014 69.98727642078869
88.98668055908544 41.36471495944002 79.01331944091456 40.63528504055998
66.78290310912914 2.542660695416891 57.217096890870856 5.457339304583109
25.470411296588722 38.760486026091385 16.529588703411278 43.239513973908615
77.1629539556279 89.79421185145239 84.8370460443721 96.20578814854761
50.719040236065176 45.69519974727263 47.280959763934824 36.30480025272737
88.95136320662847 2.936223113654849 81.04863679337153 9.06377688634515
23.07400775439606 28.857088324649133 32.925992245603936 27.142911675350867
68.998296211182 37.130518141588595 59.001703788818006 36.869481858411405
9.379646175771095 67.31516734076081 2.6203538242289053 74.68483265923919
45.41365052729064 51.20400248262253 42.58634947270936 60.79599751737747
24.273335919080886 89.40411862314683 15.726664080919116 94.59588137685317
31.58988079851223 79.01682218259462 22.41011920148777 82.98317781740538
30.52202722332947 85.02289823041944 31.47797277667053 94.97710176958056
33.0748264300107 37.13821968838987 42.9251735699893 38.86178031161013
38.05832632370537 17.079385775163033 29.941673676294627 22.920614224836967
9.987699532059642 59.89645256921863 12.012300467940358 50.10354743078137
95.58783696464006 56.982983206100826 96.41216303535994 47.017016793899174
3.0080059126762166 89.99999359053211 2.9919940873237834 80.00000640946789
75.47889441910938 44.68212706879856 80.52110558089062 53.31787293120144
64.36196133050524 80.44403219110897 55.63803866949476 75.55596780889103
73.00168537651008 48.418160232672285 68.99831462348992 57.581839767327715
74.07075271253335 83.91289115274661 75.92924728746665 74.08710884725339
67.97619842651227 94.48728761525085 58.02380157348773 93.51271238474915
85.12759884646984 60.1288070412434 82.87240115353016 69.8711929587566
38.01139593922848 53.00857237354875 31.98860406077152 60.99142762645125
66.85957139500745 85.17667576537688 57.14042860499254 82.82332423462312
87.91531380949179 68.88363290400696 96.08468619050821 63.11636709599304
74.27322557170818 17.007470802592664 73.72677442829182 26.992529197407336
19.10876637734389 77.03722401080886 28.89123362265611 74.96277598919114
63.02159981677963 89.53574617318613 72.97840018322037 90.46425382681387
4.47469063057599 10.12639956522834 13.52530936942401 5.873600434771661
66.74428947696936 63.00654306833318 67.25571052303064 72.99345693166681
86.79324800592082 29.742505630768065 79.20675199407918 36.257494369231935
51.24651532230207 81.80264884811336 44.75348467769793 74.19735115188664
5.491414685017764 55.22761252229942 2.508585314982236 64.77238747770059
8.357226662676185 36.244496329074906 13.642773337323815 27.755503670925094
8.281025809713771 91.65265924842734 17.71897419028623 88.34734075157266
17.22284438191911 48.84218727298093 22.77715561808089 57.15781272701907
19.034585714520095 26.045568837592068 26.965414285479905 19.954431162407932
60.95806398977493 23.056744440378 69.04193601022507 28.943255559622
69.64392597644317 22.243778438030077 64.35607402355683 13.756221561969925
94.95174108203256 19.999767102259526 95.04825891796744 10.000232897740474
74.97588817064474 33.98180205981582 81.02411182935526 26.018197940184177
48.872721395569144 2.128732921714061 51.127278604430856 11.871267078285939
2.8397928876175937 29.863529526627474 5.160207112382406 20.136470473372526
15.652085926110468 82.9572960316052 14.347914073889532 73.0427039683948
50.06651427502066 51.00044243445298 49.93348572497934 60.99955756554702
55.93234389018954 53.05164768644659 62.06765610981046 60.94835231355341
65.935427191091 8.911914813499457 74.064572808909 3.0880851865005434
82.59240813722343 57.02268174004183 73.40759186277657 60.97731825995817
21.724023957813536 71.33641207910995 14.275976042186464 64.66358792089005
32.9583192213285 11.355740347837662 23.0416807786715 12.644259652162338
90.93298428866086 51.00044913072847 91.06701571133914 60.99955086927153
29.333693366453115 69.2040093536668 38.66630663354689 72.7959906463332
56.799419270805956 33.40198953741332 47.200580729194044 30.59801046258668
54.01929878451689 37.097120731044875 55.98070121548311 46.902879268955125
91.13060443962733 87.09470012554199 96.86939556037267 78.90529987445801
16.15785664493696 56.88633725868649 21.84214335506304 65.11366274131352
53.99688826643425 17.176373616994603 44.00311173356575 16.823626383005397
25.02751383884235 44.52381425820194 34.972486161157654 43.47618574179806
26.001250140117904 7.111802675856753 35.998749859882096 6.888197324143247
11.537737789556136 41.25570742013335 20.462262210443864 36.74429257986665
4.431638872920069 35.01866605381809 3.5683611270799314 44.98133394618191
86.48304224257038 47.14408316480411 95.51695775742962 42.85591683519589
11.995209527950902 96.21881903909059 2.0047904720490983 95.78118096090941
17.96432782457223 5.000127252029283 18.03567217542777 14.999872747970716
68.3333446609667 46.57783958984545 63.6666553390333 55.42216041015455
29.2017161571698 53.14656016029898 26.7982838428302 62.85343983970102
88.97178571124407 19.46957861895537 79.02821428875593 20.53042138104463
69.99940846047025 41.92309066780641 60.00059153952975 42.07690933219359
55.67288764479296 25.26766515759523 62.32711235520704 32.732334842404775
44.89674459421651 80.98911307308313 35.10325540578349 83.01088692691687
37.0393296102995 24.625898781552323 46.9606703897005 23.374101218447677
15.04791704838716 23.062848403622212 22.95208295161284 16.937151596377788
35.99963753912373 49.06020363265421 26.000362460876264 48.93979636734579
55.9056727566975 88.03336935482267 46.0943272433025 89.96663064517733
76.5812755148137 6.510807301538664 69.4187244851863 13.489192698461336
