61.96883901523354 3.557349836900463 52.03116098476646 2.442650163099537
72.8499757676696 31.10824027093061 67.1500242323304 22.89175972906939
73.38257613865962 65.91817540509841 82.61742386134038 62.0818245949016
16.544919981162103 19.730140527312024 25.455080018837897 24.269859472687976
2.5493928924813245 84.02034607280248 3.4506071075186755 93.97965392719752
42.66381848920682 75.40241591786575 35.33618151079318 68.59758408213425
96.99835775324459 86.87186034735635 87.00164224675541 87.12813965264365
43.98631508261344 67.010300359837 50.01368491738656 74.989699640163
2.749152508509451 27.632545460972803 11.25084749149055 22.367454539027197
94.9999732031853 94.98363028928728 85.0000267968147 95.01636971071272
88.96264155651077 21.610072767456778 79.03735844348923 20.389927232543222
31.894169630837546 82.97671918585978 22.105830369162454 85.02328081414022
52.124101504342114 79.90986456915266 57.875898495657886 88.09013543084734
76.56148545969324 27.294041480910508 71.43851454030676 18.705958519089492
85.04786046716234 3.0648976783791233 76.95213953283766 8.935102321620876
12.907100947126224 26.879974008286894 5.092899052873775 33.120025991713106
63.29139676482129 90.35354469837843 70.70860323517871 83.64645530162157
38.79157027829258 43.93694404409487 37.20842972170742 34.06305595590513
94.95136320662847 9.93622311365485 87.04863679337153 16.063776886345153
35.550119040501016 20.719965033976802 44.449880959498984 25.280034966023198
83.30560873810312 44.99065159064375 82.69439126189688 35.00934840935625
10.25111731635668 58.31583418751508 13.74888268364332 67.68416581248492
42.94966675251602 44.00025334999885 43.05033324748398 53.99974665000115
43.518399035785706 86.44741386804174 36.481600964214294 93.55258613195826
17.99573024145365 83.79341017782706 8.00426975854635 84.20658982217294
42.48653051180729 94.15141655175222 51.51346948819271 89.84858344824778
42.19550369482282 37.38449097271842 51.80449630517718 34.61550902728158
33.99958180349324 8.935333237445825 24.000418196506757 9.064666762554175
7.890651452274882 79.07972231670993 2.1093485477251184 70.92027768329007
68.12922935292605 76.1649857184118 75.87077064707395 69.8350142815882
9.54119040889744 69.52986833861162 2.4588095911025594 62.47013166138838
87.02200976361257 63.096579245309364 88.97799023638743 72.90342075469063
65.61141519680722 68.06742402926679 56.38858480319278 71.93257597073321
74.22160466829055 35.32081093898406 65.77839533170945 40.67918906101594
82.15925430930932 85.77499614242828 73.84074569069068 80.22500385757172
68.99488138282388 96.22618570140347 59.005118617176116 95.77381429859653
67.6689472588825 62.210885276519825 58.331052741117496 65.78911472348018
35.712831759349 49.30253181339507 32.287168240651 58.69746818660493
76.98482802155343 96.58916743264574 73.01517197844657 87.41083256735426
78.36675167553847 78.25041212845537 83.63324832446153 69.74958787154463
62.89739337628623 25.463586726728373 67.10260662371377 34.53641327327163
19.130163258975365 79.09439092904734 24.869836741024635 70.90560907095266
56.25363027877369 76.42774859852945 65.7463697212263 79.57225140147055
15.105039672869857 11.864831097040822 22.894960327130143 18.13516890295918
76.50517467507238 41.67286470660137 71.49482532492762 50.32713529339863
95.63924344485778 40.041031577212216 94.36075655514222 49.958968422787784
31.995905536431422 76.89981348242004 30.004094463568578 67.10018651757996
11.011718803457393 50.01568898370388 2.988281196542607 55.98431101629612
13.973665667257592 34.57099214306363 18.026334332742408 25.429007856936376
14.06573636434781 90.8081103723381 23.93426363565219 89.1918896276619
26.022653018688043 35.0000513161889 25.977346981311957 44.9999486838111
30.055249447360104 13.74124353094476 39.944750552639896 12.25875646905524
84.33401902608175 30.203163460124177 93.66598097391825 33.79683653987583
59.97190641240087 7.529288792935488 50.02809358759913 6.470711207064512
95.77728112456289 23.995037167281545 96.22271887543711 14.004962832718455
88.02745342768115 47.9045033555571 89.97254657231885 38.0954966444429
69.29159343772677 9.169701210937243 66.70840656227323 18.83029878906276
9.31850269324729 18.73999196187779 2.6814973067527097 11.26000803812221
14.830267496284858 72.75922649441134 23.169732503715142 67.24077350558866
54.979249833933885 52.00004305712457 55.020750166066115 61.99995694287543
48.13949307686985 61.35903954024765 51.86050692313015 70.64096045975235
73.00145374072963 13.879437593196682 82.99854625927037 14.120562406803318
81.5787748569786 53.508242487935654 74.4212251430214 60.491757512064346
32.9990062729111 62.900319092121734 23.000993727088897 63.099680907878266
38.91472898662424 4.919477562551403 29.08527101337576 3.080522437448596
88.8263616411038 55.497190178928825 93.1736383588962 64.50280982107118
19.72306232585103 45.22353611433353 26.27693767414897 52.77646388566647
59.491074152802526 35.42055852686008 52.508925847197474 42.57944147313992
60.94152623226263 48.443390981493245 65.05847376773737 57.556609018506755
93.64937442286181 80.98769101936523 94.35062557713819 71.01230898063477
16.202427924720425 54.59170238142016 25.797572075279575 57.40829761857984
49.993245571568906 16.740194953845158 40.006754428431094 17.259805046154842
33.003004877705166 28.826680215319612 42.996995122294834 29.173319784680388
13.00039338635345 4.937280714435847 22.99960661364655 5.062719285564153
11.10423686871929 45.13417128200644 18.89576313128071 38.86582871799356
7.949965492428484 38.09107287045376 6.050034507571516 47.90892712954624
70.92398111478926 55.89587120697819 79.07601888521074 50.10412879302181
18.99527258348133 94.78262516999484 9.004727416518671 95.21737483000516
3.893660909702162 5.082008492085824 10.106339090297837 12.917991507914177
60.76312546249773 40.70775353998198 53.23687453750227 47.29224646001802
32.25355726673229 33.00643326744428 31.746442733267713 42.99356673255572
93.85336514175276 28.20201780386948 84.14663485824724 25.79798219613052
49.2720191200832 45.007404923458225 48.7279808799168 54.992595076541775
43.85038266056031 3.002239036154391 44.14961733943969 12.997760963845609
38.73422264766779 54.16287195803927 41.26577735233221 63.83712804196073
53.390984031941954 11.061709050171793 62.609015968058046 14.938290949828207
48.08816422859242 21.93480979601249 57.91183577140758 20.06519020398751
56.994490818541294 29.234651792038186 47.005509181458706 28.765348207961814
34.48833359046518 88.79662495686686 25.51166640953482 93.20337504313314
93.81594548651229 2.769123951005481 86.18405451348771 9.230876048994519
