52.977809332865746 5.470546751805432 43.022190667134254 4.529453248194568
72.1329432348205 9.814032732174846 63.8670567651795 4.185967267825154
87.13935554521842 14.172235251219275 96.86064445478158 11.827764748780725
21.373149151280366 46.42395678605371 12.626850848719632 41.57604321394629
21.98883660589979 94.33393011190107 12.01116339410021 93.66606988809893
45.99367858925781 79.25134467805806 36.00632141074219 78.74865532194194
83.95837187031911 89.03156223171713 90.04162812968089 96.96843776828287
32.951523495403016 68.06574745604163 41.048476504596984 73.93425254395837
27.935260544793056 24.801999597885782 18.064739455206944 23.198000402114218
58.94903558427622 95.28792782278214 49.05096441572378 96.71207217721786
56.009659293030076 17.00726272591375 49.990340706969924 24.99273727408625
48.855476249535656 91.80653848399074 39.144523750464344 94.19346151600926
66.18304979514126 83.50174549497989 61.81695020485874 92.49825450502011
89.99949173721927 59.92870926093651 80.00050826278073 60.07129073906349
85.0053001973952 9.996019359754946 78.9946998026048 2.0039806402450537
35.02743884694272 56.96375925110998 42.97256115305728 63.03624074889002
66.04719151023981 93.31466208060596 75.95280848976019 94.68533791939404
40.093688813142116 11.963384937453963 49.906311186857884 10.036615062546037
92.95386935969196 18.322372988211715 83.04613064030804 19.677627011788285
57.96158050944941 49.05192130051772 66.0384194905506 54.94807869948228
50.50317924137456 58.23130498267077 47.49682075862544 67.76869501732922
4.523060371408406 82.0227991209236 5.476939628591594 91.9772008790764
26.968724727148107 75.97673347956919 21.031275272851893 84.02326652043081
20.055743428105064 36.55784148010907 15.944256571894936 27.44215851989093
32.45208694826857 75.35743842161091 27.547913051731427 66.64256157838909
28.41467334398609 50.25798150639079 31.58532665601391 59.74201849360921
34.88096559929863 44.471237121614315 39.11903440070137 53.528762878385685
42.19707975549714 16.003885552754703 41.80292024450286 25.996114447245297
21.853338716471814 74.99784858393228 22.146661283528186 65.00215141606772
96.66966611757849 92.22763324102901 91.33033388242151 83.77236675897099
4.356768332294058 37.98725539320698 3.6432316677059426 28.01274460679302
87.70132523329002 73.24250817918777 94.29867476670998 80.75749182081223
81.35618070030242 95.81256417184511 78.64381929969758 86.18743582815489
48.371560116552914 74.69223270941441 41.628439883447086 67.30776729058559
96.99873406845045 53.887493498352846 87.00126593154955 54.112506501647154
56.238232206312496 72.52894681415827 51.761767793687504 81.47105318584173
77.46969527741452 78.88426392938068 86.53030472258548 83.11573607061932
28.699456433464007 86.29263090400062 19.300543566535993 89.70736909599938
64.78827313389762 46.30530951585318 73.21172686610238 51.69469048414682
94.95398327693587 38.676793684840334 85.04601672306413 37.323206315159666
96.3892975248056 21.1968913829095 93.6107024751944 30.8031086170905
42.130163258975365 48.094390929047336 47.869836741024635 39.905609070952664
67.28179274435185 69.34515248655681 76.71820725564815 72.65484751344319
4.106228040049859 18.97481903841041 13.89377195995014 21.02518096158959
61.831476262819095 27.002840832032007 62.168523737180905 36.99715916796799
88.50935226971703 32.77262709041909 91.49064773028297 23.227372909580907
54.30619416851717 27.009384293379615 53.69380583148283 36.99061570662038
10.237075694534136 79.32110078189349 13.762924305465864 88.67889921810651
93.73020481176422 45.62023530351693 84.26979518823578 42.37976469648307
9.680545545643355 27.17723731219559 12.319454454356645 36.822762687804406
23.67121577905776 38.269156179842696 30.32878422094224 45.730843820157304
14.10081974514069 12.999015931002434 23.89918025485931 11.000984068997566
73.69056381575828 34.95208255346832 72.30943618424172 25.047917446531677
69.20312337078506 33.853091195791684 66.79687662921494 24.146908804208312
80.37453862614377 10.689510680383474 73.62546137385623 3.3104893196165266
39.212997608853755 32.44381720004997 48.787002391146245 29.556182799950033
83.1222316372412 27.127567737528317 80.8777683627588 36.87243226247168
9.10692113499547 66.0824700306292 2.893078865004529 73.9175299693708
16.66327838716824 67.81800532687423 19.33672161283176 58.18199467312577
69.57486185381418 41.357414561119704 76.42513814618582 48.642585438880296
60.011256055484914 79.33531158056954 69.9887439445151 78.66468841943046
60.23171059166919 6.836278857593432 65.76828940833082 15.163721142406569
54.280847988900724 63.65215141441021 63.719152011099276 60.34784858558979
17.28101271919257 78.4493798416051 12.71898728080743 69.5506201583949
19.991182286420056 2.703184596547541 10.008817713579942 3.296815403452459
96.22924677557673 59.153459753109004 93.77075322442327 68.846540246891
13.7427612012351 49.006621564470606 14.2572387987649 58.993378435529394
73.95472819224204 63.328681490645494 64.04527180775796 64.6713185093545
48.49418578963651 86.83259641467343 57.50581421036349 91.16740358532657
88.95159716038042 66.30596429392095 79.04840283961958 67.69403570607905
55.06343396956744 12.086496203028835 46.93656603043256 17.913503796971163
35.24123499371628 9.351995897269715 26.758765006283717 14.648004102730285
26.125903449704555 59.87158510363346 23.874096550295445 50.12841489636654
2.242600822066046 66.2987802924204 9.757399177933955 59.7012197075796
28.9359175166473 20.79794628193528 19.0640824833527 19.20205371806472
4.333588678823039 10.795718625395276 13.66641132117696 7.204281374604725
72.69958340036793 15.560621274532075 77.30041659963207 24.439378725467925
33.974694924376145 87.98114567234755 28.025305075623855 96.01885432765245
47.17496613358166 48.140014960420544 44.82503386641834 57.859985039579456
64.62995563110854 41.11227362841797 55.370044368891456 44.88772637158203
83.33960437470448 48.27883853878192 76.66039562529552 55.72116146121808
68.82759859394366 18.69835034830673 59.172401406056345 21.30164965169327
31.138548569349993 39.89223751559834 24.861451430650007 32.10776248440166
36.4579969282658 39.090504268437904 45.5420030717342 34.909495731562096
32.729324488770196 82.39974411301847 41.270675511229804 87.60025588698153
25.174714787843552 6.3101994586109065 34.825285212156444 3.6898005413890935
34.31300560087339 23.175477609951933 31.68699439912661 32.82452239004807
4.991068246247286 56.57866718694033 9.008931753752714 47.42133281305967
52.413825416346874 48.7207826623474 57.586174583653126 57.2792173376526
95.94185859725043 3.760285212786598 86.05814140274957 2.239714787213402
