53.97206993926245 9.03688333618656 46.02793006073755 2.9631166638134396
67.93261056019895 39.91225381500238 66.06738943980105 30.087746184997624
68.61873458986294 79.39654125949988 73.38126541013706 70.60345874050012
3.244749682472839 5.5451842665707645 12.75525031752716 2.454815733429235
7.110244863715435 77.12482242963463 4.889755136284565 86.87517757036537
50.288098400879385 92.76675044383543 43.711901599120615 85.23324955616457
84.55094442007162 79.92903286230346 75.44905557992838 84.07096713769654
48.21212468167191 69.06246493857822 49.78787531832809 78.93753506142178
11.329565904353862 19.395278125502873 18.670434095646137 12.604721874497127
95.00300768718029 89.99598555677018 86.99699231281971 84.00401444322982
83.9241657376573 19.132479517197517 74.0758342623427 20.867520482802483
36.801696537574514 83.39417013346468 27.19830346242549 80.60582986653532
50.98310975601986 83.01272357921131 57.01689024398014 90.98727642078869
79.81993524337001 43.22615789081373 72.18006475662999 36.77384210918627
70.28385970377484 2.2295536808059615 63.71614029622517 9.770446319194038
21.211828961600055 32.3054690949579 12.788171038399947 37.6945309050421
73.08984697750331 94.05639134400609 82.91015302249669 95.94360865599391
47.92225321061589 46.99939550713288 48.07774678938411 37.00060449286712
95.00423167432689 6.005650538377783 86.99576832567311 11.994349461622217
26.24123081224792 30.534312816117176 35.75876918775208 27.465687183882824
66.54995842063474 44.07313250191467 57.450041579365255 39.92686749808533
21.567863728961875 66.49709429022728 14.432136271038125 73.50290570977272
40.38561491854969 48.01489206389752 39.61438508145031 57.98510793610248
38.96561881625343 96.5853458564557 29.034381183746568 95.4146541435443
13.84360911035749 88.75925393973549 4.156390889642511 91.24074606026451
38.88008386796389 90.16692903989528 47.11991613203611 95.83307096010472
36.00651332620616 31.744870937282084 45.99348667379384 32.25512906271792
28.812488194904862 17.643549715654373 19.187511805095138 20.356450284345627
7.027850458737626 72.99992243459317 6.972149541262374 63.000077565406826
84.87185251070282 67.90060165682215 91.12814748929718 60.099398343177846
2.7463154950820505 63.993560270184446 3.2536845049179495 54.006439729815554
75.51482026021378 60.225668513757284 78.48517973978622 69.77433148624272
63.99770025416314 78.84836830958646 54.00229974583686 79.15163169041354
70.44805047135826 47.37909570038559 63.55194952864175 54.62090429961441
87.49141048350765 94.57911341475133 80.50858951649235 87.42088658524867
64.90123133265062 94.0110958469883 55.098768667349376 95.9889041530117
89.71767639828559 55.65651645770009 82.28232360171441 62.34348354229991
34.307012948187094 51.04825596925491 35.692987051812906 60.95174403074509
68.9948077019195 85.22780698155609 59.0051922980805 84.77219301844391
76.12641596271231 78.16154182418485 83.87358403728769 71.83845817581515
68.66275273450991 11.01138653713084 69.33724726549009 20.98861346286916
20.24398049882118 73.54281512321042 29.75601950117882 70.45718487678958
67.00034427479893 90.05867392490852 76.99965572520107 89.94132607509148
2.2227930089093917 10.475904253085211 11.777206991090608 7.524095746914789
63.89232744106238 59.46593820241703 68.10767255893762 68.53406179758298
95.49064773028313 39.22737290958096 92.50935226971687 48.77262709041904
42.11182710195014 77.91363412796451 35.88817289804986 70.08636587203549
17.95902439046077 46.94612936165647 10.040975609539231 53.05387063834353
8.134425380607382 37.63892566651785 11.865574619392618 28.36107433348215
17.639698897935418 90.44699290953905 26.360301102064582 85.55300709046095
22.15407689106115 46.072078116105814 23.84592310893885 55.927921883894186
18.119001146088394 27.08436626105462 27.880998853911606 24.91563373894538
76.35494512886966 28.756925085659027 81.64505487113034 37.24307491434097
67.20881527559617 25.8345149011447 60.79118472440384 18.1654850988553
96.47462342132995 22.97742228547318 95.52537657867005 13.02257771452682
87.6604763714428 34.48365349378567 96.3395236285572 29.516346506214337
61.79381704972464 4.8533644610759525 56.20618295027536 13.146635538924048
4.746184925393079 25.944007287324332 3.253815074606921 16.055992712675668
11.49506160159148 84.56586691049478 18.50493839840852 77.43413308950522
46.27404096020569 54.16504192037633 43.72595903979431 63.83495807962367
48.89915373340004 60.462771224181765 53.10084626659996 69.53722877581824
75.69710401936852 7.546583236390577 84.30289598063148 2.4534167636094226
76.9776374072101 51.97041246095068 69.0223625927899 58.02958753904932
18.10287199735804 63.857698614846434 9.89712800264196 58.142301385153566
42.917806072195276 9.097124905493986 33.082193927804724 10.902875094506014
96.10750692189764 56.00115590743779 95.89249307810236 65.99884409256221
28.00708703767853 64.73387944333021 37.99291296232147 65.26612055666979
61.15899353541133 25.224613040960445 52.84100646458867 30.775386959039555
59.26439354826402 59.31089878071582 62.73560645173598 68.68910121928418
89.00571072881749 77.00759924493214 96.99428927118251 70.99240075506786
16.086496203028855 53.936566030432544 21.913503796971145 62.063433969567456
40.99701929934298 21.827378674568266 31.00298070065702 22.172621325431734
26.027267483684376 36.47852965455619 35.972732516315624 37.52147034544381
31.03001613775407 5.547046989768739 40.969983862245925 4.452953010231261
4.239805258510472 47.52988431689963 13.760194741489528 44.47011568310037
5.706195230271376 30.30011725293075 2.2938047697286237 39.69988274706925
82.3666760262443 51.43496097528517 89.6333239737557 44.56503902471483
12.71344867930254 93.33164705545225 3.286551320697461 96.66835294454775
18.378612560502695 6.552456959942175 25.621387439497305 13.447543040057825
60.93027109650969 50.909212218876796 53.06972890349031 57.090787781123204
30.34066840492069 49.01161899631867 29.65933159507931 58.98838100368133
87.90962252468918 26.946364974555095 78.09037747531082 25.053635025444905
57.72264439876447 46.662048730081956 50.27735560123553 53.337951269918044
49.069282831503614 10.387806246993378 52.930717168496386 19.612193753006622
32.737048876519836 74.39988502242429 23.262951123480164 77.60011497757571
45.0393296102995 25.625898781552323 54.9606703897005 24.374101218447677
37.001141739717234 16.893153878859582 46.998858260282766 17.106846121140418
43.19316086121109 37.15243925136592 36.80683913878891 44.84756074863408
33.971252602638245 90.46460522904826 24.028747397361755 91.53539477095174
93.03202455537811 2.043181103816475 84.96797544462189 7.956818896183525
