49.44809394695203 21.620862898950026 42.55190605304797 14.379137101049974
49.11027263721787 14.92020174585522 50.88972736278213 5.07979825414478
84.49912976586351 9.569861006220995 91.50087023413649 2.430138993779005
8.64968486102953 27.24018515364965 3.3503151389704713 18.75981484635035
13.98883660589979 96.33393011190107 4.01116339410021 95.66606988809893
47.01733352999801 90.9869409788395 40.98266647000199 83.0130590211605
82.24260534855974 87.8290558939002 87.75739465144026 96.1709441060998
50.11063870449584 78.85788785797925 57.88936129550416 85.14211214202075
23.670391418889274 24.57587027102332 28.329608581110726 33.42412972897668
58.99997320318531 95.98363028928729 49.00002679681469 96.01636971071271
70.63564519493292 29.87371119084434 61.36435480506708 26.12628880915566
27.9989204782998 96.10389442542731 18.0010795217002 95.89610557457269
62.53576847622998 71.24170038906563 59.46423152377002 80.75829961093437
82.40721643518502 44.361449405224484 73.59278356481498 39.638550594775516
67.07458262961634 10.942961026140313 60.925417370383656 3.0570389738596875
42.51128571907463 56.02394148430511 43.48871428092537 65.97605851569489
68.05990664287842 95.22832803412128 77.94009335712158 96.77167196587872
46.06877809964842 33.05067132348445 51.93122190035158 24.94932867651555
89.72156614518119 15.645239537781329 80.27843385481881 12.354760462218671
53.0386618131163 44.37941689084416 62.9613381868837 45.62058310915584
57.60733892764131 49.01544211767442 58.39266107235869 58.98455788232558
11.169633714081188 69.34706982006266 14.830366285918812 78.65293017993734
22.561552345278525 79.49067743120683 15.438447654721475 86.50932256879317
12.814387110918073 41.659184414866445 9.185612889081927 32.340815585133555
21.821785189270216 72.65629667484319 18.178214810729784 63.34370332515682
35.91382613596699 69.88841439497132 28.086173864033007 76.11158560502868
29.125300029247096 43.077104514499126 30.874699970752904 52.922895485500874
44.13355030748606 22.478057598174637 39.86644969251394 31.521942401825363
11.636980129822005 88.95925965384068 10.363019870177995 79.04074034615932
94.23205793831511 93.81494449283005 87.76794206168489 86.18505550716995
4.182498295515827 37.99666832720902 3.8175017044841737 28.003331672790978
84.00563454572584 68.76269490280886 93.99436545427416 69.23730509719114
61.18084874456665 66.74235369255234 52.81915125543335 61.25764630744766
56.58874721697424 71.01420067007989 47.41125278302576 74.98579932992011
92.11250650164725 64.99873406845045 91.88749349835275 55.00126593154956
32.44764154569684 84.37870633994078 25.552358454303164 91.62129366005922
68.29264213255428 56.30053948708246 71.70735786744572 65.69946051291754
35.88755834749824 75.8556574463337 28.112441652501758 82.1443425536663
74.18788505767813 70.14806686726878 67.81211494232187 77.85193313273122
95.56338519577697 40.74929749853864 92.43661480422303 31.25070250146136
93.74986740861442 6.006260550776929 94.25013259138558 15.993739449223071
23.50498411857568 65.18971053469247 32.49501588142432 60.810289465307534
56.008430298761354 90.70977264485172 65.99156970123865 91.29022735514828
2.0734308941141046 11.146233729331819 11.926569105885896 12.853766270668181
59.79741872294369 18.334243262405177 56.20258127705631 27.665756737594823
91.5553883916766 22.061173597972303 82.4446116083234 17.938826402027697
48.00409446356871 59.10018651757993 49.99590553643129 68.89981348242007
4.7264870133456265 73.05305987306899 3.273512986654373 82.94694012693101
63.757761383701144 35.53743507692592 54.242238616298856 32.46256492307408
4.8423557372841834 42.071467073066835 3.157644262715816 51.928532926933165
37.37137662615729 51.01381113458946 36.62862337384271 60.98618886541054
22.257677476071496 8.415583047603825 31.742322523928504 11.584416952396175
75.03432145363047 21.89184823257629 72.96567854636953 12.10815176742371
69.10703206134356 23.534359479846113 64.89296793865644 14.465640520153887
60.60854702066187 12.265616302598737 55.39145297933813 3.734383697401264
78.05131894098466 58.285468141967954 87.94868105901534 59.714531858032046
83.28746583896273 31.302423311186885 86.71253416103727 40.697576688813115
26.956277013662984 38.34021354679265 17.043722986337016 39.65978645320735
13.433362462062895 57.50415420222597 20.566637537937105 50.49584579777403
72.54355383351779 48.020877898956115 73.45644616648221 57.979122101043885
65.22244137700677 86.52523439019515 74.77755862299323 89.47476560980485
35.728833303502796 13.053405007916536 34.271166696497204 22.94659499208346
79.47939684582433 84.13638646374127 88.52060315417567 79.86361353625873
16.473732309337613 71.7778774660318 13.526267690662387 62.222122533968204
18.859871783877324 5.175434491697869 9.140128216122676 2.824565508302131
96.45594677713297 75.02083214418091 95.54405322286703 84.97916785581909
25.178941678895622 45.00320303839009 24.821058321104378 54.99679696160991
87.99602797357161 64.19925984866487 78.00397202642839 63.800740151335134
42.10990420403009 74.91988403472193 47.89009579596991 83.08011596527807
91.72819411827928 74.37390640494797 82.27180588172072 77.62609359505203
38.45142193847736 23.642187420327495 33.54857806152264 32.357812579672505
37.9724128961769 6.524509284887956 28.0275871038231 5.475490715112044
25.904915801572077 70.868847400575 34.09508419842793 65.131152599425
2.395387005960603 68.7355271237065 5.604612994039397 59.2644728762935
17.01597462288936 22.00002551892277 16.98402537711064 31.99997448107723
4.271055855217467 5.3760888954357755 13.728944144782533 8.623911104564224
91.39551169408277 42.73190432811771 96.60448830591723 51.26809567188229
25.263578435259998 85.38812348561692 16.736421564740002 90.61187651438308
52.08070755930135 36.45350068155001 47.91929244069865 45.54649931844999
88.2017743297522 45.15960403846948 81.7982256702478 52.84039596153052
72.66581205255923 33.50704696469042 81.33418794744077 38.49295303530958
88.70113282583142 25.702747824514894 79.29886717416858 22.297252175485106
52.80344420031207 53.388136814038276 43.19655579968793 50.611863185961724
58.00561140197435 40.23681750761164 67.99438859802565 39.76318249238836
38.3752917263842 86.74430893057159 43.6247082736158 95.25569106942841
16.18912069266688 14.637854526757886 25.81087930733312 17.362145473242116
34.3670353580423 37.74941213545696 39.6329646419577 46.25058786454304
10.422151995709026 51.49270721048746 17.577848004290974 44.50729278951254
64.24887206858898 52.0061975716418 63.75112793141101 61.9938024283582
79.93492787284728 3.195955915515236 70.06507212715272 4.804044084484764
