95.01170819253133 28.901354843641737 96.98829180746867 19.098645156358263
67.89522935640905 41.98180083080414 58.10477064359096 44.01819916919586
40.882592408518285 9.077168219118825 31.117407591481715 6.922831780881175
28.92177489628669 43.94011804529625 35.078225103713315 36.05988195470375
6.117102151916246 72.07856815653726 7.882897848083754 81.92143184346274
10.662044735944647 86.72264081737215 17.337955264055353 79.27735918262785
96.56874434187425 75.03245232800066 95.43125565812575 84.96754767199934
69.29841654758933 82.04946662880619 70.70158345241067 91.95053337119381
19.02008080883499 35.00004032405095 18.97991919116501 44.99995967594905
79.2879278227822 66.05096441572378 80.7120721772178 75.94903558427622
76.54438924844972 33.755508579455295 73.45561075155028 24.244491420544705
72.99399066801901 47.754934278735206 63.00600933198099 48.245065721264794
89.31383335400892 85.9526937452188 90.68616664599108 76.0473062547812
62.11603293162075 37.921239906976794 63.88396706837925 28.078760093023202
96.8308499020395 14.710469378430686 87.1691500979605 17.289530621569316
8.081033594838935 56.89489093344228 15.918966405161065 63.10510906655772
57.07781814786928 96.87870689911654 66.92218185213072 95.12129310088346
23.963384937453874 67.9063111868579 22.036615062546126 58.093688813142094
77.92720275466368 9.14989823289524 68.07279724533632 10.85010176710476
16.53486166957396 68.39544505507098 23.46513833042604 75.60455494492902
50.43434830058638 65.96790077949937 51.56565169941362 56.032099220500626
25.218192395123246 87.31544176488488 16.781807604876754 92.68455823511512
29.490677431206848 67.43844765472147 36.50932256879315 74.56155234527853
81.92512476219962 80.90267928667899 74.07487523780038 87.09732071332101
49.554571105170076 88.96914991616377 48.445428894829924 79.03085008383623
64.2481996030295 77.19878975339708 57.751800396970495 84.80121024660292
32.785714400981284 25.329751175994147 29.214285599018716 34.67024882400585
42.50016295151044 31.974920805594433 41.49983704848956 22.025079194405567
2.853338716471814 68.99784858393228 3.146661283528186 59.002151416067726
39.03443657512606 2.414184437255085 48.96556342487394 3.585815562744915
43.589026243265266 55.35442360619271 52.410973756734734 50.64557639380729
61.01394157208844 55.373123777655806 70.98605842791156 54.626876222344194
94.95447250167123 71.326797036412 85.04552749832877 72.673202963588
88.8243528480802 35.85982034381754 91.1756471519198 26.140179656182458
94.62640155926425 54.10358005377574 85.37359844073575 57.89641994622426
64.9806186677915 64.98553710227472 59.0193813322085 73.01446289772528
39.612243427747224 79.03762577134893 38.387756572252776 88.96237422865107
25.027087538597172 79.51975152835222 34.97291246140283 78.48024847164778
33.453653545387795 92.35655647033364 28.546346454612205 83.64344352966636
73.22866366903958 77.81781755879244 66.77133633096042 70.18218244120756
66.59070202756031 14.642439525645358 75.40929797243969 19.357560474354642
7.96849716973292 65.43130256521437 12.03150283026708 74.56869743478563
44.04083474855739 73.36228532329567 53.95916525144261 74.63771467670433
8.392305707675135 33.80223748021433 5.607694292324866 24.197762519785673
69.93408845423194 28.048595428385358 64.06591154576806 19.951404571614642
84.09770274363058 64.01639356946349 93.90229725636942 65.98360643053651
60.13792795354963 61.16629988215977 69.86207204645038 58.83370011784023
44.82155801884836 62.872190611683656 39.17844198115164 71.12780938831634
19.988332905697423 84.98450656884629 12.011667094302577 91.01549343115371
29.2639189609645 56.397022647793044 38.7360810390355 59.602977352206956
10.93179836636108 27.912407943610425 9.06820163363892 18.087592056389575
16.10081974514069 24.999015931002432 25.89918025485931 23.000984068997568
23.533022842924275 13.779955859693478 26.466977157075725 4.220044140306522
56.70248339594853 55.04959425113288 55.29751660405147 64.95040574886711
94.94576103060854 2.2655288786385634 85.05423896939146 3.7344711213614366
77.04584078542467 56.03397364083353 82.95415921457533 47.96602635916647
26.85085143634281 28.787877752645848 17.14914856365719 31.212122247354152
10.420323297687933 45.74390361581815 13.579676702312067 36.25609638418185
14.619187260505099 96.9139250383407 5.3808127394949015 93.0860749616593
81.74882947776632 60.43519375285705 72.25117052223368 63.56480624714295
37.013502407569774 20.000018231534256 36.986497592430226 29.999981768465744
82.01623409703345 10.40258840572961 91.98376590296655 9.59741159427039
54.95952881121187 15.365118931799532 45.04047118878813 16.634881068200468
47.72176739642299 45.69420036136239 44.27823260357701 36.30579963863761
11.976164708936858 13.487631817595354 2.0238352910631416 12.512368182404646
85.51494306118619 90.78996283841244 94.48505693881381 95.21003716158756
37.60078487598572 65.95774833032776 28.399215124014283 62.04225166967225
51.521490467457134 24.65753635627261 56.478509532542866 33.342463643727385
69.03913653748103 34.97094458261988 74.96086346251897 43.02905541738012
84.58439487895244 53.345726202048844 93.41560512104756 48.654273797951156
27.924757127695834 52.61468417114152 24.075242872304166 43.38531582885848
58.99701929934298 8.827378674568267 49.00298070065702 9.172621325431733
48.27581660122724 34.80728908582396 53.72418339877276 43.19271091417604
5.237189761864942 2.4782777403494833 14.762810238135058 5.521722259650517
3.5067525366506804 84.97425390049584 2.4932474633493196 75.02574609950416
14.19254776830455 51.625808223002906 23.80745223169545 54.374191776997094
37.15692112414226 96.24281414629078 46.84307887585774 93.75718585370922
65.5132375447794 87.84809692030669 56.48676245522059 92.15190307969331
3.903349026179654 39.917719038019584 2.096650973820346 30.082280961980416
61.02404224355586 13.10598963186498 58.97595775644414 22.89401036813502
22.340173417698082 3.5814495165157076 17.659826582301918 12.418550483484292
85.28619488917377 31.768411223628366 78.71380511082623 24.231588776371634
33.03854172874571 46.380377677449864 42.96145827125429 47.619622322550136
79.26652857211866 45.689890916505306 82.73347142788134 36.310109083494694
2.9395904465439675 51.555734021211855 7.060409553456033 42.444265978788145
21.001080443941028 19.10393878992537 30.998919556058972 18.89606121007463
62.020771915841536 2.544711425656594 71.97922808415846 3.455288574343406
31.354011306282928 13.15208521358447 40.64598869371707 16.84791478641553
83.63871187462205 85.7529775556599 78.36128812537795 94.2470224443401
95.2284600059078 38.331643581071276 86.7715399940922 43.668356418928724
