95.8076881620607 17.240603471655053 88.1923118379393 10.759396528344947
55.181425410517214 54.74147433624336 46.818574589482786 49.25852566375664
74.62136656041665 30.908656887516152 65.37863343958335 27.091343112483848
31.0918840052403 33.95414746343739 40.9081159947597 32.04585253656261
9.723454805968055 61.00765358216621 10.276545194031945 70.99234641783379
30.299627567008443 79.70199251266123 33.70037243299156 70.29800748733877
95.61044212563652 78.01519863359417 96.38955787436348 87.98480136640583
60.81973154079564 63.00325072846194 61.18026845920436 72.99674927153805
35.09573526490639 23.026250849490896 44.90426473509361 24.973749150509104
72.5616476185324 79.63486109455938 77.4383523814676 88.36513890544062
96.34671190424385 35.41508133996196 91.65328809575615 26.584918660038046
82.99399066801901 67.7549342787352 73.00600933198099 68.2450657212648
66.8352897129135 90.99728631572455 67.1647102870865 81.00271368427545
61.48694507374246 28.206201238604102 52.51305492625754 23.793798761395898
73.52954002885538 8.117372694401451 64.47045997114462 3.882627305598548
17.305956476796815 36.24891325433213 10.694043523203183 43.75108674566787
53.70869860559662 83.43392666854753 62.29130139440338 88.56607333145247
20.28747142288727 56.7672976579638 13.712528577112733 49.2327023420362
94.90458927631929 21.97211317788307 85.09541072368071 20.02788682211693
24.620583109155852 57.0386618131163 23.379416890844148 66.9613381868837
53.753038627163676 62.80226798678221 60.246961372836324 55.19773201321779
30.13318361020474 86.00177410214656 29.86681638979526 95.99822589785344
23.000111350685557 28.417375709231308 26.999888649314443 37.58262429076869
83.83582935730102 95.2707298796619 74.16417064269898 92.7292701203381
13.999695842675695 88.05514962131667 4.000304157324305 87.94485037868333
46.826482478131744 84.06878040305025 45.173517521868256 93.93121959694975
21.090616698058895 19.05239481078783 30.909383301941105 20.94760518921217
49.44472792477228 18.290064120226663 40.55527207522772 13.709935879773338
18.151874476583746 67.8655097564587 15.848125523416256 58.134490243541286
32.81960274612648 13.743041888088243 41.18039725387352 8.256958111911757
39.060312226914334 60.225736024066734 48.939687773085666 61.774263975933266
65.70132523329002 43.24250817918776 72.29867476670998 50.75749182081224
88.92592747990965 66.09630318646128 81.07407252009035 59.90369681353872
86.82444466625552 34.6552552733198 83.17555533374448 25.344744726680197
89.78884503001302 47.4376937359951 80.21115496998698 44.5623062640049
74.86326802904877 58.82586072521548 67.13673197095123 65.17413927478452
43.194478553071285 78.50730995058527 38.805521446928715 87.49269004941473
22.878077044241884 79.12749665147955 25.121922955758116 88.87250334852045
57.918036524797024 78.0983810445857 48.081963475202976 79.9016189554143
85.81157997639997 76.35966838997857 76.18842002360003 73.64033161002143
46.007470802592664 11.72677442829182 55.992529197407336 12.27322557170818
20.603456213109634 75.0485413419746 11.396543786890366 78.9514586580254
88.80801650011642 86.15146244185262 95.19198349988358 93.84853755814738
11.248008859156442 29.63712357172135 2.7519911408435567 24.36287642827865
85.92299730577305 3.8741267227074254 76.07700269422695 2.1258732772925746
79.13330368611992 34.83003791564848 86.86669631388008 41.16996208435152
48.41257275310919 75.74131571779698 51.58742724689081 66.25868428220302
35.466588546123056 79.02181809004263 34.533411453876944 88.97818190995737
19.981667909209296 84.42776727592731 10.018332090790704 83.57223272407269
37.130857528724476 75.16697592933258 44.869142471275524 68.83302407066742
26.688796290958503 49.706162671183904 23.311203709041497 40.293837328816096
19.000171496778336 14.95858818559611 28.999828503221664 15.04141181440389
53.508379115614694 19.8033339282099 62.491620884385306 24.1966660717901
58.580917000175006 39.7176096116529 53.419082999824994 48.2823903883471
96.909142073838 12.621166145238835 93.090857926162 3.3788338547611643
86.26604192774248 57.78589092899257 79.73395807225752 50.21410907100743
17.9410211092431 31.043562146794148 12.058978890756903 22.956437853205852
11.552794837295437 55.06689602290391 2.447205162704562 50.93310397709609
18.99070752240868 94.69530601290242 9.00929247759132 95.30469398709758
68.00563092495938 51.992477383875965 59.99436907504063 46.007522616124035
13.001719358407314 16.99871105838999 18.998280641592686 25.00128894161001
60.234530380587515 15.513373485447865 69.76546961941249 12.486626514552135
46.59709413484032 36.20084849858847 49.40290586515968 45.79915150141153
43.60736335119397 45.94221598955283 34.39263664880603 42.05778401044717
30.98391716362152 6.400711499908405 21.01608283637848 5.599288500091595
91.3976397670191 72.19931222826908 88.6023602329809 81.80068777173092
36.21734335652571 47.17263775868812 29.782656643474294 54.82736224131188
63.29762019138725 31.79320271821875 68.70237980861275 40.20679728178125
54.50721532078711 29.422227622576344 61.49278467921289 36.577772377423656
94.73647503568905 66.99305062994408 95.26352496431095 57.00694937005593
31.017522659559695 64.59018339444523 34.982477340440305 55.40981660555477
46.987950852823076 3.653090372255896 37.012049147176924 4.346909627744104
49.959288914066605 30.109507137760517 52.040711085933395 39.89049286223948
3.021225803963212 3.46022549351186 12.978774196036788 2.53977450648814
2.809538515504262 82.9963711254193 3.190461484495738 73.0036288745807
17.200591379936633 44.85713729675784 22.799408620063367 53.14286270324216
49.3444816436551 94.82377324076643 58.6555183563449 91.17622675923357
69.44229713764845 71.37362572034583 62.55770286235155 78.62637427965417
3.42817251100944 14.498863871157521 10.57182748899056 7.50113612884248
73.37491704003256 36.03922674443204 74.62508295996744 45.96077325556796
3.1724823149806403 36.30194969212536 12.827517685019359 33.69805030787464
94.70361108170599 48.95024559448322 93.29638891829401 39.04975440551678
38.860610958688405 51.19545754807144 47.139389041311595 56.80454245192856
73.51788797635278 25.553092200581418 66.48211202364722 18.446907799418582
2.6776313216744896 66.82196444186222 5.32236867832551 57.17803555813778
54.017600486329904 7.580840023165398 63.982399513670096 8.419159976834601
71.83819965609061 17.873373024284444 78.16180034390939 10.126626975715554
36.10370727887554 18.98692666155722 45.89629272112446 21.01307333844278
64.9056727566975 95.03336935482267 55.0943272433025 96.96663064517733
82.1881034546129 11.1432098891205 79.8118965453871 20.8567901108795
