64.98526336155405 3.3836003336115126 55.01473663844595 2.6163996663884874
65.67424494912248 25.954330807342483 64.32575505087752 16.045669192657517
70.01582014980804 65.39743077502938 79.98417985019196 64.60256922497062
2.6525500024599338 8.58531105183512 7.347449997540066 17.41468894816488
2.860744291120209 67.13152011098076 5.139255708879791 76.86847988901924
43.01733352999801 68.9869409788395 36.98266647000199 61.013059021160494
95.99983282444735 86.95911323467467 86.00016717555265 87.04088676532533
61.27196364580089 86.8097950348261 66.7280363541991 95.1902049651739
20.704576131198756 39.760343272220645 27.295423868801244 32.239656727779355
96.69283915235636 93.27452595206094 87.30716084764364 96.72547404793906
87.93855608342326 21.218550186587116 78.06144391657674 22.781449813412884
42.83390796154018 73.72198050900681 33.16609203845982 76.27801949099319
49.163490422706275 81.79356985678254 56.836509577293725 88.20643014321746
76.33324226584375 28.42221443723394 71.66675773415625 19.57778556276606
86.66959334660675 2.2125722455645795 77.33040665339325 5.78742775443542
7.6784554182691505 40.77792982384889 2.32154458173085 49.22207017615111
71.23343417797534 94.28830988630264 78.76656582202466 87.71169011369736
35.88451939154449 55.8739822539849 38.11548060845551 46.1260177460151
95.60946533581999 8.539976880205296 88.39053466418001 15.460023119794704
15.229012632831298 22.059799753080217 16.7709873671687 31.940200246919783
78.43434830058638 57.967900779499374 79.56565169941362 48.032099220500626
18.95866691010741 73.00017084535082 19.04133308989259 82.99982915464918
42.775208772445374 40.00505566557399 43.224791227554626 49.99494433442601
44.99773939037994 92.15033624261883 35.00226060962006 91.84966375738117
16.51787285944519 88.85784575114477 7.482127140554807 93.14215424885523
41.8800838679639 84.16692903989528 50.1199161320361 89.83307096010472
48.00282124231656 37.83205815364429 57.99717875768344 38.16794184635571
34.91239765642575 12.068147401601111 25.087602343574247 13.931852598398889
13.9813689440737 81.90274565887398 12.0186310559263 72.09725434112602
83.41980548492967 68.49030188296949 90.58019451507033 61.50969811703051
9.415842582936465 60.65130380119184 2.5841574170635346 53.34869619880816
88.06285969663519 71.00039514976044 87.93714030336481 80.99960485023956
67.98617215683443 71.37160089129206 58.013827843165565 70.62839910870794
82.62270530555566 32.09458779840485 73.37729469444434 35.90541220159515
83.90157024103398 78.12693934291634 76.09842975896602 71.87306065708366
85.31224956829953 91.46928791430149 76.68775043170047 96.53071208569851
59.374512741069786 63.57850494978451 50.625487258930214 68.4214950502155
28.347812507921297 57.28622141050308 21.652187492078703 64.71377858949691
74.95594626395939 85.66226628235697 65.04405373604061 84.33773371764303
69.23880285060969 76.47323816374734 78.76119714939031 79.52676183625266
58.360315606833375 23.0129996326978 57.639684393166625 32.9870003673022
5.044147818196144 87.60159127291126 8.955852181803856 78.39840872708874
51.0527197091743 77.27583308277194 60.9472802908257 78.72416691722806
12.70862923884416 4.236108594471881 19.29137076115584 11.763891405528119
75.08301532440024 43.0636290177991 68.91698467559976 50.9363709822009
92.40712686965811 40.20208441375985 89.59287313034189 49.79791558624015
27.83184628602673 94.86162698080905 30.16815371397327 85.13837301919095
17.647419327595664 49.155686145611256 8.352580672404336 52.844313854388744
8.589042988895956 47.35445497858678 17.410957011104045 42.64554502141322
14.114791830258397 95.06524229088498 23.885208169741603 92.93475770911502
31.89054084580508 40.07994542693348 30.10945915419492 49.92005457306652
13.829345480208527 14.242167358858964 22.170654519791473 19.757832641141036
78.03661967230704 39.6040328821103 87.96338032769296 38.3959671178897
62.80446194783072 9.38461019490927 53.19553805216928 6.6153898050907305
94.82820083247209 27.653781442670933 91.17179916752791 18.346218557329067
82.6036986282467 59.801077220712024 85.3963013717533 50.198922779287976
72.11074381352054 3.4673671499133363 67.88925618647946 12.532632850086664
10.571307638565866 26.499394483438685 3.428692361434133 19.500605516561315
26.002621635916856 84.89951389413876 27.997378364083144 75.10048610586124
58.10774394344711 44.37189379805963 61.89225605655289 53.62810620194037
41.29332429544783 57.64432492316632 48.70667570455217 64.35567507683368
74.06687829333096 13.184947715057051 83.93312170666904 14.815052284942949
74.06153055466973 51.000378615250746 73.93846944533027 60.999621384749254
18.80971735083862 68.36624265964795 9.190282649161379 65.63375734035205
45.966896466276665 4.574403597906867 36.033103533723335 3.425596402093132
90.0071208815927 53.994669229314326 95.9928791184073 62.005330770685674
9.542394716356274 31.217177942146094 12.457605283643726 40.782822057853906
52.21410057632171 47.51694762043405 47.78589942367829 56.48305237956595
62.18282178922871 36.34190346275455 65.81717821077129 45.65809653724545
95.82365592077325 79.99688930893228 96.17634407922675 70.00311069106772
13.789653818232976 62.69684723884758 22.210346181767022 57.30315276115242
32.33106535840389 20.501625956500153 23.66893464159611 25.498374043499847
42.21882088726174 26.462985403862746 51.78117911273826 23.537014596137254
22.91836781328161 8.887954066868872 31.08163218671839 3.112045933131129
22.9517336199238 50.56120651102859 27.0482663800762 41.43879348897141
2.6178191707798746 26.19483859216609 5.382180829220125 35.80516140783391
64.60596487532608 66.38960087272494 69.39403512467392 57.61039912727506
55.94518610067152 95.26166780530359 46.05481389932848 96.73833219469641
2.260501094925994 2.680941709015898 9.739498905074006 9.319058290984103
69.07140650156693 31.000509914847918 68.92859349843307 40.99949008515208
32.722803668026444 29.54866572074775 37.277196331973556 38.45133427925225
95.10024204329456 32.86147080823825 86.89975795670544 27.138529191761744
55.04968405328643 51.11142521911793 52.95031594671357 60.88857478088207
43.299041586301435 9.242830239148926 36.700958413698565 16.757169760851074
29.97220293160646 64.03742497549169 38.02779706839354 69.96257502450831
51.33187625419853 11.602225995524813 58.66812374580147 18.39777400447519
37.9434326827771 21.9230568931923 46.0565673172229 16.0769431068077
51.99165826647988 32.71129989490286 42.00834173352012 33.28870010509714
45.92179562986986 78.1191323721501 36.07820437013014 79.8808676278499
95.97980685337114 2.9732629103504724 88.02019314662886 9.026737089649528
