95.79061652759493 11.995613932389452 96.20938347240507 2.0043860676105485
83.02647773440812 32.0199959141815 76.97352226559188 39.9800040858185
43.967273488472664 16.42886596081428 34.032726511527336 17.57113403918572
20.62695208179321 40.42413941535285 29.37304791820679 35.57586058464715
8.03134579274942 72.09472640653186 9.96865420725058 81.90527359346814
19.970566353318116 84.89287914903682 22.029433646681884 75.10712085096318
96.75360875355604 69.31760143308458 93.24639124644396 78.68239856691542
73.49500070851889 85.67276317383956 78.50499929148111 94.32723682616044
28.45577959456049 21.02081683795602 27.54422040543951 30.97918316204398
67.43935478875326 72.24980142261268 70.56064521124674 81.75019857738732
72.08653063315172 47.99925118888083 71.91346936684828 38.00074881111917
55.7821576625665 67.15446732333069 50.2178423374335 58.8455326766693
90.15420637625634 74.87955952860423 83.84579362374366 67.12044047139577
67.07129073906358 49.99949173721927 66.92870926093642 40.00050826278073
75.35152871746307 21.587482273016178 70.64847128253693 30.412517726983822
6.6290815459204175 64.69281854089064 13.370918454079582 57.30718145910935
30.466787635858015 87.02851284073607 31.533212364141985 96.97148715926393
43.87398225398488 61.115480608455606 34.12601774601512 58.884519391544394
42.15545615638213 3.219319483941776 33.84454384361787 8.780680516058224
17.53486166957396 59.39544505507098 24.46513833042604 66.60455494492902
52.83312977647813 92.86193519922449 55.16687022352187 83.13806480077551
42.840161898365835 85.2541263084744 33.159838101634165 82.7458736915256
36.08250874162102 55.095411848537516 45.91749125837898 56.904588151462484
81.62906470040743 72.74699884774627 76.37093529959257 81.25300115225373
57.07594713378938 94.61497785130402 60.92405286621062 85.38502214869598
66.99490240888554 86.41520290754076 63.005097591114456 95.58479709245924
52.470834584093 9.028080454934134 53.529165415907 18.971919545065866
54.75868385685611 31.297316433739606 47.24131614314389 24.702683566260394
3.289488012406835 78.99161263427689 2.710511987593165 69.00838736572311
19.002274852618115 2.8491910107893776 28.997725147381885 3.1508089892106224
59.000006409467886 55.0080059126763 68.99999359053211 54.9919940873237
74.48176516016676 52.55274874031131 81.51823483983324 45.44725125968869
96.99770025416314 63.84836830958646 87.00229974583686 64.15163169041354
90.4706065198394 20.977803682698287 89.5293934801606 11.022196317301711
93.62640155926425 49.10358005377574 84.37359844073575 52.89641994622426
83.54466488931783 59.69596926113752 78.45533511068217 68.30403073886248
49.296914126320644 80.17112707260276 46.703085873679356 89.82887292739724
30.01197783575521 73.3458827677158 39.98802216424479 72.6541172322842
28.140428604992508 62.82332423462327 37.85957139500749 65.17667576537673
62.801183516227404 77.93539309207742 61.198816483772596 68.06460690792258
53.01138653713084 4.337247265490102 62.98861346286916 3.662752734509897
12.962775989191362 72.10876637734384 15.037224010808638 81.89123362265616
40.53206015639249 79.24444058818773 49.46793984360751 74.75555941181227
11.855012506708931 28.19534662742648 2.1449874932910697 25.80465337257352
58.44923141740673 33.75343210777662 61.55076858259327 24.246567892223382
87.06636172128445 57.18808046285816 96.93363827871555 58.81191953714184
71.53705257383064 67.3513089956846 76.46294742616936 58.6486910043154
50.678899218106494 48.2370756945341 41.321100781893506 51.7629243054659
28.26278455675014 77.54132238777763 23.73721544324986 86.45867761222237
26.639698897935418 55.446992909539055 35.36030110206458 50.553007090460945
16.84929648143094 43.10871142341553 11.15070351856906 34.89128857658447
22.159818355461997 16.254050097833975 31.840181644538003 13.745949902166023
9.0566526149379 13.074087084115202 16.9433473850621 6.9259129158847985
52.34779293359946 54.58512320220276 59.65220706640054 61.41487679779724
84.96733342440498 15.570612522460841 75.03266657559502 14.429387477539159
87.57644163507078 33.33069332861807 96.42355836492922 28.669306671381936
44.475154376872425 36.594899450179994 37.524845623127575 29.40510054982001
4.318493514778893 52.38326912900451 11.681506485221107 45.61673087099549
13.335662131798486 95.81829914696873 10.664337868201514 86.18170085303127
95.52273051306226 41.86812085093558 86.47726948693774 46.13187914906442
47.35245344542369 31.580145597807054 54.64754655457631 38.41985440219295
75.41059208460592 7.015728096727127 84.58940791539408 10.984271903272873
58.020706228870175 10.096839416271752 59.979293771129825 19.903160583728248
43.53677430940427 42.10182750613112 34.46322569059573 37.89817249386888
22.956115258837443 22.66100040931809 13.043884741162557 21.33899959068191
90.4356700503047 92.74898639801025 93.5643299496953 83.25101360198975
51.99931410891229 68.91718429840599 42.00068589108771 69.08281570159401
59.14996528295509 41.354855056542526 62.85003471704491 50.645144943457474
62.90032820924949 13.076731618965447 69.09967179075052 20.923268381034553
87.46768048844 40.11141654941239 96.53231951156 35.88858345058761
19.260471213133382 54.68764755497492 22.739528786866618 45.31235244502508
45.993245571568906 11.740194953845158 36.006754428431094 12.259805046154842
47.2834874643795 39.65522279178782 54.7165125356205 46.34477720821218
3.6309981394290594 13.596838614743785 8.36900186057094 22.403161385256215
5.63528370187848 93.986680461177 6.36471629812152 84.013319538823
4.95735896868509 57.942287119220204 13.042641031314911 52.057712880779796
16.35135905780258 91.15876742628046 25.64864094219742 94.84123257371954
47.74138888106799 96.58720870665607 38.25861111893201 93.41279129334393
6.55810577439745 40.96875416423315 5.44189422560255 31.031245835766853
66.78280398676856 28.845965578955195 61.21719601323145 37.154034421044805
12.591044368062736 2.52086212595636 5.408955631937263 9.47913787404364
70.44357097034752 12.980285613723872 69.55642902965248 3.019714386276128
29.00095294709909 45.90238564202575 38.99904705290091 46.09761435797425
78.0234543086741 29.592740699201407 81.9765456913259 20.407259300798593
17.448233302355415 36.969462094771465 18.551766697644585 27.030537905228535
20.09507404596822 11.970412997370422 29.90492595403178 10.029587002629578
81.15329730067916 4.771393901856213 90.84670269932084 7.228606098143787
33.05739731596964 24.24456720496404 42.94260268403036 25.75543279503596
89.4006013913613 82.3344972818082 82.5993986086387 89.6655027181918
95.80015534417713 23.600532718579025 86.19984465582287 26.399467281420975
