58.914677703824054 3.0802483663864764 49.085322296175946 4.919751633613524
69.45755820574571 14.611826581368565 62.542441794254295 7.388173418631435
85.00023799199566 11.0487838427803 94.99976200800434 10.9512161572197
20.939010726221547 39.04502360328771 15.060989273778455 30.954976396712286
14.940748649514845 96.76746516684292 5.059251350485155 95.23253483315708
42.701992512661214 84.70037243299164 33.298007487338786 81.29962756700836
80.52655413054349 90.76655377207274 89.47344586945651 95.23344622792726
55.460385186243265 83.46855171774612 62.539614813756735 90.53144828225388
25.960243499737267 18.62927293229107 16.039756500262733 17.37072706770893
71.99397763814585 96.2453311021847 62.00602236185414 95.7546688978153
60.63619325150661 13.12764529677612 51.36380674849339 16.87235470322388
56.66191469907851 91.80736032337654 47.33808530092149 88.19263967662346
75.81571598943069 81.00339721376129 76.18428401056931 90.99660278623871
88.96465208697781 68.40651061065351 79.03534791302219 69.59348938934649
79.25696111234106 15.993392733076824 78.74303888765894 6.006607266923175
28.140384025677633 55.176491641326386 37.85961597432237 52.823508358673614
80.69564043066197 76.17313288831397 83.30435956933803 85.82686711168603
24.860141223730256 7.803849017429858 33.13985877626974 2.1961509825701415
95.52372655122079 21.129764796821473 86.47627344877921 16.870235203178527
50.19682470575934 53.610933013567674 59.80317529424066 56.389066986432326
42.248619597054514 63.31676749625021 45.751380402945486 72.68323250374979
2.0054139373325772 79.09991851456043 3.9945860626674228 88.90008148543957
22.41365052729064 85.20400248262253 19.58634947270936 94.79599751737747
13.958449030534043 50.03082861626889 8.041550969465957 41.96917138373111
25.01663553684881 82.01242276935103 30.98336446315119 73.98757723064897
21.450717041987488 56.925385682123796 30.549282958012512 61.074614317876204
32.16794184635572 30.002821242316557 31.83205815364428 39.99717875768344
45.673763966495855 22.01065434646551 46.326236033504145 31.98934565353449
16.481426357418393 88.76381507744124 19.518573642581607 79.23618492255876
96.8454138749178 95.1957459427479 89.1545861250822 88.8042540572521
2.1396445095312533 36.92542266511416 3.8603554904687467 27.074577334885838
87.09895790779584 80.87240178493923 94.90104209220416 87.12759821506077
69.62839910870802 88.98617215683444 70.37160089129198 79.01382784316556
35.30374334595937 69.54515092128354 26.69625665404063 64.45484907871646
81.84530838195415 62.76590653361879 72.15469161804585 65.23409346638121
33.66065759337883 86.04383903163841 32.33934240662117 95.95616096836159
59.81076783199365 71.50475111761693 64.18923216800634 80.49524888238307
28.00290662245761 85.00000084484549 27.99709337754239 94.99999915515451
66.30705374178991 49.37077853529005 73.69294625821009 42.62922146470995
96.81781755879264 35.771336330960665 89.18218244120736 42.228663669039335
89.66464422493992 35.59847347436264 82.33535577506008 42.40152652563736
31.24398049882118 47.542815123210424 40.75601950117882 44.457184876789576
64.1152863658613 68.932492289274 73.8847136341387 71.067507710726
11.47469063057599 28.12639956522834 20.525309369424008 23.87360043477166
58.28480389852749 24.230376232537445 51.71519610147251 31.769623767462555
69.37545270666337 36.099062775446605 78.62454729333663 39.900937224553395
59.76986407511633 29.524902933282537 64.23013592488367 38.47509706671747
7.856422905136474 78.00206186334499 8.143577094863527 87.99793813665501
91.98725285561439 49.643196196536316 82.01274714438561 50.356803803463684
16.680545545643355 62.177237312195594 19.319454454356645 71.82276268780441
26.197134911684458 25.003887728783994 25.802865088315542 34.996112271216006
13.0545928947026 12.263149565465294 22.9454071052974 13.736850434534706
69.25633357885717 30.99342498655485 68.74366642114283 21.00657501344515
79.60271243410602 35.96354084518038 78.39728756589398 26.036459154819617
74.04013544414599 11.969581398743104 67.95986455585401 4.030418601256896
40.26630221498212 39.610001639787 49.73369778501788 36.389998360213
90.21195366821911 25.168113567286497 83.78804633178089 32.8318864327135
22.324163529726746 64.28920684757841 25.675836470273254 73.71079315242159
12.621643675847892 58.68601526679712 19.378356324152108 51.31398473320288
78.04720508359004 53.93807048598377 85.95279491640996 60.06192951401623
52.257913488517374 75.46114634128621 47.742086511482626 66.53885365871379
42.02203995655586 10.531050316266626 51.97796004344414 11.468949683733374
47.264091490091815 61.396512991702394 56.735908509908185 64.6034870082976
12.230098201469346 87.94036954292078 13.769901798530654 78.05963045707922
11.977783084834362 2.529175658725144 2.0222169151656377 3.470824341274856
91.90527756386125 55.459940758587294 96.09472243613875 64.5400592414127
7.527064722016675 57.02785732517605 6.472935277983325 66.97214267482396
75.86621629658022 76.1488859625294 66.13378370341978 73.8511140374706
58.445306551140554 80.4837300324583 65.55469344885945 87.5162699675417
93.90848814621836 72.04776887341686 84.09151185378164 73.95223112658314
47.42937026758584 15.680370927793295 38.57062973241416 20.319629072206705
37.94120926506813 6.923172164559558 30.05879073493187 13.076827835440442
15.330716104582333 40.49897939597573 6.669283895417668 35.50102060402427
4.1767818895100435 73.31778870030126 13.823218110489957 70.68221129969874
12.231753579100378 19.663130046725307 3.7682464208996223 14.336869953274693
2.0193904057643755 8.439918253551777 11.980609594235624 7.560081746448222
72.26136719124106 18.40458184047149 81.73863280875894 21.59541815952851
47.652352695633375 93.16816638434796 38.347647304366625 96.83183361565204
37.877073446285046 25.001511322170295 38.122926553714954 34.998488677829705
62.81065522897489 47.36293663386695 53.18934477102511 44.63706336613305
76.09108972502261 50.125459191137764 67.90891027497739 55.874540808862236
57.768411223628426 18.713805110826303 50.231588776371574 25.286194889173697
25.33845275305463 50.98853182148312 24.66154724694537 41.01146817851688
48.5337213406392 42.24774441094584 57.4662786593608 37.75225558905416
37.87126417945436 76.17979778665726 46.12873582054564 81.82020221334274
16.09507404596822 3.970412997370422 25.90492595403178 2.029587002629578
33.281238670741324 16.007915784957184 32.718761329258676 25.992084215042816
5.15110646330548 50.86569151407448 2.8488935366945207 41.13430848592552
44.725514227658785 47.00753992897467 45.274485772341215 56.99246007102533
92.99767819233945 4.152357099653155 83.00232180766055 3.847642900346845
