58.0507216930005 16.96145139460983 51.9492783069995 9.038548605390169
65.92657859242442 9.095477436117772 58.07342140757558 2.9045225638822276
80.65076049308503 27.46660003070826 89.34923950691497 22.53339996929174
2.372257944913352 12.727626867901304 5.627742055086648 3.2723731320986964
2.5493928924813245 87.02034607280248 3.4506071075186755 96.97965392719752
49.80453801064955 82.13939205038878 44.19546198935045 73.86060794961122
89.91387751799695 68.08422662421265 88.08612248200305 77.91577337578735
49.86961887147611 66.12945192978479 52.13038112852389 75.87054807021521
27.809884600265256 11.143702507535785 30.190115399734744 20.856297492464215
53.44757705165808 85.71547414775748 44.55242294834192 90.28452585224252
81.97253296005859 32.52336981297256 72.02746703994141 31.476630187027435
53.926900220333295 93.14814659777652 44.073099779666705 94.85185340222348
69.02473312192512 64.42829837095866 64.97526687807488 73.57170162904134
89.99893419284757 48.1032324347258 80.00106580715243 47.8967675652742
93.95199572957765 3.3088138497881023 84.04800427042235 4.691186150211897
47.73858566554567 44.404441824850906 38.26141433445433 47.595558175149094
73.2414434808883 89.46502773496734 82.7585565191117 92.53497226503266
48.719040236065176 24.695199747272632 45.280959763934824 15.304800252727368
81.8741158026623 21.16089018277481 74.1258841973377 14.83910981722519
34.463687651625676 44.10282435737905 43.536312348374324 39.89717564262095
62.7506934002295 48.31651063645994 59.2493065997705 57.68348936354006
2.464289916811518 42.69068748243804 7.535710083188482 51.30931251756196
30.224990228313338 74.52234229938128 25.775009771686662 83.47765770061872
20.74343730887348 71.18013776474903 15.25656269112652 62.819862235250966
12.240746060264607 80.84360911035746 9.759253939735393 71.15639088964254
24.07461431787621 87.45071704198749 19.92538568212379 96.54928295801251
22.36595851564515 34.274546748997786 25.63404148435485 43.725453251002214
40.67214283677783 8.60657002631537 33.32785716322217 15.39342997368463
16.848064726846612 91.19255350119602 9.151935273153388 84.80744649880398
95.65023219299127 96.71982348284502 92.34976780700873 87.28017651715498
8.552697066659825 44.75280252263714 5.4473029333401755 35.24719747736286
87.20047570711647 63.40162996615398 96.79952429288353 60.59837003384602
62.22807265228967 64.66897014725909 53.77192734771033 59.331029852740905
55.35603702727663 52.54542439167277 46.64396297272337 57.45457560832723
96.46092650326351 79.97870934666699 95.53907349673649 70.02129065333301
44.12521159392409 85.1746452779599 35.87478840607591 90.8253547220401
69.12759884646984 49.1288070412434 66.87240115353016 58.8711929587566
35.216164107358374 52.171646772496075 28.783835892641626 59.828353227503925
82.99125793641673 79.70445945767621 73.00874206358327 80.29554054232379
95.32320631515975 47.95398327693588 96.67679368484025 38.04601672306412
96.13601825841815 9.130763661872571 93.86398174158185 18.86923633812743
15.401643623103011 58.4715747701648 22.59835637689699 51.5284252298352
67.03046039771657 94.4489318178876 76.96953960228343 95.5510681821124
11.39175416387906 5.05987878887065 20.60824583612094 8.94012121112935
69.2237319065096 2.0606267758926347 70.7762680934904 11.939373224107365
87.96936948428973 37.55260015256068 78.03063051571027 36.44739984743932
41.37865378955458 70.31425739228465 34.62134621044542 77.68574260771535
5.553398736438821 70.03071938420581 4.446601263561179 79.96928061579419
37.968308639322515 27.892403594993308 40.031691360677485 18.107596405006692
4.553007090460927 54.63969889793543 9.446992909539073 63.36030110206457
16.419074021131628 40.510448576985056 23.580925978868372 47.489551423014944
32.623686746361074 9.687886767961038 39.376313253638926 2.312113232038963
78.41936453230464 11.375691403632844 73.58063546769536 2.6243085963671557
68.05566925317913 30.04115286191023 73.94433074682087 21.95884713808977
68.01653067337185 15.977831652371073 59.983469326628146 10.022168347628927
87.1053766377254 58.02110829076828 96.8946233622746 55.97889170923172
68.2825434154198 42.65627205924864 75.7174565845802 49.34372794075136
35.83797671265939 33.11653837324553 30.16202328734061 24.883461626754464
10.38703846684012 56.2629135607266 15.61296153315988 47.7370864392734
56.79538192059334 34.29423082907528 65.20461807940666 39.70576917092472
55.35939838614859 81.72317968582905 58.64060161385141 72.27682031417095
45.81164819820813 9.148453195401808 52.18835180179187 16.851546804598193
81.84671313524558 72.19418190701924 74.15328686475442 65.80581809298076
19.045024121838065 82.56266110302973 14.954975878161935 73.43733889697027
30.94632016399425 2.2693038694068077 21.05367983600575 3.7306961305931923
88.19473240689273 86.00379351010132 87.80526759310727 95.99620648989868
10.136138868921671 32.07519097363034 11.863861131078329 41.92480902636966
80.98603045988685 61.373497326738146 71.01396954011315 60.626502673261854
35.49561393336895 59.024623950991185 34.50438606663105 68.97537604900882
64.57677401520563 82.71511544209636 59.423225984794364 91.28488455790364
21.421784042025642 20.0335459021608 22.578215957974358 29.9664540978392
52.87227227876147 2.877073982128617 43.12772772123853 5.122926017871383
24.06202717536756 59.04577751263231 29.93797282463244 50.95422248736769
3.024545433534627 31.999939751806274 2.975454566465373 22.000060248193726
7.069801301047782 15.909120159767724 14.930198698952218 22.090879840232276
8.281496581474823 9.657436264419694 15.718503418525177 16.342563735580306
88.3666760262443 31.434960975285176 95.6333239737557 24.565039024714824
14.912590794477698 96.11313881395745 7.087409205522302 89.88686118604255
43.138842597578396 24.001928098446594 42.861157402421604 33.99807190155341
82.9050854781601 53.03039366135384 73.0949145218399 54.96960633864616
49.69805030787463 34.17248231498064 52.30194969212537 43.82751768501936
86.98164917527723 42.427985390474674 77.01835082472277 41.572014609525326
56.8928802535449 47.97057160303865 47.1071197464551 50.02942839696135
54.17687354451997 27.681875880484437 63.82312645548003 30.318124119515563
32.67439342019905 82.77535565591658 27.325606579800947 91.22464434408342
56.46143709855026 20.902037467068542 65.53856290144974 25.097962532931458
29.00659144097028 30.995064894567253 34.993408559029724 39.00493510543274
16.789365689819586 27.435958317354288 7.2106343101804145 24.564041682645712
74.27060563684833 71.21805092998122 67.72939436315167 78.78194907001878
90.27438523171058 9.405846787305256 81.72561476828942 14.594153212694744
