73.4697048043052 16.347477220134895 68.5302951956948 7.652522779865106
77.40444905642228 7.3666069613226615 68.59555094357772 2.633393038677338
91.6958274930979 45.437430456743684 96.3041725069021 36.562569543256316
58.193409701838306 39.72310761310095 49.806590298161694 34.27689238689905
12.185226225320314 87.26433162775692 3.8147737746796864 92.73566837224308
55.01733352999801 95.9869409788395 48.98266647000199 88.0130590211605
87.1811146212973 95.3335455398768 96.8188853787027 92.6664544601232
66.00334986597069 89.99553869950643 73.99665013402931 96.00446130049357
16.675974508993463 32.95409512052313 15.324025491006536 23.045904879476872
62.72665768792794 93.33347003541468 55.27334231207206 86.66652996458532
63.996979610931305 9.826233582252497 54.003020389068695 10.173766417747503
49.20117679679243 83.840894051608 42.79882320320757 76.159105948392
73.87803742857756 82.47260838390555 78.12196257142244 91.52739161609445
61.99997448536546 56.01597328063916 52.00002551463454 55.98402671936084
85.04131723366412 25.90723214791501 86.95868276633588 16.09276785208499
15.50225750987273 64.5729256181396 22.49774249012727 57.42707438186039
79.49080026852576 81.67519749496354 84.50919973147424 90.32480250503646
14.012852622955517 3.358275089335453 23.987147377044483 2.641724910664547
91.41743285747727 36.98254451154211 90.58256714252273 27.01745548845789
61.89775604684844 43.85860010299299 70.10224395315156 38.14139989700701
47.832164921062166 40.347777767342876 44.167835078937834 49.652222232657124
2.2632274331738733 77.05458129328038 3.7367725668261267 86.94541870671962
21.37990282454114 84.60272100660634 16.62009717545886 93.39727899339366
12.46595528554895 43.24838684115465 3.5340447144510483 38.75161315884535
25.066684140189437 78.81387629732139 34.93331585981056 77.18612370267861
26.034001547638116 64.9551919147731 33.96599845236189 71.0448080852269
43.76924124588493 3.714757173309736 36.23075875411507 10.285242826690265
44.72584600673622 9.405465814087762 53.27415399326378 14.594534185912238
16.76613656889688 83.99452779505657 17.23386343110312 74.00547220494343
92.61312267204013 89.45620377825 85.38687732795987 82.54379622175
2.7981601754469674 26.853409217871324 5.201839824553033 17.146590782128676
89.50919402489652 79.42029698938839 96.49080597510348 86.57970301061161
69.64112753659072 81.42668794352227 62.35887246340929 74.57331205647773
53.99561141798256 66.79055654576406 44.00438858201744 67.20944345423594
48.317447092677064 53.47816523104023 39.682552907322936 58.52183476895977
27.25973723488522 86.16129541105848 24.74026276511478 95.83870458894152
60.30253590592751 83.28715701685773 69.69746409407249 86.71284298314227
40.19493519123053 79.279242983768 31.805064808769473 84.720757016232
76.08857774253728 50.064925637542544 81.91142225746272 41.935074362457456
80.83457663482592 68.27548765654367 71.16542336517408 65.72451234345633
96.80554265254881 50.861288796650655 91.19445734745119 59.138711203349345
15.715393110197219 48.42276431037933 24.28460688980278 53.57723568962067
43.01425570476533 61.62270194469762 52.98574429523467 62.37729805530238
23.02587604440406 44.49197354954037 32.97412395559594 45.50802645045963
48.78326794568319 18.543858605835386 39.21673205431681 21.456141394164614
70.44461160832334 52.938826402027836 79.55538839167666 57.061173597972164
81.74541018136563 28.687613764470886 74.25458981863437 35.31238623552911
10.076340798714977 73.08605518143706 11.923659201285023 82.91394481856294
76.75776138370114 60.53743507692592 67.24223861629886 57.46256492307408
37.9880515840889 51.99106650955347 32.0119484159111 60.00893349044653
38.788097807590596 2.5598196692961928 29.211902192409404 5.440180330703807
22.582052900887682 23.79472898338571 25.417947099112318 14.20527101661429
77.42022235148514 20.283076847807322 82.57977764851486 11.716923152192676
86.25500515026405 47.99349300323319 85.74499484973595 38.00650699676681
87.85517849061947 9.183959611154798 80.14482150938053 2.816040388845202
37.261011225909556 47.1830539675465 42.738988774090444 38.8169460324535
87.53370212296403 55.46263525966582 80.46629787703597 62.53736474033418
43.16078009393575 85.35056238485373 46.83921990606425 94.64943761514627
4.926033562513997 63.549578355867894 9.073966437486003 54.450421644132106
86.2383462143326 72.47466291415988 95.7616537856674 75.52533708584012
41.985037038161515 71.01984764590549 34.014962961838485 64.98015235409451
51.102445516998095 6.006955851081833 60.897554483001905 3.993044148918167
73.97009481316442 41.959706773502354 82.02990518683558 36.040293226497646
27.81931498321662 59.499401388804564 32.18068501678338 50.500598611195436
11.739179025407683 11.319418656323911 4.260820974592316 4.680581343676089
88.63932669466227 68.70214463990676 95.36067330533773 61.29785536009324
14.413242762060175 59.346265766747145 7.586757237939826 66.65373423325285
69.81424715609228 70.2328808564873 62.18575284390773 63.76711914351271
46.03913653748102 71.97094458261988 51.96086346251898 80.02905541738012
81.66723964538578 77.7935646329417 72.33276035461422 74.2064353670583
43.92938626002958 15.162652342553246 34.07061373997042 16.837347657446756
40.6352157010966 26.874773427459324 31.364784298903402 23.125226572540676
13.4250786961288 35.37252710884475 8.5749213038712 26.62747289115525
16.164076238171884 68.729629436036 25.835923761828116 71.270370563964
33.930198698952275 32.090879840232205 26.069801301047725 25.9091201597678
11.129086143476288 16.1288038812501 20.870913856523714 13.8711961187499
56.03108733618493 22.55669285910478 65.96891266381506 21.44330714089522
42.744299628028806 95.31364154602505 35.255700371971194 88.68635845397495
49.90999206844883 24.934050398545885 44.09000793155117 33.065949601454115
71.9267676281527 31.852619925984975 62.0732323718473 30.147380074015025
68.90657751408375 48.03797240253319 59.09342248591625 49.96202759746681
66.8041464085345 13.6142953830758 57.1958535914655 16.3857046169242
22.68561068818578 37.95277073810664 21.31438931181422 28.047229261893357
64.00821701514032 25.71346443141321 73.99178298485968 26.28653556858679
51.97220293160646 72.03742497549169 60.02779706839354 77.96257502450831
15.002491553495807 7.842173110278226 24.99750844650419 8.157826889721774
40.02469549148026 31.01864128923065 33.97530450851974 38.98135871076935
2.154327094721522 55.11122192494688 7.845672905278478 46.88877807505312
53.32751735803861 31.220138780531034 62.67248264196139 34.77986121946897
96.34116060413399 7.480791125652262 87.65883939586601 2.5192088743477377
