81.10574298312238 3.081535948514251 74.89425701687762 10.91846405148575
72.25048346141604 16.46489912426842 67.74951653858396 7.535100875731579
76.09388798031698 63.91721069385744 77.90611201968302 54.08278930614256
15.289801175158832 12.30157260569966 18.710198824841168 21.69842739430034
3.420946456823026 60.01775110211381 2.579053543176974 69.9822488978862
35.81745033346479 70.498497188296 40.18254966653521 61.501502811704
90.55094442007162 85.92903286230346 81.44905557992838 90.07096713769654
56.20277038460782 77.33417041571842 59.79722961539218 86.66582958428158
18.405359048319475 32.027875631421715 27.594640951680525 35.972124368578285
95.6356998190132 85.75110761914898 90.3643001809868 94.24889238085102
89.97268588718919 27.478085191482805 80.02731411281081 28.521914808517195
50.926900220333295 67.14814659777652 41.073099779666705 68.85185340222348
40.000600204311596 80.92252947095359 49.999399795688404 81.07747052904641
95.13623456500598 40.80919269955797 86.86376543499402 35.19080730044203
86.47668920175767 4.406584884210886 79.52331079824233 11.593415115789114
3.9018052931452067 34.081997639970545 2.0981947068547933 43.918002360029455
77.26895719193405 93.38221325625179 86.73104280806595 96.61778674374821
33.0095165341597 43.999990943549555 32.9904834658403 34.000009056450445
89.96045313071528 17.627618305960706 80.03954686928472 16.372381694039294
14.135784546377295 45.13070914154735 11.864215453622705 54.86929085845265
72.39266107235883 60.984557882325575 71.60733892764117 51.015442117674425
22.58870394619986 86.25911192166183 19.41129605380014 95.74088807833817
38.298554057695235 38.00892141169529 37.701445942304765 47.99107858830471
55.942165619649906 92.75828687707917 46.057834380350094 91.24171312292083
14.547608894407226 71.69771119970576 9.452391105592774 80.30228880029424
37.37399681222312 89.55731196850022 44.62600318777688 96.44268803149978
47.028080454934134 33.529165415907 56.971919545065866 32.470834584093
34.80003058811371 11.399895122204788 25.19996941188629 8.600104877795212
12.524157987477274 85.34398507467826 17.475842012522726 76.65601492532174
77.42268397548979 37.98799154779061 86.57731602451021 42.01200845220939
6.746315495082051 75.99356027018445 7.253684504917949 66.00643972981555
81.26798999373308 61.67252328135514 88.73201000626692 68.32747671864486
81.55837419164583 71.05456193115157 72.44162580835417 66.94543806884843
79.90764306543618 34.11934699466869 72.09235693456382 27.880653005331315
92.57793891372269 80.01059078437746 83.42206108627731 75.98940921562254
74.12521159392409 90.1746452779599 65.87478840607591 95.8253547220401
68.23869315241981 69.6520709567486 59.761306847580194 64.3479290432514
36.95633087241833 56.39861221829512 33.04366912758167 65.60138778170489
70.18788505767813 77.14806686726878 63.81211494232187 84.85193313273122
75.57595196960757 75.35638982799122 82.42404803039243 82.64361017200878
63.143148111206976 8.073966622050573 64.85685188879302 17.926033377949427
5.45957615963606 86.78222097296037 2.54042384036394 77.21777902703963
68.53206015639249 88.24444058818773 77.46793984360751 83.75555941181227
2.9462955181109933 2.072974210309554 11.053704481889007 7.927025789690446
68.88948864410442 37.858045498836304 61.11051135589558 44.141954501163696
88.50709779650987 45.83526688649711 79.49290220349013 50.16473311350289
20.53705257383064 80.3513089956846 25.46294742616936 71.6486910043154
22.749088074755033 48.82357631971568 17.250911925244967 57.17642368028432
8.656412451524902 58.23597366462346 3.343587548475097 49.76402633537654
2.000069023853584 95.02627230046164 11.999930976146416 94.97372769953836
28.15407689106115 41.072078116105814 29.84592310893885 50.927921883894186
21.083321212401 15.091006215877128 30.916678787599 16.90899378412287
71.0000028658782 43.994646610997435 80.9999971341218 44.005353389002565
69.99279342256611 3.2683539445965555 60.007206577433884 2.7316460554034445
95.17019933742611 18.930662314577216 96.82980066257389 9.069337685422784
92.64388356923723 66.4237570786846 85.35611643076277 59.5762429213154
53.45385625075693 25.727740222247157 44.54614374924307 30.272259777752843
14.715611936471557 26.66222864390161 5.284388063528444 23.33777135609839
32.75922649441126 94.1697325037152 27.24077350558874 85.8302674962848
66.80476649353388 45.003813066152055 67.19523350646612 54.996186933847945
36.29332429544783 29.644324923166323 43.70667570455217 36.35567507683368
68.02401928520361 22.48950579769228 77.97598071479639 21.51049420230772
51.78504351467682 59.51737044045297 56.21495648532318 68.48262955954704
19.124342070764673 71.52627559549562 14.875657929235329 62.473724404504374
29.9583192213285 2.355740347837661 20.0416807786715 3.644259652162339
86.41739641351705 54.51217094138495 93.58260358648295 61.48782905861505
9.213923878844394 36.14959910766426 6.786076121155606 45.85040089233574
52.612149907578356 42.069178094689995 43.387850092421644 45.930821905310005
48.928617138687656 52.386927712211715 45.071382861312344 61.613072287788285
96.07685113278818 57.94119107715676 89.92314886721182 50.05880892284324
24.017522659559695 64.59018339444523 27.982477340440305 55.40981660555477
44.88691094988573 11.85485719439349 37.11308905011427 18.14514280560651
23.037125767346257 20.391822928036966 32.962874232653746 21.608177071963034
12.841136452995844 4.224418259643574 21.158863547004156 9.775581740356426
17.944821312541663 47.88739173154083 20.055178687458337 38.11260826845917
5.543082358665133 28.733750865778866 14.456917641334867 33.266249134221134
37.04400908632014 75.3380679313384 46.95599091367986 76.6619320686616
54.840557178527376 88.25259977702659 45.159442821472624 85.74740022297341
4.3194329031538885 18.241508700072256 13.680567096846111 21.758491299927744
64.07140650156693 24.000509914847918 63.928593498433074 33.99949008515208
23.07455541424995 25.13977001173783 32.92544458575005 26.86022998826217
95.18231506179157 32.99667501627272 94.81768493820843 23.003324983727286
55.31438931181436 46.047229261893335 56.68561068818564 55.952770738106665
52.989494893057 2.676054461123292 43.010505106943 3.323945538876708
30.46495358865152 70.02166512170986 29.53504641134848 79.97833487829014
59.98332021629541 15.000027821595847 60.01667978370459 24.999972178404153
46.26039805909 17.18265241268769 51.73960194091 8.817347587312309
54.271836161246384 19.401651329888967 45.728163838753616 24.598348670111033
60.69406143669552 71.27785388874 51.30593856330448 74.72214611126
96.12935560702012 2.100367519263929 89.87064439297988 9.89963248073607
