80.95835514110307 3.6439831478360047 71.04164485889693 2.3560168521639953
59.978173661986446 33.99995236086994 60.021826338013554 24.000047639130056
80.58486327937668 50.79555920221443 83.41513672062332 41.20444079778557
21.244685156649 14.45501432349499 30.755314843351 17.54498567650501
6.8592217022936115 26.358524516738193 3.1407782977063885 35.64147548326181
40.35910513790722 70.98708767718482 39.64089486209278 61.01291232281518
89.5825564193643 69.20512213964582 92.4174435806357 78.79487786035418
43.28041438255345 74.65864057089262 50.71958561744655 81.34135942910738
10.96675085425507 26.0448517248118 19.033249145744932 31.9551482751882
96.27827636364039 82.16615995939478 93.72172363635961 91.83384004060522
83.89089004070752 27.961157081312084 74.10910995929248 30.038842918687916
64.72215075225046 81.64356085163296 55.27784924774954 78.35643914836704
69.19640000777947 80.38759760548186 78.80359999222053 77.61240239451814
87.94482262456907 36.8873920148049 90.05517737543093 27.1126079851951
81.98055945308282 8.440485566514171 72.01944054691718 7.559514433485828
2.511285719074632 14.023941484305112 3.488714280925368 23.976058515694888
77.00630730643918 95.74893570091038 86.99369269356082 96.25106429908962
16.573702396457485 54.981793889073884 17.426297603542515 45.018206110926116
86.95386935969196 17.322372988211715 77.04613064030804 18.677627011788285
28.04402148216127 72.43688963748812 23.95597851783873 81.56311036251188
57.82559972293367 54.93136746729463 56.17440027706633 45.06863253270537
18.741321388132413 85.05526111917955 17.258678611867587 94.94473888082045
23.25078463194474 33.69192138486125 30.74921536805526 40.30807861513875
67.69014021980713 93.2672032091017 58.309859780192866 96.7327967908983
19.696204673701914 69.78924230600857 14.303795326298086 78.21075769399143
44.74932160858552 84.15894602785211 47.25067839141448 93.84105397214789
40.01960249245192 30.44231286077713 49.98039750754808 29.55768713922287
40.70421523564958 12.205617666797673 35.29578476435042 3.7943823332023268
7.371911894679071 82.40159447971755 2.628088105320929 73.59840552028245
64.0039291565961 43.19818205693116 73.9960708434039 42.80181794306884
8.928005314715488 75.94497764931359 15.071994685284512 68.05502235068641
66.86481540939612 53.47882904945547 71.13518459060388 62.52117095054453
94.85696251166098 63.8126015157834 85.14303748833902 66.1873984842166
80.94379166092416 37.74761220788366 71.05620833907584 36.25238779211634
90.81538927192665 60.65879402757555 87.18461072807335 51.34120597242445
74.87972117631827 89.09010148215248 65.12027882368173 86.90989851784752
72.92353112199132 66.87111496989948 63.07646887800869 65.12888503010052
36.48024847164779 45.02708753859717 37.51975152835221 54.97291246140283
76.74469342550188 71.42269714449023 67.25530657449812 74.57730285550977
82.02863540587703 70.40503301023409 85.97136459412297 79.59496698976591
73.63876882324645 16.276184090805884 70.36123117675355 25.723815909194116
5.45957615963606 96.78222097296037 2.54042384036394 87.21777902703963
81.00543762042942 86.23312365083407 90.99456237957058 85.76687634916593
2.063878287331958 3.796682143471987 11.936121712668042 2.203317856528013
73.53406179758295 11.892327441062346 64.46593820241705 16.107672558937654
96.67725234772831 36.61210756204885 89.32274765227169 43.38789243795115
37.33006715701329 95.71288916694571 40.66993284298671 86.28711083305429
37.23960329081812 79.15609829978014 34.76039670918188 88.84390170021986
10.778818702679256 64.27422192471455 3.2211812973207428 57.72577807528545
22.869560644568796 91.81770664390477 31.130439355431204 86.18229335609523
31.64360284473581 49.18749683042274 34.35639715526419 58.81250316957726
20.0545928947026 8.263149565465294 29.9454071052974 9.736850434534706
61.000857819180446 47.907385444174565 70.99914218081955 48.092614555825435
63.039787131397 8.43499524002579 58.960212868603 17.565004759974208
95.82820083247209 14.653781442670933 92.17179916752791 5.346218557329067
78.6335877097485 66.25020185109621 73.3664122902515 57.74979814890379
28.456207795862287 31.267644610624902 19.543792204137713 26.732355389375098
20.74955744212853 40.307690884617024 13.25044255787147 33.692309115382976
32.91637468918705 95.08936290679497 23.083625310812945 96.91063709320503
59.229208053535125 59.33282935680642 50.770791946464875 64.66717064319357
33.474183952214666 34.8746790591516 42.525816047785334 39.1253209408484
75.05645744784384 24.749257655964424 84.94354255215616 23.250742344035576
49.168696919822224 57.494808142825256 44.831303080177776 66.50519185717474
11.759106219787505 53.53326709635989 2.240893780212496 50.46673290364011
50.79654137385666 9.253655420691409 43.20345862614334 2.746344579308592
76.81770977327179 54.25984517601401 85.18229022672821 59.74015482398599
26.714278828329043 62.30305970883781 23.285721171670957 71.69694029116219
66.42807257789195 34.36017604811644 59.57192742210805 41.63982395188356
41.62411945996455 45.01414863642901 42.37588054003545 54.98585136357099
95.82365592077325 56.996889308932275 96.17634407922675 47.003110691067725
36.751190472846204 74.94324922227325 35.248809527153796 65.05675077772675
47.71698001726482 13.65574230190704 40.28301998273518 20.34425769809296
46.0601204649538 34.95560779357188 51.9398795350462 43.04439220642812
16.000060248193726 3.0245454335347164 25.999939751806274 2.9754545664652836
23.522872329553397 57.776828848221484 26.477127670446603 48.223171151778516
2.0926586852585363 39.95812380235099 11.907341314741464 38.04187619764901
50.73190432811769 89.60448830591722 59.26809567188231 84.39551169408278
80.88163642552068 81.91850760103011 71.11836357447932 84.08149239896989
7.067264340049816 12.817385410351703 16.932735659950183 11.182614589648297
55.506869050001235 27.025757970690325 54.493130949998765 36.97424202930968
15.038267009293016 22.61741860105597 24.961732990706984 21.38258139894403
96.00782255712804 31.999993880756254 95.99217744287196 22.000006119243746
45.835850673072166 42.002695226577714 46.164149326927834 51.997304773422286
61.996023447334565 3.199373302333287 52.003976552665435 2.800626697666713
20.177326309344828 64.74771630727328 11.822673690655172 59.25228369272672
41.11275713199069 26.055867960065164 50.88724286800931 23.944132039934836
51.63536524926668 17.40550819947306 56.36463475073332 8.594491800526939
35.916990211499865 17.939068074196026 30.083009788500135 26.060931925803974
62.59749822511378 90.03454583618044 53.40250177488622 93.96545416381956
86.76890824184017 2.153928076989474 89.23109175815983 11.846071923010527
