96.00538450378029 29.897877295273787 93.99461549621971 20.102122704726213
69.93498025885143 43.80372249237328 60.065019741148575 42.19627750762672
58.9998519154854 9.038481465888804 49.0001480845146 8.961518534111196
42.02737961095099 48.47746151681042 51.97262038904901 49.52253848318958
2.909975171599419 69.06912903291548 9.090024828400582 76.93087096708452
14.81745033346479 86.498497188296 19.18254966653521 77.501502811704
94.9995304049323 73.10092468218585 93.0004695950677 82.89907531781415
70.86255342877917 61.07496176842237 69.13744657122083 70.92503823157763
24.02008080883499 42.00004032405095 23.97991919116501 51.99995967594905
85.89637121795606 84.00107400779606 86.10362878204394 93.99892599220394
76.95298226348079 21.60281004154304 73.04701773651921 12.39718995845696
67.93581201847945 47.79859859643867 58.06418798152055 46.20140140356133
88.8778832752729 79.92232881418909 87.1221167247271 70.07767118581091
61.43973141994256 30.750322300442942 64.56026858005744 21.249677699557058
95.99915378043237 15.091986301092847 86.00084621956763 14.908013698907153
12.240039540971477 57.31998513008173 15.759960459028523 66.68001486991827
47.00001129855073 95.01062945810756 56.99998870144927 94.98937054189244
27.416945576312393 74.65027162393693 20.583054423687607 67.34972837606307
72.81135119109533 7.639522247169917 63.188648808904674 10.360477752830082
23.509811852102857 77.66422290839662 28.490188147897143 86.33577709160338
50.92686749808541 76.54995842063478 55.07313250191459 67.45004157936522
26.218192395123246 90.31544176488488 17.781807604876754 95.68455823511512
23.657352162626403 56.18364278891235 26.342647837373597 65.81635721108765
70.44400581866644 87.70853490455148 61.55599418133357 92.29146509544852
47.070950711113404 86.88395992759622 44.929049288886596 77.11604007240378
62.96771628268563 84.56726971956914 53.03228371731437 83.43273028043086
27.125300029247096 33.077104514499126 28.874699970752904 42.922895485500874
41.01301830884159 43.57687199823947 36.98698169115841 34.42312800176053
10.673173746272209 71.22541620698375 5.326826253727792 62.77458379301624
35.00123132857843 9.110958413895426 44.99876867142157 8.889041586104574
61.99732254770742 36.997990509930425 68.00267745229259 29.00200949006958
60.00005956082106 56.02440501307329 69.99994043917894 55.97559498692671
95.52182287930442 69.13380361050379 86.47817712069558 64.86619638949621
85.9093474646883 28.87959804156225 88.0906525353117 19.12040195843775
96.86610831877569 49.85065678322702 87.13389168122431 52.14934321677298
61.1750296338893 63.34495078835704 64.82497036611069 72.65504921164296
42.807112127554426 87.6246189643887 33.192887872445574 90.3753810356113
30.808230928870383 72.27436758635338 39.19176907112962 77.72563241364662
38.47032644093949 84.2396833507077 29.52967355906051 79.7603166492923
83.85610063437544 75.19091839721222 74.14389936562456 72.80908160278778
59.059762753374045 15.770750249464504 68.94023724662595 14.229249750535496
16.11525394895544 71.46947014893088 11.88474605104456 80.53052985106912
69.01026688517602 79.32025527759752 78.98973311482398 78.67974472240248
9.53725366831858 22.97105205121393 8.46274633168142 13.028947948786069
72.62218799606855 29.729535506306206 69.37781200393145 20.270464493693794
85.01649074967088 57.405753067621234 94.98350925032912 56.594246932378766
74.41507982071221 58.00538050005532 83.58492017928779 61.99461949994468
49.79377144502789 66.74311525796644 42.20622855497211 73.25688474203356
22.071966627087548 84.05500050164004 15.928033372912452 91.94499949835996
38.08691884719535 58.071757797794284 47.91308115280465 59.928242202205716
8.768422809291257 41.84594857827918 11.231577190708743 32.15405142172082
27.230747866142504 25.498589302124255 36.76925213385749 28.501410697875745
28.362077969544572 5.86806831765228 37.63792203045543 2.1319316823477203
54.48400509411528 53.02669634376695 55.51599490588472 62.97330365623305
95.99840559117848 9.873740164440042 86.00159440882152 10.126259835559958
76.63601108061334 54.405854785284816 81.36398891938666 45.594145214715184
21.148614233607056 30.884099433321328 14.851385766392944 23.115900566678672
16.09592037963445 45.91758477710753 17.90407962036555 36.08241522289247
13.741443814183283 96.58704459828421 4.258556185816717 93.41295540171579
83.46441463502501 68.25144441782925 74.53558536497499 63.748555582170745
30.820288141767605 31.500127089007837 35.179711858232395 40.49987291099217
83.05645744784384 3.7492576559644246 92.94354255215616 2.2507423440355754
57.27252562309799 19.40278518409217 48.72747437690201 24.59721481590783
46.880470542526986 42.92186668081757 45.119529457473014 33.07813331918243
23.91780607219528 16.097124905493988 14.08219392780472 17.902875094506012
79.67141985583558 83.01080817277378 80.32858014416442 92.98919182722622
35.645824025916 70.242595340577 30.354175974084 61.757404659423
40.674550104112264 19.573682932536833 45.325449895887736 28.426317067463167
68.88871645993294 37.154416113839964 77.11128354006706 42.845583886160036
91.20643536705839 45.667239645385806 94.79356463294161 36.332760354614194
28.50818769419871 57.772263199390814 31.49181230580129 48.227736800609186
78.92436440587255 2.13360794199426 69.07563559412745 3.86639205800574
51.08608379739828 31.00074109693992 50.91391620260172 40.99925890306008
4.7468035145048555 2.3712513136909124 13.253196485495145 7.628748686309088
6.109184336871026 88.87541896731348 3.890815663128974 79.12458103268652
10.712024734264471 48.42837247634104 19.28797526573553 53.57162752365896
32.005176946908556 94.77252985183483 41.994823053091444 95.22747014816517
56.899767573553994 89.00386862053804 47.100232426446006 90.99613137946196
4.210143487382977 28.995582019615984 3.7898565126170234 19.004417980384016
59.61283901814211 23.267268198856144 56.38716098185789 32.732731801143856
24.710276961623215 2.6483071638278073 17.289723038376785 9.351692836172193
82.21719819136916 22.84958024605508 79.78280180863084 13.15041975394492
37.22151371537481 51.52824294543937 46.77848628462519 54.47175705456063
82.84992923097512 38.64518695429837 79.15007076902488 29.35481304570163
3.057971170215586 46.99966392304761 2.942028829784414 37.00033607695239
22.404018653361653 22.968998593537428 31.595981346638347 19.031001406462572
43.07940039583324 2.11247561415252 52.92059960416676 3.88752438584748
30.071334218473467 13.158421950138038 39.92866578152653 14.841578049861962
75.86894943038706 93.86275268989831 66.13105056961294 96.13724731010169
91.01342624554836 33.42330744382616 86.98657375445164 42.57669255617384
