95.52945324819466 30.977809332865757 96.47054675180534 21.022190667134243
67.03221723141297 43.956556138262265 58.96778276858703 38.043443861737735
61.396541259499834 20.38126541013714 52.603458740500166 15.61873458986286
28.06157463063752 46.78227544460825 37.938425369362484 45.21772455539175
3.337790552416811 63.767667208595384 8.662209447583189 72.23233279140462
11.43368573018153 89.29115731109057 16.56631426981847 80.70884268890943
94.2545583747146 51.15995007417966 91.7454416252854 60.84004992582034
70.28851651770442 68.16887951054801 67.71148348229558 77.83112048945199
17.72454044207235 37.40761778116631 26.27545955792765 42.59238221883369
91.774513544393 79.15250756090082 94.225486455607 88.84749243909918
82.62714909903141 26.727830983603504 79.37285090096859 17.272169016396496
71.20117679679242 56.840894051608004 64.79882320320758 49.159105948391996
91.89578805979629 74.53566887136883 96.10421194020371 65.46433112863117
63.60646575086461 30.801881120611657 66.3935342491354 21.198118879388343
92.93917865502519 13.222494878638335 83.06082134497481 14.777505121361665
3.5565460382747403 33.031070889288046 2.4434539617252597 42.968929110711954
59.03857586120676 96.61989556781747 68.96142413879325 95.38010443218253
10.542256707892903 54.52879829621753 3.4577432921070965 47.47120170378247
71.98254451154212 3.582567142522829 62.017455488457884 4.417432857477171
26.137469734888807 72.35985118648713 29.862530265111193 81.64014881351287
60.76933913549395 65.47483542798628 65.23066086450605 56.52516457201372
31.045631274412393 89.03463366883699 24.954368725587607 96.96536633116301
18.298554057695238 54.00892141169529 17.701445942304762 63.99107858830471
82.94791811374873 94.28020395969605 73.05208188625127 95.71979604030395
54.8150615657036 87.34728694734419 45.1849384342964 84.65271305265581
63.99982046708307 81.95762905550704 54.00017953291693 82.04237094449296
30.191887617803445 36.62811978650898 39.808112382196555 39.37188021349102
39.51951872465537 34.55147686840281 32.48048127534463 27.44852313159719
12.591972525866204 67.98332354762883 13.408027474133796 58.01667645237117
32.20027839135971 14.400954131851378 41.79972160864029 11.599045868148622
48.65971399645958 50.418490853406034 53.34028600354042 41.581509146593966
49.30993987100368 60.73301355632292 58.69006012899632 57.26698644367708
90.75849914466085 67.29752697935645 83.24150085533915 60.702473020643545
90.20944345423602 43.99561141798256 89.79055654576398 34.00438858201744
89.95479125154291 48.67085292995837 80.04520874845709 47.32914707004163
64.18663458805169 70.14703231232954 57.81336541194831 77.85296768767046
37.115736070619334 86.46969527741453 32.884263929380666 95.53030472258547
29.466521983913353 65.4624113990131 36.53347801608665 72.5375886009869
39.67981317935899 83.38511077588547 32.32018682064101 76.61488922411453
75.48330697666893 72.66027806655455 70.51669302333107 81.33972193344545
68.21510850494226 15.45079749811064 77.78489149505774 12.54920250188936
19.14652189054278 73.20601427862461 10.853478109457223 78.79398572137539
74.55802027308879 83.70460981405999 83.44197972691121 88.29539018594001
7.927430211430545 36.99947333484108 8.072569788569455 27.000526665158922
78.592544276001 27.477589053492732 71.407455723999 20.522410946507268
78.55872810102623 51.70324056127203 87.44127189897377 56.29675943872797
66.2580793380822 64.5856192594936 75.7419206619178 61.41438074050641
48.96389767207532 72.97317611640806 43.03610232792468 81.02682388359194
27.207773765004468 85.16461377791636 20.792226234995532 92.83538622208364
45.385100376484914 63.54565480707117 52.614899623515086 70.45434519292883
12.938294219267878 31.88597798144445 15.061705780732122 22.11402201855555
18.257677476071496 13.415583047603825 27.742322523928504 16.584416952396175
24.126948217999313 5.119538445047743 33.87305178200069 2.880461554952257
59.540256735589594 45.46919524100914 52.459743264410406 52.53080475899086
93.91711553414065 8.093371727821873 84.08288446585935 9.906628272178127
74.77422454052761 53.674625897308744 71.22577545947239 44.325374102691256
26.080347802455478 36.9384587614837 19.919652197544522 29.0615412385163
14.614900602129673 51.98514778655156 15.385099397870327 42.01485221344844
14.651886333571403 95.83301760480678 5.348113666428597 92.16698239519322
85.98922475747392 69.3280797455029 76.01077524252608 68.6719202544971
25.302593631679773 23.29693593273641 28.697406368320227 32.70306406726359
81.00145374072963 2.8794375931966827 90.99854625927037 3.1205624068033173
48.63916936351468 21.57123253286897 41.36083063648532 28.42876746713103
44.186910415250644 48.996505228324175 43.813089584749356 39.003494771675825
33.985241962124604 8.616121661105973 24.014758037875396 9.383878338894027
88.98025627733179 87.10509216224874 91.01974372266821 96.89490783775126
44.496147819308675 71.33234879299447 39.503852180691325 62.66765120700554
44.521490467457134 31.65753635627261 49.478509532542866 40.342463643727385
65.16341018685074 35.732167605974325 74.83658981314926 38.267832394025675
94.91089052197226 46.999205887031025 95.08910947802774 37.000794112968975
21.097934346682514 68.62408328757927 24.902065653317486 59.375916712420725
59.53074523900825 9.114792561743137 50.46925476099175 4.885207438256863
49.88584074615444 26.46895920903605 54.11415925384556 35.53104079096395
7.142641749375871 4.814221426617219 16.85735825062413 7.185778573382781
7.529884316899547 87.76019474148956 4.470115683100453 78.23980525851044
20.586970234685076 46.34606680122989 27.413029765314924 53.65393319877011
44.13596865090596 94.15810147872732 53.86403134909404 91.84189852127268
69.81834537358914 85.66450463841609 60.18165462641086 88.33549536158391
2.686811787733443 11.990181674418004 3.313188212266557 2.0098183255819952
53.872547536486664 23.475185526953506 58.127452463513336 32.5248144730465
13.286237334679782 13.16827220149191 10.713762665320218 22.83172779850809
91.30164965169335 29.827598593943634 88.69835034830665 20.172401406056366
33.24792720427421 52.445071016373134 42.75207279572579 55.554928983626866
80.18544077389738 42.85744070180806 77.81455922610262 33.14255929819194
7.2438125501531 61.46825527916383 2.7561874498469 52.53174472083617
31.020507964205194 23.452392601018275 40.979492035794806 22.547607398981725
41.91550627505356 5.116094486486578 50.08449372494644 10.883905513513422
32.040639863478525 18.636197324956434 41.959360136521475 17.363802675043566
76.99998355337937 90.98717557269191 67.00001644662063 91.01282442730809
84.45533199920429 33.029754858268134 85.54466800079571 42.970245141731866
