68.95835514110307 4.643983147836004 59.04164485889693 3.3560168521639953
58.27300027201783 48.83523218754203 55.72699972798217 39.16476781245797
82.31331117478481 48.43267316735801 77.68668882521519 39.56732683264199
4.432230247453284 16.96641216375606 13.567769752546717 21.03358783624394
3.59456800659794 39.03547697300837 2.40543199340206 48.96452302699163
35.5329332307049 76.97151708954223 34.4670667692951 67.02848291045777
93.25153546911417 68.31567808704033 96.74846453088583 77.68432191295967
44.96104277237377 72.43462450351444 49.03895722762623 81.56537549648556
16.41727930694431 36.51229123412654 23.58272069305569 43.48770876587346
93.35669008634771 80.27776191539519 96.64330991365229 89.72223808460481
74.34671190424385 28.415081339961954 69.65328809575615 19.584918660038046
60.93581201847945 76.79859859643868 51.06418798152055 75.20140140356132
67.50848563216614 85.33501512741044 72.49151436783386 76.66498487258956
86.52422104930392 33.54681067941935 79.47577895069608 26.45318932058065
66.8050039394989 12.382728151662532 57.194996060501104 9.617271848337468
8.321985113116291 30.289982373770066 11.678014886883709 39.710017626229934
83.39333287294698 87.0561332400267 92.60666712705302 90.9438667599733
14.12171239029667 81.52750886612733 9.87828760970333 72.47249113387267
80.97933491969431 16.454118660168085 71.02066508030569 15.545881339831915
28.137469734888807 69.35985118648713 31.862530265111193 78.64014881351287
53.16758340875807 46.861763978597985 50.83241659124193 37.138236021402015
28.976760051767837 96.48151779523482 19.023239948232163 95.51848220476518
22.561855702120607 33.697202746397195 31.438144297879393 38.302797253602805
87.97002449525716 95.45332229189057 78.02997550474284 96.54667770810943
28.634790355299614 84.566590750723 21.365209644700386 91.433409249277
45.262200887978715 84.05473433774276 46.737799112021285 93.94526566225724
42.22215193820996 23.724658182413744 49.77784806179004 30.275341817586256
41.87146885221315 10.164131622790588 34.12853114778685 3.835868377209411
24.809667764673602 80.93400832091399 23.190332235326398 71.06599167908601
63.42268397548979 31.987991547790607 72.57731602451021 36.01200845220939
20.764007442109836 67.65638232366862 29.235992557890164 62.34361767633137
63.11216056457838 54.91828670835105 68.88783943542163 63.08171329164895
81.67605197598353 62.22953737178654 72.32394802401647 65.77046262821347
83.49836331649348 39.57231774983871 76.50163668350652 32.42768225016129
95.20705119527177 55.7019845003927 86.79294880472823 50.2980154996073
67.6162931111283 92.92089508098424 58.38370688887171 89.07910491901576
60.41336702699847 72.3499343575944 51.58663297300153 67.6500656424056
34.82840739779392 50.00294526957447 35.17159260220608 59.99705473042553
75.55382845487739 69.93538226212479 66.44617154512261 74.06461773787521
85.79085510122518 64.51450350393435 90.20914489877482 73.48549649606565
65.30076889752608 19.297594906817864 68.69923110247392 28.702405093182136
11.601591272911229 89.95585218180393 2.3984087270887713 86.04414781819607
83.61097410932446 77.32379223759989 90.38902589067554 84.67620776240011
3.821360705126407 11.500392296548457 8.178639294873593 2.4996077034515434
90.92507318736904 2.1376461868475753 81.07492681263096 3.8623538131524247
92.30297678435507 36.24628925434957 85.69702321564493 43.75371074565043
40.95541410519632 95.99980120584654 41.04458589480368 86.00019879415346
31.905409265952255 87.12128386509967 34.09459073404775 96.87871613490033
16.049806400428167 87.93241677103563 7.9501935995718345 82.06758322896437
36.15135214252139 86.64569705200842 39.84864785747861 77.35430294799158
30.672180299406843 51.606610566314515 23.327819700593157 58.393389433685485
8.37975287493106 14.08863491104075 17.62024712506894 17.91136508895925
74.17322107191586 48.781962859821036 81.82677892808414 55.218037140178964
62.66132341588438 26.59489929013888 55.33867658411562 33.40510070986112
93.32660534842523 11.711661101997997 96.67339465157477 2.288338898002004
74.09598803738832 60.53947509599128 69.90401196261168 51.46052490400872
37.45620779586229 27.267644610624902 28.543792204137713 22.732355389375098
18.9902281483592 46.6875531608041 9.0097718516408 47.3124468391959
14.931337245583343 95.82578021913974 5.068662754416656 94.17421978086026
53.97473563855968 61.502001321157856 44.02526436144032 60.497998678842144
27.222441377006774 28.525234390195155 36.777558622993226 31.474765609804845
85.68210294318973 7.569723119935925 90.31789705681027 16.430276880064074
40.4101366271869 54.01684959618518 39.5898633728131 63.98315040381482
14.940369542920765 58.76990179853074 5.059630457079235 57.23009820146926
53.76603921521004 7.511578710845074 44.23396078478996 4.488421289154926
85.4770556902963 56.868574474367236 94.5229443097037 61.131425525632764
31.41324276206018 44.346265766747145 24.58675723793982 51.653734233252855
69.73336492571502 39.310069719675894 66.26663507428498 48.689930280324106
43.27723967633333 33.05251402078457 44.72276032366667 42.94748597921543
95.30230479150919 49.951082850856864 96.69769520849081 40.048917149143136
18.100900019572062 63.91849765936657 19.899099980427938 54.08150234063343
34.83011466927579 12.707718187991937 25.169885330724213 15.292281812008063
36.044798288516226 37.092089070655575 37.955201711483774 46.907910929344425
16.360015500061316 9.427902104816607 23.639984499938684 2.5720978951833935
19.486152811300457 78.33809223033154 14.513847188699541 69.66190776966846
6.0193904057643755 52.43991825355178 15.980609594235624 51.56008174644822
50.52114960794272 87.22258839319571 59.47885039205728 82.77741160680429
78.16792962875094 77.13831918136478 75.83207037124906 86.86168081863522
22.179726422957135 10.32851896578949 31.820273577042865 7.67148103421051
61.112273628418 60.37004436889144 64.88772637158199 69.62995563110856
6.329189323915715 24.21575572631518 15.670810676084285 27.78424427368482
96.78989761640952 34.93721194153042 95.21010238359048 25.062788058469582
48.5745369100653 46.0181347710819 49.4254630899347 55.9818652289181
79.98308133960961 8.589025106807549 70.01691866039039 9.410974893192451
2.3615882668433827 73.95907556495845 3.6384117331566173 64.04092443504155
49.24989821506147 18.560939791511444 58.75010178493853 15.439060208488554
51.238700963643964 23.526444065924156 60.761299036356036 20.473555934075844
22.435958317354366 19.21063431018044 19.564041682645634 28.78936568981956
60.971252602638245 94.46460522904826 51.028747397361755 95.53539477095174
84.26909984030581 19.30915949565852 87.73090015969419 28.69084050434148
