75.25386713179363 19.796359926117802 68.74613286820637 12.203640073882198
76.22863388352751 7.668080860671784 67.77136611647249 2.3319191393282157
93.41836273986684 29.74325031780513 96.58163726013316 20.25674968219487
47.095820104786114 46.86779665758049 38.904179895213886 41.13220334241951
14.97103132340096 93.46255457787184 5.028968676599041 94.53744542212816
53.15096591780216 96.78737904656774 44.84903408219784 91.21262095343226
86.01562953253999 93.60496703541033 95.98437046746001 94.39503296458967
61.22266613064938 82.72406519609186 68.77733386935063 89.27593480390814
11.632545460972924 27.250847491490475 6.367454539027076 18.749152508509525
62.24889238085106 96.63569981901313 53.75110761914894 91.36430018098687
59.78173760132616 7.53884103805796 50.21826239867384 10.46115896194204
49.92545166594107 89.0548406319167 44.07454833405893 80.9451593680833
74.78089090357639 85.1508997730489 77.21910909642361 94.8491002269511
78.90506302574786 60.969719914945166 69.09493697425214 59.030280085054834
90.86358725691969 17.924857058807486 89.13641274308031 8.075142941192514
28.261414334454315 56.595558175149044 37.738585665545685 53.404441824850956
82.51206990649426 87.02629067889337 81.48793009350574 96.97370932110663
33.01986495213227 3.4452582452908147 42.98013504786773 2.5547417547091853
89.85010176710485 37.92720275466367 88.14989823289515 28.072797245336336
57.328052268438036 39.78126482970753 66.67194773156197 36.21873517029247
42.52040620175201 49.023054170610045 43.47959379824799 58.976945829389955
7.307538046588393 75.00946692728115 6.692461953411607 84.99053307271885
24.224990228313338 87.52234229938128 19.775009771686662 96.47765770061872
12.735407884548065 52.60496484913534 3.2645921154519346 49.39503515086466
25.60409075389639 71.38857823041076 30.39590924610361 62.61142176958924
39.38108534670232 72.08541716670395 48.61891465329768 75.91458283329605
23.652291804762434 16.585213832043774 16.347708195237566 23.414786167956226
44.4063524113863 13.025562907656074 53.5936475886137 16.974437092343926
18.505063682465135 88.9754435019991 19.494936317534865 79.0245564980009
95.25275244415965 84.62946698946652 86.74724755584035 79.37053301053348
2.5721972926450807 37.98166486664647 3.4278027073549193 28.01833513335353
85.57220012342059 70.35991923082439 92.42779987657941 77.64008076917561
75.0825951208239 77.88659264175341 66.9174048791761 72.11340735824659
60.509190822141704 70.16036990571361 51.490809177858296 65.83963009428639
64.44351281560779 53.70757904006936 55.5564871843922 58.29242095993064
30.159860675304337 86.49056523904892 25.840139324695663 95.50943476095108
63.34522257421582 76.58787427430079 70.65477742578419 83.41212572569921
33.66894298408502 79.21087412087265 24.331057015914975 82.78912587912735
77.32180665752375 44.709954044921076 80.67819334247625 35.290045955078924
92.97925845947108 55.54504374519553 83.02074154052892 56.45495625480447
96.60472125844173 44.53503468286647 89.39527874155827 51.46496531713353
26.000720443924703 47.08487591064361 35.999279556075294 46.91512408935639
55.05716641270742 62.753920505313616 64.94283358729258 61.246079494686384
33.369605255190784 35.886649015382346 42.630394744809216 32.113350984617654
48.75712625936568 19.460600846936202 39.24287374063432 22.539399153063798
70.59948850746147 46.62607948657998 79.40051149253853 51.37392051342002
85.91211490296998 13.083899268344874 84.08788509703002 22.916100731655128
12.20541119212774 74.00422115760229 11.79458880787226 83.99577884239771
77.41850749826158 56.34025457756335 68.58149250173842 51.65974542243665
35.16821208864204 65.49457478825067 30.831787911357956 74.50542521174933
39.91240794361044 10.068201633639003 30.087592056389557 11.931798366360997
13.19941293440115 20.248928739877613 20.800587065598847 13.751071260122387
79.78519684484999 18.85018074861521 82.21480315515001 9.149819251384791
86.20312337078506 39.853091195791684 83.79687662921494 30.146908804208312
85.97653543712481 3.4838336935776306 76.02346456287519 2.5161663064223694
44.48368904423944 38.320668834094946 49.51631095576056 29.679331165905054
91.59489945018005 43.52484562312763 84.40510054981995 50.47515437687237
39.8260797548137 77.87528507416184 34.1739202451863 86.12471492583816
6.239856674650641 66.1691256665552 11.76014332534936 57.8308743334448
86.1049899104425 64.98074722314318 95.8950100895575 67.01925277685682
45.56221870894927 65.04601086304869 36.43778129105073 60.95398913695131
48.00199432580861 3.1412065180886195 57.99800567419139 2.8587934819113805
62.226063515959424 43.48644893835823 71.77393648404058 40.51355106164177
20.287230385679948 71.20010488197876 25.712769614320052 62.79989511802124
27.968807926595613 2.4423730739996463 18.031192073404387 3.5576269260003537
84.00379351010132 60.805267593107295 93.99620648989868 61.194732406892705
25.942522776116995 52.95753049337008 20.057477223883005 61.04246950662992
75.69909770499173 73.36402677886561 68.30090229500827 66.63597322113439
54.832329829928455 83.13142588365702 61.167670170071545 90.86857411634298
81.96250523730549 65.61118063591347 72.03749476269451 64.38881936408653
32.55763394664812 17.48670515019634 25.442366053351883 24.51329484980366
24.981136755928112 28.566091462699834 15.018863244071888 29.433908537300166
13.576200399127273 46.28522945751292 8.423799600872727 37.71477054248708
6.225710226064718 70.48531382357298 15.774289773935282 67.51468617642702
27.035674678887297 39.951835003212054 18.964325321112703 34.048164996787946
3.000835774307925 5.091416872406308 12.999164225692075 4.908583127593692
58.643609005636854 23.45394733118535 67.35639099436314 18.54605266881465
44.16903013086827 96.76028762412768 35.83096986913173 91.23971237587232
53.39787853547563 22.62120526585358 44.60212146452437 27.37879473414642
64.98890133020406 32.33296173577172 55.011098669795935 31.667038264228285
62.922619915197686 48.1237505089878 53.077380084802314 49.8762494910122
65.23608996765148 14.343773016859716 56.76391003234853 19.656226983140286
17.467061435202496 50.97151651773898 18.532938564797504 41.02848348226102
64.08717507538417 27.92959736449359 73.91282492461583 26.07040263550641
50.13482296726197 71.84672100508232 59.86517703273803 74.15327899491768
16.439082407310735 11.048909639954276 25.560917592689265 6.951090360045724
35.59196058534482 20.72428481724765 30.408039414655182 29.27571518275235
2.5996556986112833 64.38615403682893 7.400344301388717 55.61384596317107
50.87529276360517 35.473895807693836 55.12470723639483 44.526104192306164
96.0267370896496 9.979806853371088 89.9732629103504 2.0201931466289125
