96.44809394695203 17.620862898950026 89.55190605304797 10.379137101049974
72.70108405382435 39.36184128514824 65.29891594617565 32.63815871485176
39.316956641661235 9.741363205749936 32.683043358338765 2.2586367942500636
37.99314220855007 24.738215956949766 28.00685779144993 25.261784043050234
21.0200742729899 71.42623787986254 16.9799257270101 80.57376212013746
31.196554310316202 66.38813166027512 40.8034456896838 63.611868339724886
73.67162254755792 74.28770989236698 70.32837745244208 83.71229010763302
69.28851651770442 70.16887951054801 66.71148348229558 79.83112048945199
12.410589326770888 16.034862030287215 13.589410673229112 25.965137969712785
76.3651389054406 55.56164761853238 67.6348610945594 60.43835238146762
74.53501661275766 35.53605112343237 67.46498338724234 28.46394887656763
58.68984336496179 86.82529683974627 61.31015663503821 77.17470316025373
81.71929968418983 88.69510474813339 78.28070031581017 79.30489525186661
60.41113099260926 47.277587785489814 65.58886900739074 38.722412214510186
87.98138307964798 16.568928528203504 78.01861692035202 17.431071471796496
42.83884654980686 48.49118466061003 47.16115345019314 57.50881533938997
35.34139537444238 82.76540185555186 40.65860462555762 91.23459814444814
48.4801311829382 65.59008174691624 41.5198688170618 58.40991825308377
67.99996609614507 3.0184129682486707 58.00003390385492 2.9815870317513293
13.802405477494919 71.33616740280097 10.197594522505081 80.66383259719903
61.669379982131495 61.71308502737418 58.330620017868505 52.28691497262582
39.68255508928373 79.753190758538 30.31744491071627 76.246809241462
16.31814366476265 67.38288839997311 23.68185633523735 60.617111600026895
64.84804654081309 85.89042205313457 59.15195345918692 94.10957794686543
56.33595180602543 77.95570781988599 57.66404819397457 68.04429218011401
71.6229793510248 65.31276098735178 78.3770206489752 72.68723901264822
51.20203798941592 13.334452592835813 54.79796201058408 22.665547407164187
58.89014448064486 16.99879303080926 59.10985551935514 7.001206969190742
5.600348063288569 74.38653286578786 10.39965193671143 65.61346713421214
43.45849551215426 3.9084128067716173 52.54150448784574 8.091587193228383
63.67388148817796 50.50693011902419 72.32611851182205 45.49306988097581
73.18551065065883 50.23259508812391 80.81448934934117 43.76740491187609
89.22953737178658 50.32394802401645 92.77046262821342 59.67605197598355
73.9857993299202 28.588747216974205 70.0142006700798 19.411252783025795
91.86979028157144 63.83381567550857 84.13020971842856 70.16618432449143
96.51124904042581 76.23385624033307 93.48875095957419 85.76614375966693
46.30702477953596 83.04825431349481 47.69297522046404 92.95174568650519
28.712667199428292 62.57269847769651 37.287332800571704 57.42730152230349
18.704459457676034 43.008742063583284 19.295540542323966 52.991257936416716
52.88719597826796 85.92065882744834 51.11280402173204 76.07934117255166
22.5270882681887 25.7781304953185 25.4729117318113 16.2218695046815
26.46414055456465 74.2191745026116 23.53585944543535 83.7808254973884
37.1152863658613 73.932492289274 46.8847136341387 76.067507710726
20.777206991090658 37.52409574691496 11.22279300890934 40.47590425308504
58.71519610147264 24.769623767462672 65.28480389852736 17.230376232537328
83.32489807324762 80.22419574374646 88.67510192675238 71.77580425625354
85.02511984020371 86.01871721260036 90.97488015979629 77.98128278739964
31.9757479787015 55.50813411131901 22.0242520212985 56.49186588868099
27.999372353312037 89.07922166963195 18.000627646687963 88.92077833036805
37.68306890771928 18.52271796768882 46.31693109228072 13.477282032311182
14.060424960899981 62.95395992123091 7.939575039100019 55.04604007876909
19.654832839588963 20.956933926551358 18.345167160411037 11.043066073448642
3.22294212260102 14.276253010800342 10.77705787739898 7.7237469891996575
52.138341905854624 52.07480504662062 53.861658094145376 61.92519495337938
63.997987210260945 25.416546377715413 60.002012789739055 34.58345362228459
87.15311725069085 33.77210439594834 96.84688274930915 36.22789560405166
44.65627205924878 33.717456584580326 51.34372794075122 26.282543415419678
2.031691341661915 56.023573499867396 7.968308658338085 47.976426500132604
13.996300968038707 94.8997330928414 12.003699031961293 85.1002669071586
85.19801482243776 58.156472818429876 78.80198517756224 65.84352718157012
55.949839222424316 28.96286629378626 50.050160777575684 37.03713370621374
82.05645744784384 21.749257655964424 91.94354255215616 20.250742344035576
81.76543671918644 3.1548113033993337 84.23456328081356 12.845188696600665
85.56453552188897 48.707779414222784 80.43546447811103 57.292220585777216
19.744290394876373 32.421485302861015 10.255709605123625 35.578514697138985
95.13383094797993 96.81272851400972 86.86616905202007 91.18727148599028
52.99915888813878 70.09170829375255 43.00084111186122 69.90829170624745
39.00125538182204 40.88796321034197 48.99874461817796 41.11203678965803
65.74542447738699 10.373483843114176 74.25457552261301 15.626516156885824
88.00793471603676 38.989449424345196 95.99206528396324 45.010550575654804
41.035766831147775 30.02657692347685 46.964233168852225 21.97342307652315
24.096836701708085 2.1336558058150774 15.903163298291915 7.866344194184922
28.109017126563238 34.96159423549931 37.89098287343676 37.03840576450069
3.6715505608095427 27.04530325405516 2.3284494391904573 36.954696745944844
3.116031610506825 89.92123966967438 4.883968389493175 80.07876033032562
29.273761654272086 50.63176931561145 38.726238345727914 47.36823068438855
18.005176946908556 93.77252985183483 27.994823053091444 94.22747014816517
80.89947937026609 95.99754794387887 71.10052062973391 94.00245205612113
2.3234636861457503 48.71054412868917 5.67653631385425 39.28945587131083
56.194216923394514 37.14470948965171 53.805783076605486 46.85529051034829
9.710276961623215 2.6483071638278073 2.2897230383767844 9.351692836172193
77.94525124631716 12.040482037587498 72.05474875368284 3.9595179624125008
24.167701388331217 47.28409116797209 33.83229861166878 44.71590883202791
82.01091699086507 35.57779563281829 77.98908300913493 26.422204367181713
24.00033607695239 30.057971170215676 33.99966392304761 29.942028829784324
8.798642400833275 26.935804930869054 7.201357599166724 17.064195069130946
87.08816422859242 4.93480979601249 96.91183577140758 3.06519020398751
24.93906807419603 9.083009788500132 33.06093192580397 14.916990211499868
42.98690925791483 95.63842559088991 33.01309074208517 96.36157440911009
95.62757542663289 24.106446285202484 86.37242457336711 27.893553714797516
