95.22680973767997 35.99485308521618 94.77319026232003 26.005146914783825
67.08320212457775 44.88573394647597 58.916797875422255 39.11426605352403
64.38174724439492 29.682904502566885 57.618252755605084 22.317095497433115
24.506075537612993 44.191949572038475 33.49392446238701 39.808050427961525
3.072376937978804 58.000523869559046 2.927623062021196 67.99947613044095
23.508967613754518 77.33529210673008 28.491032386245482 68.66470789326992
96.91387751799695 68.08422662421265 95.08612248200305 77.91577337578735
73.98969964016298 65.98631508261342 66.01030035983702 72.01368491738658
14.514868858718524 35.79011343152932 23.485131141281478 40.20988656847068
80.27452595206097 77.30716084764363 83.72547404793903 86.69283915235637
90.17376641774759 24.996979610931305 89.82623358225241 15.003020389068695
74.94899773768718 52.712335168559804 65.05100226231282 51.287664831440196
75.9225294709535 89.9993997956884 76.0774705290465 80.0006002043116
68.85478300167256 29.10490121846573 63.14521699832745 20.89509878153427
95.52954002885538 13.117372694401451 86.47045997114462 8.882627305598549
3.469741503219225 42.02211461359813 2.530258496780775 51.97788538640187
58.21537927225543 90.54830978110442 67.78462072774457 93.45169021889558
19.945905594913988 62.07080266966578 12.05409440508601 55.92919733033422
64.98254451154212 16.58256714252283 55.017455488457884 17.41743285747717
15.465687183882817 72.24123081224792 18.534312816117183 81.75876918775208
55.60608943468266 65.38611607932067 64.39391056531734 60.61388392067933
33.688437280052966 84.784278829047 28.311562719947034 93.215721170953
21.911260875074237 49.11997468061324 24.088739124925763 58.88002531938676
84.9421656196499 96.75828687707917 75.0578343803501 95.24171312292083
51.94336380260631 88.7504360832754 42.05663619739369 87.2495639167246
66.84042212335797 77.25312156940446 57.159577876642025 74.74687843059554
37.88096559929863 41.471237121614315 42.11903440070137 50.528762878385685
36.77486798156338 36.48345399613228 27.225132018436618 33.51654600386772
10.979261817666266 71.59157082675726 7.020738182333733 62.40842917324273
31.0249689631886 17.500934690883764 40.9750310368114 18.499065309116236
48.764007442109836 50.65638232366863 57.235992557890164 45.34361767633137
50.596772084416266 60.36887819936444 59.403227915583734 55.63112180063556
96.7200950727664 63.649455214319694 87.2799049272336 60.350544785680306
78.38012603945413 31.258668856679712 83.61987396054587 22.741331143320288
85.95479125154291 37.67085292995837 76.04520874845709 36.32914707004163
59.655049211642954 69.17502963388927 50.344950788357046 72.82497036611073
38.72564242915533 84.80823744131561 33.27435757084467 93.19176255868439
38.279242983768015 74.80506480876946 43.720757016231985 83.19493519123054
55.545767060568515 82.08230685324 46.454232939431485 77.91769314676
79.13439040647339 68.18809389081697 70.86560959352661 73.81190610918303
67.21510850494226 5.45079749811064 76.78489149505774 2.54920250188936
17.331319763235456 86.50206703280374 8.668680236764542 91.49793296719626
88.33245866114832 86.04476150312378 89.66754133885168 95.95523849687622
2.4052404914868877 30.964500088330468 3.5947595085131123 21.035499911669532
85.69641540233542 17.715716284444117 76.30358459766458 14.284283715555885
82.8717372330382 44.179105367633014 91.1282627669618 49.820894632366986
69.38023762672957 60.912536434820204 78.61976237327043 57.087463565179796
36.79377144502789 70.74311525796644 29.206228554972107 77.25688474203356
26.988332905697423 84.98450656884629 19.011667094302577 91.01549343115371
42.301906767670964 72.3651309699627 49.698093232329036 65.6348690300373
19.945643094471215 30.558466595765093 24.054356905528785 21.441533404234907
18.06820591742534 9.176952536556009 27.93179408257466 10.823047463443991
36.04940754202795 2.2988336038640393 45.95059245797205 3.7011663961359607
51.72019298014251 53.65931680782232 44.27980701985749 60.34068319217768
96.68173872960143 6.75536961001095 87.31826127039857 3.24463038998905
82.33069332861798 55.42355836492926 77.66930667138202 46.57644163507074
15.784730196360346 31.938035896884536 14.215269803639654 22.061964103115464
19.917529969370865 68.1069211349954 12.082470030629135 61.8930788650046
23.998272204306353 96.13143428646481 14.001727795693647 95.86856571353519
90.05724677952557 69.92211371613587 81.94275322047443 64.07788628386413
41.742086511482526 35.53885365871384 46.257913488517474 44.46114634128616
73.18461740295594 9.34613908794196 82.81538259704406 6.6538609120580405
44.05798774532649 22.04415483753055 37.94201225467351 29.95584516246945
54.35487333746458 33.7074013661282 47.64512666253542 26.292598633871798
43.99486572561608 12.226531196672177 34.00513427438392 11.773468803327823
91.29380913544543 82.79565332012197 96.70619086455457 91.20434667987803
40.8284762598689 65.29839016011461 31.1715237401311 62.70160983988539
43.830442943257445 29.49522229432588 48.169557056742555 38.504777705674115
58.32475592220767 30.60992906141296 65.67524407779233 37.39007093858704
96.69403570607913 58.9515971603804 95.30596429392087 49.0484028396196
26.780007938575842 62.4801378602911 31.219992061424158 53.5198621397089
61.9084937749915 3.0477978886445793 52.0915062250085 4.952202111355421
48.130598626660415 12.07616600076371 49.869401373339585 21.92383399923629
23.746803514504855 2.3712513136909137 32.253196485495145 7.628748686309086
8.098602598821019 82.53826697454234 3.9013974011789805 73.46173302545766
12.057712880779771 43.95735896868511 17.94228711922023 52.04264103131489
39.005176946908556 93.77252985183483 48.994823053091444 94.22747014816517
71.93154725132827 81.1754748591361 62.06845274867173 82.8245251408639
2.019490532439927 11.014543973328076 7.980509467560073 2.9854560266719243
71.03039366135388 36.09491452183988 72.96960633864612 45.90508547816012
8.991866685299248 30.000006615085177 9.008133314700752 39.99999338491482
91.55252277485512 40.752859458637104 88.44747722514488 31.2471405413629
33.812295392947306 50.26812699342198 42.187704607052694 55.73187300657802
70.84371516497289 24.928300388612158 69.15628483502711 15.07169961138784
7.709071030181044 57.99152885742636 8.290928969818957 48.00847114257364
27.09507404596822 25.97041299737042 36.90492595403178 24.02958700262958
51.13259334399967 8.856167649905075 60.86740665600033 11.143832350094925
12.034043991640774 14.417521740284753 21.96595600835923 15.582478259715247
68.80982756141823 89.36585461503834 59.19017243858177 86.63414538496166
75.32668074141837 19.010683444279532 74.67331925858163 28.989316555720468
