93.38437601457653 16.680488960988615 86.61562398542347 9.319511039011383
49.75919258128239 51.29673643727117 42.24080741871761 44.70326356272883
71.31075804102626 31.533251884777243 62.68924195897374 26.466748115222757
32.34330269672383 41.41006815653482 39.65669730327617 34.58993184346518
7.462554577871898 53.028968676599035 8.537445422128101 62.971031323400965
32.631764006049316 69.80915068019893 35.368235993950684 60.190849319801075
95.39503296458967 79.01562953253999 94.60496703541033 88.98437046746001
61.29841654758932 72.04946662880619 62.70158345241068 81.95053337119381
29.339331831546076 24.189427653044387 38.660668168453924 27.810572346955613
81.1117993397072 78.37023777430527 84.8882006602928 87.62976222569473
96.49936646742309 37.33049272733728 91.50063353257691 28.66950727266272
90.9211228031166 71.88461876344887 81.0788771968834 70.11538123655113
75.05556975841534 89.90999506300977 76.94443024158466 80.09000493699023
55.72236836193737 26.642935499090875 46.27763163806263 23.357064500909125
67.69684495139423 5.7145400265268265 58.30315504860578 2.285459973473174
8.751732761256479 43.825318358170556 3.248267238743521 52.174681641829444
56.277171773323765 86.66225375520207 63.722828226676235 93.33774624479793
26.352719134963344 57.70934959286 19.647280865036656 50.29065040714
91.98254451154212 24.58256714252283 82.01745548845788 25.41743285747717
21.836818416134694 66.00266353237174 22.163181583865306 75.99733646762826
51.373380591709115 71.44203888232074 58.626619408290885 64.55796111767926
29.349649104476654 73.04247605021499 30.650350895523346 82.95752394978501
27.082234533074455 35.0849510126837 28.917765466925545 44.9150489873163
87.55258613195834 96.51839903578563 80.44741386804166 89.48160096421437
16.975863884336764 89.49069196503821 7.024136115663237 88.50930803496179
55.967534697932805 80.95719398898004 48.032465302067195 87.04280601101996
25.329751175994144 29.214285599018723 34.67024882400585 32.78571440098128
48.866717162876135 12.146762423768257 39.133282837123865 9.853237576231743
13.2023282695095 67.99590464994652 12.7976717304905 58.004095350053475
29.021130913176343 10.027969747193502 36.97886908682366 3.9720302528064986
45.02823374326389 62.53060370181542 54.97176625673611 61.46939629818458
63.495384847847184 54.830105456250166 72.50461515215281 59.169894543749834
86.13235130981525 66.81490189034506 77.86764869018475 61.18509810965494
88.24351262883161 38.84289957999712 85.75648737116839 29.15710042000288
90.94232861484296 52.757223786541616 81.05767138515704 51.242776213458384
72.74418119770809 63.42115714419925 63.25581880229191 66.57884285580076
42.794564161453906 87.33314458436676 39.205435838546094 96.66685541563324
31.878077044241884 87.12749665147955 34.121922955758116 96.87250334852045
57.356556470333686 74.54634645461229 48.643443529666314 79.45365354538771
75.99411833120787 73.24245018847887 66.00588166879213 72.75754981152113
52.00626055077693 15.25013259138558 61.99373944922307 14.74986740861442
17.495015881424393 70.81028946530769 8.504984118575605 75.18971053469231
87.64083416934531 90.55098524690999 96.35916583065469 95.44901475309001
9.020797355399822 32.984317173319596 2.9792026446001794 25.015682826680404
82.92299730577305 4.874126722707426 73.07700269422695 3.1258732772925746
80.24628925434958 40.69702321564493 87.75371074565042 47.30297678435507
42.76815787487719 81.47424638665858 47.23184212512281 72.52575361334142
39.407897889400374 63.20231060477838 36.592102110599626 72.79768939522162
23.90966395517326 84.94615001309118 14.090336044826739 83.05384998690882
38.598963633932144 78.38577523008415 43.401036366067856 69.61422476991585
23.932783377966395 40.61132827001687 20.067216622033605 31.388671729983127
18.37975287493106 15.08863491104075 27.62024712506894 18.91136508895925
48.334019026081755 19.203163460124177 57.665980973918245 22.796836539875823
62.66132341588438 44.59489929013888 55.33867658411562 51.40510070986112
95.75582582638414 12.171980826254382 90.24417417361586 3.828019173745618
89.1319266552532 63.897567886017455 82.8680733447468 56.102432113982545
15.725366850446575 32.19194173748716 10.274633149553425 23.808058262512834
21.252725409422716 60.79733820075271 14.747274590577284 53.20266179924729
12.976928272076085 96.47977596293453 3.0230717279239148 95.52022403706547
64.38312075721791 60.405878722555556 55.6168792427821 55.594121277444444
13.96286629378626 19.050160777575684 22.03713370621374 24.949839222424316
68.10244551699809 12.006955851081829 77.89755448300191 9.993044148918171
45.02268174004187 27.407591862776552 48.97731825995813 36.59240813722345
52.20010488197872 45.71276961432012 43.79989511802128 40.28723038567988
28.91472898662424 3.919477562551404 19.08527101337576 2.080522437448596
90.36897887309117 77.0136331270942 89.63102112690883 86.9863668729058
39.28812516901902 47.428622444131236 30.71187483098098 52.571377555868764
66.94125702074732 47.04473877134867 73.05874297925268 54.95526122865133
59.69924819939179 29.24433260913834 66.30075180060821 36.75566739086166
92.95863426108025 66.89035350438024 95.04136573891975 57.10964649561976
26.780007938575842 68.4801378602911 31.219992061424158 59.5198621397089
53.951601262899814 3.3059935639715277 44.048398737100186 4.694006436028473
52.85248233413739 30.115011899235366 59.14751766586261 37.88498810076463
2.2113574455733165 3.5616320060798454 11.788642554426684 6.438367993920155
3.245725715433529 86.99395823698744 2.754274284566471 77.00604176301256
18.400415585354573 42.5296985661413 25.599584414645427 49.4703014338587
47.08202428850699 95.90195060904955 56.91797571149301 94.09804939095045
70.76028762412776 78.83096986913178 65.23971237587224 87.16903013086822
10.36765292328838 15.435993992181091 17.632347076711618 8.564006007818909
71.27500670159951 40.30698411248444 74.72499329840049 49.69301588751556
6.093422485916243 38.96202759746676 15.906577514083757 37.03797240253324
96.04082698798979 52.564539977379155 91.95917301201021 43.435460022620845
40.367969377586604 54.11737090402157 49.632030622413396 57.88262909597843
72.81417374031592 26.232967472568262 65.18582625968408 19.767032527431738
2.2751376977297038 67.9471784526887 3.7248623022702962 58.0528215473113
54.017600486329904 8.580840023165399 63.982399513670096 9.419159976834601
76.2711976280758 23.331070829497996 83.7288023719242 16.668929170502004
29.386969472778325 14.071282976971244 38.613030527221675 17.928717023028756
79.97125260263824 95.46460522904826 70.02874739736176 96.53539477095174
79.77114133349728 30.324205054027985 76.22885866650272 39.675794945972015
