82.96709862516774 2.975534103942767 77.03290137483226 11.024465896057233
73.63106129187479 19.251766277489644 68.36893870812521 10.748233722510355
71.50138476326251 60.77013127410748 74.49861523673749 51.22986872589252
15.126870230720574 13.364119838969174 18.873129769279426 22.635880161030826
5.530919768988825 65.24013816787512 2.469080231011174 74.75986183212488
33.13656621576129 66.6397860437479 36.86343378423871 57.360213956252096
90.17094410609978 86.24260534855972 81.82905589390022 91.75739465144028
51.53262016451297 77.22016774160367 54.46737983548703 86.77983225839633
17.514868858718522 27.79011343152932 26.485131141281478 32.20988656847068
96.01871784126809 83.42563903071195 91.98128215873191 92.57436096928805
90.85165554762698 27.791100315501588 81.14834445237302 30.208899684498412
57.875565512429475 63.89145999891375 48.124434487570525 66.10854000108624
38.14616157437736 77.7998947804675 47.85383842562264 80.2001052195325
94.18463176920076 40.73657759915477 85.81536823079924 35.26342240084523
89.59997967561715 3.5301085989409584 82.40002032438285 10.46989140105904
3.556546038274739 35.031070889288046 2.443453961725261 44.968929110711954
77.00342811931066 96.18512007212765 86.99657188068934 95.81487992787235
33.18400790439116 44.996612961909456 32.81599209560884 35.003387038090544
88.98650200629609 19.367148118890707 79.01349799370391 18.632851881109293
15.72073586036878 36.30542141413727 12.27926413963122 45.69457858586273
66.30560873810312 62.99065159064375 65.69439126189688 53.00934840935625
19.741321388132413 86.05526111917955 18.258678611867587 95.94473888082045
38.58016726912789 42.256259766642266 35.41983273087211 51.743740233357734
56.92817897311327 96.84442406938945 47.07182102688673 95.15557593061055
15.16294529751528 73.49204396206478 10.83705470248472 82.50795603793522
29.88841439497134 88.086173864033 36.111585605028665 95.913826135967
47.673156448738425 38.50567852744643 56.326843551261575 33.49432147255357
37.920064404176486 11.890486529238656 28.079935595823518 10.109513470761344
12.875090729775671 86.9031963892259 19.12490927022433 79.0968036107741
72.23744684001356 40.47747335054419 81.76255315998644 43.52252664945581
8.312063386909593 76.95244820430963 9.687936613090407 67.04755179569037
77.38639069616336 63.544305019359314 84.61360930383664 70.45569498064069
77.92592747990965 71.09630318646128 70.07407252009035 64.90369681353872
81.30374334595938 36.545150921283536 72.69625665404062 31.45484907871646
96.11019047419266 78.84716249375688 87.88980952580734 73.15283750624312
76.51640624829794 91.85475535186885 67.48359375170206 96.14524464813115
74.09408550122282 76.87027244502627 65.90591449877718 71.12972755497373
33.115725246223676 55.46969022223736 28.884274753776324 64.53030977776264
65.18788505767813 77.14806686726878 58.81211494232187 84.85193313273122
78.89322648273121 76.14791106768044 87.10677351726879 81.85208893231956
63.66285739901898 10.57984565171309 68.33714260098101 19.42015434828691
9.267825875276511 89.45611555050206 4.732174124723489 80.54388444949794
60.61311175153193 93.39900218746311 69.38688824846807 88.60099781253689
2.997996560672232 4.002673112320127 11.002003439327769 9.997326887679872
70.94373092310651 35.92640497037534 63.056269076893486 42.07359502962466
88.42880409815345 48.67929013873358 79.57119590184655 53.32070986126642
24.76815787487719 81.47424638665858 29.23184212512281 72.52575361334142
23.451058845575517 50.64198318778759 18.548941154424483 59.35801681221241
8.94542815002092 63.040353080247364 3.05457184997908 54.959646919752636
3.07146707306683 93.15764426271582 12.928532926933169 94.84235573728418
26.519643747750695 41.658590912857 31.480356252249305 50.341409087143
24.315861725025343 13.25104356231567 33.68413827497466 16.748956437684328
67.0000028658782 46.994646610997435 76.9999971341218 47.005353389002565
74.82789498488388 5.300549889444071 65.17210501511612 2.6994501105559294
93.32660534842523 20.711661101997997 96.67339465157477 11.288338898002003
86.13461492285353 62.81157597082434 77.86538507714647 57.18842402917566
52.23886749442116 29.348207707089472 43.76113250557884 34.65179229291053
12.863529526627456 25.160207112382494 3.136470473372545 22.839792887617506
30.246822200937537 95.80238682875627 23.753177799062463 88.19761317124373
61.15375845521493 47.00236472544765 60.84624154478507 56.99763527455235
37.14318880018681 32.89651005013757 42.85681119981319 41.10348994986243
73.0333202053029 24.57627408144703 82.9666797946971 23.42372591855297
50.681064546755444 50.177095349255325 53.318935453244556 59.822904650744675
15.018985711822994 61.985690062186045 8.981014288177006 54.014309937813955
29.901299723399134 3.011434867392362 20.098700276600866 4.988565132607638
87.0071208815927 56.994669229314326 92.9928791184073 65.00533077068567
10.63204482438718 35.273856784735464 7.367955175612821 44.726143215264536
50.64514494345746 44.14996528295505 41.35485505654254 47.85003471704495
41.49561393336895 53.024623950991185 40.50438606663105 62.975376049008815
96.2789004190045 60.77475986550829 89.7210995809955 53.22524013449171
22.397985935777918 64.26960452613477 27.602014064222082 55.73039547386523
45.5368611007807 12.465793787314558 38.4631388992193 19.53420621268544
23.06137408995393 21.218991600159384 32.93862591004607 22.781008399840616
11.992098755459491 4.010563997338188 20.00790124454051 9.989436002661812
20.46147323888172 44.970914294932015 21.53852676111828 35.029085705067985
8.243434939701 29.458867680196548 17.756565060299 32.54113231980345
37.00011731058893 73.03425043251511 46.99988268941107 72.96574956748489
46.89947937026609 84.99754794387887 37.10052062973391 83.00245205612113
2.568627320632256 14.684198588705598 11.431372679367744 19.3158014112944
61.766506116771986 25.0591024729356 60.233493883228014 34.9408975270644
22.060292499932597 25.225861889726488 31.939707500067403 26.774138110273512
96.18231506179157 34.99667501627272 95.81768493820843 25.003324983727286
57.35911048870624 43.012912708112964 56.64088951129376 52.987087291887036
51.99178298485968 3.2865355685867357 42.00821701514032 2.7134644314132643
32.854781492239724 75.00210928640853 33.145218507760276 84.99789071359147
53.43906020848854 17.249898215061474 56.56093979151146 26.750101784938526
53.70494697034256 9.760668229416856 60.29505302965744 2.2393317705831435
46.68913879849603 25.26449507968453 37.31086120150397 28.73550492031547
60.9056727566975 70.03336935482267 51.0943272433025 71.96663064517733
95.97980685337114 5.973262910350472 88.02019314662886 12.026737089649528
