88.98112019348987 15.014090481287994 83.01887980651013 6.985909518712007
76.99161515722413 44.006274922052505 71.00838484277587 35.993725077947495
36.21972282790106 8.682151982213288 27.780277172098938 3.317848017786713
42.972598562465606 24.477253850741103 33.027401437534394 25.522746149258897
16.681120324644994 79.04660973641734 15.318879675355008 88.95339026358266
29.077768819135372 70.87843053346523 38.92223118086463 69.12156946653477
72.15503366775988 87.48825644669144 67.84496633224012 96.51174355330856
67.90696429570721 71.00086563916044 68.09303570429279 80.99913436083956
11.980091924735554 20.10512640428679 14.019908075264446 29.89487359571321
70.40702919044097 63.63820116974345 61.59297080955903 68.36179883025655
83.42340828265296 46.373453131744874 78.57659171734704 37.626546868255126
58.529255205255474 73.76039688652102 55.470744794744526 64.23960311347898
76.44553344052143 86.98011043586155 75.55446655947857 77.01988956413845
65.39222337889927 52.46178391183491 72.60777662110073 45.53821608816509
96.92321607397267 20.872893744379656 87.07678392602733 19.127106255620344
33.30718145910932 50.62908154592045 40.69281854089068 57.37091845407955
39.898152227084296 90.14083144116573 48.101847772915704 95.85916855883427
42.779784474284085 66.27310698388564 35.220215525715915 59.72689301611435
65.91161599626614 2.0640361624386374 56.088384003733864 3.9359638375613626
7.433944636198943 84.6324018605281 2.566055363801057 93.3675981394719
58.18067406706524 56.85788964060646 51.81932593293476 49.14211035939354
31.501335603710277 86.76927577364026 28.498664396289723 77.23072422635974
18.775009771686616 65.4776577006187 23.224990228313384 56.5223422993813
67.17010273417438 85.49548514009234 62.82989726582562 94.50451485990766
48.20658982217304 78.99573024145364 47.79341017782696 69.00426975854636
73.14267979646773 68.81863537968032 80.85732020353227 75.18136462031968
44.985688837723686 16.01077348136554 51.014311162276314 23.98922651863446
59.5165460038678 27.774867981563407 62.4834539961322 18.225132018436593
3.636980129822005 81.95925965384068 2.363019870177995 72.04074034615932
50.15458612508212 9.804254057252193 57.84541387491788 16.195745942747806
68.90883703174636 54.87443656517065 77.09116296825364 49.12556343482935
60.37327822980736 62.89563858929531 69.62672177019263 59.10436141070469
90.15088832036064 58.891160426964504 95.84911167963936 67.1088395730355
76.81669417790522 31.932850151765784 75.18330582209478 22.067149848234216
86.47810147727374 61.65730347959546 81.52189852272626 70.34269652040454
96.92089508098432 84.38370688887174 93.07910491901568 93.61629311112826
54.9569097611179 82.09242180815453 53.0430902388821 91.90757819184547
22.62549304469165 67.4215055023598 31.37450695530835 62.578494497640186
11.842226537665558 45.13589056353436 14.157773462334442 54.86410943646564
59.75754981152122 90.99411833120789 60.24245018847878 81.00588166879211
26.413928973044413 29.378692374796014 21.586071026955587 20.621307625203986
23.296400236017224 75.17098908387499 20.703599763982776 84.82901091612501
39.72895903768846 82.4003444269948 48.27104096231154 87.5996555730052
21.673147871078417 42.77811388134598 12.326852128921583 39.22188611865402
64.04008826115646 30.90699189459595 65.95991173884354 21.09300810540405
82.49290220349012 80.16473311350285 91.50709779650988 75.83526688649715
88.19735115188669 86.24651532230214 95.80264884811331 79.75348467769786
31.55505709672508 55.061905634497975 22.44494290327492 50.938094365502025
23.93509784630851 87.91535983622431 16.06490215369149 94.08464016377569
34.545654807071145 18.614899623515058 41.454345192928855 11.38510037648494
16.630358278358468 71.2522012331816 11.369641721641532 62.747798766818406
16.693227162397967 20.436079245877092 21.306772837602033 11.563920754122908
3.0750344510333942 16.8629683316855 12.924965548966606 15.137031668314497
44.73600462194338 53.541937087911585 49.26399537805662 62.458062912088415
69.96099360034025 20.00015215223647 70.03900639965975 29.99984784776353
87.02545501617297 44.50388709437862 96.97454498382703 43.49611290562138
49.99299364332367 37.99473563216743 56.00700635667633 30.005264367832567
2.893078865004668 65.91752996937092 9.106921134995332 58.08247003062908
10.47868155647473 80.97703365143244 9.52131844352527 71.02296634856756
87.81685128227763 54.77019407874472 80.18314871772237 61.22980592125528
56.926238637085426 39.00054410347076 57.073761362914574 48.99945589652924
86.41059208460592 24.015728096727127 95.58940791539408 27.984271903272873
76.76543671918644 3.1548113033993337 79.23456328081356 12.845188696600665
81.48923535252592 50.66367582395698 76.51076464747408 59.33632417604302
22.771116696531443 31.504525002522982 13.228883303468557 34.49547499747702
88.99287911840722 95.00533077068575 83.00712088159278 86.99466922931425
43.99915888813878 77.09170829375255 34.00084111186122 76.90829170624745
41.32327497681172 48.768683990283336 50.67672502318828 45.231316009716664
57.12210979423001 9.901734485448436 66.87789020576999 12.098265514551564
91.88858345058759 48.46768048844001 96.11141654941241 57.53231951155999
42.18687657706606 43.933440006635955 43.81312342293394 34.066559993364045
19.01057417362553 3.007952512168853 12.989425826374472 10.992047487831147
21.245081699878803 37.54620566522457 30.754918300121197 34.45379433477543
7.478712906915178 37.65765244077675 2.5212870930848217 46.34234755922325
7.193255802187289 96.66215351566957 10.80674419781271 87.33784648433043
25.000690727244223 45.91689286830784 34.99930927275578 46.08310713169216
25.00876200518338 96.29587713514057 34.991237994816615 95.70412286485943
82.9679410489076 94.43470208334116 73.0320589510924 95.56529791665884
2.405929361421478 59.739086283158585 5.594070638578522 50.260913716841415
68.1342625328129 41.1043102824525 61.8657374671871 48.8956897175475
11.281641866529727 6.417841421062634 2.7183581334702733 11.582158578937367
73.50677147357354 15.326210440937654 68.49322852642646 6.673789559062347
29.215459229563457 39.45195372379098 38.78454077043654 36.54804627620902
86.3253493790103 32.42636987446105 81.6746506209897 23.573630125538948
36.29159845590356 31.682544174620773 45.70840154409644 28.317455825379227
3.6678587246055265 34.98895602036932 4.3321412753944735 25.011043979630674
87.21278601030679 5.443115455147488 96.78721398969321 2.5568845448525117
25.61384596317115 7.599655698611132 34.38615403682885 12.400344301388868
35.86894943038706 89.86275268989831 26.13105056961294 92.13724731010169
94.64162487831804 33.573840598335345 87.35837512168196 40.426159401664655
