59.90135484364172 15.988291807468757 50.09864515635828 14.011708192531243
52.083202124577745 8.88573394647597 43.916797875422255 3.11426605352403
91.39190084037018 30.265890150195883 96.60809915962982 21.734109849804117
5.397516528015321 5.953751747307691 14.60248347198468 2.046248252692309
7.334202990834714 87.57829259249571 2.665797009165286 96.42170740750429
51.73095196722224 85.61805237363814 42.26904803277776 82.38194762636186
83.9057499101448 72.93101763831625 78.0942500898552 81.06898236168375
56.64545732074503 87.01258589160808 57.35454267925497 96.98741410839192
23.14560074031424 17.356595711584344 26.85439925968576 26.643404288415656
82.70475073901771 84.64219983296388 75.29524926098229 91.35780016703612
90.23985279441948 34.650216648059796 81.76014720558052 29.349783351940204
51.979496050500046 95.45234840892218 42.020503949499954 94.54765159107782
60.990207172732774 76.00000958995578 61.009792827267226 85.99999041004422
84.83373867544307 51.72134038246068 75.16626132455693 54.27865961753932
67.6006759968201 8.958004180864636 58.3993240031799 5.041995819135364
37.81559666141624 48.65462689392244 28.184403338583763 51.34537310607756
80.00268619383431 95.83612589373011 89.99731380616569 96.16387410626989
47.583342972031154 41.28092736318397 42.416657027968846 32.71907263681603
78.64418609823662 11.423435070425468 71.35581390176338 4.576564929574532
32.359851186487134 43.86253026511118 41.640148813512866 40.13746973488882
60.16922668988322 44.24000927386243 51.83077331011678 49.75999072613757
11.38781453878501 57.60701220939929 6.61218546121499 66.39298779060071
46.797674550398106 65.74766729726824 39.202325449601894 72.25233270273176
24.79958906780551 74.5985918580935 15.20041093219449 77.4014081419065
19.60266561097922 90.26920738749315 14.39733438902078 81.73079261250685
23.262200887978707 86.05473433774276 24.737799112021293 95.94526566225724
15.000004302683383 44.00655948285503 24.999995697316617 43.99344051714497
37.804483940147854 11.065143812627952 36.195516059852146 20.93485618737205
14.331724710205552 68.9551395678679 15.668275289794448 59.0448604321321
95.7193280025244 85.947986178718 94.2806719974756 76.052013821282
9.920742773011161 78.9993717897322 10.079257226988839 69.0006282102678
76.10436141070468 60.37327822980737 79.89563858929532 69.62672177019263
62.64112753659071 70.42668794352227 55.35887246340929 63.57331205647773
69.97203347541617 43.96306897177868 62.02796652458384 50.03693102822132
85.29242095993071 67.44351281560775 80.70757904006929 58.556487184392246
51.96693618587594 90.57406003643887 42.03306381412406 89.42593996356113
70.49524888238305 50.81076783199362 61.50475111761695 55.18923216800638
31.547849073031845 63.24561641775567 28.452150926968155 72.75438358224433
75.97603999533787 84.48890281733478 66.02396000466213 83.51109718266522
93.55656504474916 68.78711766410227 96.44343495525084 59.212882335897724
85.6593946537742 9.765897961140146 80.3406053462258 18.234102038859852
25.958107339453576 66.89024127052025 28.041892660546424 57.10975872947975
66.03386600718876 96.5809588328313 75.96613399281124 95.4190411671687
2.0592809584931597 11.232344248447436 11.94071904150684 12.767655751552564
76.130578533993 36.12949774884825 73.869421466007 45.87050225115175
90.98562774586986 39.378835029548014 81.01437225413014 38.621164970451986
51.967967099559495 75.4349310681922 42.032032900440505 76.5650689318078
6.657060076529397 50.28256935368707 3.3429399234706034 59.71743064631293
31.961937472928117 29.90659518384966 30.038062527071883 20.09340481615034
20.045071610885735 81.33016072170297 29.954928389114265 82.66983927829703
2.072078116105814 40.845923108938855 11.927921883894186 39.154076891061145
29.464222065098543 15.309272591153512 34.53577793490146 6.690727408846488
66.19959892460135 22.142191909714718 71.80040107539865 13.857808090285282
69.96021286860316 27.565004759974283 74.03978713139684 18.434995240025717
87.76719151648408 26.50794066367424 78.23280848351592 23.49205933632576
86.3902289303666 58.45970415279077 93.6097710696334 51.54029584720923
61.243917745193215 36.457378340126134 70.75608225480678 39.542621659873866
30.124714925838216 33.82607975481363 21.875285074161784 28.173920245186377
18.33044751175055 71.71302392196137 21.66955248824945 62.286976078038634
51.8550360733721 29.132859401381463 54.1449639266279 38.86714059861853
54.03392244948027 81.59723167409935 57.96607755051973 72.40276832590065
41.1594652618858 19.885226324381073 46.8405347381142 28.114773675618927
73.48644893835815 75.7739364840406 70.51355106164185 66.2260635159594
37.53677430940427 81.10182750613113 28.463225690595728 76.89817249386887
25.174082953232457 9.24735917716564 16.825917046767543 14.75264082283436
87.30894085044844 75.29464996491038 90.69105914955156 84.70535003508962
16.287252948215546 50.651043546197435 23.712747051784454 57.348956453802565
58.030470210306866 59.95893728960736 49.969529789693134 54.04106271039264
51.234543648505 61.005504101819085 50.765456351495 70.99449589818092
94.80579884720687 91.37996284014648 85.19420115279313 88.62003715985352
16.031352476050422 30.00009829874171 15.96864752394958 39.99990170125829
43.65548794207569 9.41136452249525 36.34451205792431 2.58863547750475
33.35140310234087 71.24086482615402 38.64859689765913 62.75913517384597
15.300744746570839 10.363853529804285 22.69925525342916 3.6361464701957154
2.634668434512344 23.56199255059442 11.365331565487656 28.43800744940558
8.271055855217467 19.376088895435775 17.72894414478253 22.623911104564225
95.77252985183475 44.99482305309144 96.22747014816525 35.00517694690856
18.24669059200746 95.80249920444045 11.75330940799254 88.19750079555955
35.338471952423546 26.284141165480378 38.661528047576454 35.71585883451962
71.0866441306359 56.119142532241646 62.91335586936409 61.880857467758354
52.651216762841024 42.58406438135191 45.348783237158976 49.41593561864809
89.497393914895 48.18482218367203 80.502606085105 43.81517781632797
41.92223023836678 56.87843581467728 32.07776976163322 55.12156418532272
62.06551364728615 31.19325069886564 71.93448635271385 32.80674930113436
38.06223402609909 88.08482338147364 29.937765973900913 93.91517661852636
44.08870874042468 17.06233366082649 53.91129125957532 18.93766633917351
21.051423737784674 38.28474271968822 30.948576262215326 39.71525728031178
11.947501627662021 33.27734680220616 2.05249837233798 34.72265319779384
71.84836016352992 88.77795101379033 62.151639836470075 91.22204898620967
90.94185859725043 5.760285212786599 81.05814140274957 4.239714787213401
