53.005384503780284 20.897877295273787 50.994615496219716 11.102122704726213
68.10347762486249 11.876713763532553 65.89652237513751 2.1232862364674467
91.77362226959949 17.47696796968402 96.22637773040051 8.523032030315983
2.0460575100878486 11.9081558375769 3.9539424899121514 2.0918441624231
8.159618804022537 77.00254846572751 7.8403811959774625 86.99745153427249
41.89223414815118 84.13855274544906 34.10776585184882 77.86144725455094
78.17004907882306 78.34690644559089 81.82995092117694 87.65309355440911
50.384922122622726 66.03797629945593 51.615077877377274 75.96202370054407
17.07734315602839 23.943144447680456 22.92265684397161 32.05685555231955
55.894115246661514 91.02354088945938 46.105884753338486 88.97645911054062
70.45470047489403 18.270604254153287 61.54529952510598 13.729395745846713
53.99634591075902 95.19112179373805 44.00365408924098 94.80887820626195
62.59962571528635 76.03608531483796 61.40037428471365 85.96391468516204
87.96465208697781 43.40651061065351 78.03534791302219 44.59348938934649
87.9874884228908 3.3534957305685973 78.0125115771092 2.6465042694314027
55.966771397618444 42.42451595695509 46.033228602381556 43.57548404304491
83.00268619383431 93.83612589373011 92.99731380616569 94.16387410626989
39.963384937453874 48.906311186857906 38.036615062546126 39.093688813142094
88.97065107944009 26.54095087250243 79.02934892055991 25.45904912749757
52.018052472553165 38.42449833187699 61.981947527446835 37.57550166812301
64.58617550351316 54.258265373088165 61.41382449648683 63.741734626911835
4.349649104476655 54.04247605021499 5.650350895523345 63.95752394978501
36.96268391143101 67.95087943529846 29.03731608856899 74.04912056470154
15.80603948982023 62.93460234880688 14.19396051017977 53.06539765119312
22.60266561097922 78.26920738749315 17.39733438902078 69.73079261250685
27.68756213035826 78.783720858925 22.31243786964174 87.216279141075
27.080703473280224 29.000651347485302 26.919296526719776 38.9993486525147
39.09608326230059 11.073899080142978 32.90391673769941 18.926100919857024
17.59902292795188 80.27142597032659 12.400977072048121 71.72857402967341
88.63286417954843 75.95978658111864 87.36713582045157 66.04021341888136
12.874436565170575 48.0911629682537 7.1255634348294254 39.9088370317463
68.10424616807269 66.98432563428572 77.89575383192731 69.01567436571428
67.94810452424781 71.71851347733937 58.05189547575219 70.28148652266063
56.260283655016835 52.16143770228207 53.739716344983165 61.83856229771793
94.72086033402358 76.94776316923429 93.27913966597642 67.05223683076571
27.253392806244065 88.20323357996843 20.746607193755935 95.79676642003157
77.29691412632064 54.171127072602765 74.70308587367936 63.828872927397235
44.28733280057168 55.427301522303445 35.71266719942832 60.572698477696555
76.35655647033369 73.54634645461229 67.64344352966631 78.45365354538771
95.89087111427538 38.62867221016989 92.10912888572462 29.37132778983011
95.66275273450991 19.01138653713084 96.33724726549009 28.98861346286916
29.43130256521445 58.03150283026727 38.56869743478555 53.96849716973273
68.00134223953168 95.88415271384349 77.99865776046832 96.11584728615651
7.073430894114105 9.146233729331819 16.926569105885896 10.853766270668181
75.52858646164188 6.028018870453256 74.47141353835812 15.971981129546744
84.74588480615274 31.5737145251692 75.25411519384726 28.4262854748308
50.76047978173671 53.831097101799706 45.23952021826329 62.168902898200294
4.812712375570782 71.06649226263968 3.1872876244292176 80.93350773736032
39.47907191288984 31.591108272517133 32.52092808711016 24.408891727482867
9.364585224148023 56.04053953916064 10.635414775851977 65.95946046083937
25.225148395791265 46.51649329027966 34.774851604208735 49.48350670972034
21.143290157365684 10.182104522124876 28.856709842634316 3.817895477875124
77.87002919097368 19.87064328099979 80.12997080902632 10.12935671900021
53.780944921389 27.82592268621162 60.219055078611 20.17407731378838
62.50124501421359 9.569493430508661 55.49875498578641 2.4305065694913393
82.02070522833057 54.54544133841105 91.97929477166943 55.45455866158895
67.11264086127488 33.85541116732723 74.88735913872512 40.14458883267277
22.397525079740923 19.37944808160413 13.602474920259077 14.620551918395867
20.086074961659396 66.61918726050513 23.913925038340604 57.380812739494864
68.9743789772044 41.01934459838367 75.0256210227956 48.98065540161633
46.29693593273641 82.69740636832022 55.70306406726359 79.30259363167978
43.52890051008229 11.653315365600072 48.47109948991771 20.346684634399928
75.37444930291241 91.98595905714723 74.62555069708759 82.01404094285277
18.018985711822992 90.98569006218605 11.981014288177006 83.01430993781395
18.998058497887943 4.139324268130588 9.001941502112057 3.8606757318694123
83.86916003466277 78.10155914352325 90.13083996533723 85.89844085647675
20.222220207910347 42.060864590333956 21.777779792089653 51.939135409666044
89.97513858380314 59.502007959949914 80.02486141619686 60.497992040050086
45.012967320966595 68.10368534439894 42.987032679033405 77.89631465560106
67.88689235814975 89.85483421801695 60.113107641850256 96.14516578198305
13.237465537354902 26.320953914739846 16.7625344626451 35.679046085260154
48.907777367592 6.955887707919602 39.092222632408 5.044112292080398
23.46529945526475 69.53636707074483 30.53470054473525 62.463632929255176
3.024545433534627 45.999939751806274 2.975454566465373 36.000060248193726
2.0036981430099092 17.997229062037434 7.99630185699009 26.002770937962566
7.2005913799366335 13.857137296757841 12.799408620063367 22.14286270324216
72.88469063273828 32.16024141664684 81.11530936726172 37.83975858335316
12.995209527950902 95.21881903909059 3.0047904720490983 94.78118096090941
31.587558000478367 32.20364642692104 34.41244199952163 41.79635357307896
93.84761795407418 47.77501013418981 84.15238204592582 50.22498986581019
63.343509742247626 42.76407512927026 68.65649025775237 51.23592487072974
73.67069977343797 23.78453456856584 64.32930022656203 20.21546543143416
53.70199433704021 47.29963261192125 44.29800566295979 50.70036738807875
43.071699611387814 34.84371516497276 52.928300388612186 33.15628483502724
31.921112321180388 87.10817094150198 40.07888767881961 92.89182905849802
38.3917342601201 18.538725906489205 45.6082657398799 25.461274093510795
27.06519020398751 12.088164228592422 28.93480979601249 21.911835771407578
14.492707210487396 39.577848004291035 7.507292789512604 32.422151995708965
72.36585461503842 53.19017243858179 69.63414538496158 62.80982756141821
88.99135407723426 11.993530134318501 83.00864592276574 20.0064698656815
