74.91785641386137 3.9026008490149984 65.08214358613863 2.0973991509850016
59.93354577828073 44.6110086448946 56.06645422171927 35.3889913551054
84.0872267715406 46.880362481132465 81.9127732284594 37.119637518867535
4.109240290382074 14.960543669614745 13.890759709617926 17.039456330385256
4.853576231716577 36.07339796445374 3.146423768283423 45.92660203554626
33.50896761375452 77.33529210673008 38.49103238624548 68.66470789326992
95.17747044542057 68.06811951362937 96.82252955457943 77.93188048637063
52.04103010413893 72.39973512207068 55.95896989586107 81.60026487792932
12.30878286289099 29.294706747167737 15.69121713710901 38.70529325283226
92.85930060016479 79.131858169772 95.14069939983521 88.868141830228
78.19295438621391 26.723808641430146 69.80704561378609 21.276191358569854
69.52448342623478 85.12815641477003 60.475516573765226 80.87184358522997
69.5337591798592 78.60349477268798 76.4662408201408 71.39650522731202
86.2786596175394 34.83373867544306 83.7213403824606 25.16626132455694
64.907232147915 8.958682766335968 55.092767852085004 7.0413172336640315
5.52959195215307 28.652922352069943 10.47040804784693 37.34707764793006
76.14596083290093 88.80070697314287 85.85403916709907 91.19929302685713
11.800720952204497 68.66448325672756 8.199279047795503 59.33551674327244
70.80120058733371 17.395877115002033 61.19879941266629 14.604122884997965
28.548972841162193 76.21517814497602 31.451027158837807 85.78482185502398
51.11286017700084 40.91281248189104 44.88713982299916 33.08718751810896
30.586216878429887 93.008363802296 21.413783121570113 96.991636197704
18.925534852008784 34.10194310652725 27.074465147991216 39.89805689347275
92.90346594986742 95.02223638925825 83.09653405013258 96.97776361074175
25.84151554292019 84.88590357194401 20.15848445707981 93.11409642805599
48.826482478131744 81.06878040305025 47.173517521868256 90.93121959694975
41.242694518942784 27.461154796640358 50.757305481057216 30.538845203359642
39.5219424018254 7.133550307485979 30.478057598174598 2.8664496925140206
16.940585538494453 86.99964697971407 17.059414461505547 77.00035302028593
67.07190092488206 39.155109766998294 76.92809907511794 40.844890233001706
20.859294300468868 71.802598135636 29.140705699531132 66.197401864364
66.36643743980578 57.04030258157616 67.63356256019422 66.95969741842384
89.95989069319928 62.63204771300525 80.04010930680072 61.36795228699475
80.89788936647375 32.00532569537606 71.10211063352625 29.994674304623942
96.34269652040459 56.47810147727366 87.65730347959541 51.52189852272634
67.11603948676319 90.83870022077116 58.88396051323681 85.16129977922884
59.143555113467166 68.7983836444741 50.856444886532834 63.20161635552591
38.712831759349 45.30253181339507 35.287168240651 54.69746818660493
67.91803652479703 74.0983810445857 58.081963475202976 75.9016189554143
88.50348987737605 72.02541479685192 87.49651012262395 81.97458520314808
65.14314811120698 25.073966622050573 66.85685188879302 34.92603337794942
9.647572173719125 87.24150463691225 4.352427826280875 78.75849536308775
80.68423929225725 83.47528030991484 89.31576070774275 88.52471969008516
7.537293200966232 9.606890852787942 14.462706799033768 2.3931091472120594
88.33311255622941 5.505178247840725 79.66688744377059 10.494821752159275
91.32317738455745 32.178257409504766 88.67682261544255 41.821742590495234
42.69380583148298 96.99061570662039 43.30619416851702 87.00938429337961
35.735811323390195 87.16245651286404 38.264188676609805 96.83754348713596
12.497489569790398 77.18462526984071 3.502510430209602 72.81537473015929
38.517608825214964 81.21543886311701 47.482391174785036 76.78456113688299
36.59458137164071 61.72587465018455 31.405418628359293 70.27412534981545
31.138669346570296 15.169386282639191 40.861330653429704 12.830613717360809
72.71692315219265 45.42022235148519 81.28307684780735 50.57977764851481
62.72019298014251 20.659316807822325 55.27980701985749 27.340683192177675
92.16319013414089 11.650390254234866 95.83680986585911 2.349609745765134
78.64388356923723 67.4237570786846 71.35611643076277 60.5762429213154
35.90862942770946 28.95150257037212 26.091370572290543 27.04849742962788
27.311804685801782 46.53146999814294 18.688195314198218 41.46853000185706
15.931337245583343 92.82578021913974 6.068662754416656 91.17421978086026
61.996186933847945 57.80476649353381 52.003813066152055 58.19523350646619
25.33695371823222 32.195561202453334 34.663046281767784 35.804438797546666
69.61444333850957 7.320597046824332 76.38555666149043 14.679402953175668
46.09966569997387 61.12242525958843 43.90033430002613 70.87757474041157
19.18657491905536 47.26639606981249 10.81342508094464 52.73360393018751
50.25878349470637 7.61968760450871 41.74121650529363 2.3803123954912904
73.4405460520579 51.94783536318473 82.5594539479421 56.05216463681527
33.273913883195306 47.5469880247397 28.726086116804694 56.4530119752603
64.9783575926468 43.09665252904607 63.02164240735319 52.90334747095393
41.234543648505 53.005504101819085 40.765456351495 62.994495898180915
95.4755201082064 45.97241599658598 96.5244798917936 36.02758400341402
23.762534462645 62.67904608526019 20.237465537355 53.32095391473981
55.951601262899814 11.305993563971528 46.048398737100186 12.694006436028472
38.13115259942497 32.904915801572095 43.86884740057503 41.095084198427905
15.176781889510043 9.317788700301264 24.823218110489957 6.682211299698736
19.177486651241022 67.50095010899557 14.822513348758978 58.49904989100444
4.808911857792556 50.72667933286042 13.191088142207445 45.27332066713958
47.67987849600513 96.73855496130669 54.32012150399487 89.26144503869331
80.18094879260532 75.14233687592828 73.81905120739468 82.85766312407172
22.053750277185703 11.731172811009479 31.946249722814297 10.268827188990521
53.95184045903831 44.43874551304495 58.04815954096169 53.56125448695505
2.074555414249951 20.13977001173783 11.92544458575005 21.86022998826217
94.87594354064719 25.92267436599238 93.12405645935281 16.07732563400762
47.706117337340764 47.05011128348255 46.293882662659236 56.94988871651745
60.99961096326158 2.9376284036231533 51.00038903673842 3.0623715963768467
4.839377200095477 66.92904107468785 3.1606227999045235 57.070958925312155
34.11275713199069 21.055867960065164 43.88724286800931 18.944132039934836
45.10197304495883 24.13135527492051 52.89802695504117 17.86864472507949
22.183334353212697 17.14204571774222 19.816665646787303 26.85795428225778
62.93641927641487 95.20516371029014 53.06358072358513 96.79483628970986
83.86685274971981 14.477867449021195 88.13314725028019 23.522132550978803
