93.84061792084168 21.648884346752077 90.15938207915832 12.351115653247925
70.99957176602962 56.93456181298769 61.00042823397038 57.06543818701231
47.71492452150706 15.6641775014978 38.28507547849294 12.3358224985022
34.806337256555295 23.378086418280272 25.19366274344471 20.621913581719728
20.48709642052837 72.66244868675943 15.51290357947163 81.33755131324057
24.359185570795574 79.24571538736474 29.640814429204426 70.75428461263526
89.2545583747146 87.15995007417966 86.7454416252854 96.84004992582034
71.21212468167191 75.06246493857822 72.78787531832809 84.93753506142178
19.88800962236414 18.079487942237243 18.11199037763586 27.920512057762757
82.20166369433441 65.06414555086394 83.79833630566559 74.93585444913606
69.12404249871022 44.8720148256233 66.87595750128978 35.1279851743767
68.19346151600935 86.85547624953564 65.80653848399065 77.14452375046436
83.99365061393912 90.25189987277759 74.00634938606088 89.74810012722241
59.48617949050208 51.322118282281 64.51382050949792 42.677881717719
71.33248759920095 22.50409311015615 62.667512400799055 27.49590688984385
45.28361983858315 53.339952358215704 54.71638016141685 56.660047641784296
34.913323452160355 89.06649928320628 41.086676547839645 96.93350071679372
47.57158973789165 66.02498574523472 38.42841026210835 61.975014254765284
48.73355549736278 4.389580069240749 39.26644450263722 7.610419930759251
15.17706547075419 57.777396768899386 22.82293452924581 64.2226032311006
50.25225506110623 79.84064636819649 47.74774493889377 70.15935363180351
31.976760051767837 85.48151779523482 22.023239948232163 84.51848220476518
27.146142821632992 59.185558796938004 34.85385717836701 52.814441203061996
92.4558619894924 76.38655041413588 85.5441380105076 83.61344958586412
58.916058810505604 79.54501805482978 63.083941189494396 70.45498194517022
75.74932160858552 74.15894602785211 78.25067839141448 83.84105397214789
51.365958515645154 8.274546748997786 54.634041484354846 17.725453251002214
58.93834815964526 16.885989702186382 61.06165184035474 7.114010297813617
11.991790993387234 74.57898423078299 16.008209006612766 65.42101576921701
20.017016793899167 2.5878369646401502 29.982983206100833 3.4121630353598498
57.006439729815554 62.746315495082136 66.99356027018445 63.253684504917864
74.23096563947638 68.67659250216296 77.76903436052362 59.32340749783704
95.84836830958652 45.00229974583686 96.15163169041348 54.99770025416314
72.88065300533138 33.90764306543623 79.11934699466862 26.092356934563767
88.4828443094014 49.78547817855242 79.5171556905986 54.21452182144758
95.75013876739386 66.69296821525865 88.24986123260614 73.30703178474135
44.20645556241291 78.85318080027278 49.79354443758709 87.14681919972722
29.058157402243232 64.07601640673619 36.94184259775677 57.92398359326382
10.204289801043954 46.74537497005553 17.795710198956048 53.25462502994447
61.29572129010974 88.55866734799541 52.70427870989026 83.44133265200459
21.21887661354156 14.27156016853994 28.78112338645844 7.72843983146006
15.210388422791977 85.33124316303334 18.789611577208024 94.66875683696666
30.21019518400268 79.43449288065464 39.78980481599732 76.56550711934536
11.982232656519088 41.42113864262822 2.0177673434809114 40.57886135737178
57.19908210504537 28.14184245785893 62.80091789495463 19.85815754214107
82.74386878254387 60.62399448547351 91.25613121745613 55.37600551452649
89.62134621044555 66.68574260771548 96.37865378955445 59.31425739228452
32.87871613490032 48.90540926595221 23.12128386509968 51.09459073404779
29.52984315228508 89.45878448548156 22.47015684771492 96.54121551451844
41.36119963858484 30.42915907035018 48.63880036141516 23.57084092964982
6.8459231089389885 56.927921883894165 5.1540768910610115 47.072078116105835
15.435304785815916 36.50613006461156 22.564695214184084 29.493869935388435
8.22294212260102 9.276253010800342 15.77705787739898 2.723746989199657
43.810291032508204 57.27120195549051 52.189708967491796 62.72879804450949
67.35405478254624 29.541909897789296 58.645945217453765 34.458090102210704
87.02545501617297 31.50388709437862 96.97454498382703 30.49611290562138
49.35260036145295 30.241612329506427 54.64739963854705 21.758387670493573
8.093253322719017 70.62215502862874 11.906746677280983 61.37784497137126
8.088281849298244 89.9161743270231 9.911718150701756 80.0838256729769
87.8726378429913 42.83729923371942 80.1273621570087 49.16270076628058
51.100762065089974 34.00101540248034 50.899237934910026 43.99898459751966
76.45448530148678 22.082857682512262 85.54551469851322 17.917142317487738
65.26573965731575 9.310400756589885 68.73426034268425 18.689599243410115
72.6312519657614 49.11545622772215 63.36874803423861 52.88454377227785
13.438946205211824 31.69874890825978 4.561053794788177 36.30125109174022
95.41560350337919 92.98269743492207 94.58439649662081 83.01730256507793
43.85040089233576 69.21392387884433 34.14959910766424 66.78607612115567
36.68231595943229 34.47857093579318 45.31768404056771 39.52142906420682
74.42909810536 2.2531834628441274 77.57090189464 11.746816537155873
85.01230898063477 36.6493744228619 94.98769101936523 37.3506255771381
29.65428187226007 32.47279880989792 38.34571812773993 27.527201190102083
18.71698001726482 10.65574230190704 11.283019982735182 17.34425769809296
37.00611337471618 39.9918660893539 44.99388662528382 46.0081339106461
2.2798363210647827 18.05213538225403 3.7201636789352173 27.94786461774597
2.944821312541662 85.88739173154083 5.055178687458338 76.11260826845917
26.049239700582667 45.69998032666155 35.95076029941733 44.30001967333845
3.098514528644092 96.98764374856876 12.901485471355908 95.01235625143124
52.307778912281066 93.5383145673668 43.692221087718934 88.4616854326332
3.7311728110093907 66.94624972281431 2.2688271889906093 57.05375027718569
62.41016662208191 37.61923558567659 57.58983337791809 46.38076441432341
5.286237334679783 2.1682722014919085 2.7137626653202167 11.83172779850809
84.9608539532701 12.599462117894333 81.0391460467299 3.4005378821056667
21.540276272864105 43.260722069963734 30.459723727135895 38.739277930036266
79.76625180037192 40.84539630782813 82.23374819962808 31.15460369217187
16.443812910470164 41.5147593636352 23.556187089529836 34.4852406363648
11.514431205619786 26.321763032861178 6.485568794380214 17.678236967138822
86.08816422859242 3.93480979601249 95.91183577140758 2.06519020398751
33.42133281305974 16.99106824624713 42.57866718694026 21.00893175375287
67.99246007102533 93.72551422765872 58.00753992897467 94.27448577234128
93.94185859725043 26.7602852127866 84.05814140274957 25.2397147872134
