96.92147180491654 31.61605308709841 93.07852819508346 22.38394691290159
51.362475250931254 47.44311475068452 42.637524749068746 42.55688524931548
71.15720390553324 37.510706298347536 66.84279609446676 28.48929370165246
29.62695208179321 43.42413941535285 38.373047918206794 38.57586058464715
2.032649484495471 55.40331293765346 5.967350515504529 64.59668706234655
24.4647605601429 65.75847032798433 27.5352394398571 56.24152967201567
95.263668903404 72.05451554282234 96.736331096596 81.94548445717766
62.168726275068025 71.00284766651029 61.831273724931975 80.99715233348971
31.00238535426943 26.15442750007462 40.99761464573057 25.84557249992538
81.63488966561057 81.0133483735354 82.36511033438943 90.9866516264646
90.2088996844985 30.851655547626958 87.7911003155015 21.148344452373042
69.40690367794407 69.3620330169841 60.59309632205593 64.6379669830159
76.74810012722251 87.99365061393914 77.25189987277749 78.00634938606086
59.70501695535875 28.357506420024272 52.29498304464125 21.642493579975728
72.69684495139423 5.7145400265268265 63.30315504860578 2.285459973473174
2.5112857190746327 40.02394148430511 3.4887142809253673 49.97605851569489
62.84887758660638 90.21285402086272 71.15112241339362 95.78714597913728
15.603303227139767 47.46643993937356 8.396696772860233 40.53356006062644
82.70472885076673 18.307213409563033 73.29527114923327 21.692786590436967
15.965156856861425 58.094037072943436 14.034843143138575 67.90596292705656
44.48723146968602 70.15288647908055 53.51276853031398 65.84711352091945
23.30753804658839 72.00946692728115 22.69246195341161 81.99053307271885
21.826258510018217 33.13971904981869 24.173741489981783 42.86028095018131
94.23241878792462 93.81463874822661 87.76758121207538 86.18536125177339
47.85914799667254 91.17842299130373 38.14085200332746 88.82157700869627
57.80284916727076 89.75371932652334 50.19715083272924 96.24628067347666
24.270275631543175 29.378362741416666 33.72972436845683 32.621637258583334
40.6597561234125 16.81291832974343 31.3402438765875 13.18708167025657
10.027850458737626 75.99992243459317 9.972149541262374 66.00007756540683
19.09644158323925 10.977299776637043 28.90355841676075 9.022700223362957
38.22082305192647 66.4695127420348 47.77917694807353 63.530487257965206
57.65772205572527 49.52116514171169 66.34227794427473 54.47883485828831
83.31864273952193 68.51978667517203 74.68135726047807 63.48021332482797
83.68611251647523 39.99013773834816 84.31388748352477 30.00986226165184
82.05987463524126 51.91846157180879 73.94012536475874 46.08153842819121
56.946269609929914 74.2689617343232 47.053730390070086 75.7310382656768
41.21244114705453 75.14922826089197 38.78755885294547 84.85077173910803
27.345214421534425 78.58788300677716 34.65478557846558 85.41211699322284
55.97790318075885 83.53044710309605 46.02209681924115 84.46955289690395
82.98912636356636 73.32957264505296 73.01087363643364 72.67042735494704
54.35976179520347 11.862307547841294 63.64023820479653 8.137692452158706
16.56869743478562 77.96849716973288 7.431302565214379 82.03150283026712
88.0842524206218 77.93817577271614 93.9157475793782 86.06182422728386
8.205053242644661 28.487509353427832 3.794946757355339 19.512490646572168
93.32713529339867 17.505174675072304 84.67286470660133 12.494825324927698
78.7297606556388 42.399027885218764 87.2702393443612 47.600972114781236
32.55753571776951 77.62621561211786 39.44246428223049 70.37378438788214
30.739138215232742 61.312207527170486 27.260861784767258 70.68779247282951
20.779166496242286 85.53045326675357 11.220833503757714 88.46954673324643
31.39702264779298 72.73608103903548 34.60297735220702 63.263918960964524
17.064611568072007 36.99958251709793 16.935388431927993 27.00041748290207
14.20527101661427 14.58205290088775 23.79472898338573 17.41794709911225
52.434452749368994 15.961427386072394 61.565547250631006 20.038572613927606
53.83451490114476 52.79118472440391 46.16548509885524 59.20881527559609
91.17681986871087 9.861064040101361 84.82318013128913 2.138935959898639
85.82471481244552 61.31229835729867 76.17528518755448 58.68770164270133
12.630289316146339 25.726749067346297 9.369710683853661 16.273250932653703
14.31850269324729 53.73999196187779 7.68149730675271 46.26000803812221
29.967921480022905 94.43453013490812 20.032078519977095 95.56546986509188
65.87647614208731 61.10452724531954 56.12352385791268 58.89547275468046
16.151805586634225 20.777293604249614 25.848194413365775 23.222706395750386
67.10244551699809 11.006955851081829 76.89755448300191 8.993044148918171
45.9428343218535 25.442800270708332 50.0571656781465 34.55719972929167
49.1521208277817 40.78565838384778 40.8478791722183 35.21434161615222
38.94382437067941 4.7473958736013735 29.05617562932059 3.252604126398627
89.75854330374538 64.00583353663158 90.24145669625462 73.99416646336842
37.69998220010429 46.29407874780139 28.300017799895713 49.70592125219861
52.82019459652463 38.25605634367648 61.17980540347537 43.74394365632352
63.55222470300046 39.640138064640254 68.44777529699954 48.359861935359746
90.57433600040163 59.37220243825151 95.42566399959837 50.62779756174849
19.759993129099634 67.84379840209313 22.240006870900366 58.15620159790688
55.962501624388395 4.6112099704214184 46.037498375611605 3.388790029578582
51.498979534841055 26.67046230726003 56.501020465158945 35.32953769273997
14.057778051698612 3.2420803382098926 23.942221948301388 4.757919661790107
5.680042794295104 96.95353831093767 4.319957205704896 87.04646168906233
16.98760719100077 42.009324673154964 23.01239280899923 49.990675326845036
36.005176946908556 94.77252985183483 45.994823053091444 95.22747014816517
71.3085126021062 80.46293099079037 62.69148739789379 85.53706900920963
2.4897801119847154 12.56066796230454 9.510219888015286 5.4393320376954595
72.19421692339452 52.14470948965171 69.80578307660548 61.85529051034829
3.0183242343703087 35.57232422778718 12.981675765629692 36.42767577221282
96.38570461692429 43.80414640853448 93.61429538307571 34.19585359146552
30.96100968270293 54.052703405359324 39.03899031729707 59.947296594640676
72.98915727284013 29.008109130029638 67.01084272715987 20.991890869970362
2.3615882668433827 81.95907556495845 3.6384117331566173 72.04092443504155
41.0393296102995 9.625898781552321 50.9606703897005 8.374101218447679
65.0585319948376 16.762819738835013 74.9414680051624 15.237180261164989
28.292350221069718 17.315353580439606 37.70764977893028 20.684646419560394
85.98690925791483 95.63842559088991 76.01309074208517 96.36157440911009
77.28220474229944 27.05179123641468 78.71779525770056 36.94820876358532
