68.22163683674617 7.679138372430163 59.77836316325382 2.3208616275698364
81.1329432348205 9.814032732174846 72.8670567651795 4.185967267825154
89.6258487538348 32.68986495254255 96.3741512461652 25.31013504745745
32.602565060532896 35.953559536733344 23.397434939467104 32.046440463266656
26.7598618321249 96.53091976898875 17.2401381678751 93.46908023101125
52.19898017760269 90.71451017093318 43.80101982239731 85.28548982906682
85.06902595842989 95.17205374488334 94.93097404157011 96.82794625511666
68.96104277237377 85.43462450351444 73.03895722762623 94.56537549648556
13.80073469667607 20.397478576626675 4.199265303323929 17.602521423373325
67.60889575620405 96.93857677393603 58.391104243795944 93.06142322606397
51.980909681896776 10.436507434973318 42.019090318103224 9.563492565026682
57.277244912992245 88.58943545088152 48.722755087007755 83.41056454911848
75.99020717273278 79.00000958995578 76.00979282726722 88.99999041004422
77.84758958830797 62.22510211138835 68.15241041169203 59.77489788861165
87.38596374718205 27.96215270625817 88.61403625281795 18.03784729374183
36.234289714236 51.51261544093772 45.765710285764 48.48738455906228
81.11439570431354 87.12576957723503 78.88560429568646 96.87423042276497
33.093688813142116 4.963384937453963 42.906311186857884 3.036615062546037
96.3304118885239 44.989070853768474 95.6695881114761 35.010929146231526
60.006272562245606 41.25037227765661 69.99372743775439 40.74962772234339
46.43361956477959 57.03218224945806 47.56638043522041 66.96781775054194
3.2632274331738733 87.05458129328038 4.736772566826127 96.94541870671962
31.0673668242258 82.44741892833412 26.9326331757742 91.55258107166588
9.298501100732105 52.75764427380628 2.7014988992678948 45.24235572619372
19.37769382601386 82.257171635003 24.62230617398614 73.742828364997
17.20625984309503 57.5787135024645 26.79374015690497 60.4212864975355
35.494317169870165 20.666596965883407 30.505682830129835 29.333403034116593
44.35868051579971 14.573516027473156 51.64131948420029 21.426483972526846
14.505063682465137 88.9754435019991 15.494936317534863 79.0245564980009
89.02796974719342 89.9788690868237 82.97203025280658 82.0211309131763
11.88045351902507 45.632914262403986 8.11954648097493 36.367085737596014
86.47889441910938 75.68212706879856 91.52110558089062 84.31787293120144
73.27400864812454 75.5947736078041 64.72599135187546 70.4052263921959
41.907643065436176 68.11934699466869 34.092356934563824 61.88065300533131
63.82303251726193 59.68153220083535 54.17696748273807 62.31846779916465
39.59419954790929 87.26095707959446 36.40580045209071 96.73904292040554
61.24562011609031 76.45213956718479 70.75437988390969 79.54786043281521
35.3935383428696 73.03691585217109 36.6064616571304 82.96308414782891
75.9237858363354 37.89559632751876 84.0762141636646 32.10440367248124
94.27588816319988 54.40832478581765 85.72411183680012 59.59167521418235
91.05187032685332 48.070435722779656 82.94812967314668 53.929564277220344
33.048328087139375 45.69350217547403 42.951671912860625 44.30649782452597
50.05716641270742 70.75392050531362 59.94283358729258 69.24607949468638
16.59217956439239 30.36032180167026 25.40782043560761 25.63967819832974
60.996771903465664 23.995700688734978 53.003228096534336 30.004299311265022
73.13330368611977 43.83003791564866 80.86669631388023 50.16996208435134
84.07433360018534 19.450589036463935 79.92566639981466 28.549410963536065
10.030935893942836 85.00009570386933 9.969064106057164 94.99990429613067
78.60566036917294 54.94625089950647 69.39433963082706 51.05374910049353
30.013845915560392 69.1038671934371 27.986154084439608 78.8961328065629
39.15781272701905 13.222844381919085 30.842187272980947 18.777155618080915
17.48803016421663 17.154559862473313 26.51196983578337 12.845440137526687
72.64587748277684 29.98744395886265 73.35412251722316 20.01255604113735
82.12077182037802 45.63341142668279 85.87922817962198 36.36658857331721
95.26078169097579 14.616436389795375 86.73921830902421 9.383563610204625
44.53643915718404 39.25313661425136 53.46356084281596 34.74686338574864
91.6473996385472 37.75838767049367 86.3526003614528 46.24161232950633
39.340213546792704 72.043722986337 40.659786453207296 81.956277013663
11.433362462062895 57.50415420222597 18.566637537937105 50.49584579777403
86.12352385791269 70.8954727546804 95.87647614208731 73.1045272453196
42.52597337033622 62.54506865824625 35.47402662966378 55.45493134175375
47.00145374072963 5.879437593196687 56.99854625927037 6.120562406803313
57.407591862776634 50.97731825995833 66.59240813722336 47.02268174004167
19.058150794270663 74.91049081800048 20.941849205729337 65.08950918199952
14.998058497887943 3.1393242681305877 5.001941502112057 2.8606757318694123
87.25101360198974 64.43567005030475 96.74898639801026 67.56432994969525
13.942522776116993 60.95753049337008 8.057477223883007 69.04246950662991
82.03047021030686 76.95893728960736 73.96952978969314 71.04106271039264
56.57257190418954 82.67666609019966 65.42742809581047 87.32333390980034
71.92371757332981 66.87006049104826 62.07628242667018 65.12993950895174
39.82107457857089 21.343425359850563 36.17892542142911 30.656574640149437
26.75586236062332 19.456700545322974 17.24413763937668 22.543299454677026
17.114159253845457 42.53104079096399 12.885840746154543 33.46895920903601
5.20051507298617 77.4017647574993 14.799484927013829 74.5982352425007
9.333764497962926 30.726394272231804 2.6662355020370736 23.273605727768196
2.0492397005826692 12.699980326661555 11.95076029941733 11.300019673338445
65.09851452864409 13.987643748568757 74.90148547135591 12.012356251431243
54.95712991172279 95.65334756317232 45.04287008827721 94.34665243682768
46.478218205678786 33.77613811077957 37.521781794321214 38.22386188922043
67.99395247990795 36.245842690396394 58.00604752009206 35.754157309603606
61.99999338491482 55.991866685299186 52.00000661508518 56.008133314700814
60.768411223628426 10.713805110826303 53.231588776371574 17.286194889173697
28.164149326927983 51.99730477342228 27.835850673072017 42.00269522657772
59.70139569496467 31.553820868567662 68.29860430503534 26.446179131432338
44.31163661297569 73.26240144129609 53.68836338702431 76.73759855870391
20.307267861832056 5.725765070745643 29.692732138167944 2.2742349292543573
47.3601838875366 24.29741114327564 40.6398161124634 31.70258885672436
2.676570225621983 70.42737778866156 7.323429774378017 61.57262221133844
50.69352158564185 41.17370596080013 53.30647841435815 50.82629403919987
94.61113463689867 6.93324529235 85.38886536310133 3.06675470765
