57.838547165267094 2.7396582489317667 48.161452834732906 5.260341751068234
72.40444905642228 11.366606961322661 63.59555094357772 6.6333930386773385
87.2298687258925 8.501384763262568 96.7701312741075 11.498615236737432
24.410068156534752 45.65669730327623 17.589931843465248 38.34330269672377
11.992346417833783 95.723454805968 2.007653582166217 96.276545194032
51.9368122279114 83.20760803490667 42.0631877720886 84.79239196509333
89.56021952597239 89.3712384632635 96.43978047402761 96.6287615367365
33.803504879003135 71.28164963636961 42.196495120996865 76.71835036363039
29.594640951680553 23.972124368578214 20.405359048319447 20.027875631421786
64.78628419412074 95.44619625677497 55.213715805879254 92.55380374322503
56.33049272733732 16.500633532576995 47.66950727266268 21.499366467423005
49.99399066801901 90.7549342787352 40.00600933198099 91.2450657212648
77.33836912595092 88.27773031889176 70.66163087404908 95.72226968110824
83.83373867544307 65.72134038246068 74.16626132455693 68.27865961753932
83.34406869539767 15.988147625406384 82.65593130460233 6.011852374593616
38.13593443364359 55.84204224335 47.86406556635641 58.15795775665
81.34139537444237 85.76540185555186 86.65860462555763 94.23459814444814
32.275513965508765 5.636835883617318 41.724486034491235 2.3631641163826824
90.99888322648516 22.10567160434698 81.00111677351484 21.89432839565302
62.17331369100553 59.69497154262241 71.82668630899447 62.30502845737759
47.57957165687748 68.20600549415686 50.42042834312252 77.79399450584314
4.307538046588393 82.00946692728115 3.692461953411607 91.99053307271885
22.124186055895485 87.0015424555648 21.875813944104515 96.9984575444352
12.328081296759635 42.95464683466297 13.671918703240365 33.04535316533703
24.32011326026088 71.70935033116551 27.67988673973912 62.29064966883449
34.981466360185244 59.024871870712595 43.018533639814756 64.97512812928741
33.77569292737694 38.060536417543155 32.22430707262306 47.939463582456845
40.19707975549714 20.003885552754703 39.80292024450286 29.996114447245297
17.809667764673602 83.93400832091399 16.190332235326398 74.06599167908601
96.34192885680442 88.47944626932086 87.65807114319558 83.52055373067914
7.6592044890565685 42.98837232168177 8.340795510943432 33.01162767831823
85.84121440526361 76.22430146143118 94.15878559473639 81.77569853856882
75.9907725109149 83.00690401531604 70.0092274890851 74.99309598468396
41.164642308030515 68.76690340383655 32.835357691969485 63.233096596163456
84.31744709267706 58.47816523104023 75.68255290732294 63.52183476895977
37.18663458805169 87.14703231232954 30.813365411948308 94.85296768767046
65.65521952953168 75.58389260260687 70.34478047046832 84.41610739739313
29.12758720758277 82.1288043470524 26.87241279241723 91.8711956529476
57.2835569447973 56.65986894272716 66.7164430552027 53.34013105727284
96.9975890420266 43.15525387922894 87.0024109579734 42.84474612077106
96.00012526092667 28.000167021833327 87.99987473907333 33.99983297816667
47.54388444949797 45.26782587527659 56.45611555050203 40.73217412472341
75.67564894640003 74.26520548457766 82.32435105359997 81.73479451542234
3.0010395601363777 26.101953522148587 12.998960439863623 25.898046477851413
62.275276656873864 20.547684182957717 57.724723343126136 29.452315817042283
84.20975318989953 39.43301622402617 93.79024681010047 36.56698377597383
62.888172898049945 31.086365872035415 69.11182710195006 38.913634127964585
8.421370248822525 81.03359409521812 9.578629751177475 90.96640590478188
95.97176248276338 47.46936093718382 86.02823751723662 48.53063906281618
17.35291319743456 55.186516242864485 14.64708680256544 64.81348375713551
16.982610211025886 24.10460236372047 19.017389788974114 33.895397636279526
17.031889793780437 12.43619065380483 26.968110206219563 13.56380934619517
68.04070053778406 26.90711162923692 69.95929946221594 17.09288837076308
72.61538980509081 26.804461947830738 75.38461019490919 17.195538052169262
78.5012450142136 9.569493430508661 71.4987549857864 2.4305065694913393
41.238924777100706 35.527142011043644 50.761075222899294 32.472857988956356
83.6349484717125 33.1245660063415 74.3650515282875 36.8754339936585
23.41315455734939 58.20385632022531 20.58684544265061 67.79614367977469
7.096037691935613 58.07025833496368 12.903962308064386 49.92974166503632
71.89237324258076 42.14914005574924 80.10762675741924 47.85085994425076
59.2810481826555 83.83310620136936 56.7189518173445 74.16689379863064
55.68662274925253 8.471210429329046 64.31337725074746 13.528789570670954
52.08701876686249 69.07122909022802 61.91298123313751 70.92877090977198
13.534993696645156 87.97129578123752 12.465006303354844 78.02870421876248
15.91780607219528 3.0971249054939873 6.082193927804721 4.902875094506013
94.49749973425905 54.02531473528925 95.50250026574095 63.97468526471075
2.8909398536468833 59.4665834849349 7.109060146353117 68.5334165150651
63.903347470953946 65.97835759264673 54.096652529046054 64.02164240735327
59.21060321913926 88.56414538497773 68.78939678086074 91.43585461502227
96.89112183505554 68.96224897270929 87.10887816494446 71.03775102729071
45.67807895419751 9.61300498868254 38.32192104580249 16.38699501131746
38.5368611007807 9.465793787314558 31.463138899219306 16.53420621268544
24.886471297967546 53.14568606985415 17.113528702032454 46.85431393014585
2.0403203767746847 73.63370185021317 11.959679623225316 72.36629814978683
15.887391731540863 19.0551786874582 6.112608268459137 16.9448213125418
3.018666053818084 11.56836112707994 12.981333946181916 12.43163887292006
79.05631621523733 26.251674779073575 88.94368378476267 27.748325220926425
51.999803255605705 96.04435544199525 42.000196744394295 95.95564455800475
45.39278682059803 40.609718547613106 40.60721317940197 49.390281452386894
70.57415414523116 50.01918643410274 61.42584585476884 45.98081356589726
84.04029897772504 52.054497636973615 75.95970102227496 57.945502363026385
56.411060093203275 22.645738150895372 47.588939906796725 27.354261849104628
28.024219923098407 39.571928882094674 23.975780076901593 30.428071117905326
48.354813045701576 37.849929230975 57.645186954298424 34.150070769025
23.17803555813782 75.67763132167434 32.82196444186218 78.32236867832566
17.439082407310735 7.048909639954276 26.560917592689265 2.9510903600457232
34.71525728031179 24.051423737784678 33.28474271968821 33.948576262215326
2.244567204964188 50.94260268403039 3.755432795035812 41.05739731596961
50.947900782553766 48.11194443191886 53.052099217446234 57.88805556808114
96.96538172179415 4.587353689758222 87.03461827820585 3.412646310241778
