55.90135484364172 3.988291807468757 46.09864515635828 2.011708192531243
69.70108405382435 9.361841285148238 62.298915946175654 2.6381587148517633
87.03272651152736 11.571134039185896 96.96727348847264 10.428865960814104
23.85150388817202 44.20950817403265 14.148496111827981 41.79049182596735
17.97414354859417 96.5078345773763 8.025856451405827 95.4921654226237
52.97151708954224 77.46706676929519 43.02848291045776 78.53293323070481
81.17023230135405 84.87781432105491 86.82976769864595 93.12218567894509
33.46602363144465 69.8921436743977 42.53397636855535 74.1078563256023
28.86729383425855 22.14431233978696 19.13270616574145 19.85568766021304
55.98665162646459 95.63488966561052 46.01334837353541 96.36511033438948
55.88619011955231 20.85396656809022 48.11380988044769 27.14603343190978
51.96473063719782 91.40716806760318 42.03526936280218 92.59283193239682
65.41547845221234 86.62216219499878 60.584521547787666 95.37783780500122
95.92678736912549 62.14749415284963 86.07321263087451 63.85250584715037
82.07458262961634 9.942961026140313 75.92541737038366 2.0570389738596875
36.48866257928852 55.44043408293775 43.51133742071148 62.55956591706225
67.04719151023981 93.31466208060596 76.95280848976019 94.68533791939404
41.0073594271814 8.271182799317192 50.9926405728186 7.728817200682808
89.80120058733371 24.395877115002033 80.19879941266629 21.604122884997967
56.51100468200637 51.79797342544843 65.48899531799363 56.20202657455157
48.95600061132301 58.000193598368426 49.04399938867699 67.99980640163157
3.7503265327562225 71.15868651859158 6.2496734672437775 80.84131348140842
28.30807861513874 81.25078463194474 21.69192138486126 88.74921536805526
16.285817520799963 35.9918241500281 15.714182479200037 26.0081758499719
32.062980235012446 78.55457051212824 27.937019764987557 69.44542948787176
28.24136734147725 53.829874599567574 33.75863265852275 62.170125400432426
37.20203798941592 44.33445259283582 40.79796201058408 53.66554740716418
42.7608897420255 16.005720644123784 43.2391102579745 25.994279355876216
25.151874476583746 76.8655097564587 22.848125523416254 67.1344902435413
95.09694941319862 92.92541772708188 88.90305058680138 85.07458227291812
5.617292173725243 33.96174872119272 4.382707826274757 24.038251278807284
87.86481540939612 72.47882904945547 92.13518459060388 81.52117095054453
79.4040132613682 91.38414418549 74.5959867386318 82.61585581451
50.212297135611564 73.69379896082069 41.787702864388436 68.30620103917931
95.88542599186427 53.93575713391303 86.11457400813573 56.06424286608697
62.253392806244065 73.20323357996843 55.746607193755935 80.79676642003157
77.14922826089197 78.78755885294548 86.85077173910803 81.21244114705452
32.603659197450774 89.0490202477404 23.396340802549226 92.9509797522596
63.8359434338513 50.232215161195896 72.1640565661487 55.767784838804104
96.78711766410225 43.44343495525092 87.21288233589775 40.55656504474908
95.96539232926312 24.094083403623753 94.03460767073688 33.90591659637625
44.224886860192754 41.278493675707594 51.775113139807246 34.721506324292406
68.40872238721236 68.02005811137926 77.59127761278764 71.97994188862074
2.0734308941141046 18.14623372933182 11.926569105885896 19.85376627066818
62.657180583022054 27.01176635998845 63.342819416977946 36.98823364001155
81.62607948657994 37.4005114925385 86.37392051342006 28.5994885074615
57.48017761969945 30.023110464000656 56.51982238030055 39.97688953599935
13.319002247278258 76.29104612941 16.680997752721744 85.70895387059
93.9254287841515 47.86032045904524 84.0745712158485 46.13967954095476
9.27812748122388 24.052384405934934 10.72187251877612 33.94761559406507
24.0090472722272 36.99323050572803 29.9909527277728 45.00676949427197
25.068939040190763 9.827428432340355 34.93106095980924 8.172571567659645
78.16914725563208 51.997138101544934 77.83085274436792 42.002861898455066
69.42912020061681 37.98155155081452 68.57087979938319 28.018448449185478
77.17681986871087 10.861064040101361 70.82318013128913 3.138935959898639
33.212997608853755 33.44381720004997 42.787002391146245 30.556182799950033
81.59489945018005 27.524845623127636 74.40510054981995 34.47515437687237
14.89763553050227 62.925235180728734 9.10236446949773 71.07476481927127
15.174219780860348 56.93133724558336 16.825780219139652 47.06866275441664
67.90536777798532 44.07275523929709 74.09463222201468 51.92724476070291
64.3922167040065 78.94121948711714 73.6077832959935 75.05878051288286
59.614443338509574 7.320597046824332 66.38555666149043 14.679402953175668
52.597402003819866 70.37004870921056 61.402597996180134 65.62995129078944
20.803430255513486 83.66343642751765 17.196569744486514 74.33656357248235
20.83861744137581 8.260071924936751 11.16138255862419 5.739928075063249
95.36897887309117 67.0136331270942 94.63102112690883 76.9863668729058
9.308538466158211 41.04804271552983 10.691461533841789 50.95195728447017
75.98948753536123 62.67594115584534 66.01051246463877 63.32405884415466
50.700233442362524 83.44813645548545 59.299766557637476 88.55186354451455
88.98769101936522 68.35062557713827 79.01230898063478 67.64937442286173
56.54469997519786 13.9153652273272 47.45530002480214 18.0846347726728
37.83142864397465 11.787500265193692 30.168571356025353 18.212499734806308
26.796941387394384 59.14452878811095 21.203058612605616 50.85547121188905
2.7728177106628404 65.67038010266596 11.22718228933716 60.32961989733404
26.9963711254193 15.190461484495597 17.0036288745807 14.809538515504403
3.2737616542720858 13.631769315611452 12.726238345727914 10.368230684388548
72.248143887161 16.82539966772499 77.751856112839 25.17460033227501
39.96720666819274 88.95676631658903 32.03279333180726 95.04323368341097
47.004639344096596 46.10196980528977 44.995360655903404 55.89803019471023
60.561254486955036 42.95184045903828 51.438745513044964 47.04815954096172
83.71637040058216 50.80222298748003 78.28362959941784 59.19777701251997
68.52822743376922 18.879821632961082 59.471772566230776 23.120178367038918
30.070141642128316 36.946419934227684 23.929858357871684 29.053580065772316
34.12261031574495 38.100486196152616 43.87738968425505 35.899513803847384
35.55834295816392 80.70398546983954 44.44165704183608 85.29601453016046
25.112757131990694 5.0558679600651635 34.88724286800931 2.9441320399348365
37.6287837789495 18.03969446915515 36.3712162210505 27.96030553084485
3.5042783371527078 56.97536531653545 4.495721662847292 47.02463468346455
52.27785388874003 52.305938563304466 55.72214611125997 61.694061436695534
95.98622604178077 5.629122850168368 86.01377395821923 6.370877149831632
