95.57235975408604 15.498320423772864 88.42764024591396 8.501679576227136
80.27455427369318 46.593874661823776 71.72544572630682 41.406125338176224
41.97747208870886 4.474100839615652 32.02252791129114 3.5258991603843484
43.9878275331347 22.3486782179939 34.0121724668653 21.6513217820061
13.365861803565172 90.56294220171728 4.634138196434828 95.43705779828272
30.000591622051004 73.92308530378804 39.999408377948996 74.07691469621196
68.0459852423244 88.03490556183816 61.9540147576756 95.96509443816184
58.96104277237377 67.43462450351444 63.03895722762623 76.56537549648556
16.801999597885857 15.064739455206958 15.198000402114145 24.935260544793042
58.13386343689672 61.10398922500439 51.86613656310328 68.8960107749956
82.07773090632104 42.94050408809283 75.92226909367896 35.05949591190717
43.17689179521909 70.50123784218384 38.82310820478091 61.49876215781617
73.54750920750794 83.784377754497 76.45249079249206 74.215622245503
61.1932570537492 55.66215400069249 64.80674294625081 46.33784599930751
92.93714299131862 20.08202937460218 85.06285700868138 13.917970625397823
27.48738455906227 46.234289714236006 30.51261544093773 55.765710285763994
41.297912024449786 92.29989157105022 50.702087975550214 95.70010842894978
37.352719134963344 67.70934959286 30.647280865036656 60.29065040714
66.50201147291986 7.824708594762999 57.49798852708014 12.175291405237001
7.548972841162193 58.21517814497602 10.451027158837807 67.78482185502398
48.474835427986235 59.23066086450613 39.525164572013765 54.76933913549387
26.684558235115194 82.2181923951232 21.315441764884806 73.7818076048768
24.963067970867243 62.99986360066194 25.036932029132757 53.00013639933806
65.62906470040743 80.74699884774627 60.370935299592574 89.25300115225373
47.64121026528932 72.95871449023713 46.35878973471068 63.04128550976288
64.1987897533971 66.7518003969705 71.8012102466029 73.2481996030295
33.985688837723686 8.01077348136554 40.014311162276314 15.98922651863446
59.35080919458321 34.72018746315533 62.64919080541679 25.279812536844673
9.07330859066298 84.91337389497899 10.92669140933702 75.08662610502101
54.19442728877739 16.06532142820493 55.80557271122261 25.93467857179507
87.00090765515166 46.09526661366281 96.99909234484834 45.90473338633719
62.32340749783702 60.230965639476445 71.67659250216298 63.769034360523555
86.06192553794989 66.11406977619923 83.93807446205011 75.88593022380077
78.902659897169 30.91784557606711 77.097340102831 21.08215442393289
83.10013864371173 58.122531910446554 80.89986135628827 67.87746808955345
94.74705390761584 84.05612394379511 93.25294609238416 93.94387605620489
55.502527129082594 73.6713330033132 50.497472870917406 82.3286669966868
20.07545733725641 69.86537827729744 29.92454266274359 68.13462172270256
14.270567285972163 66.05349336241161 15.729432714027837 75.94650663758839
52.82546593342302 89.50237732684592 57.17453406657698 80.49762267315408
33.64887323663951 30.418438840016872 26.35112676336049 23.581561159983128
19.962775989191364 79.10876637734384 22.037224010808636 88.89123362265616
39.870867811204626 84.18037815169234 48.129132188795374 89.81962184830766
20.98882372111111 37.334122551886445 11.011176278888891 36.665877448113555
67.55826708010801 30.980448978504217 68.44173291989199 21.019551021495783
86.3824345914083 81.4515533480682 93.6175654085917 74.5484466519318
86.6628895589213 93.81789743232028 89.3371104410787 84.18210256767972
20.866186842535793 52.17058343189438 13.133813157464207 45.82941656810562
21.999993533464682 95.99195852554664 12.00000646653532 96.00804147445336
45.94243797398496 12.95617421975711 52.05756202601504 5.043825780242891
17.456960987134778 62.612398196963916 10.543039012865222 55.387601803036084
21.17695253655593 25.931794082574644 22.82304746344407 16.068205917425356
6.07689366352267 9.126487550325262 15.92310633647733 10.873512449674738
31.544534299514716 45.21652640911326 34.455465700485284 54.78347359088674
72.5706125224609 23.03266657559503 71.4293874775391 32.96733342440497
66.57644163507078 53.33069332861807 75.42355836492922 48.66930667138193
48.466297877036105 47.53736474033431 55.533702122963895 40.46263525966569
3.832356102421989 70.93023156847231 2.167643897578011 61.0697684315277
18.152059289125198 90.51316306110138 13.847940710874802 81.48683693889862
92.74882947776632 50.43519375285705 83.25117052223368 53.56480624714295
57.2227063957504 46.15180558663423 54.7772936042496 55.84819441336577
87.13531742453564 20.82758316249233 94.86468257546436 27.17241683750767
78.09966569997387 7.122425259588431 75.90033430002613 16.877574740411568
76.76990179853081 59.059630457079244 75.23009820146919 68.94036954292075
26.999876162530253 29.964809669484914 17.000123837469747 30.035190330515086
79.24145669625453 91.99416646336842 78.75854330374547 82.00583353663158
41.993378435529394 78.74276120123504 32.006621564470606 79.25723879876496
40.5562717941766 49.707996589712494 49.4437282058234 54.292003410287506
59.408159654282144 17.978636459645315 68.59184034571786 14.021363540354685
96.9553563564416 51.398198013894614 93.0446436435584 60.601801986105386
46.035766831147775 43.02657692347685 51.964233168852225 34.97342307652315
26.972805356523935 5.479224725887599 17.027194643476065 6.520775274112401
21.35140310234087 45.24086482615403 26.64859689765913 36.75913517384597
10.713811577061 19.008197100588237 11.286188422939 28.991802899411763
4.766390384388809 88.94091547981914 3.233609615611191 79.05908452018086
30.062210066514815 40.78627639718637 39.937789933485185 39.21372360281363
31.033211600245018 95.42466271452362 40.96678839975498 96.57533728547638
79.71296613312661 96.66971561291184 70.28703386687339 93.33028438708816
2.380722832592943 50.259035937897224 7.619277167407057 41.740964062102776
70.69301588751554 37.27500670159947 61.30698411248446 40.72499329840053
12.981675765629696 5.427675772212762 3.0183242343703043 4.572324227787238
72.74613237562711 11.993550963922894 73.25386762437289 2.0064490360771057
37.011468178516864 35.33845275305448 46.988531821483136 34.66154724694552
85.18544077389738 33.85744070180806 82.81455922610262 24.14255929819194
37.021665121709844 27.535046411348716 46.978334878290156 28.464953588651284
2.7549785994957485 28.993992842735654 3.2450214005042515 19.006007157264346
84.01735754745732 3.416262165130853 93.98264245254268 2.583737834869147
24.03922377751194 10.970880473310661 29.96077622248806 19.02911952668934
36.82629403919986 87.6935215856418 27.17370596080014 90.3064784143582
92.92637686364338 33.904266690322636 85.07362313635662 40.095733309677364
