96.98526336155405 13.38360033361151 87.01473663844595 12.61639966638849
77.81615602226407 46.230627371539114 70.18384397773593 39.769372628460886
38.116603046838165 9.909831895163663 31.883396953161835 2.0901681048363376
43.627742055086806 10.272373132098751 40.372257944913194 19.72762686790125
22.9394272890012 87.08904526912741 21.0605727109988 96.91095473087259
36.61186833972488 60.1965543103162 39.38813166027512 69.8034456896838
61.998213988913314 89.13362979095724 52.001786011086686 88.86637020904276
74.58255396490448 58.65774242940304 83.41744603509552 63.34225757059696
3.6047218744970992 38.329565904353885 10.395278125502902 45.670434095646115
57.446196256775046 67.21371580587927 54.553803743224954 76.78628419412073
42.535016612757666 48.53605112343237 35.464983387242334 41.46394887656763
73.48665287478146 64.2067954099135 64.51334712521854 59.793204590086496
80.75224731083733 92.4456044593993 71.24775268916267 95.5543955406007
80.97818341019985 34.9835442130857 87.02181658980015 27.016455786914296
86.37080584423542 17.42817962103248 77.62919415576458 12.57182037896752
21.604362191814637 28.731827373003 16.395637808185363 37.268172626997
50.00058731142485 80.92336600419009 59.99941268857515 81.07663399580991
21.491762967886864 51.67463909127385 26.508237032113136 60.32536090872615
52.86767527240372 26.14268869007675 43.13232472759628 23.85731130992325
25.057071795276926 14.089716260669071 26.942928204723074 23.91028373933093
61.91620769422462 47.08846179057228 52.08379230577538 48.91153820942772
5.830366285918929 86.6529301799373 2.1696337140810704 77.3470698200627
32.00025334999885 55.050333247483984 41.99974665000115 54.949666752516016
73.31798944617385 78.4790939837568 64.68201055382615 83.5209060162432
49.24956391672469 74.94336380260631 50.75043608327531 65.05663619739369
79.1987897533971 65.7518003969705 86.8012102466029 72.2481996030295
56.50890912375187 7.197749471910021 65.49109087624814 2.8022505280899788
49.04556521701944 43.673480498004466 58.95443478298056 42.326519501995534
27.728574029673457 88.59902292795195 36.27142597032655 83.40097707204805
30.518735067054184 26.44774669711137 23.481264932945816 33.55225330288863
48.11093278857767 34.04738808576149 57.88906721142233 31.952611914238506
86.36643743980578 40.04030258157616 87.63356256019422 49.95969741842384
89.41923097549346 31.510287519990428 96.58076902450654 38.48971248000957
64.8243528480802 17.859820343817542 67.1756471519198 8.140179656182458
85.84640339667128 78.19455488449888 78.15359660332872 71.80544511550112
81.37870633994079 55.55235845430315 88.62129366005921 62.44764154569685
59.81076783199365 62.504751117616934 64.18923216800634 71.49524888238307
57.95320724180503 54.936574257910195 66.04679275819497 49.063425742089805
29.104403672481027 63.923785836335554 34.89559632751897 72.07621416366445
64.66965989815075 96.4237444557426 69.33034010184925 87.5762555442574
12.023115058328047 17.572417900932315 7.976884941671953 8.427582099067683
2.5404238403640647 65.21777902703958 5.459576159635935 74.78222097296042
42.90312136579186 66.12179774283418 45.09687863420814 75.87820225716582
14.998960439863627 59.89804647785159 5.001039560136374 60.10195352214841
59.8079526022479 36.62755991950919 50.1920473977521 39.37244008049081
94.10210026168153 83.91871691195252 95.89789973831847 74.08128308804748
87.64775219446301 93.46128808537287 96.35224780553699 88.53871191462713
16.35995964386159 54.95886563061697 17.64004035613841 45.04113436938303
36.82754159851264 93.69813898029395 27.172458401487365 96.30186101970605
40.00037202269326 4.939007471508954 49.99962797730674 5.060992528491046
29.885977981444434 72.06170578073221 20.114022018555566 69.93829421926779
13.71246562437031 22.32887231513324 4.287534375629689 25.67112768486676
17.723746989199633 2.222942122601042 24.276253010800367 9.777057877398958
35.303827004709845 26.2836203222167 44.696172995290155 29.7163796777833
60.61827301053311 28.603708773563223 65.3817269894669 37.39629122643677
89.07634848371548 36.94386121892665 94.92365151628452 45.05613878107335
66.03758553226237 55.61191719242736 75.96241446773763 54.38808280757264
3.037631424578749 94.049530336382 10.962368575421252 87.950469663618
43.903067213946386 86.07089679939317 38.096932786053614 77.92910320060683
95.32807974550296 19.01077524252608 94.67192025449704 28.98922475747392
73.46356636844186 72.60606544746466 66.53643363155814 65.39393455253534
80.02401928520361 22.48950579769228 89.97598071479639 21.51049420230772
75.01437279876352 2.103976325105376 72.98562720123648 11.896023674894625
80.56453552188897 79.70777941422278 75.43546447811103 88.29222058577722
3.7591841956159127 45.19249255784649 10.240815804384088 52.80750744215351
89.89249307810229 85.99884409256221 90.10750692189771 76.00115590743779
18.992912962321473 80.26612055666973 9.007087037678527 79.73387944333027
46.25243313497577 57.4313671997169 55.74756686502423 60.5686328002831
24.745424477386997 45.37348384311417 33.254575522613 50.62651615688583
95.65802840942784 49.59135977905869 88.34197159057216 56.40864022094131
87.2544993540984 66.42512742745724 96.7455006459016 69.57487257254276
21.212499734806375 12.83142864397459 14.787500265193625 5.16857135602541
25.13308319636442 40.09643601695815 30.86691680363558 31.90356398304185
2.657652440776749 30.521287093084826 11.342347559223251 35.47871290691518
11.486178330223279 95.3221176074421 16.51382166977672 86.6778823925579
9.219692823124193 66.46583194627135 18.78030717687581 63.53416805372865
25.880089456003738 83.90719313541844 32.11991054399626 76.09280686458156
58.94518610067152 93.26166780530359 49.05481389932848 94.73833219469641
8.08228096198043 28.903349026179743 17.91771903801957 27.096650973820257
45.840395961530575 39.201774329752126 38.159604038469425 32.798225670247874
46.29754436167102 18.701238645242537 49.70245563832898 9.298761354757463
56.4623566130063 22.757694064821166 59.5376433869937 13.242305935178834
33.02942839696121 19.892880253544927 30.97057160303879 10.107119746455073
66.65748007345493 21.478410919835333 75.34251992654507 16.521589080164667
75.611490872408 36.3233159107389 82.388509127592 43.6766840892611
7.589473410543368 18.277221932059277 2.4105265894566315 9.722778067940723
80.07259764446985 8.848944065716912 89.92740235553015 7.151055934283088
17.552319105716833 15.640085065077399 22.447680894283167 24.3599149349226
45.80982756141823 91.36585461503834 36.19017243858177 88.63414538496166
76.85679011087952 29.188103454612822 67.14320988912048 26.811896545387178
