81.4354413382594 2.367130223724151 74.5645586617406 9.632869776275848
71.68957437431612 13.705883385046244 68.31042562568388 4.294116614953756
73.92283178088127 59.882592408518306 76.07716821911873 50.117407591481694
15.705803927306686 13.17039789160378 18.294196072693314 22.82960210839622
2.462554577871898 59.028968676599035 3.537445422128102 68.97103132340096
40.29962756700844 59.70199251266124 43.70037243299156 50.29800748733876
87.84142501788328 83.75075871177185 78.15857498211672 86.24924128822815
58.29841654758932 81.04946662880619 59.70158345241068 90.95053337119381
16.554119804488806 33.71217367635536 25.445880195511194 38.28782632364464
93.6356998190132 87.75110761914898 88.3643001809868 96.24889238085102
86.75550857945532 29.45561075155036 77.24449142054468 32.54438924844964
47.57446823773874 63.98152524367545 38.42553176226126 68.01847475632455
41.06003583321704 81.22750143631175 50.93996416678296 82.77249856368825
91.62991191983083 38.88783357704231 82.37008808016917 35.11216642295769
82.01284734691416 9.009667825331793 75.98715265308584 16.990332174668207
6.904608869938486 35.37696365442022 3.095391130061514 44.62303634557978
73.66456803685598 91.50921103002497 82.33543196314402 96.49078896997503
29.313559675517414 40.95265582096356 30.686440324482586 31.04734417903644
87.62899021841675 24.890092473346762 78.37100978158325 21.109907526653238
15.965156856861425 42.094037072943436 14.034843143138575 51.905962927056564
69.9115382094278 60.916207694224596 68.0884617905722 51.083792305775404
27.15463090516242 85.48806408927177 22.84536909483758 94.51193591072823
37.41365052729064 43.20400248262253 34.58634947270936 52.79599751737747
55.99875815325515 92.88856874197464 46.00124184674485 93.11143125802536
14.547608894407226 72.69771119970576 9.452391105592774 81.30228880029424
36.49635375499685 89.43286347473561 43.50364624500315 96.56713652526439
47.17207274371656 35.30043008579296 56.82792725628344 32.69956991420704
32.84596217437315 12.231523692238465 23.15403782562685 9.768476307761535
11.300204430120242 86.20845623487493 16.699795569879758 77.79154376512507
85.53425741433398 40.75119072427897 94.46574258566602 45.24880927572103
8.356768332294058 73.98725539320698 7.643231667705942 64.01274460679302
78.97147001877318 62.02155732065797 85.02852998122682 69.97844267934204
78.62730053059273 68.89422538246541 69.37269946940727 65.10577461753459
76.11571889005864 36.839165021271995 67.88428110994136 31.160834978728005
93.50498155057876 80.16913375081967 84.49501844942124 75.83086624918033
69.62249010053542 93.09406577488832 60.377509899464584 96.90593422511168
72.45370685933331 71.2725525760975 63.546293140666684 66.7274474239025
30.7945530107946 59.333140296575436 27.2054469892054 68.66685970342456
69.12017402474132 74.09301726964021 62.87982597525868 81.90698273035979
76.26067721948138 72.81716475292993 81.73932278051862 81.18283524707007
65.92429877607205 10.000573100374822 66.07570122392795 19.999426899625178
4.259296546914154 82.99327200348213 3.740703453085846 73.00672799651787
63.65564825708008 87.47519856451734 72.34435174291991 82.52480143548266
3.2744596431500135 3.665281263812183 10.725540356849987 10.334718736187817
71.66084237858674 39.594382129606515 64.33915762141326 46.405617870393485
89.76450765073635 47.48360069702112 80.23549234926365 50.51639930297888
21.76815787487719 86.47424638665858 26.23184212512281 77.52575361334142
24.526743418108612 50.6854238100313 19.473256581891388 59.3145761899687
8.506960887892891 57.32610068151162 3.4930391121071094 48.67389931848838
5.01680548887783 90.5903996285135 14.98319451112217 91.4096003714865
26.06721662203372 43.38867172998308 29.93278337796628 52.61132827001692
23.031889793780437 16.436190653804832 32.96811020621956 17.563809346195168
72.16898807775073 45.28892350707299 81.83101192224927 42.71107649292701
58.95040574886713 5.702483395948462 49.04959425113287 4.297516604051538
94.08427379736726 18.91542933239934 95.91572620263274 9.08457066760066
90.26604192774248 68.78589092899257 83.73395807225752 61.21410907100743
57.93845876148375 23.919652197544593 50.06154123851625 30.080347802455407
12.397525079740923 24.37944808160413 3.602474920259077 19.62055191839587
37.565866910494705 96.50493839840858 30.43413308950529 89.49506160159142
63.979249833933885 52.00004305712457 64.02075016606612 61.99995694287543
37.29332429544783 35.64432492316632 44.70667570455217 42.35567507683368
61.00011093941133 26.966692616347544 70.99988906058867 27.033307383652456
52.103131468526925 60.37378234685103 55.896868531473075 69.62621765314897
21.806253396136 71.13822931658882 16.193746603864 62.86177068341118
29.991182286420056 2.703184596547541 20.008817713579944 3.296815403452459
83.66942211194399 54.27075732465795 90.33057788805601 61.72924267534205
9.917184298406049 39.000685891087706 10.082815701593951 48.999314108912294
56.87736469229417 43.899403044542574 47.12263530770583 46.100596955457426
50.70036870699207 51.79191149733065 45.29963129300793 60.20808850266935
96.11141654941231 63.53231951156004 91.88858345058769 54.46768048843996
23.017522659559695 65.59018339444523 26.982477340440305 56.40981660555477
46.41136452249531 9.344512057924373 39.58863547750469 16.655487942075627
25.027267483684376 21.47852965455619 34.972732516315624 22.52147034544381
9.57379184866219 3.674342802339364 18.42620815133781 8.325657197660636
18.77489658726935 51.84758925942738 21.22510341273065 42.15241074057262
2.362525649326357 26.130820595329578 11.637474350673642 29.869179404670422
37.008762005183385 72.29587713514057 46.991237994816615 71.70412286485943
52.95712991172279 87.65334756317232 43.04287008827721 86.34665243682768
3.4535006815500084 14.919292440698655 12.546499318449992 19.080707559301345
61.63540050653927 31.01331099732817 62.36459949346073 40.98668900267183
23.011618996318667 25.65933159507932 32.98838100368133 26.34066840492068
95.46933748310528 33.77923083359047 92.53066251689472 24.220769166409532
55.63176916593525 55.19084785178151 58.36823083406475 64.80915214821849
41.57779563281832 2.989083009135014 32.42220436718168 7.010916990864986
32.63841173315677 73.04092443504157 31.361588266843224 82.95907556495843
53.27423492925435 10.30726786183206 56.72576507074565 19.69273213816794
41.995064894567236 19.993408559029696 50.004935105432764 14.006591440970302
44.08017854227464 25.109992549635624 35.91982145772536 30.890007450364376
61.59749822511378 73.03454583618044 52.40250177488622 76.96545416381956
96.87175086148729 2.836213460649972 89.12824913851271 9.163786539350028
