95.70346293296014 16.991198830729086 96.29653706703986 7.008801169270914
71.64405139273174 39.14722190706325 62.35594860726825 42.85277809293675
41.9998519154854 13.038481465888804 32.0001480845146 12.961518534111196
33.410068156534756 28.656697303276232 26.589931843465244 21.343302696723768
15.945884495037685 71.1123788503815 18.054115504962315 80.8876211496185
23.056115656606178 88.91010003424533 24.943884343393822 79.08989996575467
90.17004907882306 80.34690644559089 93.82995092117694 89.65309355440911
68.80295554294078 82.50856418795667 73.19704445705922 91.49143581204333
19.41058932677089 16.034862030287215 20.58941067322911 25.965137969712785
73.46108044896701 75.02912827388249 74.53891955103299 84.97087172611751
75.73758971458093 31.99310933608571 76.26241028541907 22.00689066391429
63.605829866535395 67.80169653757454 66.3941701334646 58.198303462425464
96.95269374521878 95.68616664599116 87.04730625478122 94.31383335400884
66.41113099260926 36.277587785489814 71.58886900739074 27.722412214510182
71.6043684274863 19.05069464065598 62.3956315725137 22.94930535934402
21.45415404663904 63.08213461820119 30.54584595336096 58.91786538179881
37.36796597385498 87.1907725054459 34.63203402614502 96.8092274945541
40.925682375012954 65.85886735907633 31.074317624987046 64.14113264092367
41.674469098187 2.2253623890791605 32.325530901813 5.7746376109208395
22.590588875842887 69.64265116324302 31.409411124157113 74.35734883675698
60.82559972293367 89.93136746729463 59.17440027706633 80.06863253270537
39.86238593517999 79.83500943464601 30.13761406482001 82.16499056535399
50.01489206389752 61.61438508145032 59.98510793610248 62.38561491854968
86.69950518453908 85.63642134184906 79.30049481546092 92.36357865815094
56.56888383951851 76.79081480911219 59.43111616048149 67.20918519088781
69.46321591922835 65.64884298889824 64.53678408077165 74.35115701110176
48.802250528089964 11.508909123751875 53.197749471910036 20.491090876248123
49.01301830884159 25.57687199823947 44.98698169115841 16.42312800176053
7.648606180037451 77.81391054584181 10.35139381996255 68.18608945415819
14.772366758971042 8.669666117578561 23.227633241028958 3.3303338824214395
57.01973065588487 50.44375360287788 66.98026934411513 49.55624639712212
70.52116514171163 56.3422779442747 75.47883485828837 47.6577220557253
95.74235369255241 58.8191512554334 90.25764630744759 67.1808487445666
81.16622059566913 30.929991065398966 82.83377940433087 21.070008934601034
95.96990678844591 54.45225323902444 86.03009321155409 55.54774676097556
84.69332325480019 75.78739868428633 79.30667674519981 84.21260131571367
49.73264835212453 77.54364313537657 54.26735164787547 86.45635686462343
36.462411399013085 76.53347801608662 43.537588600986915 69.46652198391338
26.569442275557275 66.68263980996028 35.43055772444272 71.31736019003972
65.0583840389719 87.88669860192437 62.941615961028106 78.11330139807563
40.32796677772141 7.78104058626555 49.67203322227859 4.21895941373445
16.877570166269813 85.12761339091894 19.122429833730187 94.87238660908106
43.1514624418526 77.19198349988355 50.8485375581474 70.80801650011645
12.641403761873725 44.85940074197695 3.3585962381262737 41.14059925802305
55.202581277056474 28.665756737594883 58.797418722943526 19.334243262405117
72.49290220349012 61.16473311350284 81.50709779650988 56.83526688649716
74.37247203382364 68.44108134960632 81.62752796617636 61.55891865039368
46.98556680168604 58.37963622841614 37.01443319831396 57.62036377158386
29.56829415508756 87.71002737387019 24.43170584491244 96.28997262612981
27.873858895071248 49.90220986007606 34.12614110492875 42.09779013992394
11.777155618080986 59.15781272701901 6.222844381919015 50.84218727298099
17.287534375629747 33.67112768486693 26.712465624370253 30.328872315133072
3.7569250856590157 18.645054871130323 12.243074914340983 13.354945128869677
44.093143750434216 53.039395114473585 53.906856249565784 54.960604885526415
90.99984784776353 16.960993600340185 81.00015215223647 17.039006399659815
86.26630221498212 41.610001639787 95.73369778501788 38.389998360213
40.38067612893856 32.805593972338826 37.61932387106144 23.194406027661177
14.46853000185714 51.311804685801825 19.53146999814286 42.688195314198175
12.04308296406375 88.99981438237536 11.95691703593625 79.00018561762464
86.62810620194035 50.107743943447076 77.37189379805965 53.892256056552924
42.66457266351895 23.5789391368115 47.33542733648105 32.4210608631885
82.0002911527359 11.053957785250125 91.9997088472641 10.946042214749875
54.111075547399444 3.9190545816972033 59.888924452600556 12.080945418302797
52.37910687995793 49.41317693796065 43.62089312004207 44.58682306203935
27.716018936408055 34.33892643406722 18.283981063591945 37.66107356593278
96.32858014416433 81.98919182722622 95.67141985583567 72.01080817277378
54.95071948632123 66.70026892531315 45.04928051367877 65.29973107468685
50.242755322895114 36.70104373530551 57.757244677104886 43.29895626469449
63.40155883433827 3.7282201006378495 68.59844116566173 12.271779899362151
86.1088781649445 46.03775102729089 95.8911218350555 43.96224897270911
28.696107330785516 39.75290463911765 35.303892669214484 32.24709536088235
25.241234993716283 7.351995897269715 16.758765006283717 12.648004102730285
38.363639415073926 37.128059689374695 47.636360584926074 40.871940310625305
6.888197324143257 23.001250140117904 7.111802675856743 32.998749859882096
4.506752536650681 87.97425390049584 3.4932474633493196 78.02574609950416
16.062505975987897 62.08158089474688 23.937494024012103 55.91841910525312
5.319933129112155 93.24017782602387 14.680066870887845 96.75982217397613
48.62637427965423 94.44229713764838 41.37362572034577 87.55770286235162
3.405929361421478 71.73908628315858 6.594070638578522 62.260913716841415
60.28843481209564 27.05089149610128 61.71156518790436 36.94910850389872
9.071894164528523 3.054944076196687 2.928105835471477 10.945055923803313
77.87428653556418 12.091268374413303 72.12571346443582 3.9087316255866975
32.328397302221376 52.782169530125415 41.671602697778624 49.217830469874585
79.76857778708934 46.67676518664495 76.23142221291066 37.32323481335505
21.78185276792278 52.4810515347213 26.21814723207722 43.5189484652787
11.223742142226513 30.673853658673742 14.776257857773487 21.326146341326258
77.02538120452714 3.5031578676003297 86.97461879547286 2.4968421323996703
24.03404399164077 16.417521740284755 33.96595600835923 17.582478259715245
66.96427733871218 96.59661587671522 57.035722661287814 95.40338412328478
96.69084050434147 32.26909984030578 87.30915949565853 35.73090015969422
