96.91975163361361 37.91467770382403 95.08024836638639 28.085322296175967
49.22863388352751 49.668080860671786 40.77136611647249 44.331919139328214
68.69084124961572 45.21418715405077 63.309158750384285 36.78581284594923
35.027401437534415 40.52274614925907 44.972598562465585 39.47725385074093
4.191706014184274 57.8631552012154 9.808293985815727 66.13684479878461
20.508967613754518 71.33529210673008 25.491032386245482 62.66470789326992
94.8718603473564 59.0016422467554 95.1281396526436 68.99835775324459
66.18666408723536 63.5035013433122 61.81333591276464 72.4964986566878
32.165212522829336 29.27468821701375 41.834787477170664 26.72531178298625
86.98363028928735 75.0000267968147 87.01636971071265 84.9999732031853
90.70941330423499 32.69871324463458 87.29058669576501 23.301286755365417
80.13586251704155 71.80974042219754 71.86413748295845 66.19025957780246
81.8778832752729 87.92232881418909 80.1221167247271 78.07767118581091
59.776918261947635 30.673602624352757 56.223081738052365 21.326397375647243
86.92321607397267 5.872893744379656 77.07678392602733 4.127106255620344
3.9874989198778232 42.09848534805412 2.0125010801221768 51.90151465194588
60.047191510239806 93.31466208060596 69.95280848976019 94.68533791939404
15.73117147968727 55.18816216836727 10.26882852031273 46.81183783163273
79.70472885076673 17.307213409563033 70.29527114923327 20.692786590436967
14.662513294373284 70.01140272987233 15.337486705626716 79.98859727012767
45.206005494156926 68.42042834312274 54.793994505843074 65.57957165687726
29.254126308474465 83.15983810163418 26.745873691525535 92.84016189836582
25.911260875074237 41.11997468061324 28.088739124925763 50.88002531938676
95.05924677245642 95.91933479414442 86.94075322754358 90.08066520585558
54.99573024145365 89.79341017782706 45.00426975854635 90.20658982217294
66.18136462031967 80.14267979646773 59.81863537968033 87.85732020353227
29.036474112536602 33.39716439680398 38.9635258874634 34.60283560319602
39.22822215378036 15.66873329845472 30.771777846219642 10.33126670154528
8.817432467859872 89.85814100576836 11.182567532140128 80.14185899423164
19.12287285165499 2.898350882142556 28.87712714834501 5.101649117857444
49.01164564711481 62.01546506459978 56.98835435288519 55.98453493540022
60.12271777693279 50.89903764071948 69.87728222306721 53.10096235928052
84.45679850757725 66.61255367821873 77.54320149242275 59.38744632178126
76.73971634498332 36.83856229771797 79.26028365501668 27.16143770228203
90.84640339667128 54.19455488449888 83.15359660332872 47.80544511550112
57.71590402871268 74.33860023113897 48.28409597128732 77.66139976886103
41.57769163783741 78.71566740084023 36.42230836216259 87.28433259915977
29.134499268556354 71.9025733004609 34.865500731443646 80.0974266995391
55.5538284548774 81.93538226212479 46.4461715451226 86.06461773787521
75.98261465970373 76.41659471060672 66.01738534029627 75.58340528939328
61.70821991252529 8.565272632831746 70.29178008747472 3.4347273671682528
25.831755775921508 77.78789046362174 18.168244224078492 84.21210953637826
92.07403635820724 80.08648889956704 93.92596364179276 89.91351110043296
7.796682143471899 32.936121712668054 6.203317856528101 23.063878287331946
95.950504931506 15.70178410008682 86.049495068494 14.29821589991318
83.02502909172982 40.96691472615659 90.97497090827018 47.03308527384341
37.01533863044528 74.39134515567316 46.98466136955472 73.60865484432684
36.30357997309636 57.246820100054265 29.696420026903642 64.75317989994574
22.66501428874404 87.20065520652268 13.33498571125596 90.79934479347732
35.675871655258376 69.42701111780494 40.324128344741624 60.57298888219506
23.93179836636108 31.912407943610425 22.06820163363892 22.087592056389575
15.02323236713891 9.481439433891971 24.97676763286109 8.518560566108029
53.2200441403065 10.53302284292434 62.7799558596935 13.46697715707566
52.99719624759496 51.99626529829733 45.00280375240504 58.00373470170267
96.04013544414599 9.969581398743104 89.95986455585401 2.030418601256896
90.52217641494357 60.54884112098798 83.47782358505643 53.45115887901202
16.34964421108428 31.41352150570473 11.650355788915721 22.58647849429527
13.862710060165021 60.17481826111353 6.137289939834979 53.82518173888647
22.794254778283673 93.58045038096438 13.205745221716327 96.41954961903562
73.76165378566743 61.52533708584005 64.23834621433257 58.47466291415995
29.038932866977472 21.37725374216811 38.96106713302253 22.62274625783189
75.01461382350261 9.617999121481606 84.98538617649739 10.382000878518394
43.020706228870175 14.096839416271752 44.979293771129825 23.903160583728248
58.336324176043064 35.48923535252584 49.663675823956936 30.510764647474158
45.95611525883744 3.6610004093180866 36.04388474116256 2.3389995906819134
88.55751738178505 64.21259528594587 91.44248261821495 73.78740471405413
33.33234879299451 53.5038521806914 24.667651207005495 58.4961478193086
47.73844654310297 35.2102415581197 54.26155345689703 42.7897584418803
58.90032820924949 40.07673161896545 65.09967179075052 47.92326838103455
96.6075127149228 53.96295560137375 95.3924872850772 44.03704439862625
19.27310081983159 62.94687958028801 20.72689918016841 53.05312041971199
59.999205360196896 4.089139029490948 50.000794639803104 3.9108609705090522
49.651601775364256 19.585815389165553 54.348398224635744 28.414184610834447
5.000060248193725 3.0245454335347164 14.999939751806275 2.9754545664652836
5.858211995096932 95.64187981116248 2.141788004903068 86.35812018883752
14.223727146700568 40.72284218606522 21.77627285329943 47.27715781393478
35.28993279412743 93.32212428464926 44.71006720587257 96.67787571535074
71.83262682724605 80.87977849411394 66.16737317275395 89.12022150588606
4.4554521874114705 17.30409995579226 9.54454781258853 8.69590004420774
78.59360434500277 44.035361656515775 77.40639565499723 53.964638343484225
12.05494407619669 33.92810583547148 19.94505592380331 40.07189416452852
86.71744942293259 38.69578188161125 83.28255057706741 29.30421811838875
32.59758801315939 45.33617786023894 39.40241198684061 52.66382213976106
64.60428366607712 30.735638702303852 61.39571633392287 21.264361297696148
3.037424975491833 81.02779706839364 8.962575024508167 72.97220293160636
38.04636582990862 9.32065582441362 47.95363417009138 10.67934417558638
64.42434071042314 18.015773317044598 73.57565928957686 13.984226682955402
20.103707278875536 13.98692666155722 29.896292721124464 16.01307333844278
84.95310887246112 93.68316359501003 75.04689112753888 92.31683640498997
73.58735368975829 26.034618278205862 72.41264631024171 35.96538172179414
