96.69384953726461 22.212264791128312 91.30615046273539 13.787735208871686
48.319172593218546 48.51887834362635 39.680827406781454 43.48112165637365
65.83627507251707 32.11771097978213 60.16372492748294 23.88228902021787
33.714217269961686 37.575279866520404 42.285782730038314 32.424720133479596
2.945884495037685 54.1123788503815 5.054115504962315 63.8876211496185
23.4647605601429 65.75847032798433 26.5352394398571 56.24152967201567
96.30798353992368 73.00949440045038 95.69201646007632 82.99050559954962
60.21212468167191 74.06246493857822 61.78787531832809 83.93753506142178
30.07948794223724 24.11199037763587 39.920512057762764 25.88800962236413
84.15813680958998 75.00250135073028 83.84186319041002 84.99749864926972
92.46115896194213 29.781737601326135 89.53884103805787 20.218262398673865
79.77663359212235 69.4777589541628 70.22336640787765 66.5222410458372
74.22750143631168 90.93996416678294 75.77249856368832 81.06003583321706
57.93019952870315 29.090878785164755 50.06980047129685 22.909121214835245
72.69684495139423 8.714540026526826 63.30315504860578 5.2854599734731735
6.985001898059808 37.410907773350054 3.014998101940192 46.589092226649946
50.898152227084296 90.14083144116573 59.101847772915704 95.85916855883427
17.779784474284085 48.27310698388565 10.220215525715915 41.72689301611435
84.50201147291986 17.824708594763 75.49798852708014 22.175291405237
18.749627722343394 67.00627256224561 19.250372277656606 76.99372743775439
50.83077331011688 68.75999072613773 59.16922668988312 63.24000927386228
25.481517795234886 71.02323994823217 24.518482204765114 80.97676005176783
25.324650689939432 35.28903357162465 28.675349310060568 44.71096642837535
92.90089753778732 95.12777850873186 85.09910246221268 88.87222149126814
26.87897424189611 92.0934396859975 17.12102575810389 89.9065603140025
51.17012540043242 84.24136734147723 42.82987459956758 89.75863265852277
24.12667830589552 27.881637059908257 33.873321694104476 30.118362940091743
42.77486798156338 16.483453996132283 33.22513201843662 13.516546003867715
9.853338716471814 67.99784858393228 10.146661283528186 58.002151416067726
30.91788011251114 9.88726466126123 39.08211988748886 4.112735338738768
42.11093278857767 64.0473880857615 51.88906721142233 61.95261191423851
59.615121772250724 49.59732587981425 68.38487822774927 54.40267412018575
85.75849914466085 67.29752697935645 78.24150085533915 60.702473020643545
81.99467430462403 35.89788936647377 84.00532569537597 26.10211063352623
85.298786272516 49.5535145551236 76.701213727484 44.4464854448764
56.478278696244026 70.7762599255383 47.521721303755974 75.2237400744617
38.12759884646984 87.1288070412434 35.87240115353016 96.8711929587566
30.457679651425593 75.2438200262844 33.54232034857441 84.7561799737156
56.99802274854497 80.14060087135941 47.00197725145503 79.85939912864059
77.78711766410231 73.44343495525071 68.21288233589769 70.55656504474929
56.53973010005561 15.259644312640834 65.4602698999444 10.740355687359166
15.668756836966654 79.21038842279194 6.331243163033345 82.78961157720806
89.42322080293053 84.50619826329383 96.57677919706947 91.49380173670617
7.950801350647212 28.036430525726733 2.049198649352788 19.963569474273267
87.14184245785889 8.800917894954704 78.85815754214111 3.1990821050452958
81.9726998620943 42.036749487602385 90.0273001379057 47.963250512397615
37.68618587379564 77.7441468904102 44.31381412620436 70.2558531095898
32.407897889400374 61.20231060477838 29.592102110599626 70.79768939522162
20.92263600938234 85.1238409281801 11.077363990617659 86.8761590718199
34.98615408443954 72.89613280656289 37.01384591556046 63.10386719343711
21.272200808111535 32.83544259647867 18.727799191888465 23.164557403521332
20.230747866142504 13.498589302124254 29.769252133857496 16.501410697875745
48.07689366352267 18.126487550325262 57.92310633647733 19.873512449674738
55.60133857704575 49.53151899911761 48.39866142295425 56.46848100088239
93.74171143209603 9.316563818008317 86.25828856790397 2.6834361819916825
88.4464410476951 58.28673610400764 79.5535589523049 53.71326389599236
13.296596666098853 28.82895817806091 10.703403333901147 19.17104182193909
15.185957313928574 56.85352773362604 8.814042686071426 49.14647226637396
25.967797016689982 96.566562265745 16.032202983310018 95.433437734255
70.81198661143426 62.35822857110924 61.18801338856574 59.64177142889076
16.222441377006774 17.525234390195152 25.777558622993226 20.474765609804848
61.29024934888602 17.678764070479065 70.70975065111398 14.321235929520935
45.02268174004187 27.407591862776552 48.97731825995813 36.59240813722345
52.10287199735804 45.857698614846434 43.89712800264196 40.142301385153566
30.9956022482404 2.7903379448363164 21.0043977517596 3.2096620551636836
90.93298428866086 65.00044913072847 91.06701571133914 74.99955086927153
36.75665489105308 46.459144962230134 27.24334510894692 49.540855037769866
60.36017604811645 42.57192742210804 67.63982395188354 49.42807257789196
62.90032820924949 36.07673161896545 69.09967179075052 43.92326838103455
95.21600274365099 67.93815231660965 96.78399725634901 58.061847683390354
18.70215686728671 60.44071130985142 23.29784313271329 51.55928869014858
52.98113675592811 4.566091462699834 43.01886324407189 5.433908537300166
51.9207641076618 31.06067184416731 58.0792358923382 38.93932815583269
5.293198478157983 2.3129850522340725 14.706801521842017 5.6870149477659275
4.506752536650681 96.97425390049584 3.4932474633493196 87.02574609950416
16.523720128370094 37.40618889560111 23.476279871629906 44.59381110439889
42.03321160024502 95.42466271452362 51.96678839975498 96.57533728547638
68.11313881395752 85.08740920552236 61.88686118604248 92.91259079447764
7.87486526128881 15.825466932646384 16.12513473871119 10.174533067353616
72.85979930486697 47.131741340600506 75.14020069513303 56.868258659399494
3.002768627370388 32.83363110745584 12.997231372629612 33.16636889254416
96.120178367039 46.52822743376918 91.879821632961 37.47177256623082
31.47284660855919 55.877529229797034 40.52715339144081 60.122470770202966
72.70228427666551 34.20685864845568 67.29771572333449 25.79314135154432
3.31955391504761 77.98977808077451 2.68044608495239 68.01022191922549
46.338101341096376 11.807401696943046 55.661898658903624 8.192598303056954
66.84389061957678 21.77970408820043 75.15610938042322 16.22029591179957
35.494232720514226 18.832498852799528 44.505767279485774 23.167501147200472
81.9495392418281 95.29143716326377 72.0504607581719 96.70856283673623
78.06511238387353 29.000423980229293 77.93488761612647 38.99957601977071
