78.90135484364171 13.988291807468757 69.09864515635829 12.011708192531243
52.15268277893268 55.997668253197425 51.84731722106732 46.002331746802575
70.97825333113722 45.01621800896938 65.02174666886278 36.98378199103062
9.019035610120405 20.435882721326962 18.980964389879595 19.564117278673038
2.462554577871898 51.028968676599035 3.537445422128102 60.971031323400965
23.184839530814912 80.99658226669472 22.815160469185088 71.00341773330528
91.92903286230349 68.44905557992837 96.07096713769651 77.55094442007163
63.372634948727104 73.19210302756673 60.627365051272896 82.80789697243327
23.072513950516694 34.848458149909234 32.927486049483306 33.151541850090766
81.70736805783937 66.23721181921391 88.29263194216063 73.76278818078609
82.79535803855978 43.145596873341546 77.20464196144022 34.854403126658454
63.365009324937915 65.43858434203229 54.634990675062085 60.561415657967714
75.71536640132034 84.83215443846152 78.28463359867966 75.16784556153848
83.90506302574786 31.969719914945166 74.09493697425214 30.030280085054834
72.72605244855438 6.63230764671159 63.273947551445616 3.3676923532884095
2.9468375003516263 31.000282633125035 3.0531624996483737 40.99971736687497
70.49080026852576 85.67519749496354 75.50919973147424 94.32480250503646
2.969752003908754 74.89270774383162 5.030247996091246 65.10729225616838
80.88687656933313 27.05756200579581 71.11312343066687 24.94243799420419
11.575501668123014 67.01805247255317 12.424498331876986 76.98194752744683
49.082556099192956 61.881400648594635 46.917443900807044 52.118599351405365
36.12193305501381 90.16986433364326 27.878066944986188 95.83013566635674
10.875577346002682 25.17349371640647 19.124422653997318 30.82650628359353
91.90346594986742 94.02223638925825 82.09653405013258 95.97776361074175
39.634790355299614 79.566590750723 32.365209644700386 86.433409249277
51.262200887978715 86.05473433774276 52.737799112021285 95.94526566225724
30.900480938306636 18.13749349995275 39.099519061693364 23.86250650004725
44.75868385685611 21.297316433739606 37.24131614314389 14.702683566260394
10.9813689440737 61.90274565887398 9.0186310559263 52.09725434112602
52.264743953825665 29.39458722530017 61.735256046174335 32.60541277469983
15.036299928164855 57.39860030190915 24.963700071835145 58.60139969809085
70.51482026021378 54.225668513757284 73.48517973978622 63.774331486242716
84.29752697935652 57.24150085533921 77.70247302064348 64.75849914466079
78.96714694632063 45.02443027010534 73.03285305367937 36.97556972989466
88.34269652040459 54.47810147727366 79.65730347959541 49.52189852272634
65.98394486890236 91.40036676153474 56.01605513109764 90.59963323846526
57.475390703496764 68.40532901950009 50.524609296503236 75.59467098049991
28.69874372262822 72.04906501657639 27.30125627737178 81.95093498342361
76.73852520840015 69.59573771320865 67.26147479159985 66.40426228679135
87.35966838997865 81.18842002360006 84.64033161002135 90.81157997639994
66.13769245215869 24.359761795203475 69.86230754784131 33.640238204796525
19.993022206571922 91.26406295590195 10.00697779342808 90.73593704409805
91.52480143548264 83.65564825708009 96.47519856451736 92.34435174291991
3.710413602569249 26.94927393799177 2.289586397430751 17.05072606200823
96.9928312801349 3.267648665430231 87.0071687198651 2.732351334569769
92.10199612813263 40.07856913601041 85.89800387186737 47.92143086398959
47.831619175675534 91.65243712427129 44.168380824324466 82.34756287572871
41.55339873643882 87.03071938420581 40.44660126356118 96.96928061579419
24.963704349083507 86.6013643944311 15.036295650916493 85.3986356055689
35.44736493223229 76.2993085735735 40.55263506776771 67.7006914264265
35.57689422131842 63.987032219119726 26.42310577868158 68.01296778088027
10.0545928947026 13.263149565465294 19.9454071052974 14.736850434534706
60.346884590395305 40.586094933348505 67.6531154096047 47.413905066651495
55.66132341588438 36.59489929013888 48.33867658411562 43.40510070986112
96.0390063996599 21.999847847763526 95.9609936003401 12.000152152236474
76.61000163978692 58.73369778501791 73.38999836021308 49.26630221498209
33.37435353886481 25.42178263207517 24.625646461135194 20.57821736792483
28.680828296605586 39.2422040910002 19.319171703394414 42.7577959089998
21.990640401481212 96.30579140456112 12.009359598518788 95.69420859543888
51.13354882119115 68.18685689257917 42.86645117880885 73.81314310742083
20.151805586634225 25.777293604249614 29.848194413365775 28.222706395750386
82.64314623411842 10.546874389126502 91.35685376588158 15.453125610873498
47.71262471147524 24.008265287142624 48.28737528852476 33.99173471285738
23.926180461605405 53.85600587597115 14.073819538394593 52.14399412402885
59.999728813124065 9.052074900067261 50.000271186875935 8.947925099932739
87.25101360198974 60.43567005030476 96.74898639801026 63.56432994969524
35.53867699261748 54.467611977440804 28.461323007382514 61.532388022559196
58.54727975585171 46.03004176387418 57.45272024414829 55.96995823612582
50.01929878451689 13.097120731044875 51.98070121548311 22.902879268955125
92.70412008961544 55.829150573119634 95.29587991038456 46.170849426880366
30.260471213133382 48.68764755497492 33.739528786866614 39.31235244502508
46.45588457847364 4.731720338379597 37.54411542152636 9.268279661620403
39.70476655199581 28.170675998116177 42.29523344800419 37.82932400188382
3.300744746570838 12.363853529804285 10.699255253429161 5.636146470195715
8.50675253665068 86.97425390049584 7.493247463349319 77.02574609950416
15.000835774307925 47.091416872406306 24.999164225692077 46.908583127593694
65.81237471086293 84.8521481041172 72.18762528913707 77.1478518958828
81.73976190115576 82.05502757039046 80.26023809884424 91.94497242960954
27.3775617453098 6.906059962744257 36.622438254690195 3.0939400372557433
61.97827564941144 52.016385818247436 68.02172435058856 59.983614181752564
7.6658120525592395 31.50704696469042 16.33418794744076 36.49295303530958
95.96172264399692 37.90663729615544 94.03827735600308 28.09336270384456
39.9705716030387 49.10711974645509 42.0294283969613 58.89288025354491
80.99602344733457 18.19937330233329 71.00397655266543 17.80062669766671
3.1452185077604216 94.99789071359147 2.8547814922395784 85.00210928640853
56.30726786183206 17.72576507074564 65.69273213816794 14.274234929254357
57.89303614068864 24.85181483590895 66.10696385931135 19.14818516409105
15.384555357747708 3.546225247818092 22.615444642252292 10.453774752181907
67.98869843156844 96.33598803381463 58.01130156843156 95.66401196618537
88.10995200834822 22.079856244726518 89.89004799165178 31.920143755273482
