87.99013396917226 2.686052600404026 78.00986603082774 3.313947399595974
73.93354577828073 11.611008644894603 70.06645422171927 2.3889913551053974
74.69075967626313 46.748190027166956 81.30924032373687 39.251809972833044
18.13203229532036 5.904299663682095 23.86796770467964 14.095700336317904
13.334575024078092 32.274331011912814 6.665424975921909 39.725668988087186
42.4647605601429 58.75847032798433 45.5352394398571 49.24152967201567
91.5061476871951 75.23224170659242 88.4938523128049 84.76775829340758
41.05640394110627 73.95831195636461 46.94359605889373 82.04168804363539
9.541181084162531 18.389380703058695 16.45881891583747 25.610619296941305
96.15813680958998 77.00250135073028 95.84186319041002 86.99749864926972
82.99925118888083 29.913469366848368 73.00074881111917 30.086530633151632
63.75011563780574 77.56089763516809 54.24988436219426 74.43910236483191
41.16784556153846 84.71536640132041 50.83215443846154 87.28463359867959
88.8967675652743 38.99893419284757 89.1032324347257 29.00106580715243
88.97310115634777 7.482057060350779 79.02689884365223 8.51794293964922
6.157957756650006 22.13593443364359 3.8420422433499937 31.86406556635641
76.007419912148 96.27229408069891 85.992580087852 95.72770591930109
17.963384937453874 45.906311186857906 16.036615062546126 36.093688813142094
86.81135119109533 14.639522247169918 77.18864880890467 17.360477752830082
20.098582433525134 61.0009719440875 19.901417566474866 70.99902805591249
58.082556099192956 63.881400648594635 55.917443900807044 54.118599351405365
18.005413937332577 77.09991851456043 19.994586062667423 86.90008148543957
34.60102466585907 45.01594355140844 35.39897533414093 54.98405644859156
67.62680937721852 93.10457524895268 58.373190622781486 96.89542475104732
5.924052866210786 73.38502214869605 2.0759471337892133 82.61497785130395
36.14267979646773 86.81863537968033 43.85732020353227 93.18136462031967
47.00000430268339 33.00655948285503 56.99999569731661 32.99344051714497
43.44472792477228 11.290064120226662 34.55527207522772 6.709935879773338
13.591972525866204 93.98332354762883 14.408027474133796 84.01667645237117
55.747247555840275 40.370533010533606 64.25275244415973 45.629466989466394
2.1396445095312533 71.92542266511416 3.8603554904687467 62.07457733488584
68.32973861638698 64.77274271623017 73.67026138361302 73.22725728376983
96.98617215683443 71.37160089129206 87.01382784316557 70.62839910870794
71.64890644653562 42.84056210201113 62.35109355346439 39.15943789798887
94.36437435375986 65.69878158421972 87.63562564624014 58.301218415780276
89.99973240318293 89.05172906883627 80.00026759681707 88.94827093116373
66.19176255868443 73.72564242915526 57.80823744131557 68.27435757084474
42.46463789348477 45.219326842277496 39.53536210651523 54.780673157722504
74.35655647033369 77.54634645461229 65.64344352966631 82.45365354538771
75.38995268590331 67.5405840969922 82.61004731409669 74.4594159030078
67.44729588633427 8.02004755142497 66.55270411366573 17.97995244857503
8.78961157720814 94.66875683696662 5.21038842279186 85.33124316303338
75.10339754492948 84.01157520580396 84.89660245507052 81.98842479419604
5.946295518110993 2.072974210309554 14.053704481889007 7.927025789690446
71.77746664196012 19.72421829651631 64.22253335803988 26.27578170348369
94.91379632059805 44.07555112652076 85.08620367940195 45.92444887347924
31.372472033823648 85.44108134960632 38.62752796617635 78.55891865039368
26.943670820332756 68.00031730771661 27.056329179667244 77.99968269228339
10.944999498360016 60.07196662708748 3.0550005016399844 53.92803337291252
17.200999497725434 96.40342230963044 26.799000502274566 93.59657769036956
28.311203709041617 47.29383732881605 31.688796290958383 56.70616267118395
32.73563915908912 11.389401099650534 41.26436084091088 16.610598900349466
56.04940754202795 49.29883360386404 65.95059245797205 50.70116639613596
66.04900985408948 3.0664834751639276 57.950990145910524 8.933516524836072
93.16319013414089 25.650390254234864 96.83680986585911 16.349609745765136
78.52217641494357 64.54884112098799 71.47782358505643 57.45115887901202
43.924487829256385 35.86569025609955 34.075512170743615 34.13430974390045
25.43838241038796 34.3023382851264 16.56161758961204 29.697661714873597
36.966432020566195 96.04424326002821 29.03356797943381 89.95575673997179
68.01470948251367 54.42387219353857 63.985290517486334 63.57612780646143
34.1120871378504 38.94723798889183 43.8879128621496 41.05276201110817
78.02401928520361 25.48950579769228 87.97598071479639 24.51049420230772
51.01437279876352 63.10397632510538 48.98562720123648 72.89602367489462
20.00064039520757 55.99914594980528 11.999359604792433 50.00085405019472
46.4311494817607 7.316228458138769 37.5688505182393 2.6837715418612307
78.29380913544543 56.79565332012197 83.70619086455457 65.20434667987803
13.043907839268648 70.1101885084276 10.956092160731352 79.8898114915724
69.73225928676679 27.672802888865306 62.26774071323321 34.327197111134694
49.00883261344702 55.421289315631356 44.99116738655298 64.57871068436864
96.6260935950521 60.728194118279255 93.3739064049479 51.271805881720745
31.17892542142906 75.65657464014942 34.82107457857094 66.34342535985058
51.34704789386353 13.285532286291387 44.65295210613647 20.714467713708615
39.04525967799236 20.397936302753138 42.95474032200764 29.602063697246862
23.05213538225403 3.7201636789352195 32.94786461774597 2.2798363210647805
26.41006400941918 56.380820867200846 21.58993599058082 47.619179132799154
3.4339644847629014 49.0374787541453 12.566035515237099 44.9625212458547
51.04155975568893 82.6433275554462 60.95844024431107 81.3566724445538
71.95731859842341 87.34808565460995 62.04268140157659 88.65191434539005
9.101969805289766 12.99536065590341 18.898030194710234 15.00463934409659
62.36293663386703 12.189344771025134 59.63706336613297 21.810655228974866
20.038267009293016 22.61741860105597 29.961732990706984 21.38258139894403
95.65902155990828 39.98835982096246 96.34097844009172 30.011640179037542
51.35911048870624 38.012912708112964 50.64088951129376 47.987087291887036
57.94781452323801 3.7205077679213727 48.05218547676199 2.2794922320786273
37.708401544096496 60.3174558253794 28.291598455903504 63.6825441746206
49.00108044394103 26.10393878992537 58.99891955605897 25.89606121007463
50.45064259930834 21.521656150471724 57.54935740069166 14.478343849528276
36.359914934922585 24.552319105716805 27.640085065077415 29.447680894283195
57.40870273886039 88.64132661006978 48.59129726113961 93.35867338993022
96.48079112565235 4.658839395866055 91.51920887434765 13.341160604133945
