95.87783390246376 29.99850732165241 96.12216609753624 20.00149267834759
69.8122788401179 38.642807174733974 60.1877211598821 41.357192825266026
42.77013127410745 14.498615236737585 33.22986872589255 11.501384763262415
34.304237884265376 42.951354872992695 35.695762115734624 33.048645127007305
8.024992187633154 77.10618849818559 5.9750078123668455 86.89381150181441
17.140601140457306 83.10168723357181 22.859398859542694 74.89831276642819
96.04637857649786 77.00021510186268 95.95362142350214 86.99978489813732
67.78478824950339 81.14992160873095 70.21521175049661 90.85007839126905
20.151541850090762 32.072513950516694 21.848458149909238 41.927486049483306
79.20166369433441 65.06414555086394 80.79833630566559 74.93585444913606
76.54438924844972 26.755508579455295 73.45561075155028 17.244491420544705
69.33842075767474 44.51442052442958 60.66157924232526 49.48557947557042
91.66098727267298 81.98849379780214 92.33901272732702 72.01150620219786
62.60646575086461 35.801881120611654 65.3935342491354 26.198118879388343
93.9248570588075 16.136412743080395 84.0751429411925 17.863587256919605
13.001472981375917 57.87864249473131 22.99852701862408 58.12135750526869
56.27587841805196 93.63788744392672 65.72412158194804 90.36211255607328
27.042373318342825 72.56384829157602 22.957626681657175 63.436151708423985
54.97450043799054 2.495673327661616 45.02549956200946 3.504326672338384
13.662769691634487 63.2767092688152 20.337230308365513 70.72329073118479
53.47959379824813 68.97694582938995 52.52040620175187 59.02305417061006
29.90538666893159 87.93075826424693 24.09461333106841 96.06924173575307
29.44741892833411 64.9326331757742 38.55258107166589 69.0673668242258
81.92512476219962 79.90267928667899 74.07487523780038 86.09732071332101
48.652713052655905 90.81506156570362 51.347286947344095 81.18493843429638
64.39468749260999 76.61531514822244 55.60531250739001 81.38468485177756
37.59213930693071 25.52199263951277 30.40786069306929 32.47800736048723
49.62867842048819 24.98619296503744 50.37132157951181 15.01380703496256
7.2023282695095 61.995904649946525 6.7976717304905 52.004095350053475
33.658071143195514 2.5205537306792722 42.341928856804486 7.479446269320728
48.11931345790337 54.152819684344486 55.88068654209663 47.847180315655514
66.81998903495025 51.743630502101894 75.18001096504975 46.256369497898106
94.57698475462469 65.98723807768202 85.42301524537531 70.01276192231798
89.81669417790522 31.932850151765784 88.18330582209478 22.067149848234216
95.32684639063591 49.26742808600922 88.67315360936409 56.73257191399078
72.02409516867533 63.032398599298766 63.97590483132468 68.96760140070123
45.38099205298039 80.19449680578558 42.61900794701961 89.80550319421442
31.01238334722151 73.64831814814144 40.98761665277849 74.35168185185856
33.77219301844401 90.9948077019195 34.22780698155599 81.0051922980805
76.22866366903958 78.81781755879244 69.77133633096042 71.18218244120756
59.47335963536236 2.876435306087155 68.52664036463764 7.123564693912845
9.654749585869999 66.58414215638422 14.345250414130001 75.41585784361578
47.0041253732428 74.7969317510697 56.9958746267572 75.2030682489303
12.879906503218141 36.08731434229395 7.120093496781859 27.912685657706046
66.95459564343477 20.889491766152638 69.04540435656523 11.110508233847362
83.04103157721222 60.36075655514222 92.95896842278778 61.63924344485778
65.41431960210194 59.99287111683959 74.58568039789806 56.00712888316041
48.1134259252278 59.157513912494245 39.8865740747722 64.84248608750576
28.071966627087548 80.05500050164004 21.928033372912452 87.94499949835996
34.387273863922644 53.07055510740813 43.612726136077356 56.92944489259187
12.700528163896205 27.36245316818108 5.299471836103795 20.63754683181892
14.015588076279691 22.394509536861676 23.98441192372031 21.605490463138324
28.90738544417448 11.99914218081955 29.09261455582552 2.0008578191804505
58.832182157689786 60.002817076411716 59.167817842310214 69.99718292358828
95.43291601725065 8.312845776095466 86.56708398274935 3.687154223904534
75.99550374305252 50.99399561257087 84.00449625694748 45.00600438742913
26.98074710096318 25.561641338346245 17.01925289903682 26.438358661653755
11.031691341661915 50.023573499867396 16.968308658338085 41.976426500132604
18.686015266797064 93.37835632415218 11.313984733202938 86.62164367584782
82.99247738387604 52.99436907504068 77.00752261612396 61.00563092495932
44.966077550519685 23.402768325900627 41.033922449480315 32.59723167409937
81.52073047615484 7.778256420566953 90.47926952384516 12.221743579433047
63.482629559547014 12.785043514676794 54.517370440452986 17.214956485323206
48.759106219787505 47.53326709635989 39.240893780212495 44.46673290364011
11.985241962124604 13.616121661105973 2.0147580378753966 14.383878338894027
85.72462748723217 89.40747422827287 94.27537251276783 94.59252577172713
36.237882266859316 59.65336652052432 27.762117733140684 54.34663347947568
47.941257020747315 32.04473877134867 54.058742979252685 39.95526122865133
69.40155883433827 25.72822010063785 74.59844116566173 34.27177989936215
87.90318024198847 47.86636841148626 96.09681975801153 42.13363158851374
26.837347657446614 41.9293862600296 25.162652342553386 32.0706137399704
57.9084937749915 8.04779788864458 48.0915062250085 9.95220211135542
44.16902042225079 37.7869647566719 51.83097957774921 44.2130352433281
6.386293646368957 2.5444065068751742 13.613706353631043 9.455593493124827
3.071289396942805 76.99949175635719 2.928710603057195 67.00050824364281
19.194838592166086 48.38218082922012 28.805161407833914 45.61781917077988
40.056316215237324 94.25167477907358 49.943683784762676 95.74832522092642
62.71344867930254 86.33164705545225 53.28655132069746 89.66835294454775
3.471304055023622 34.97773768771701 2.528695944976378 25.02226231228299
59.77702647807755 23.326438521190582 56.22297352192245 32.67356147880942
22.861215966134274 4.8995801196538045 17.138784033865726 13.100419880346195
84.72975239072545 27.189087237731947 79.27024760927455 18.810912762268053
33.09385026000671 48.03579321265416 42.90614973999329 49.96420678734584
77.59790147397301 38.79938743209099 80.40209852602699 29.20061256790901
3.9395904465439675 46.555734021211855 8.060409553456033 37.444265978788145
16.013371025418763 17.36541958057402 25.986628974581237 16.63458041942598
71.0000383681104 2.9804122581221795 80.9999616318896 3.0195877418778205
32.03404399164077 17.417521740284755 41.96595600835923 18.582478259715245
79.70713068834512 89.64482756634925 72.29286931165488 96.35517243365075
94.99767819233945 38.15235709965315 85.00232180766055 37.84764290034685
