59.79656840217081 5.411712280635305 50.20343159782919 2.588287719364695
70.60718805447299 12.734653794899828 67.39281194552701 3.2653462051001734
84.06942483329152 9.830318327774147 93.93057516670848 8.169681672225853
23.53560773062848 42.53546007969544 16.46439226937152 35.46453992030456
16.703533923474318 95.69610395634415 7.2964660765256815 92.30389604365585
45.98186477242284 76.42546843513044 36.01813522757716 75.57453156486956
84.24260534855974 85.8290558939002 89.75739465144026 94.1709441060998
36.27196364580089 62.809795034826095 41.72803635419911 71.1902049651739
25.99995967594905 27.020080808834926 16.00004032405095 26.979919191165074
54.32191895684359 91.48583681307755 45.67808104315641 96.51416318692245
59.71621356302508 16.654890621520956 52.28378643697492 23.345109378479044
48.926900220333295 89.14814659777652 39.073099779666705 90.85185340222348
61.16471028708643 87.00271368427545 60.83528971291357 96.99728631572455
89.77682924475835 61.47712638810003 80.22317075524165 58.52287361189997
79.2103170322807 10.833257694474568 72.7896829677193 3.166742305525432
42.4829788915372 63.8560503024321 51.5170211084628 68.1439496975679
66.12576957723503 91.88560429568648 75.87423042276497 94.11439570431352
40.01986495213227 11.445258245290814 49.98013504786773 10.554741754709186
94.70472885076673 12.307213409563035 85.29527114923327 15.692786590436965
58.7282583510995 49.21903364431131 65.2717416489005 56.78096635568869
50.217730560015 51.00474290919521 49.782269439985 60.99525709080479
2.95866691010741 84.00017084535082 3.04133308989259 93.99982915464918
29.531915875773173 74.68845712093596 24.468084124226827 83.31154287906404
12.484959079801989 30.77440012266605 9.515040920198011 21.22559987733395
31.850786651395392 70.18926984832501 24.149213348604608 63.81073015167499
28.919033835206967 50.11824702073398 31.080966164793033 59.88175297926602
30.69956991420703 41.17207274371657 33.30043008579297 50.82792725628343
40.84808835285603 17.002308247654522 41.15191164714397 26.997691752345478
21.027850458737625 76.99992243459317 20.972149541262375 67.00007756540683
95.56760857690034 95.74790515381557 92.43239142309966 86.25209484618443
6.5526970666598245 43.75280252263714 3.4473029333401755 34.24719747736286
89.57220012342059 77.35991923082439 96.42779987657941 84.64008076917561
80.67320296358808 91.95447250167122 79.32679703641192 82.04552749832878
54.30374334595937 75.54515092128354 45.69625665404063 70.45484907871646
95.97518535620341 55.49752454353448 86.02481464379659 54.50247545646552
61.69332325480019 71.78739868428633 56.30667674519981 80.21260131571367
81.00857956877657 76.98859452394531 88.99142043122343 83.01140547605469
26.7285383828887 88.37490776829489 17.2714616171113 91.62509223170511
63.741885766747274 48.379224699335985 72.25811423325273 53.620775300664015
94.64309759048717 40.85516704509653 85.35690240951283 37.14483295490347
96.8837483702522 25.36842444976095 93.1162516297478 34.63157555023905
36.61951935081984 53.80565013054833 39.38048064918016 44.19434986945167
66.28179274435185 74.34515248655681 75.71820725564815 77.65484751344319
9.166588610386864 14.720103778129644 18.833411389613136 17.279896221870356
62.70178410008689 28.049495068494 61.29821589991311 37.950504931506
87.76117515319261 28.84410084524803 90.23882484680739 19.15589915475197
54.219049279977995 38.00480056324663 53.780950720022005 47.99519943675337
9.451376153292134 77.69831236745483 14.548623846707866 86.30168763254517
96.99666702908823 49.817466166361925 87.00333297091177 50.182533833638075
2.5130373311265073 12.226223505297234 5.486962668873493 21.773776494702766
18.241352545149702 31.702642071271704 25.758647454850298 38.297357928728296
26.287534375629747 14.671127684866928 35.71246562437025 11.328872315133072
77.34262970654758 41.41724869777566 72.65737029345242 32.58275130222434
66.38402008883408 36.96191180383529 67.61597991116592 27.038088196164708
79.45809010221078 22.354054782546193 74.54190989778922 13.645945217453805
40.212997608853755 32.44381720004997 49.787002391146245 29.556182799950033
84.86569025609963 22.075512170743625 83.13430974390037 31.924487829256375
7.224527174103853 67.52211223324284 2.7754728258961467 76.47788776675716
13.346824011799168 72.95715252220847 14.653175988200832 63.042847477791526
70.6343410909866 37.59504166578099 75.3656589090134 46.40495833421901
65.10647252107452 86.02634731597118 74.89352747892548 83.97365268402882
63.82273537268576 7.14057122726604 66.17726462731423 16.85942877273396
57.0968394162718 67.97929377113005 66.90316058372821 66.02070622886995
19.358317695296652 86.4088930184402 14.641682304703348 77.5911069815598
19.999728813124065 6.052074900067261 10.000271186875935 5.947925099932739
95.0202486892527 60.00004100110976 94.9797513107473 69.99995899889025
7.812142046152225 33.504082121103075 12.187857953847775 42.495917878896925
78.97875263614796 62.46045867138083 69.02124736385204 61.53954132861917
47.745424477387 82.37348384311417 56.254575522613 87.62651615688583
90.95108285085685 71.6976952084909 81.04891714914315 70.3023047915091
51.29784313271325 14.559288690148549 46.70215686728675 23.44071130985145
42.9084937749915 5.047797888644579 33.0915062250085 6.952202111355421
19.95520171148368 52.907910929344446 18.04479828851632 43.092089070655554
10.297423171125937 61.20667071257461 15.702576828874063 52.79332928742539
29.641879811162433 19.141788004902935 20.358120188837567 22.858211995097065
13.018666053818084 10.56836112707994 22.981333946181916 11.43163887292006
76.7571858537092 26.156921124142258 79.2428141462908 35.84307887585774
34.313641546025124 86.25570037197126 27.686358453974876 93.74429962802874
42.57392492846297 48.03304820070813 41.42607507153703 57.96695179929187
67.84761795407418 42.77501013418981 58.15238204592582 45.22498986581019
81.51455286532176 41.02654693911874 80.48544713467824 50.97345306088126
70.82759859394366 21.69835034830673 61.172401406056345 24.30164965169327
39.23474455740333 38.65837140624535 30.765255442596672 33.34162859375465
46.4579969282658 37.090504268437904 55.5420030717342 32.909495731562096
32.676173943828196 78.26473824902278 39.323826056171804 85.73526175097722
25.078885047906432 3.884662437476079 34.92111495209357 2.115337562523921
36.10684612114043 18.001141739717234 35.89315387885957 27.998858260282766
4.9430622597690075 58.95665662553012 11.056937740230993 51.04334337446988
54.911596962294844 54.06785469791698 61.088403037705156 61.93214530208302
91.91231457924093 3.9322904453961534 82.08768542075907 2.0677095546038466
