45.96508849030936 12.999878117163568 46.03491150969064 3.0001218828364307
71.70486412164729 16.20520036186449 66.29513587835271 7.79479963813551
89.09388798031698 27.917210693857438 90.90611201968302 18.082789306142562
2.372257944913352 12.727626867901304 5.627742055086648 3.2723731320986964
2.1171021519162454 76.07856815653726 3.8828978480837546 85.92143184346274
43.15463768548124 77.87920882053822 36.84536231451876 70.12079117946178
79.263668903404 72.05451554282234 80.736331096596 81.94548445717766
49.081488243686 64.0006640774858 48.918511756314 73.9993359225142
17.74795793972126 21.53588681161247 22.25204206027874 30.46411318838753
53.95359203107963 90.67965137359118 44.04640796892037 89.32034862640882
67.97268588718919 19.478085191482805 58.02731411281082 20.521914808517195
55.9211228031166 95.88461876344887 46.0788771968834 94.11538123655113
59.18304979514126 76.50174549497989 54.81695020485874 85.49825450502011
86.99637117654878 41.190460143212775 77.00362882345122 40.809539856787225
92.99289815541027 3.266398216399101 83.00710184458973 2.733601783600899
53.73858566554567 44.404441824850906 44.26141433445433 47.595558175149094
72.02851284073607 90.53321236414199 81.97148715926393 89.46678763585801
38.134025860466956 44.86970074519905 35.865974139533044 35.13029925480095
84.82483075597665 24.311872012119267 75.17516924402335 21.688127987880733
49.579957833595905 36.337354754248864 58.420042166404095 31.662645245751136
66.30841777068127 50.56477651115494 61.69158222931873 59.43522348884506
2.0983577260299606 45.928087413277396 7.901642273970039 54.071912586722604
31.373007609166823 69.30908958812292 24.626992390833177 76.69091041187708
13.719796040304042 67.94791811374871 12.280203959695958 58.05208188625129
14.60266561097922 78.26920738749315 9.39733438902078 69.73079261250685
34.217635048503176 84.31456621797565 25.782364951496827 89.68543378202435
26.818947179653676 31.003279087617095 27.181052820346324 40.996720912382905
36.78833486475642 8.73679314899117 29.21166513524358 15.26320685100883
14.430307436921762 89.63771781316242 7.569692563078239 82.36228218683758
91.56760857690034 83.74790515381557 88.43239142309966 74.25209484618443
11.139644509531253 49.92542266511416 12.860355490468747 40.07457733488584
71.15448326725496 68.23327514881632 80.84551673274504 65.76672485118368
62.94810452424781 71.71851347733937 53.05189547575219 70.28148652266063
57.910561801538435 52.93445821575705 52.089438198461565 61.06554178424295
95.72086033402358 82.94776316923429 94.27913966597642 73.05223683076571
36.76643307894315 87.83504525598067 31.233566921056845 96.16495474401933
78.5025271290826 47.671333003313194 73.4974728709174 56.328666996686806
36.87026266289989 50.90590764076299 31.12973733710011 59.09409235923701
69.51710233684773 78.85622144836628 60.48289766315227 83.14377855163372
94.56338519577697 48.74929749853864 91.43661480422303 39.25070250146136
95.79359021826218 25.063380249049096 94.20640978173782 34.9366197509509
25.34160433634191 56.40824605451655 32.65839566365809 49.59175394548345
76.00034427479893 96.05867392490852 85.99965572520107 95.94132607509148
11.29653150582817 5.303714609998371 20.70346849417183 8.696285390001629
78.44173291989215 3.019551021495797 77.55826708010785 12.980448978504203
81.82174259049526 28.323177384557376 72.17825740950474 25.676822615442624
49.76047978173671 54.831097101799706 44.23952021826329 63.168902898200294
4.990721314301233 68.10292367482452 7.009278685698767 77.89707632517548
42.602280427596924 34.467502807634354 35.397719572403076 27.532497192365646
2.0398595721860415 54.97041334035097 7.9601404278139585 63.02958665964903
19.40637420909441 43.02551219473835 28.59362579090559 46.97448780526165
24.199412934401153 13.248928739877613 31.800587065598847 6.751071260122387
85.90738544417448 18.99914218081955 86.09261455582552 9.00085781918045
50.521903502363585 21.592052999766192 57.478096497636415 14.407947000233808
61.17681986871087 10.861064040101361 54.82318013128913 3.138935959898639
86.04607078055811 56.67718925623481 95.95392921944189 55.32281074376519
63.953393288322175 32.06316937481849 72.04660671167782 37.93683062518151
21.691259200681472 18.372625907714102 14.308740799318528 11.627374092285898
20.088281849298244 61.91617432702309 21.911718150701756 52.08382567297691
60.63895540050574 37.29819244149422 67.36104459949425 44.70180755850578
45.580145597807025 83.64754655457628 52.419854402192975 76.35245344542372
39.87935255987674 13.093395393125617 46.12064744012326 20.90660460687438
74.2873752885249 83.99173471285737 73.7126247114751 74.00826528714263
24.28101271919257 96.4493798416051 19.71898728080743 87.5506201583949
25.976164708936857 3.4876318175953536 16.023835291063143 2.5123681824046464
87.74810782964698 86.53581119876155 92.25189217035302 95.46418880123845
15.56865150991585 49.01864090030621 16.43134849008415 58.98135909969379
96.96995823612583 62.54727975585165 87.03004176387417 61.45272024414835
38.26783239402568 56.16341018685075 35.73216760597432 65.83658981314925
69.6511631068836 84.76073895817923 64.3488368931164 93.23926104182077
17.377044176855204 30.74322860023811 22.622955823144796 39.25677139976189
40.92371243011458 3.8700895962688233 31.076287569885427 2.1299104037311767
18.501020604024344 75.33071610458238 23.498979395975656 66.66928389541762
2.762835166803148 35.99437211688263 3.237164833196852 26.005627883117366
8.43851569304839 19.705957831455237 13.56148430695161 28.294042168544763
8.496402092021551 10.67195222817886 13.503597907978449 19.32804777182114
77.05354256412484 36.72976628798218 86.94645743587516 35.27023371201782
12.768367356025326 96.50421832125262 3.231632643974674 93.49578167874738
31.010962526856527 35.09879556876904 32.98903747314347 44.90120443123096
90.99229264432985 51.722485760059 81.00770735567015 52.277514239941
56.28225873005721 38.30432486967685 59.71774126994279 47.69567513032315
74.60557515104291 31.94645254966465 65.39442484895709 28.05354745033535
51.730953703277514 49.3819527023462 42.269046296722486 52.6180472976538
53.00561140197435 25.236817507611644 62.99438859802565 24.763182492388356
33.36327259319911 76.56864257638128 40.63672740680089 83.43135742361872
39.641970089536855 20.29545750187221 46.358029910463145 27.70454249812779
28.308318862538727 21.29487354801619 31.691681137461273 30.70512645198381
16.55461731180364 37.51634693490643 9.445382688196359 30.48365306509357
69.11225583396771 59.12528083272433 66.88774416603229 68.87471916727567
96.84970804328808 4.891574015755031 91.15029195671192 13.108425984244969
