95.44265016309963 21.968839015233552 96.55734983690037 12.031160984766448
65.39399653740489 49.67161919377318 58.60600346259511 42.32838080622682
66.23559803256775 27.472370896602744 61.76440196743225 18.527629103397256
18.128173163145384 41.12485700055747 27.871826836854616 38.87514299944253
2.9851130252186318 58.00002216225093 3.0148869747813682 67.99997783774907
22.013059021160547 85.01733352999808 29.986940978839453 78.98266647000192
96.4819620583879 76.02328295215867 95.5180379416121 85.97671704784133
63.41202400491677 74.64754507374994 54.58797599508323 79.35245492625006
10.371640518365762 31.108363536837363 19.628359481634238 34.89163646316264
86.72197434462916 73.00773581078128 87.27802565537084 82.99226418921872
87.9656485391927 25.567429707604838 92.0343514608073 16.432570292395162
83.80169653757451 59.39417013346469 74.19830346242549 56.60582986653531
77.71536640132034 79.83215443846152 80.28463359867966 70.16784556153848
69.07129073906358 20.999491737219273 68.92870926093642 11.000508262780729
90.92321607397267 9.872893744379656 81.07678392602733 8.127106255620344
3.5112857190746327 42.02394148430511 4.488714280925367 51.97605851569489
53.00001129855073 96.01062945810756 62.99998870144927 95.98937054189244
23.28747142288727 63.7672976579638 16.71252857711273 56.2327023420362
60.99756285521855 8.843905451280886 51.00243714478145 9.156094548719114
15.141399897006991 71.89775604684846 20.85860010299301 80.10224395315154
63.61452848955893 69.39426053766432 68.38547151044108 60.60573946233567
32.588703946199864 83.25911192166183 29.41129605380014 92.74088807833817
25.245411470042054 44.15758838281093 22.754588529957946 53.84241161718907
80.90346594986742 90.02223638925825 71.09653405013258 91.97776361074175
54.99472546902831 91.22960289423241 45.00527453097169 90.77039710576759
62.9680019577095 82.43523761793598 53.0319980422905 83.56476238206402
19.055769534487442 26.958774076354093 24.944230465512558 35.041225923645904
41.08275681313665 40.886363941845566 32.91724318686335 35.113636058154434
12.066784186727446 80.88487169728626 9.933215813272554 71.11512830271374
31.000056173922225 17.02370097185194 40.999943826077775 16.97629902814806
38.471850318666306 52.12034442094617 47.528149681333694 47.87965557905383
61.51678175498385 56.21376470465006 70.48321824501615 51.78623529534994
94.97936748380198 63.027314722466016 87.02063251619802 56.972685277533984
86.42537905804193 40.966871326404906 87.57462094195807 31.033128673595094
81.79006490057301 46.26119733371725 74.20993509942699 39.73880266628275
56.397943240465416 72.62132489531577 47.602056759534584 77.37867510468423
37.57769163783741 87.71566740084023 32.42230836216259 96.28433259915977
32.65520897800377 65.58389820507205 37.34479102199623 74.41610179492795
48.11511785422691 86.84003609938728 39.88488214577309 81.15996390061272
71.9936758456267 70.99526468648534 66.0063241543733 79.00473531351466
56.07396662205058 4.856851888793019 65.92603337794942 3.1431481112069806
17.046487245972358 84.06300477218926 8.953512754027644 89.93699522781074
86.37469357024398 87.74467790292184 91.62530642975602 96.25532209707816
2.3186886029413443 37.95336398624591 3.6813113970586557 28.04663601375409
82.98957749032793 18.013846619964042 75.01042250967207 11.986153380035956
86.25411519384728 51.42628547483073 95.74588480615272 54.57371452516927
75.31697297560055 61.248070238638434 84.68302702439945 64.75192976136157
45.06190563449805 62.444942903274956 40.93809436550195 71.55505709672504
24.889059761892753 88.95257714143658 15.110940238107245 91.04742285856342
45.281025809713775 71.65265924842734 54.718974190286225 68.34734075157266
13.268629960042421 25.69066709378712 16.73137003995758 16.30933290621288
12.286051643381185 10.333059421835685 21.713948356618815 13.666940578164315
25.076893663522668 2.126487550325262 34.92310633647733 3.873512449674738
56.376334881384224 47.58179963485658 47.623665118615776 52.41820036514342
95.54788585524753 7.0776752026338245 86.45211414475247 2.9223247973661755
82.33161740095746 54.72831402830254 75.66838259904254 47.27168597169746
26.282249298254033 27.771848292828185 19.717750701745967 20.228151707171815
20.509690856305138 70.56118942112998 13.490309143694862 63.43881057887002
11.651886333571403 96.83301760480678 2.3481136664285973 93.16698239519322
96.99763527455235 69.15375845521487 87.00236472544765 68.84624154478513
31.888405171222043 46.12513005951604 34.11159482877796 55.87486994048396
73.935427191091 7.911914813499457 82.064572808909 2.0880851865005434
46.43722938391227 19.21101558803757 43.56277061608773 28.78898441196243
52.63958007030441 37.72353439630332 49.36041992969559 28.27646560369668
38.985241962124604 10.616121661105973 29.014758037875396 11.383878338894027
91.29380913544543 86.79565332012197 96.70619086455457 95.20434667987803
59.327901819619655 64.50385020313374 50.672098180380345 59.496149796866256
46.44608151601441 35.70145369023937 51.55391848398559 44.29854630976063
57.097229237645784 35.87455917085076 64.90277076235422 42.12544082914924
95.17265086396804 49.99701827885101 94.82734913603196 40.00298172114899
24.759993129099634 76.84379840209313 27.240006870900366 67.15620159790687
50.9084937749915 4.047797888644579 41.0915062250085 5.952202111355421
55.216663792885 20.061742778406263 56.783336207115 29.938257221593737
10.495323909374937 2.830231966649222 19.50467609062506 7.169768033350778
7.278658319915228 84.8337390187009 4.721341680084772 75.1662609812991
11.057712880779771 38.95735896868511 16.94228711922023 47.04264103131489
39.00990758413064 94.6853928146353 48.99009241586936 95.3146071853647
65.95712991172279 88.65334756317232 56.04287008827721 87.34665243682768
2.253080573155575 15.943896375309903 3.746919426844425 6.056103624690097
68.85979930486697 37.131741340600506 71.14020069513303 46.868258659399494
8.730198396716464 15.007284597048853 9.269801603283536 24.99271540295115
95.46933748310528 35.77923083359047 92.53066251689472 26.220769166409532
30.675059310435834 58.491038455505496 39.324940689564166 63.508961544494504
72.53942826732009 27.97874217840774 73.46057173267991 18.02125782159226
7.535046411348633 63.97833487829015 8.464953588651367 54.02166512170985
29.013371025418763 31.36541958057402 38.98662897458124 30.63458041942598
47.22423981327576 12.519420843419825 56.77576018672424 15.480579156580175
30.016740919761215 21.591185935641033 39.98325908023878 22.408814064358967
82.99899821454852 83.89991578076099 73.00100178545148 84.10008421923901
84.52400184616162 22.237918693166193 81.47599815383838 31.762081306833807
