96.48790931532497 38.97613750815018 95.51209068467503 29.023862491849815
68.1329432348205 44.814032732174844 59.8670567651795 39.185967267825156
63.44550773415823 30.62332395099525 56.55449226584177 23.37667604900475
22.4323151781123 45.033778593627325 31.5676848218877 40.966221406372675
3.2468120486323038 57.006095334044716 2.7531879513676962 66.99390466595528
21.66178459596198 80.41958694046393 26.33821540403802 71.58041305953607
96.82794625511667 69.06902595842989 95.17205374488333 78.93097404157011
72.19020496517389 65.27196364580087 63.80979503482611 70.72803635419913
18.47698412734232 33.868726339559686 27.52301587265768 38.131273660440314
80.20166369433441 80.06414555086394 81.79833630566559 89.93585444913606
88.2609492714093 21.993185904585463 87.7390507285907 12.006814095414537
69.88725223845128 54.055824586639744 60.112747761548725 51.944175413360256
74.74810012722251 86.99365061393914 75.25189987277749 77.00634938606086
68.4861539758675 30.338091562920066 63.513846024132505 21.661908437079934
93.52954002885538 10.117372694401451 84.47045997114462 5.8826273055985485
3.946837500351627 40.00028263312503 4.053162499648373 49.99971736687497
56.36010933790835 93.13682672737217 65.63989066209164 96.86317327262783
21.0506713234844 62.93122190035165 12.9493286765156 57.06877809964835
63.941288639371265 16.236019252585223 54.058711360628735 17.763980747414777
14.465687183882817 71.24123081224792 17.534312816117183 80.75876918775208
53.48723146968602 64.15288647908055 62.51276853031398 59.84711352091944
33.83392610380544 83.88067204046945 28.16607389619456 92.11932795953055
20.57349963080025 49.207808779204136 23.42650036919975 58.792191220795864
87.99773939037993 96.15033624261883 78.00226060962007 95.84966375738117
50.9836697917754 91.40377643138916 41.0163302082246 90.59622356861084
67.91604444019859 77.91241824948456 58.0839555598014 76.08758175051544
36.985688837723686 44.01077348136554 43.014311162276314 51.98922651863446
34.55848927521572 33.05430658075743 25.44151072478428 28.945693419242577
12.371911894679071 78.40159447971755 7.628088105320929 69.59840552028245
30.000404050590987 18.936436310262835 39.99959594940901 19.063563689737165
48.81101286825937 50.72990600755986 57.18898713174063 45.27009399244014
49.68212706879854 61.521105580890605 58.31787293120146 56.478894419109395
91.74816314222493 63.5668269766687 82.25183685777507 60.4331730233313
77.38012603945413 36.25866885667971 82.61987396054587 27.741331143320288
88.83610258280957 43.26968965048258 79.16389741719043 40.73031034951742
57.82030971287429 70.67161215303295 48.17969028712571 73.32838784696705
38.57769163783741 86.71566740084023 33.42230836216259 95.28433259915977
37.20644565430445 76.85318747498208 42.79355434569555 85.14681252501792
56.38943941714318 82.39433113900934 47.61056058285682 77.60566886099066
79.44625843857102 69.71290885677111 70.55374156142898 74.28709114322889
66.35976179520347 5.8623075478412945 75.64023820479653 2.1376924521587055
13.2870651408597 84.42685552717583 4.7129348591403 89.57314447282417
86.98842479419604 82.10339754492948 89.01157520580396 91.89660245507052
4.927430211430545 32.99947333484108 5.072569788569455 23.000526665158922
83.66575673759485 15.797418722943611 74.33424326240515 12.202581277056389
83.02502909172982 47.96691472615659 90.97497090827018 54.03308527384341
60.73630118165172 66.61167999311084 69.26369881834827 61.38832000688915
38.85003411149862 66.80982173847651 31.149965888501374 73.19017826152349
29.14068576632672 81.19737241422636 20.85931423367328 86.80262758577364
41.18671816895927 73.2340194305314 48.81328183104073 66.7659805694686
19.0255121947385 29.593625790905655 22.9744878052615 20.406374209094345
19.20527101661427 8.58205290088775 28.79472898338573 11.41794709911225
34.04940754202795 2.2988336038640393 43.95059245797205 3.7011663961359607
54.83451490114476 51.79118472440391 47.16548509885524 58.20881527559609
96.68173872960143 5.75536961001095 87.31826127039857 2.24463038998905
80.93628582196402 55.60985869801463 77.06371417803598 46.39014130198537
14.870791287624838 29.923588379769036 13.129208712375162 20.076411620230964
18.691259200681472 68.37262590771411 11.308740799318528 61.6273740922859
22.998272204306353 96.13143428646481 13.001727795693647 95.86856571353519
90.20461807940671 70.70576917092465 81.79538192059329 65.29423082907535
38.97865926315664 35.426797443193934 43.02134073684336 44.573202556806066
71.45448530148678 9.082857682512262 80.54551469851322 4.917142317487737
43.918067896612904 21.939842398285855 38.081932103387096 30.060157601714145
54.156245204480065 35.87790100559524 47.843754795519935 28.12209899440476
45.93002754572616 8.833563673861374 36.06997245427384 7.166436326138626
91.90527756386125 83.4599407585873 96.09472243613875 92.5400592414127
45.565916734601906 64.03774492336069 36.434083265398094 59.96225507663931
44.29762019138725 34.79320271821875 49.70237980861275 43.20679728178125
59.097229237645784 32.87455917085076 66.90277076235422 39.12544082914924
96.95223112658323 53.908488146218346 95.04776887341677 44.091511853781654
27.67564604973859 65.82141956423904 30.32435395026141 56.178580435760956
61.78207230908772 3.5399368401824365 52.21792769091228 6.4600631598175635
47.302967570906624 13.048823797036487 48.697032429093376 22.951176202963513
20.49532390937494 2.830231966649222 29.50467609062506 7.169768033350778
5.858211995096932 80.64187981116248 2.141788004903068 71.35812018883752
10.850169698897902 46.11688667764395 17.149830301102096 53.88311332235605
42.04400908632014 95.3380679313384 51.95599091367986 96.6619320686616
70.94518610067152 82.26166780530359 61.05481389932848 83.73833219469641
2.746710472432928 11.796854915561354 9.253289527567071 4.2031450844386455
72.28843481209563 34.05089149610128 73.71156518790437 43.94910850389872
9.253557266732287 32.00643326744428 8.746442733267713 41.99356673255572
89.38570461692429 37.80414640853448 86.61429538307571 28.19585359146552
29.54967758973152 48.7208268067867 38.450322410268484 53.2791731932133
70.06237159637693 24.99961096326158 69.93762840362307 15.000389036738419
7.361588266843382 60.95907556495845 8.638411733156618 51.04092443504155
26.039329610299497 24.625898781552323 35.9606703897005 23.374101218447677
58.095639263291226 9.026734484208252 67.90436073670877 10.973265515791748
16.057397315969638 14.244567204964039 25.942602684030362 15.755432795035961
59.80982756141823 88.36585461503834 50.19017243858177 85.63414538496166
77.32668074141837 18.010683444279532 76.67331925858163 27.989316555720468
