92.57235975408604 15.498320423772864 85.42764024591396 8.501679576227136
49.083202124577745 51.88573394647597 40.916797875422255 46.11426605352403
77.65397335965565 32.827712222319335 68.34602664034435 29.172287777680665
32.854870520650195 39.79605107239214 41.145129479349805 34.20394892760786
7.63636846638083 63.01324031983115 8.36363153361917 72.98675968016886
26.58500828992353 73.37810633039696 31.41499171007647 64.62189366960304
95.8718603473564 78.00164224675541 96.1281396526436 87.99835775324459
60.04028714543358 70.09296920360387 61.95971285456642 79.90703079639613
32.029529642398906 24.45739109460972 41.970470357601094 25.54260890539028
77.52249487880846 79.22328788633303 80.47750512119154 88.77671211366697
95.95298226348079 36.60281004154304 92.04701773651921 27.39718995845696
85.9866322174166 69.36537532514232 76.0133677825834 68.63462467485768
71.31383335400892 87.9526937452188 72.68616664599108 78.0473062547812
60.69297594428217 25.725101964055725 51.30702405571783 22.274898035944275
69.88975343140764 8.044179764234686 60.11024656859236 5.955820235765313
14.434853616946336 39.3665745321872 7.565146383053664 46.6334254678128
54.45695792144091 85.4719902452573 61.54304207855909 92.5280097547427
21.221222315169324 53.82409816770637 14.778777684830674 46.17590183229363
96.99215015608144 22.28006574073967 87.00784984391856 21.71993425926033
22.272985942923267 58.00745769422368 21.727014057076733 67.99254230577631
51.98093384426974 70.97440872037849 60.01906615573026 65.02559127962151
31.22039439553051 78.00485973065634 30.77960560446949 87.99514026934366
26.657352162626403 35.18364278891235 29.342647837373597 44.81635721108765
83.70667616012612 95.68736466826245 74.29332383987388 92.31263533173755
18.897314304301908 93.00812330837051 9.102685695698092 90.99187669162949
46.378881212061586 82.31446587930904 39.621118787938414 89.68553412069096
26.394916699240483 29.05238407455016 35.60508330075952 32.94761592544984
48.627406632456584 18.89396617126516 39.372593367543416 15.106033828734843
14.636980129822005 70.95925965384068 13.363019870177995 61.040740346159325
27.681772115047437 12.520497556757025 36.31822788495256 7.479502443242975
40.01274460679303 66.35676833229415 49.98725539320697 65.64323166770585
64.70164503912623 52.44575948071998 73.29835496087377 57.55424051928002
89.27400864812454 65.5947736078041 80.72599135187546 60.4052263921959
90.578307091964 35.74435946397995 87.421692908036 26.25564053602005
90.85752516079145 48.18509464275135 81.14247483920855 45.81490535724865
74.62249010053542 62.09406577488832 65.37750989946458 65.90593422511168
36.03634911446467 86.43346057894833 31.96365088553533 95.56653942105167
24.129662322819144 85.36299267055597 27.870337677180856 94.63700732944403
56.47900026568811 73.77771365032184 47.52099973431189 78.22228634967816
85.97056001282006 73.45821299484557 76.02943998717994 74.54178700515443
49.00057310037482 14.075701223927956 58.99942689962518 13.924298776072044
17.806965733907145 75.62410740497576 8.193034266092855 78.37589259502424
87.55802027308879 91.70460981405999 96.44197972691121 96.29539018594001
11.839650863862593 29.202667832236 4.160349136137407 22.797332167764
79.98739973445612 4.354744822015796 70.01260026554388 3.645255177984204
82.36384814090799 34.56803268406854 89.63615185909201 41.43196731593146
40.613368505780095 79.39363062976369 45.386631494219905 70.60636937023631
36.726487013345626 61.053059873068996 35.273512986654374 70.94694012693101
25.980266187851758 79.55621097564212 16.019733812148242 80.44378902435788
35.598963633932144 79.38577523008415 40.401036366067856 70.61422476991585
23.44018033070389 40.788097807590574 20.55981966929611 31.21190219240943
20.20527101661427 14.58205290088775 29.79472898338573 17.41794709911225
53.24637443231566 18.44982453823518 62.75362556768434 21.55017546176482
60.08357134106174 44.064064560414806 53.91642865893826 51.935935439585194
94.98950177203393 11.587143195832656 91.01049822796607 2.412856804167344
90.9939956125708 61.00449625694753 85.0060043874292 52.99550374305247
14.577409973753724 26.284502051253426 9.422590026246276 17.715497948746574
17.691259200681472 56.3726259077141 10.308740799318528 49.6273740922859
16.944998031047668 96.73959074692337 7.055001968952331 95.26040925307663
68.25119987900413 59.631976365538875 59.74880012099587 54.368023634461125
15.352453445423686 17.580145597807054 22.647546554576312 24.419854402192946
67.29024934888602 13.678764070479065 76.70975065111398 10.321235929520935
45.430460775189815 28.252732720629453 48.569539224810185 37.74726727937055
52.37910687995793 47.41317693796065 43.62089312004207 42.58682306203935
27.98391716362152 4.400711499908405 18.01608283637848 3.5992885000915957
91.10750692189764 77.00115590743779 90.89249307810236 86.99884409256221
38.53867699261748 41.467611977440804 31.461323007382514 48.532388022559196
65.52149046745713 41.657536356272615 70.47850953254287 50.342463643727385
57.765296353627136 30.187298553500142 64.23470364637286 37.81270144649986
94.91089052197226 69.99920588703102 95.08910947802774 60.000794112968975
27.260471213133382 62.68764755497492 30.739528786866618 53.31235244502508
48.99701929934298 3.8273786745682674 39.00298070065702 4.172621325431733
51.88584074615444 27.46895920903605 56.11415925384556 36.53104079096395
2.071758298023897 3.1559421069004303 11.928241701976102 4.84405789309957
3.5934880565785328 90.9646522463007 2.4065119434214672 81.0353477536993
18.46152893057949 43.46740569964876 25.53847106942051 50.53259430035124
44.03108733618493 92.55669285910479 53.96891266381507 91.44330714089521
68.68710761065965 77.78343117111378 63.31289238934034 86.21656882888622
10.924804736573703 13.89703012841563 19.075195263426295 8.10296987158437
72.46158967429439 36.02907309235253 73.53841032570561 45.97092690764747
3.275061324946071 36.63552881875546 12.724938675053929 33.36447118124454
96.21719819136916 50.849580246055076 93.78280180863084 41.150419753944924
37.590132452299144 50.64350510042249 46.409867547700856 55.35649489957751
73.978146991944 25.02891837303136 66.021853008056 18.97108162696864
2.3615882668433827 66.95907556495845 3.6384117331566173 57.04092443504155
46.00049823921203 8.929415696660131 55.99950176078797 9.070584303339869
75.2711976280758 18.331070829497996 82.7288023719242 11.668929170502004
34.1634376397929 18.73206288175321 43.8365623602071 21.26793711824679
70.92179562986986 95.1191323721501 61.07820437013014 96.8808676278499
81.60687951175304 19.26524148084527 78.39312048824696 28.73475851915473
