96.59479161020093 27.738843711289995 93.40520838979907 18.261156288710005
69.99766825319743 38.847317221067414 60.002331746802575 39.152682778932586
45.91721069385742 12.90611201968311 36.08278930614258 11.09388798031689
38.50607553761299 49.191949572038475 47.49392446238701 44.808050427961525
2.69153079708338 66.17424530824258 5.30846920291662 75.82575469175742
14.140601140457306 88.10168723357181 19.859398859542694 79.89831276642819
95.91387751799695 81.08422662421265 94.08612248200305 90.91577337578735
66.51689899188858 63.0267902284154 65.48310100811142 72.9732097715846
22.715745276560906 39.051494296347556 21.284254723439094 48.948505703652444
83.115642746859 71.07883019508401 84.884357253141 80.92116980491599
76.52191480851728 28.972685887189172 75.47808519148272 19.027314112810828
76.99997232623727 43.01663540986816 67.00002767376273 42.98336459013184
89.8352897129135 93.99728631572455 90.1647102870865 84.00271368427545
60.60646575086461 34.801881120611654 63.39353424913539 25.198118879388343
94.9248570588075 12.136412743080395 85.0751429411925 13.863587256919605
10.605835173190554 66.61046986773431 15.394164826809446 75.38953013226569
56.02851284073607 96.53321236414199 65.97148715926393 95.46678763585801
24.445258245290727 70.98013504786775 23.554741754709273 61.01986495213226
77.674469098187 2.2253623890791605 68.325530901813 5.7746376109208395
19.59829758484988 73.33551904374414 26.40170241515012 80.66448095625586
50.08918295940803 74.91634135496787 51.91081704059197 65.08365864503213
30.687939929046024 86.6237448141842 23.312060070953976 93.3762551858158
27.741613677990337 57.160943907684164 30.258386322009663 66.83905609231583
75.52126962893722 79.86502436958877 66.47873037106278 84.13497563041123
42.119370842917604 90.99857485708289 41.880629157082396 81.00142514291711
56.5134694881927 84.84858344824774 47.4865305118073 89.15141655175226
31.120886798136514 27.36654194207152 34.87911320186348 36.63345805792848
45.01744383321621 35.895386404182034 42.98255616678379 26.104613595817966
5.817812593917097 63.65784900714873 2.1821874060829036 54.34215099285127
35.01058248956555 3.6748647872498217 44.98941751043445 4.325135212750179
55.01164564711481 52.01546506459978 62.98835435288519 45.98453493540022
65.18702184057207 50.64528924235846 74.81297815942793 53.35471075764154
96.7200950727664 73.64945521431969 87.2799049272336 70.35054478568031
87.94770631868283 27.999726529610825 88.05229368131717 18.000273470389175
95.82303251726192 52.68153220083535 86.17696748273808 55.31846779916465
62.747053907615836 61.05612394379512 61.252946092384164 70.94387605620489
37.71767639828558 88.65651645770009 30.282323601714417 95.34348354229991
35.19449350615458 73.61901942895294 44.80550649384542 76.38098057104706
34.62017439689222 81.44881680233759 27.379825603107786 74.55118319766241
80.05637222052844 77.92332762592994 71.94362777947156 72.07667237407006
62.07798217918198 13.120374755051985 71.92201782081801 14.879625244948015
9.176882484935339 78.00312972086296 8.823117515064661 87.99687027913704
53.02159981677963 78.53574617318613 62.97840018322037 79.46425382681387
7.623928662801326 32.96091856652928 6.376071337198674 23.03908143347072
68.86748960710587 27.638155082287735 65.13251039289413 18.361844917712265
83.09770274363058 63.01639356946349 92.90229725636942 64.98360643053651
63.004800563246626 56.78095072002225 72.99519943675338 57.21904927997775
47.901680377169484 61.37575825209272 44.098319622830516 70.62424174790728
25.651279506381655 85.58413144774607 18.348720493618345 92.41586855225393
30.840178076616816 53.22585480449551 39.159821923383184 58.77414519550449
11.1954615799821 38.93484730571424 12.8045384200179 29.065152694285757
30.004662508691887 21.78412191419328 39.99533749130811 22.21587808580672
22.917475859680213 9.936755634319427 29.082524140319787 2.063244365680573
55.05251663644666 58.090593184936736 56.94748336355334 67.90940681506326
84.71474977368142 4.335327488191455 75.28525022631858 7.664672511808545
78.94910653245745 58.56002587545194 83.05089346754255 49.43997412454806
27.495104949230793 32.18952768774474 18.504895050769207 27.810472312255257
16.441156045539582 45.96867119404807 17.558843954460418 36.03132880595193
15.585081138252173 95.9942494717673 6.414918861747827 92.0057505282327
80.97039767261678 66.45672568987146 71.02960232738322 67.54327431012854
37.220772369288774 29.327276058002816 40.779227630711226 38.672723941997184
87.00996701223615 8.315548381438589 96.99003298776385 7.68445161856141
56.934350570515925 15.192420624799523 47.065649429484075 16.80757937520048
52.72176739642299 46.69420036136239 49.27823260357701 37.30579963863761
14.842845160947348 14.756275453692075 5.1571548390526525 17.243724546307927
81.89498366818252 86.12363466233131 84.10501633181748 95.87636533766869
40.14314476333293 67.88852684145716 33.85685523666707 60.111473158542836
45.48203133815126 22.446987687292626 52.51796866184874 29.553012312707374
68.83968034179689 32.22660130136889 77.16031965820311 37.77339869863111
89.52537923682515 47.59541521275557 96.47462076317485 40.40458478724443
26.015197336641876 49.90205709006359 27.984802663358124 40.09794290993641
60.9387350276522 6.219681906757738 51.0612649723478 7.780318093242262
54.371045062637656 35.27279090667201 57.628954937362344 44.72720909332799
2.495323909374939 2.83023196664922 11.504676090625061 7.169768033350779
3.332844879099593 88.98890912790132 2.667155120900407 79.01109087209868
10.395853637806583 55.05017019319605 19.60414636219342 58.94982980680395
40.02392704603082 95.51143275101943 49.97607295396918 96.48856724898057
66.65235269563338 88.16816638434796 57.347647304366625 91.83183361565204
3.6447374893459035 34.95825711009745 2.3552625106540965 25.041742889902547
60.27877154173044 20.16629093303493 57.72122845826956 29.83370906696507
22.651216762841024 3.584064381351908 15.348783237158978 10.415935618648092
83.94525124631716 20.0404820375875 78.05474875368284 11.959517962412502
42.00059153952975 55.07690933219354 51.99940846047025 54.92309066780646
85.18544077389738 33.85744070180806 82.81455922610262 24.14255929819194
4.931805702024104 47.88456353646585 7.068194297975896 38.11543646353415
16.338101341096376 21.807401696943046 25.661898658903624 18.192598303056954
50.0585319948376 3.7628197388350113 59.9414680051624 2.2371802611649887
29.12213357562597 15.90162886692862 38.877866424374034 18.09837113307138
76.93214530208301 85.91159696229484 69.06785469791699 92.08840303770516
94.63078421491632 32.74806227532115 89.36921578508368 41.25193772467885
