57.69227319113953 11.371515784034283 50.30772680886047 4.628484215965716
64.55645701534512 11.297037063918895 59.443542984654876 2.7029629360811054
87.58486327937668 47.79555920221443 90.41513672062332 38.20444079778557
6.854870520650198 9.79605107239214 15.145129479349801 4.203948927607859
15.178465694353132 80.49952366759622 10.821534305646868 89.50047633240378
46.97151708954224 89.46706676929519 37.02848291045776 90.53293323070481
87.91474962563892 80.88957633616256 80.08525037436108 87.11042366383744
44.72490380017447 67.54759196821098 49.27509619982553 76.45240803178902
23.151541850090762 21.072513950516694 24.848458149909238 30.927486049483306
94.86814183022798 86.85930060016474 85.13185816977202 89.14069939983526
92.88526941184632 29.14717041123789 85.11473058815368 22.85282958876211
39.98239579350599 95.5807958053003 30.01760420649401 96.4192041946997
53.990207172732774 81.00000958995578 54.009792827267226 90.99999041004422
87.72639337727799 31.666234501681508 80.27360662272201 38.33376549831849
75.90903530342155 3.0505936645666702 66.09096469657845 4.94940633543333
33.97788538640188 44.469741503219154 24.02211461359812 43.530258496780846
83.36010933790836 93.13682672737217 92.63989066209164 96.86317327262783
39.2711827993171 23.99264057281861 38.7288172006829 14.00735942718139
89.88687656933313 9.057562005795809 80.11312343066687 6.942437994204191
33.02621976471207 33.51138065182317 42.97378023528793 32.48861934817683
76.626619408291 40.557961117679376 69.373380591709 47.442038882320624
3.045932255861119 65.00021098166418 2.954067744138881 74.99978901833582
43.24541147004205 55.15758838281093 40.75458852995795 64.84241161718907
21.206469893876996 78.70288938580669 12.793530106123004 73.29711061419331
25.429724210639517 92.31895308656172 16.570275789360483 87.68104691343828
31.967534697932802 80.95719398898002 24.032465302067198 87.04280601101998
36.0364741125366 38.39716439680398 45.9635258874634 39.60283560319602
33.58673756562234 18.017107851826186 34.41326243437766 27.982892148173814
7.677269096325736 66.42774447649326 12.322730903674264 57.57225552350674
88.81340106339987 61.85715791010128 91.18659893660013 52.14284208989872
5.746315495082051 88.99356027018445 6.253684504917949 79.00643972981555
71.43172288671755 68.2523156280188 74.56827711328245 77.7476843719812
68.92001451393185 74.89076213587018 59.07998548606815 73.10923786412982
68.91842676085237 54.894209968488525 61.08157323914764 61.105790031511475
80.13594811816525 77.52081028539203 75.86405188183475 68.47918971460797
54.99017315340483 96.31332395222465 45.00982684659517 95.68667604777535
77.49524888238305 60.81076783199362 68.50475111761695 65.18923216800637
34.00290662245761 49.00000084484548 33.99709337754239 58.99999915515452
66.64851676515376 81.84154605809479 57.35148323484624 78.15845394190521
83.45495625480456 69.97925845947107 82.54504374519544 60.02074154052893
85.58509434540825 13.720129999014192 80.41490565459175 22.27987000098581
23.497933536722755 71.32893328816041 28.502066463277245 62.67106671183959
68.00212974776703 96.14592101234825 77.99787025223297 95.85407898765175
11.499607703451517 11.821360705126462 20.500392296548483 16.178639294873538
63.777466641960125 47.72421829651631 56.222533358039875 54.27578170348369
83.95853357413118 27.94549317524477 76.04146642586882 34.05450682475523
49.6262156121178 83.44246428223056 42.3737843878822 76.55753571776944
14.737574130107816 50.40144084822201 5.2624258698921835 53.59855915177799
17.920778330368133 29.999372353312037 18.079221669631867 20.000627646687963
25.186718168959267 80.2340194305314 32.81328183104073 73.7659805694686
6.021051971125815 45.54165894164948 15.978948028874186 46.45834105835052
29.415583047603757 15.742322523928483 32.58441695239624 6.257677476071518
64.58609493334848 18.653115409604666 71.41390506665152 11.346884590395334
76.86165809414551 17.92519495337936 75.13834190585449 8.07480504662064
94.22684775457687 23.476734197820548 89.77315224542313 14.523265802179452
71.70448303213331 51.55901035143849 80.29551696786669 46.44098964856151
61.000000670738345 40.002589861579324 70.99999932926166 39.997410138420676
11.510411285886175 24.76640931388269 8.489588714113825 15.233590686117308
19.088281849298244 67.9161743270231 20.911718150701756 58.08382567297691
46.259425721956006 28.81798462143865 51.740574278043994 37.18201537856135
56.000018231534256 68.98649759243024 65.99998176846574 69.01350240756976
44.00145374072963 14.879437593196682 53.99854625927037 15.120562406803318
76.3700487092105 91.40259799618018 71.6299512907895 82.59740200381982
41.49940138880453 70.18068501678346 32.50059861119547 65.81931498321654
29.98089634095091 2.985743281190717 24.01910365904909 11.014256718809282
89.18282479964142 68.77057691069017 96.81717520035858 75.22942308930983
24.7427612012351 48.006621564470606 25.2572387987649 57.993378435529394
55.17980540347541 63.74394365632345 46.82019459652459 58.25605634367655
47.10990420403009 63.919884034721925 52.89009579596991 72.08011596527807
95.93891592083808 81.07976320008021 88.06108407916192 74.92023679991979
19.248809527153707 41.05675077772676 20.751190472846293 50.94324922227324
44.907777367592 3.9558877079196013 35.092222632408 2.0441122920803987
38.29100667577896 55.698866014025924 41.70899332422104 46.301133985974076
17.48186493847313 9.55284754652593 24.51813506152687 2.4471524534740694
2.1126082684591516 32.944821312541734 11.887391731540848 35.055178687458266
3.213723602813627 19.062210066514815 4.7862763971863735 28.937789933485185
93.40458184047142 42.73863280875892 96.59541815952858 33.26136719124108
15.793893340093806 96.42076973637681 6.206106659906194 93.57923026362319
28.96432782457223 23.000127252029284 29.03567217542777 32.99987274797072
84.62995563110854 53.11227362841797 75.37004436889146 56.88772637158203
56.922619915197686 44.1237505089878 47.077380084802314 45.8762494910122
65.99936887991657 34.07944055967628 56.000631120083426 33.92055944032372
54.8928802535449 48.97057160303865 45.1071197464551 51.02942839696135
62.114498185459766 27.93610525890758 71.88550181454023 30.06389474109242
41.161497619673746 82.22836915130284 32.838502380326254 87.77163084869716
49.326146341326236 22.223742142226577 58.673853658673764 25.776257857773423
19.224239813275762 36.51942084341982 28.775760186724238 39.48057915658018
14.978541994768182 39.537269401995445 5.021458005231818 40.462730598004555
67.91056678887938 91.94145303226178 58.08943321112062 90.05854696773822
96.92783712170784 4.846416742460964 87.07216287829216 3.1535832575390357
