90.68640813197942 12.742865118280015 81.31359186802058 9.257134881719985
60.93354577828073 61.6110086448946 57.06645422171927 52.3889913551054
78.50821868888833 42.56263969984822 71.49178131111167 35.43736030015178
30.019035610120405 27.435882721326962 39.980964389879595 26.564117278673038
2.7759511155278753 56.15214435771623 5.224048884472125 65.84785564228376
22.136566215761295 74.6397860437479 25.863433784238705 65.3602139562521
95.17747044542057 74.06811951362937 96.82252955457943 83.93188048637063
57.51689899188858 65.0267902284154 56.48310100811142 74.9732097715846
14.460011094293934 34.094874873606024 23.539988905706068 29.90512512639398
80.57805442654704 57.354415205714496 87.42194557345296 64.64558479428551
89.2088996844985 37.851655547626955 86.7911003155015 28.148344452373042
77.9269002203333 69.14814659777652 68.0730997796667 70.85185340222348
77.30355188821912 91.82708529805724 74.69644811178088 82.17291470194276
76.94091527408037 27.23360828921541 67.05908472591963 28.76639171078459
70.90903530342155 2.0505936645666702 61.09096469657845 3.9494063354333298
2.2515287042718475 38.05633832878189 3.7484712957281525 47.94366167121811
71.29361005470207 87.05015017953251 72.70638994529793 96.94984982046749
15.554132935102755 63.75233319749667 12.445867064897245 54.24766680250333
95.66127186283435 20.809017584422186 86.33872813716565 17.190982415577814
20.63854209043043 63.276105439588235 17.36145790956957 72.72389456041176
53.50387874558007 63.768474464500414 50.49612125441993 54.231525535499586
38.99585406979282 78.41561710455034 35.00414593020718 87.58438289544966
6.407123554574497 24.26051219754617 9.592876445425503 33.73948780245383
91.98607566749172 95.6271066666632 82.01392433250828 96.3728933333368
27.946768591840613 85.27234589344988 18.053231408159387 86.72765410655012
52.253121569404534 77.15957787664205 49.746878430595466 86.84042212335795
23.848303076907168 11.118401552843572 30.151696923092832 18.881598447156428
59.32882540858005 35.73080707075451 52.67117459141995 28.269192929245488
8.2023282695095 58.995904649946525 7.7976717304905 49.004095350053475
48.53425741433398 13.751190724278974 57.46574258566602 18.248809275721026
18.14659078212866 57.79816017544704 27.85340921787134 60.20183982455296
68.19373244529947 41.06543490971725 69.80626755470053 50.93456509028275
77.9348111147249 64.80476037550791 68.0651888852751 63.19523962449208
86.37156011655291 42.69223270941441 79.62843988344709 35.30776729058559
93.90157024103398 54.126939342916344 86.09842975896602 47.873060657083656
57.588522934164196 90.01368248191554 48.411477065835804 93.98631751808446
50.532771603786664 69.88955417318869 41.467228396213336 74.11044582681131
30.630588762756922 65.27335422452974 27.369411237243078 74.72664577547026
74.77149851622077 76.50574369343713 65.22850148377923 79.49425630656287
90.33131968597577 72.27141995528723 83.66868031402423 79.72858004471277
52.8129556717638 7.267115115233519 61.1870443282362 12.73288488476648
23.872386609081047 79.87757016626976 14.12761339091895 82.12242983373024
92.07403635820724 81.08648889956704 93.92596364179276 90.91351110043296
2.3037146099983064 22.70346849417181 5.696285390001694 13.296531505828193
89.90699189459593 4.959911738843632 80.09300810540407 3.0400882611563684
96.20460835440699 40.00418821198127 95.79539164559301 49.99581178801873
44.26001017405811 89.94493832696652 45.73998982594189 80.05506167303348
39.64004035613857 87.04113436938306 38.35995964386143 96.95886563061694
15.939693279808399 76.77422884305336 6.060306720191602 75.22577115694664
30.29887622315922 81.20760387182365 35.70112377684078 72.79239612817635
38.12896495893698 64.89994593369504 31.871035041063013 57.10005406630496
7.5243376533583435 8.770998753061338 16.475662346641656 13.229001246938662
53.85780809028525 22.19959892460139 62.14219190971475 27.80040107539861
53.71637967778331 38.30382700470985 50.28362032221669 47.69617299529015
94.69013962691365 11.990389418591578 95.30986037308635 2.009610581408422
77.77422454052761 53.674625897308744 74.22577545947239 44.325374102691256
38.41188544772284 38.655001736198926 31.588114552277165 31.344998263801074
26.97766761318717 48.472043570687674 17.02233238681283 47.527956429312326
29.549578355867858 96.07396643748608 20.450421644132142 91.92603356251392
75.94164521708383 58.76167089249392 66.05835478291617 57.23832910750608
10.86390285973987 18.105787020866448 17.13609714026013 25.894212979133552
66.02203995655586 8.53105031626662 75.97796004344414 9.46894968373338
45.26922071691061 29.163774325802724 42.73077928308939 38.83622567419728
26.992482199842478 52.72591701210028 17.007517800157522 53.27408298789972
47.74429039487637 8.421485302861019 38.25570960512363 11.578514697138981
81.47881307171073 49.450177100749286 88.52118692828927 56.549822899250714
38.71869826376607 43.65765303670262 31.28130173623393 50.34234696329738
59.729855925475135 44.16401674631214 62.270144074524865 53.83598325368786
43.346493989837725 15.281322444332815 46.653506010162275 24.718677555667185
96.86642116705002 68.92435928434224 95.13357883294998 59.075640715657755
39.7941725700949 57.99576171060016 40.2058274299051 48.00423828939984
39.99701929934298 2.8273786745682674 30.00298070065702 3.1726213254317326
50.37705397864232 32.19336683947013 47.62294602135768 41.80663316052987
3.340950410734914 5.814733293012732 12.659049589265086 2.185266706987268
11.529884316899548 93.76019474148956 8.470115683100452 84.23980525851044
18.01189159806139 37.65536313239958 27.98810840193861 38.34463686760042
56.23249597732633 84.16424320669255 61.76750402267367 75.83575679330745
85.31364154602512 71.25570037197126 78.68635845397488 78.74429962802874
15.203646426921035 6.412441999521624 24.796353573078967 3.5875580004783765
63.28843481209564 37.05089149610128 64.71156518790437 46.94910850389872
20.006433267444276 43.74644273326772 29.993566732555724 44.25355726673228
95.44357097034752 34.98028561372387 94.55642902965248 25.019714386276128
44.7159088320279 56.16770138833122 47.2840911679721 65.83229861166879
74.98602197693114 22.37361055333026 65.01397802306886 21.62638944666974
3.970706174090723 88.99991418643997 4.029293825909277 79.00008581356003
44.09507404596822 3.970412997370422 53.90492595403178 2.029587002629578
62.266066254791355 17.60930770705135 71.73393374520865 14.39069229294865
30.324829326760618 10.609849483789668 37.675170673239386 17.39015051621033
65.92179562986986 94.1191323721501 56.07820437013014 95.8808676278499
81.06511238387353 18.000423980229293 80.93488761612647 27.999576019770707
