60.94636090396395 4.730420295266311 51.05363909603605 3.2695797047336894
64.32700587543175 25.989295256590164 63.67299412456824 16.010704743409836
62.02351538795714 64.48435617689941 71.97648461204287 63.51564382310059
9.289801175158832 13.30157260569966 12.710198824841168 22.69842739430034
2.6363684663808304 68.01324031983114 3.3636315336191696 77.98675968016886
48.15096591780216 68.78737904656774 39.84903408219784 63.212620953432264
95.98437046746001 88.39503296458962 86.01562953253999 87.60496703541038
56.36670031252106 76.27429030399864 59.63329968747894 85.72570969600136
19.63945100108522 32.70225747698521 26.36054899891478 25.29774252301479
91.7222380846048 93.35669008634768 82.2777619153952 96.64330991365232
88.9969796109313 24.8262335822525 79.0030203890687 25.1737664177475
40.855476249535656 75.80653848399074 31.14452375046434 78.19346151600926
50.396505227311984 83.53375917985923 57.603494772688016 90.46624082014077
75.41006518545679 28.380820220215522 70.58993481454321 19.619179779784478
84.66959334660675 6.21257224556458 75.33040665339325 9.78742775443542
7.895750768200669 41.923895549858265 2.104249231799331 50.076104450141735
60.794211851452346 94.83704604437207 67.20578814854765 87.16295395562793
40.14113264092376 52.92568237501297 41.85886735907624 43.07431762498703
92.66930132653556 12.603497714547455 85.33069867346444 19.396502285452545
14.716844642253381 14.167452811623445 17.28315535774662 23.832547188376555
81.08918295940803 56.91634135496787 82.91081704059197 47.08365864503213
21.30753804658839 76.00946692728115 20.69246195341161 85.99053307271885
48.5593577703379 45.03138662353744 47.4406422296621 54.96861337646256
38.690140219807134 93.2672032091017 29.309859780192866 96.7327967908983
17.958714490237135 89.35878973471077 8.041285509762867 90.64121026528923
41.64884298889823 85.53678408077165 50.35115701110177 90.46321591922835
41.00282124231656 37.83205815364429 50.99717875768344 38.16794184635571
39.9961144472453 8.197079755497077 30.0038855527547 7.802920244502923
12.591972525866204 83.98332354762883 13.408027474133796 74.01667645237117
74.73762905897355 69.78905474269588 81.26237094102645 62.21094525730412
8.040994373573168 66.56446513482607 3.959005626426831 57.43553486517394
86.53991433269884 67.0212128807566 87.46008566730116 76.9787871192434
67.99610339955865 71.19735962332386 58.00389660044135 70.80264037667614
79.8833473813132 35.92625964338602 70.1166526186868 38.07374035661398
84.34269652040459 81.47810147727367 75.65730347959541 76.52189852272633
79.79639199174571 89.58768846867358 70.20360800825429 92.41231153132642
59.47539070349677 60.40532901950008 52.52460929650323 67.59467098049991
29.941842597756736 58.92398359326378 22.058157402243264 65.07601640673623
78.61566936325598 84.9223933856264 69.38433063674402 81.0776066143736
61.03495956025033 75.40976832374875 70.96504043974967 76.59023167625125
59.01156233594087 22.000013368779115 58.98843766405913 31.999986631220885
3.1301632589753634 86.09439092904734 8.869836741024637 77.90560907095266
44.01026688517603 73.32025527759752 53.98973311482397 72.67974472240248
10.216828194253447 2.730808802134025 17.78317180574655 9.269191197865975
74.94375986865177 41.95843126549661 69.05624013134823 50.04156873450339
96.21889874886148 49.51932054903489 91.78110125113852 58.48067945096511
26.995905536431422 91.89981348242004 25.004094463568578 82.10018651757996
23.301687632545146 48.45137615329211 14.698312367454852 53.54862384670789
6.471865399443445 51.12037662674406 15.528134600556555 46.87962337325594
10.000069023853584 95.02627230046164 19.999930976146416 94.97372769953836
35.81296977249734 40.34026389116176 32.18703022750266 49.65973610883824
23.315861725025343 12.25104356231567 32.68413827497466 15.74895643768433
87.19221868117802 42.373039981350274 96.80778131882198 39.626960018649726
59.97190641240087 13.529288792935487 50.02809358759913 12.470711207064513
95.49911604411267 28.76997390834415 92.50088395588733 19.23002609165585
85.85688117809102 56.86757427873447 88.14311882190898 47.13242572126553
66.20709638410999 2.147895475211958 63.79290361589001 11.852104524788043
10.862710060165021 28.17481826111353 3.1372899398349783 21.82518173888647
27.412955401715877 76.74144381418331 30.587044598284123 67.25855618581669
58.352553578280514 47.27920342658533 61.647446421719486 56.72079657341467
41.23532423479896 57.70952641966115 48.76467576520104 64.29047358033884
70.00199432580861 15.141206518088616 79.99800567419139 14.858793481911384
77.32310619520655 49.010450683015634 76.67689380479345 58.989549316984366
24.60736335119397 70.94221598955282 15.392636648806029 67.05778401044718
45.9956022482404 2.7903379448363164 36.0043977517596 3.2096620551636836
89.12704496960076 61.837687660507704 96.87295503039924 68.16231233949229
14.131090935641463 33.36241669517857 17.868909064358537 42.63758330482143
56.4019895374134 36.200580729194066 53.5980104625866 45.799419270805934
60.429098105360005 39.25318346284413 63.570901894639995 48.74681653715587
93.34693911267169 83.98794880207271 92.65306088732831 74.01205119792729
12.321921045802457 63.386995011317424 19.678078954197545 56.613004988682576
31.9387350276522 20.21968190675774 22.0612649723478 21.78031809324226
39.301940067148536 28.71120801404613 48.698059932851464 25.28879198595387
20.252359674057992 5.568410448667461 29.747640325942008 2.43158955133254
27.77489658726935 46.84758925942738 30.22510341273065 37.15241074057262
2.5600817464482253 29.019390405764376 3.4399182535517747 38.980609594235624
65.55142733777444 59.620406965156064 72.44857266222556 52.379593034843936
55.98464332622825 95.60842508981271 46.01535667377175 96.39157491018729
2.787325423602679 4.306791334973161 11.21267457639732 9.69320866502684
68.27877154173045 28.16629093303493 65.72122845826955 37.83370906696507
31.26998725609911 27.811082428820217 36.730012743900886 36.188917571179786
87.66209900389707 36.40426657088661 80.33790099610293 29.59573342911339
55.47175705456064 51.22151371537482 52.52824294543936 60.77848628462518
45.8882379099698 6.918568660945861 40.1117620900302 15.081431339054138
32.36327259319911 62.56864257638128 39.63672740680089 69.43135742361872
47.452691378740106 16.476280155072594 54.547308621259894 23.523719844927406
36.10197304495883 26.13135527492051 43.89802695504117 19.86864472507949
53.90290050249106 30.019404944601025 44.09709949750894 31.980595055398975
46.233430622173515 77.33953666305217 37.766569377826485 82.66046333694783
91.19693696201362 5.155576238119545 84.80306303798638 12.844423761880455
