60.94636090396395 3.7304202952663106 51.05363909603605 2.2695797047336894
67.15268277893267 24.997668253197425 66.84731722106733 15.002331746802575
66.00964314112414 65.31038431189528 75.99035685887586 64.68961568810472
3.808050427961507 12.506075537613002 8.191949572038492 21.493924462387
2.3758799743444023 60.03910550469216 3.6241200256555977 69.96089449530784
50.999397015463195 68.00080381109863 43.000602984536805 61.999196188901365
92.95758198551103 88.35009165497239 83.04241801448897 89.64990834502761
59.64754507374997 79.58797599508321 64.35245492625003 88.41202400491679
18.51229123412651 35.58272069305566 25.48770876587349 28.41727930694434
95.9049861247009 93.0298911831698 86.0950138752991 94.9701088168302
85.99318590458547 19.739050728590787 76.00681409541453 20.260949271409213
43.83390796154018 74.72198050900681 34.16609203845982 77.27801949099319
51.10811481962526 81.86101453606751 58.89188518037474 88.13898546393249
76.09860381712527 30.538266411169275 71.90139618287473 21.461733588830725
80.63768722927469 2.131348838487366 71.36231277072531 5.868651161512634
7.96644756287748 44.975054179656794 2.0335524371225193 53.024945820343206
65.21285402086268 95.1511224133936 70.78714597913732 86.8488775866064
36.96975200390875 53.89270774383163 39.03024799609125 44.10729225616837
96.78560230761983 2.7336235415152412 89.21439769238017 9.266376458484759
15.632700495370567 19.190582980792776 18.367299504629433 28.809417019207224
81.34773262853608 54.95727216078798 82.65226737146392 45.04272783921202
19.481517795234886 77.02323994823217 18.518482204765114 86.97676005176783
46.94966675251602 40.00025334999885 47.05033324748398 49.99974665000115
45.59302496861335 91.02411497356391 36.40697503138665 94.97588502643609
12.933315859810591 90.18612370267878 3.066684140189409 91.81387629732122
45.606516645821166 85.61309740111719 54.393483354178834 90.38690259888281
42.01845909925137 35.57075618330769 51.98154090074863 36.42924381669231
36.96543405394455 7.413088885837225 27.03456594605545 8.586911114162774
13.115106895461274 85.99867486466336 12.884893104538726 76.00132513533664
78.6073803037062 70.67289144902477 85.3926196962938 63.32710855097522
11.084612175847102 63.93511978529445 4.915387824152898 56.06488021470555
88.6268762223442 73.01394157208844 89.3731237776558 82.98605842791156
72.92001451393185 71.89076213587018 63.07998548606815 70.10923786412982
81.77118213190559 36.50473378150083 72.22881786809441 39.49526621849917
85.00832211914707 82.98887165819417 76.99167788085293 77.01112834180583
79.74418119770809 93.42115714419924 70.25581880229191 96.57884285580076
62.94184994736148 61.923993011632405 55.05815005263852 68.0760069883676
32.775454179408044 54.7218990651308 25.224545820591953 61.2781009348692
76.64851676515376 84.84154605809479 67.35148323484624 81.15845394190521
62.165423365174036 74.72451234345648 71.83457663482596 77.27548765654352
62.92429877607205 19.000573100374822 63.07570122392795 28.999426899625178
2.2020573236182477 85.14385289069023 7.797942676381752 76.85614710930977
48.00008174539748 72.97140896482286 57.99991825460252 73.02859103517714
12.91012680398505 4.069009840695559 19.08987319601495 11.930990159304441
74.35009261308883 43.28827809719969 67.64990738691117 50.71172190280031
96.4503584689274 46.64158935232627 91.5496415310726 55.35841064767373
25.82429783321451 91.93158525041977 24.17570216678549 82.06841474958023
27.01171880345739 49.01568898370388 18.98828119654261 54.98431101629612
9.630805704238279 51.431078198224654 18.369194295761723 46.568921801775346
9.021385052598678 95.46194502433961 18.978614947401322 94.53805497566039
32.109910705119006 40.001208182280415 31.890089294880994 49.998791817719585
26.41381448132943 13.00829159053431 35.58618551867057 16.99170840946569
87.27066693876684 42.62277811050276 96.72933306123316 39.37722188949724
59.87034249828255 11.13126652448613 50.12965750171745 8.86873347551387
96.07768083610064 24.882479289817976 93.92231916389936 15.117520710182024
86.02745342768115 57.9045033555571 87.97254657231885 48.0954966444429
67.9512714002145 2.396464410618184 64.0487285997855 11.603535589381817
11.971156560998072 31.038077610602134 4.028843439001928 24.961922389397866
26.174219780860348 76.93133724558336 27.825780219139652 67.06866275441664
60.27041523184316 46.30867433130465 63.72958476815684 55.69132566869535
41.911999375769625 56.12106775065963 50.088000624230375 61.87893224934037
72.00521993982645 14.228412238053798 81.99478006017355 13.771587761946202
77.23597734194914 49.005571634902886 76.76402265805086 58.994428365097114
22.536774309404272 72.10182750613113 13.463225690595728 67.89817249386887
43.990151468857846 3.3136691216168037 34.009848531142154 2.6863308783831963
89.54130231755326 60.38926457055664 96.45869768244674 67.61073542944337
10.710200732748614 35.16922181732614 13.289799267251386 44.83077818267386
55.976441395260196 37.40721441703383 52.023558604739804 46.59278558296617
62.59571656443572 36.20125140973193 65.40428343556428 45.79874859026807
94.38881936408661 82.96250523730549 95.61118063591339 73.03749476269451
15.263370021503793 64.32228782675485 22.736629978496207 57.677712173245155
31.972805356523935 20.4792247258876 22.027194643476065 21.5207752741124
41.21882088726174 26.462985403862746 50.78117911273826 23.537014596137254
20.3733314695589 6.895768527385661 29.6266685304411 3.1042314726143396
22.944821312541663 46.88739173154083 25.055178687458337 37.11260826845917
4.127667039696223 31.07668453109415 5.872332960303777 40.923315468905855
67.30559354654058 60.21190857730272 72.69440645345942 51.78809142269728
56.97705021642277 95.52149070729395 47.02294978357723 96.47850929270605
2.4178797814156168 6.998956696510492 11.582120218584382 11.001043303489508
70.02404224355585 28.10598963186498 67.97595775644415 37.89401036813502
31.645464001027925 29.589086236442093 36.354535998972075 38.41091376355791
84.35146223007268 31.71048526750831 77.64853776992732 24.28951473249169
56.30409373359532 48.17306105963651 53.69590626640468 57.82693894036349
44.292104321360235 7.556323843932624 39.707895678639765 16.443676156067376
35.61149087240817 60.32331591073875 42.38850912759183 67.67668408926126
47.15907753868644 14.798857290563728 54.84092246131356 21.201142709436272
35.04791704838716 26.062848403622212 42.95208295161284 19.937151596377788
56.88504002353959 26.933986881686547 47.11495997646041 29.066013118313453
41.13800289916702 80.19341274739492 32.86199710083298 85.80658725260508
89.75897773757622 2.7030185975037133 82.24102226242378 9.296981402496286
