96.428436845766 28.79161436028173 93.571563154234 19.20838563971827
72.61182658136863 35.54244179425436 65.38817341863137 42.45755820574564
48.915333163300204 7.0837577319501115 39.084666836699796 8.916242268049889
28.45501432349492 45.75531484335098 31.54498567650508 36.24468515664902
8.810625383900334 86.0035875615821 9.189374616099666 95.9964124384179
19.010348725226653 87.99998929037714 18.989651274773347 78.00001070962286
95.35009165497245 80.04241801448896 96.64990834502755 89.95758198551104
72.55846894122165 81.0195331218716 73.44153105877835 90.9804668781284
28.131273660440325 32.47698412734232 23.868726339559675 41.52301587265768
70.94443512402397 65.11269166180344 73.05556487597603 74.88730833819656
68.95298226348079 27.60281004154304 65.04701773651921 18.39718995845696
48.72215075225046 62.643560851632955 39.27784924774954 59.356439148367045
89.65789602778358 86.23504294021824 84.34210397221642 77.76495705978176
62.93894219073058 47.608742038887065 59.06105780926942 38.391257961112935
89.41344594405388 17.34645558573293 82.58655405594612 24.65354441426707
8.741786471838607 62.6206139640518 17.25821352816139 57.3793860359482
46.66456803685598 91.50921103002497 55.33543196314402 96.49078896997503
26.606234336887116 67.94489208792727 17.393765663112884 64.05510791207273
50.97450043799054 2.495673327661616 41.02549956200946 3.504326672338384
11.720005926111206 66.4151110802441 20.279994073888794 71.5848889197559
53.08918295940803 67.91634135496787 54.91081704059197 58.08365864503213
43.218192395123246 85.31544176488488 34.781807604876754 90.68455823511512
22.20400248262252 59.58634947270937 31.79599751737748 62.41365052729063
80.35493320075135 76.18708445726483 77.64506679924865 85.81291554273517
55.83705470248488 91.50795603793529 60.16294529751512 82.49204396206471
68.99490240888554 77.41520290754076 65.00509759111446 86.58479709245924
48.208910427330295 19.165564726146638 41.791089572669705 26.834435273853362
43.85323757623183 41.86671716287616 46.14676242376817 32.13328283712384
5.151874476583744 80.8655097564587 2.8481255234162552 71.1344902435413
24.01058248956555 2.6748647872498217 33.98941751043445 3.3251352127501783
58.12995685976498 53.13255455155583 67.87004314023503 50.86744544844417
73.1521433972781 44.10970957250427 78.8478566027219 35.89029042749573
95.88593022380078 76.06192553794982 86.11406977619922 73.93807446205018
95.578307091964 41.74435946397995 92.421692908036 32.25564053602005
96.91959146274549 62.10690435020555 87.08040853725451 63.89309564979445
78.83870022077123 50.88396051323686 73.16129977922877 59.11603948676314
51.612243427747224 78.03762577134893 50.387756572252776 87.96237422865107
25.302531813395067 78.28716824065101 34.69746818660494 81.71283175934899
27.24878799838443 74.30581435034324 34.75121200161557 67.69418564965676
64.13052572738427 66.52336822787552 59.869474272615726 57.47663177212448
66.00097668154723 3.9011776261898534 75.99902331845277 4.098822373810147
8.540423840364063 72.21777902703958 11.459576159635937 81.78222097296042
36.05716641270742 75.75392050531362 45.94283358729258 74.24607949468638
23.42161736427051 32.33437355279345 14.57838263572949 27.665626447206552
50.39514351883736 26.948152147008642 59.60485648116264 23.051847852991358
82.00137819015278 68.88261174624512 91.99862180984722 69.11738825375488
67.53705257383064 60.3513089956846 72.46294742616936 51.6486910043154
50.73757413010782 52.40144084822201 41.26242586989218 55.59855915177799
29.651279506381655 84.58413144774607 22.348720493618345 91.41586855225393
26.00219795664731 54.85176122147129 35.99780204335269 55.14823877852871
10.171472840081405 31.503854538591227 5.828527159918595 22.496145461408773
20.232083567234085 19.50564700051531 29.767916432765915 16.49435299948469
15.495365262066493 16.327447842497556 20.504634737933507 7.6725521575024445
60.05249834937307 69.39486837095774 63.94750165062693 78.60513162904226
88.11800873734119 10.835842738795934 79.88199126265881 5.164157261204066
82.61779157168746 48.40754009121894 91.38220842831254 43.59245990878106
30.963045717198035 27.606776078139394 21.036954282801965 26.393223921860606
4.8834616267545154 48.83797671265946 13.116538373245485 43.16202328734054
20.686015266797064 95.37835632415218 13.313984733202938 88.62164367584782
84.92724476070289 56.9053677779853 77.07275523929711 63.0946322220147
36.63479759340667 25.18998727766425 39.36520240659333 34.81001272233575
76.97458236889774 8.03419270767451 85.02541763110226 13.96580729232549
61.65861797836216 15.184159001542017 52.34138202163784 18.815840998457983
42.95305373981491 47.683563201544295 33.04694626018509 46.316436798455705
11.815889209128912 18.344325528060708 2.1841107908710873 15.655674471939294
81.89265919367556 96.85127190928927 90.10734080632444 91.14872809071073
49.370940870613026 70.42793655304348 40.629059129386974 65.57206344695652
49.30090229500833 36.63597322113433 56.69909770499167 43.36402677886567
64.18155222175558 8.870066329671973 69.81844777824442 17.12993367032803
87.43152148287564 53.03199508822566 96.56847851712436 48.96800491177434
19.00887066740533 49.89716039929765 16.99112933259467 40.10283960070235
56.04618812976888 7.0625927046939125 47.95381187023112 12.937407295306087
48.78515932498469 42.17053535931364 55.21484067501531 49.82946464068636
3.403801112555932 2.7268569721065754 8.596198887444068 11.273143027893425
3.2020537180645814 94.93591751664728 4.797946281935419 85.06408248335272
3.4339644847629014 54.0374787541453 12.566035515237099 49.9625212458547
34.070129238125894 95.16550957392023 43.929870761874106 96.83449042607977
69.39374063063373 96.38642897877108 60.60625936936627 91.61357102122892
3.2101434873829766 38.99558201961598 2.7898565126170234 29.004417980384016
61.33385178153529 28.27368381658856 54.66614821846471 35.72631618341144
16.53734768575577 2.2422103773809656 13.46265231424423 11.757789622619034
73.92055944032381 24.999368879916577 74.07944055967619 15.000631120083423
24.050111283482547 49.29388266265924 33.94988871651745 50.70611733734076
86.76625180037192 35.84539630782813 89.23374819962808 26.15460369217187
8.383013526045271 40.45216002630651 15.616986473954729 33.54783997369349
22.63501231722264 13.438623080593207 31.36498768277736 8.561376919406793
85.07259764446985 3.8489440657169123 94.92740235553015 2.1510559342830877
27.097099497508932 21.980595055398922 36.90290050249107 20.019404944601078
82.13662515316501 88.10621230053145 75.86337484683499 95.89378769946855
82.67579494597204 32.77114133349721 73.32420505402796 29.22885866650279
