95.91975163361361 31.914677703824033 94.08024836638639 22.085322296175967
73.96002351268875 41.63100455907609 64.03997648731125 40.36899544092391
64.99546315699807 11.212950339456993 55.00453684300193 10.787049660543007
34.30150118848986 44.289997392330115 43.69849881151014 47.710002607669885
5.487118582779299 63.6773356615408 10.5128814172207 72.32266433845919
14.140601140457306 89.10168723357181 19.859398859542694 80.89831276642819
96.4819620583879 64.02328295215867 95.5180379416121 73.97671704784133
71.49499737390593 68.66698856403511 66.50500262609407 77.33301143596489
23.220705776580893 36.84361652158163 28.779294223419107 45.15638347841837
93.27452595206097 81.30716084764363 96.72547404793903 90.69283915235637
77.293388627732 27.829818408351763 74.706611372268 18.170181591648237
72.92979017982893 54.09139922082543 65.07020982017107 47.90860077917457
88.63122933401192 79.80899853024832 91.36877066598808 70.19100146975168
63.27489803594436 31.692975944282196 66.72510196405564 22.307024055717804
96.87291104847961 14.879849155869897 87.12708895152039 17.120150844130105
8.251528704271848 43.05633832878189 9.748471295728152 52.94366167121811
43.000958330671054 95.09788967418912 52.999041669328946 94.90211032581088
25.508237032113037 68.32536090872621 20.491762967886963 59.6746390912738
81.24996911526921 2.36603672780773 72.75003088473079 7.63396327219227
26.465687183882817 76.24123081224792 29.534312816117183 85.75876918775208
56.331311398772385 72.71332985819294 59.668688601227615 63.286670141807065
26.567863728961875 89.49709429022728 19.432136271038125 96.50290570977272
27.16815374578617 49.06968238250816 28.83184625421383 58.93031761749184
72.89570688461262 95.01590063488345 63.10429311538738 92.98409936511655
57.737136943657134 91.321717547347 50.262863056342866 84.678282452653
65.97685989713959 81.48048471801268 56.02314010286041 80.51951528198732
25.585213832043785 33.34770819523756 32.414786167956215 40.65229180476244
42.85206150326745 41.644337217312575 39.14793849673255 32.355662782687425
16.5503320995561 66.9696211706928 15.449667900443897 57.03037882930719
34.00123132857843 8.110958413895426 43.99876867142157 7.889041586104574
53.431675333128084 50.28995435937695 58.568324666871916 41.71004564062305
57.596772084416266 59.36887819936444 66.40322791558374 54.63112180063556
88.65965456156769 66.81317935319741 79.34034543843231 63.18682064680258
90.29659699585285 31.991195269877853 89.70340300414715 22.008804730122147
96.9595903484725 51.36559983028184 87.0404096515275 52.63440016971816
63.004772577147065 66.10199713472795 60.995227422852935 75.89800286527205
35.72564242915533 86.80823744131561 30.274357570844675 95.19176255868439
34.85565744633371 70.11244165250174 41.14434255366629 77.88755834749826
43.76565297119756 84.51279600677549 34.23434702880244 81.48720399322451
83.88669860192438 79.94161596102819 74.11330139807562 82.05838403897181
60.07396662205058 16.85685188879302 69.92603337794942 15.143148111206981
19.14652189054278 73.20601427862461 10.853478109457223 78.79398572137539
77.44397641159355 86.94023082315418 86.55602358840645 91.05976917684582
10.101953522148497 34.99896043986362 9.898046477851503 25.001039560136377
73.03371106597172 29.8919772517958 70.96628893402828 20.1080227482042
84.4093329766704 57.018642818441336 93.5906670233296 60.981357181558664
65.1821025676797 62.662889558921364 74.8178974323203 65.33711044107864
51.82155801884836 70.87219061168366 46.17844198115164 79.12780938831634
24.52984315228508 85.45878448548156 17.47015684771492 92.54121551451844
38.45742046771972 58.91074865252927 47.54257953228028 63.08925134747073
14.628623373842856 37.98618886541055 15.371376626157144 28.013811134589453
26.735639159089118 20.389401099650534 35.26436084091088 25.610598900349466
22.047917446531688 5.690563815758375 31.952082553468312 4.309436184241625
57.72879804450949 51.810291032508204 52.27120195549051 60.189708967491796
91.90054378853463 10.007694312898176 82.09945621146537 11.992305687101824
79.27219373112032 58.69198097792607 82.72780626887968 49.30801902207393
23.698430068676192 27.950979240430016 22.301569931323808 18.049020759569984
18.01023438711976 41.90105744014083 19.98976561288024 32.09894255985917
15.216661831661678 96.6869616665311 6.783338168338322 91.3130383334689
84.99763527455235 71.15375845521487 75.00236472544765 70.84624154478513
28.7299072123591 29.21760748200045 35.2700927876409 36.78239251799955
81.08561763549021 7.921328375442321 90.91438236450979 6.078671624557679
50.82290465074466 24.6810645467554 41.17709534925534 27.3189354532446
50.30608903256295 54.826399428043516 47.69391096743705 45.173600571956484
32.93002754572616 13.833563673861374 23.069972454273838 12.166436326138626
89.98025627733179 84.10509216224874 92.01974372266821 93.89490783775126
46.237882266859316 68.65336652052433 37.762117733140684 63.34663347947568
45.59765439691333 32.614941778798126 50.40234560308667 41.385058221201874
67.38692771221172 34.07138286131235 76.61307228778828 37.92861713868765
90.70412008961544 46.829150573119634 93.29587991038456 37.170849426880366
32.61994838525836 65.98553515383577 33.38005161474164 56.01446484616423
67.93814768213386 5.784026446898275 58.06185231786613 4.215973553101725
51.42379960087263 28.714770542487138 56.57620039912737 37.28522945751286
6.024884744858827 3.5017749523944173 15.975115255141173 4.498225047605582
6.858211995096932 82.64187981116248 3.141788004903068 73.35812018883752
12.466706438283554 43.89067558604651 21.533293561716448 48.10932441395349
38.06703211141311 90.81598272663743 47.93296788858689 89.18401727336257
70.99071806538923 86.69547874984241 61.00928193461077 87.30452125015759
3.9484069310503096 31.99973380843784 4.051593068949691 22.00026619156216
55.89688331491456 18.00106341816012 56.10311668508544 27.99893658183988
18.710276961623215 13.648307163827807 11.289723038376785 20.35169283617219
83.87594354064719 30.92267436599238 82.12405645935281 21.07732563400762
33.01993960786781 51.55390753120436 42.98006039213219 52.44609246879564
81.75757596163956 42.94227464456862 80.24242403836044 33.05772535543138
7.086505819792224 58.54384126747108 2.913494180207776 49.45615873252892
38.8641624190521 23.80977712710795 47.1358375809479 18.19022287289205
44.44027481517679 2.948438097719464 53.55972518482321 7.051561902280536
39.00550918145871 12.765348207961758 48.99449081854129 13.234651792038242
86.73175255254195 95.61570968354862 77.26824744745805 92.38429031645138
86.41370656673384 36.017144706431736 85.58629343326616 45.982855293568264
