65.94636090396395 13.730420295266311 56.05363909603605 12.269579704733689
53.03221723141297 8.956556138262265 44.96778276858703 3.043443861737735
90.24461220467977 31.172270137155586 95.75538779532023 22.827729862844414
2.2185067462880816 6.461958366270194 11.781493253711918 3.5380416337298066
8.855674774184877 79.89571911486505 3.1443252258151224 88.10428088513495
49.15096591780216 85.78737904656774 40.84903408219784 80.21262095343226
86.38820668220083 69.60722538216547 81.61179331779917 78.39277461783453
58.43002578743689 86.01852654105843 57.56997421256311 95.98147345894157
22.984677917587106 17.424141948864786 27.015322082412894 26.575858051135214
81.6455847942855 83.57805442654703 74.3544152057145 90.42194557345297
90.09534060099183 36.86848136857604 81.90465939900817 31.13151863142396
48.98895307247997 94.6678144485493 39.01104692752003 95.3321855514507
62.64144932780869 76.01287242839416 63.35855067219131 85.98712757160584
90.81068678628984 52.637174756538315 81.18931321371016 55.362825243461685
65.49189690912776 9.196101581841898 56.50810309087224 4.803898418158102
39.983829878143275 49.59820434829832 30.016170121856725 50.40179565170168
85.04719151023981 95.31466208060596 94.95280848976019 96.68533791939404
47.2784276811792 36.45070413548647 42.7215723188208 27.54929586451353
80.44664309972902 11.286343181508911 71.55335690027098 6.713656818491089
34.89775604684844 45.85860010299299 43.10224395315156 40.14139989700701
60.68613891813639 40.62177859277988 53.31386108186361 47.37822140722012
5.75319075853807 57.3174449107163 2.2468092414619303 66.68255508928371
50.242141948318405 60.19362172308713 43.757858051681595 67.80637827691287
24.866355432989078 73.85170352268341 15.133644567010922 76.14829647731659
18.034661624026448 92.9737675860147 11.965338375973554 85.0262324139853
20.41467334398609 86.25798150639079 23.58532665601391 95.74201849360921
15.000004302683383 46.00655948285503 24.999995697316617 45.99344051714497
37.804483940147854 9.065143812627952 36.195516059852146 18.93485618737205
12.07330859066298 67.91337389497899 13.92669140933702 58.08662610502101
96.14783615281505 86.86646403113089 93.85216384718495 77.13353596886911
7.8335037758652275 74.99722713185511 8.166496224134773 65.00277286814489
74.43172288671755 64.2523156280188 77.56827711328245 73.7476843719812
66.55555322698845 71.29757463041993 61.444446773011556 62.70242536958008
66.91842676085237 42.894209968488525 59.08157323914764 49.105790031511475
81.74433640417784 67.17954754736732 76.25566359582216 58.82045245263268
52.71049852276247 91.67666444676703 43.28950147723753 88.32333555323297
76.49524888238305 47.81076783199362 67.50475111761695 52.18923216800638
31.547849073031845 60.24561641775567 28.452150926968155 69.75438358224433
76.86410943646568 78.84222653766574 67.13589056353432 81.15777346233426
92.30800484159109 71.70501353706031 95.69199515840891 62.29498646293969
91.73288488476648 10.812955671763804 86.26711511523352 19.187044328236198
24.205932489955163 66.66704636460808 27.794067510044837 57.33295363539192
70.01026688517602 96.32025527759752 79.98973311482398 95.67974472240248
10.18966203141428 19.635944052473427 19.81033796858572 22.364055947526573
74.8314762628191 30.002840832032007 75.1685237371809 39.99715916796799
89.99581178801873 41.204608354406915 80.00418821198127 40.795391645593085
44.984661369554736 75.608654844327 35.015338630445264 76.391345155673
9.374627656774123 44.59987005968193 4.6253723432258775 53.40012994031807
32.96193747292812 32.90659518384966 31.038062527071883 23.09340481615034
15.005546269518561 80.7645601264016 24.99445373048144 81.2354398735984
2.1231038565941835 42.10267130480188 11.876896143405816 39.89732869519812
27.616158237087195 16.395144872400998 32.3838417629128 7.604855127599003
68.28486972341776 23.696629444010984 71.71513027658224 14.303370555989016
72.34473806840467 24.236694947080878 77.65526193159533 15.763305052919122
86.96733342440498 25.570612522460845 77.03266657559502 24.429387477539155
89.11669326571896 63.08491643440225 94.88330673428104 54.91508356559775
58.39646441061818 35.04872859978552 67.60353558938182 38.95127140021448
28.86271006016502 35.17481826111353 21.13728993983498 28.82518173888647
19.002621635916856 69.89951389413876 20.997378364083144 60.10048610586123
52.28359226071686 28.0515901593446 53.71640773928314 37.9484098406554
54.874679059151546 78.52581604778531 59.125320940848454 69.47418395221469
41.614443338509574 16.320597046824332 48.385556661490426 23.679402953175668
72.13638646374119 73.52060315417572 67.86361353625881 64.47939684582428
37.83819448539128 84.20441306518245 30.161805514608723 77.79558693481755
27.51056301827873 4.439670339042504 20.48943698172127 11.560329660957496
87.58439649662073 77.01730256507794 88.41560350337927 86.98269743492206
11.857300492647521 49.200349880470505 20.14269950735248 54.799650119529495
59.317684040567755 58.52142906420674 50.682315959432245 53.47857093579326
53.1473419540069 63.00217143665477 52.8526580459931 72.99782856334522
90.99305062994407 91.26352496431103 81.00694937005593 90.73647503568897
16.595463023975032 31.016391885889444 17.404536976024968 40.98360811411055
47.0946831638082 9.869419765044086 38.9053168361918 4.130580234955914
35.99186608935386 70.99388662528379 42.00813391064614 63.00611337471621
10.804903571322914 11.845953563351348 17.195096428677086 4.1540464366486525
3.438793488971391 26.951733619923857 12.561206511028608 31.048266380076143
5.430584093870102 21.9701137281101 14.569415906129898 26.0298862718899
94.68539281463522 42.990092415869356 95.31460718536478 33.009907584130644
14.112007487374822 96.913490692275 7.887992512625178 89.086509307725
37.42102809627387 25.2558617508294 40.57897190372613 34.744138249170604
72.52481447304648 54.87254753648663 63.47518552695352 59.12745246351337
49.34017341769808 44.581449516515704 44.65982658230192 53.418550483484296
91.83164784747589 48.28653763177826 82.16835215252411 45.71346236822174
43.88857478088209 59.049684053286356 34.11142521911791 56.950315946713644
57.00397655266544 29.80062669766666 66.99602344733457 30.19937330233334
34.556187089529956 87.48524063636492 27.44381291047004 94.51475936363508
50.02567468018659 18.493949001914622 59.97432531981341 19.506050998085378
23.013584395150495 40.631680280580376 32.986415604849505 41.368319719419624
11.991658266479877 35.71129989490286 2.0083417335201217 36.28870010509714
71.3237005620769 87.48890194347254 62.676299437923106 92.51109805652746
93.97487620542366 5.500606373021351 84.02512379457634 4.499393626978649
