53.51076155650885 9.560133886996331 46.48923844349115 2.4398661130036694
63.52431216957929 12.761981983341862 60.47568783042071 3.2380180166581383
81.93122244765331 54.55194018402115 86.06877755234669 45.44805981597885
3.244749682472839 5.5451842665707645 12.75525031752716 2.454815733429235
8.681120324644992 87.04660973641734 7.318879675355008 96.95339026358266
40.72421353647625 93.3623778024909 31.27578646352375 96.6376221975091
89.68824130566591 78.62407404240263 82.31175869433409 85.37592595759737
41.52255655745805 72.40731477806335 48.47744344254195 79.59268522193665
13.22692175319753 21.32493919497127 16.77307824680247 30.67506080502873
96.93585444913604 85.20166369433436 87.06414555086396 86.79833630566564
85.82975196935186 16.214498382834485 78.17024803064814 9.785501617165515
55.926900220333295 92.14814659777652 46.073099779666705 93.85185340222348
52.72854131414699 78.00737442001957 53.27145868585301 87.99262557998043
96.35750642002434 29.294983044641313 89.64249357997566 36.70501695535869
76.85033337749522 5.214193611890559 67.14966662250478 2.7858063881094406
27.686690007724316 46.74210699197755 18.313309992275684 43.25789300802245
82.94867633012933 91.06967979190914 91.05132366987067 96.93032020809086
42.65766200065458 19.23518980569663 37.34233799934542 10.764810194303369
96.99215015608144 10.28006574073967 87.00784984391856 9.71993425926033
33.24123081224792 34.53431281611717 42.75876918775208 31.465687183882824
55.38547151044123 43.605739462335755 50.61452848955877 52.394260537664245
5.8714141548132845 71.0016537054324 6.1285858451867155 80.9983462945676
40.775208772445374 57.00505566557399 41.224791227554626 66.99494433442601
15.368674689972615 83.40333739487257 10.631325310027385 74.59666260512743
25.901906743927924 86.01444925354706 16.098093256072076 87.98555074645294
32.68756213035826 82.783720858925 27.31243786964174 91.216279141075
26.019602492451916 39.44231286077713 35.98039750754808 38.55768713922287
33.54511100537986 19.029803425234192 32.45488899462014 28.970196574765808
13.083650824759763 66.06139230905802 18.916349175240235 57.938607690941986
92.89835088214248 56.87712714834499 95.10164911785752 47.12287285165501
2.1396445095312533 95.92542266511416 3.8603554904687467 86.07457733488584
74.68234675754383 69.1767448820693 77.31765324245617 78.8232551179307
71.94196889977637 75.24043210070258 62.05803110022362 76.75956789929742
69.23873710184435 54.52919960311069 64.76126289815565 63.47080039688931
83.06424286608706 78.88542599186425 80.93575713391294 69.11457400813575
71.99806812298722 96.13897855222652 62.00193187701278 95.86102144777348
89.53759704361919 53.46653043638737 82.46240295638081 60.53346956361263
36.61223157099955 56.03762430851196 35.38776842900045 65.96237569148805
66.76565297119757 83.51279600677549 57.23434702880244 80.48720399322451
86.45495625480456 74.97925845947107 85.54504374519544 65.02074154052893
75.38309598357237 14.268655434058918 78.61690401642763 23.731344565941082
21.452645531447544 76.7545445784692 24.547354468552456 67.2454554215308
72.82228751154076 91.25287088694911 81.17771248845924 96.74712911305089
14.18966203141428 15.635944052473427 23.81033796858572 18.364055947526573
62.01384661996411 58.010422509672125 55.98615338003589 65.98957749032787
91.30127800630632 23.450684893453637 82.69872199369368 28.549315106546363
47.685742607715426 84.37865378955452 40.314257392284574 77.62134621044548
13.011718803457393 59.01568898370388 4.988281196542607 64.98431101629612
10.182533833638168 34.99666702908823 9.817466166361832 25.003332970911774
22.301906767670964 82.3651309699627 29.698093232329036 75.6348690300373
6.10460236372047 56.017389788974114 15.89539763627953 53.982610211025886
28.25104356231561 17.684138274974632 31.74895643768439 8.315861725025368
56.06072367307403 19.776884396978524 65.93927632692598 18.223115603021476
70.28763824929439 16.831354648434957 67.71236175070561 7.168645351565043
95.74670270342243 23.684979153193403 92.25329729657757 14.315020846806599
70.79121327334093 44.48567288108871 75.20878672665907 35.51432711891129
59.0123610774166 39.35136587473897 68.9876389225834 38.64863412526103
4.839792887617594 23.863529526627474 7.160207112382406 14.136470473372524
15.832238642875645 75.86172123972642 18.167761357124355 66.13827876027358
47.48205135761628 31.68028535267456 52.51794864238372 40.31971464732544
59.01313981616316 70.63774938666336 68.98686018383684 71.36225061333664
49.14057122726604 16.17726462731423 58.85942877273396 13.822735372685772
77.23360905191319 88.8136298325067 70.76639094808681 81.1863701674933
34.63958007030441 77.72353439630332 31.360419929695592 68.27646560369668
26.750367505721496 4.693227620166708 19.249632494278504 11.306772379833292
89.73501363396169 64.21319870740702 96.26498636603831 71.78680129259298
28.294078747801425 53.3000177998957 31.705921252198575 62.6999822001043
53.75724467710495 62.29895626469441 46.24275532289505 55.70104373530559
45.90032820924949 61.07673161896545 52.09967179075051 68.92326838103456
95.57360638221483 80.28678786382333 90.42639361778517 71.71321213617667
22.856839324033235 51.00204991813076 23.143160675966765 60.99795008186924
44.4931469652451 7.193542875967714 35.5068530347549 2.8064571240322858
38.9673933738885 45.56820646463003 43.0326066261115 36.43179353536997
10.280455299285972 8.651029320745739 19.719544700714028 5.348970679254262
4.26723042212668 45.6127281614571 13.73276957787332 42.3872718385429
5.691750202285025 31.048083032033087 4.308249797714975 40.951916967966916
89.91799970259143 48.54590747393638 94.08200029740857 39.45409252606362
21.97705021642277 94.52149070729395 12.022949783577229 95.47850929270605
23.7761381107796 25.5217817943212 28.2238618892204 34.4782182056788
78.92126037378969 48.116146882470076 69.07873962621031 49.883853117529924
48.63286634612052 47.11942843290028 39.36713365387948 50.88057156709972
69.09126837441336 27.125713464435893 60.90873162558665 32.8742865355641
64.63978804308043 51.13657119393096 55.36021195691957 54.86342880606904
56.00038903673842 24.0623715963768 65.99961096326159 23.9376284036232
44.85848218474278 87.81883495626691 35.14151781525722 90.18116504373309
46.66155718343428 26.514459027215736 55.33844281656572 31.485540972784264
14.00586549855355 36.24211687562463 23.99413450144645 35.75788312437537
14.995936524320896 49.798460314189846 5.0040634756791045 50.201539685810154
66.64070813881924 91.86113620412289 57.359291861180765 88.13886379587711
92.98285529356828 3.4137065667337754 83.01714470643172 2.5862934332662246
