56.74437841421624 16.57825012679201 47.25562158578376 13.42174987320799
63.92657859242442 16.095477436117772 56.07342140757558 9.904522563882228
89.93122244765331 36.55194018402115 94.06877755234669 27.448059815978855
5.397516528015321 5.953751747307691 14.60248347198468 2.046248252692309
11.178465694353132 86.49952366759622 6.821534305646867 95.50047633240378
51.95277000249108 91.68561600216485 42.04722999750892 90.31438399783515
82.12218567894507 75.17023230135403 73.87781432105493 80.82976769864597
54.73255369740304 75.00715787599616 55.26744630259696 84.99284212400384
20.220705776580893 16.84361652158163 25.779294223419107 25.15638347841837
82.40971783828867 81.6189887080911 77.59028216171133 90.3810112919089
85.37274384604619 22.424687867925524 76.62725615395381 17.575312132074476
35.99224940785312 96.27829094449896 26.007750592146877 95.72170905550104
59.94463755032363 87.39365819788942 56.05536244967637 96.60634180211058
83.6087420388871 46.0610578092695 74.3912579611129 49.9389421907305
66.3277625716859 9.504090877567094 57.67223742831411 4.495909122432905
43.99564773824208 47.208575347049546 34.00435226175792 46.791424652950454
83.1907725054459 90.63203402614504 92.8092274945541 93.36796597385496
46.73117147968727 34.18816216836727 41.26882852031273 25.811837831632726
72.40606366398833 7.363599583026227 63.59393633601167 2.6364004169737725
40.0386618131163 37.37941689084416 49.9613381868837 38.62058310915584
65.61925731044778 48.08624403335358 56.38074268955222 51.91375596664642
4.133183610204737 63.00177410214656 3.8668163897952628 72.99822589785344
46.10732623691964 67.08279134365415 39.89267376308036 74.91720865634585
11.895706884612618 79.01590063488345 2.1042931153873807 76.98409936511655
22.905860591567823 89.12157861333613 15.094139408432179 82.87842138666387
33.2481996030295 80.19878975339708 26.751800396970502 87.80121024660292
28.036474112536602 41.39716439680398 37.9635258874634 42.60283560319602
35.458286091637426 7.021046911426891 34.541713908362574 16.978953088573107
9.679005658388542 72.98968562463142 10.320994341611458 63.01031437536858
94.7193280025244 70.947986178718 93.2806719974756 61.05201382128201
2.0537163434070465 93.60564652661049 5.9462836565929535 84.39435347338951
71.51482026021378 61.225668513757284 74.48517973978622 70.77433148624272
69.88593022380078 80.06192553794982 60.114069776199216 77.93807446205018
69.58874721697424 51.01420067007989 60.41125278302576 54.98579932992011
88.67394194984544 69.39148205791597 81.32605805015456 62.608517942084035
50.9561609683616 95.66065759337876 41.0438390316384 94.33934240662124
74.41610739739312 54.65521952953166 65.58389260260688 59.34478047046834
35.63058876275692 56.27335422452974 32.36941123724308 65.72664577547026
73.54576706056852 89.08230685324 64.45423293943148 84.91769314676
88.51669302333103 60.33972193344542 93.48330697666897 51.66027806655458
88.2890125799486 8.234047763322033 81.7109874200514 15.765952236677967
19.452645531447544 74.7545445784692 22.547354468552456 65.2454554215308
76.04083474855739 95.36228532329567 85.95916525144261 96.63771467670433
7.6197965054903785 10.588814120254163 16.380203494509622 15.411185879745837
64.80091789495478 36.85815754214117 59.19908210504522 45.14184245785883
84.64712288139862 32.15493931666694 75.35287711860138 35.84506068333306
48.999801205846545 82.04458589480377 39.000198794153455 81.95541410519623
12.793771445027891 51.743115257966444 5.206228554972109 58.256884742033556
18.65923996818793 32.98837474541753 19.34076003181207 23.011625254582466
20.341577457278927 80.81634231725964 29.658422542721073 77.18365768274036
2.5347288468424702 52.24974521419187 11.46527115315753 47.75025478580813
28.871335453661 19.998344269307125 29.128664546339 10.001655730692875
62.98665120241173 23.989953511517815 69.01334879758826 16.010046488482185
67.64674305285496 27.411596280340433 72.35325694714504 18.588403719659567
96.26078169097579 20.616436389795375 87.73921830902421 15.383563610204625
81.49779632316951 53.17489357264533 90.50220367683049 48.82510642735467
59.50489505076924 29.810472312255186 68.49510494923075 34.189527687744814
13.83797671265939 24.116538373245536 8.16202328734061 15.883461626754464
17.433437734255087 66.96779701668999 18.566562265744913 57.03220298331001
47.40704543767226 24.724887529233442 52.59295456232774 33.27511247076656
50.8472768013589 70.78476031921385 59.1527231986411 65.21523968078615
39.99678971678642 8.418826726565852 44.00321028321358 17.581173273434146
69.65215141441013 73.71915201109931 66.34784858558987 64.28084798890069
34.724023957813536 75.33641207910995 27.275976042186464 68.66358792089005
28.253655420691477 3.2034586261433984 21.746344579308523 10.796541373856602
86.07244487918051 77.90576168129786 93.92755512081949 84.09423831870214
22.503852180691425 52.667651207005484 27.496147819308575 61.332348792994516
57.39182726890107 59.67362324931928 50.60817273109893 52.32637675068072
47.18282178922871 55.34190346275455 50.81717821077129 64.65809653724546
96.23926104182081 90.65116310688353 87.76073895817919 85.34883689311647
17.6825005912475 43.01009076981937 18.3174994087525 52.98990923018063
47.0946831638082 7.869419765044086 38.9053168361918 2.130580234955915
39.45603580729861 67.75564659869254 42.54396419270139 58.24435340130746
15.544406506875145 9.613706353631015 22.455593493124855 2.386293646368985
4.370088586960923 33.11216518005136 13.629911413039077 36.88783481994864
3.2005913799366335 16.85713729675784 8.799408620063367 25.14286270324216
96.90195060904946 44.91797571149302 95.09804939095054 35.08202428850698
22.04323368341104 96.96720666819269 15.956766316588961 89.03279333180731
33.182614589648296 23.067264340049817 34.817385410351704 32.93273565995018
84.77686344612992 56.522984219099975 75.22313655387008 59.477015780900025
60.33960437470448 35.27883853878192 53.66039562529552 42.72116146121808
78.99909583502382 40.904916708894504 69.00090416497618 41.095083291105496
36.980060392132195 51.44609246879558 27.019939607867805 50.55390753120442
74.08034491015478 26.107254909304988 83.91965508984522 27.892745090695012
39.61389128511904 87.07334299650857 30.38610871488096 90.92665700349143
47.29585821780549 20.305582668581373 56.70414178219451 23.694417331418627
24.001141739717234 36.89315387885958 33.998858260282766 37.10684612114042
11.74685055008 40.42920088642589 2.2531494499200004 43.57079911357411
71.82629403919987 93.6935215856418 62.17370596080014 96.3064784143582
93.99880280256977 3.8905900323525975 84.00119719743023 4.1094099676474025
