90.43907452880825 12.301003547951595 81.56092547119175 7.698996452048405
59.40493525996177 61.383638488218736 54.59506474003823 52.616361511781264
74.31695664166124 41.741363205749934 67.68304335833876 34.258636794250066
28.01218703271124 22.348886519295444 37.98781296728876 21.651113480704556
2.3758799743444023 57.03910550469216 3.6241200256555977 66.96089449530784
21.715903647307364 72.83229723392523 24.284096352692636 63.16770276607477
92.95911323467473 76.00016717555265 93.04088676532527 85.99983282444735
59.4563352618474 67.21679107657842 56.5436647381526 76.78320892342158
13.703855679822325 35.55795699342368 22.296144320177675 30.442043006576323
81.19047936200222 59.86398817885338 86.80952063799778 68.13601182114662
86.95332689704925 43.90827544330618 85.04667310295075 34.09172455669382
73.98239579350599 71.5807958053003 64.01760420649401 72.4192041946997
79.8778832752729 93.92232881418909 78.1221167247271 84.07767118581091
72.95353812837904 29.319955875920495 63.046461871620956 30.680044124079505
68.98138307964798 2.5689285282035055 59.01861692035202 3.4310714717964945
2.685245368369899 40.009916882268655 3.314754631630101 49.990083117731345
72.7277059193011 85.007419912148 73.2722940806989 94.992580087852
14.303285147652353 65.82715732330206 11.696714852347647 56.17284267669793
90.77610792648161 17.479457020193408 81.22389207351839 14.520542979806592
18.87938899982805 64.07793996511812 17.12061100017195 73.92206003488188
52.50387874558007 62.768474464500414 49.49612125441993 53.231525535499586
37.15463090516242 77.48806408927177 32.84536909483758 86.51193591072823
7.340726087482442 26.043654783182088 8.659273912517559 35.95634521681791
95.99435448125526 96.23753592478944 86.00564551874474 95.76246407521056
28.864525409758627 85.84397554618744 19.135474590241373 88.15602445381256
53.99807608939994 69.10062819131186 52.00192391060006 78.89937180868814
22.398747493727022 10.531429633687305 29.601252506272978 17.468570366312697
56.92061422483704 33.05832632370532 51.07938577516296 24.94167367629468
7.981368944073702 62.90274565887398 6.018631055926298 53.09725434112602
50.5741847020399 12.673595274174689 59.4258152979601 17.326404725825313
16.216141647252414 56.545799442701544 25.783858352747586 59.454200557298456
67.02200976361257 40.096579245309364 68.97799023638743 49.903420754690636
76.97016603139807 67.54538942081496 67.02983396860193 66.45461057918504
81.73903376860393 42.31958227450978 74.26096623139607 35.68041772549022
92.00832211914707 52.98887165819417 83.99167788085293 47.01112834180583
58.55315805925721 90.93390424050067 49.44684194074279 95.06609575949933
49.532771603786664 69.88955417318869 40.467228396213336 74.11044582681131
29.296902588549578 65.17112397386168 26.703097411450422 74.82887602613832
70.9015520635518 76.01268679321554 61.098447936448196 77.98731320678446
89.39588500422626 72.33012738122 82.60411499577374 79.66987261878
53.23404776332204 6.710987420051382 60.76595223667796 13.289012579948619
23.872386609081047 79.87757016626976 14.12761339091895 82.12242983373024
85.73354275103105 82.16304992412222 88.26645724896895 91.83695007587778
2.3037146099983064 25.70346849417181 5.696285390001694 16.29653150582819
90.98044897850421 4.441732919892085 81.01955102149579 3.5582670801079153
94.03013239550353 33.00009079695029 93.96986760449647 42.99990920304971
44.49556189492224 96.76829801795043 47.50443810507776 87.23170198204957
40.726487013345626 85.05305987306899 39.273512986654374 94.94694012693101
13.939693279808399 77.77422884305336 4.060306720191602 76.22577115694664
30.22585480449547 80.15982192338315 35.77414519550453 71.84017807661685
37.70416880622685 68.2056475205882 32.29583119377315 59.794352479411806
9.449273084264163 12.928554963703505 18.550726915735837 17.071445036296495
52.76259881358182 18.345865266166435 61.23740118641818 23.654134733833565
54.1312665244862 39.129657501717475 51.8687334755138 48.870342498282525
96.21347481149118 11.995440771829731 95.78652518850882 2.0045592281702698
75.77422454052761 54.674625897308744 72.22577545947239 45.325374102691256
38.658534298898836 34.40809723801725 31.341465701101164 27.59190276198275
27.995550744380285 47.21088565698404 18.004449255619715 46.78911434301596
30.434800300128195 96.30923067231987 21.565199699871805 91.69076932768013
76.94164521708383 62.76167089249392 67.05835478291617 61.23832910750608
11.59989566932089 20.334036205784738 18.40010433067911 27.665963794215262
67.00870628737326 7.705064287864715 76.99129371262674 8.294935712135285
45.09966569997387 29.122425259588432 42.90033430002613 38.87757474041157
27.973892485001898 53.5102877106512 18.026107514998102 52.4897122893488
48.716018936408055 7.3389264340672185 39.283981063591945 10.661073565932782
80.23976737822592 50.704449874429756 87.76023262177408 57.295550125570244
44.71869826376607 42.65765303670262 37.28130173623393 49.34234696329738
56.988979053481614 44.422250033841486 61.011020946518386 53.577749966158514
44.51218073281706 13.226490407656103 47.48781926718294 22.7735095923439
93.52080466950841 70.9728022780137 92.47919533049159 61.0271977219863
40.49145131741562 64.97578894273164 39.50854868258438 55.02421105726836
39.9387350276522 3.2196819067577374 30.0612649723478 4.780318093242262
49.694698541854606 30.04849579057585 48.305301458145394 39.95150420942415
5.340950410734914 6.814733293012732 14.659049589265086 3.185266706987268
14.486152811300459 91.33809223033154 9.513847188699541 82.66190776966846
22.018666053818084 35.56836112707994 31.981333946181916 36.43163887292006
52.23249597732633 89.16424320669255 57.76750402267367 80.83575679330745
82.31364154602512 72.25570037197126 75.68635845397488 79.74429962802874
16.446898143185017 7.066219611142042 25.553101856814983 2.9337803888579574
62.63540050653927 37.01331099732817 63.36459949346073 46.98668900267183
14.002768627370388 39.83363110745584 23.997231372629614 40.16636889254416
89.96172264399692 30.90663729615544 88.03827735600308 21.09336270384456
45.835850673072166 57.002695226577714 46.164149326927834 66.99730477342229
72.95963554152783 20.634046761062617 63.040364458472176 19.365953238937383
4.4934999951128205 94.97558617198251 3.506500004887179 85.02441382801749
45.09507404596822 3.970412997370422 54.90492595403178 2.029587002629578
65.26606625479135 15.60930770705135 74.73393374520865 12.39069229294865
25.7454813491652 7.373391721306956 34.2545186508348 12.626608278693045
68.92179562986986 95.1191323721501 59.07820437013014 96.8808676278499
79.15235709965322 23.002321807660557 78.84764290034678 32.99767819233944
