96.93285995737702 9.816634949598939 87.06714004262298 8.183365050401061
96.99880992178552 37.1090842145256 87.00119007821448 36.8909157854744
52.743250317805106 5.581637260133243 43.256749682194894 2.4183627398667573
46.33007481549023 19.499909583183584 37.66992518450977 24.500090416816416
11.662546427614986 87.19427000624825 2.337453572385014 90.80572999375175
35.01813522757715 71.57453156486973 44.98186477242285 72.42546843513027
71.07217159410006 89.09872122880192 62.927828405899945 94.90127877119808
65.04103010413893 56.39973512207068 68.95896989586107 65.60026487792932
15.6712523371369 29.010819208110206 16.3287476628631 38.989180791889794
52.446196256775046 81.21371580587927 49.553803743224954 90.78628419412073
55.722581650432204 25.19375120348476 50.277418349567796 16.80624879651524
59.85423937873598 66.10527923153504 54.14576062126402 57.89472076846497
85.9460752775282 92.07058461926728 78.0539247224718 85.92941538073272
75.84590114463698 45.78270779994446 84.15409885536302 40.21729220005554
95.37080584423542 18.42817962103248 86.62919415576458 13.57182037896752
26.307181459109326 51.62908154592045 33.69281854089068 58.37091845407955
36.173132888313965 96.30435956933803 45.826867111686035 93.69564043066197
46.47095658264102 61.77873275377323 43.52904341735898 52.22126724622677
73.24996911526921 10.36603672780773 64.75003088473079 15.63396327219227
6.220592404012649 28.151272931658596 3.7794075959873505 37.848727068341404
68.84083000954384 52.25154497270365 59.15916999045616 49.74845502729635
21.90164227397013 71.07191258672255 16.09835772602987 62.92808741327746
26.181371677787393 68.93252954071959 27.818628322212607 59.067470459280415
61.15033624261889 81.00226060962007 60.84966375738111 90.99773939037993
50.68326209647243 71.98995762511757 51.31673790352757 62.01004237488243
72.46339545214528 61.69121393339113 77.53660454785472 70.30878606660887
43.39491669924048 9.052384074550162 52.60508330075952 12.947615925449838
41.903916737699554 32.926100919857134 48.096083262300446 25.073899080142866
19.898826406250528 93.62541438996828 16.101173593749472 84.37458561003172
59.84489023300172 2.0719009248820592 58.15510976699828 11.928099075117942
81.30428110240113 34.71762162152578 90.69571889759887 31.28237837847422
71.47889441910938 46.68212706879856 76.52110558089062 55.31787293120144
95.64945521431977 51.27990492723364 92.35054478568023 60.72009507276636
75.08030737650539 22.914688746837342 76.91969262349461 13.085311253162658
91.13101570770547 73.18313840902847 82.86898429229453 78.81686159097153
96.91913760868114 64.08520742489493 95.08086239131886 73.91479257510507
56.87111496989955 81.0764688780087 55.12888503010045 90.9235311219913
32.433455713452844 63.96366179650739 41.566544286547156 68.0363382034926
10.140600871359249 51.00197725145503 9.859399128640751 60.99802274854497
66.1937385002122 86.99624512944827 65.8062614997878 77.00375487055173
25.781040586265465 15.672033222278621 22.218959413734535 6.327966777721378
13.20601427862463 66.85347810945721 18.79398572137537 75.14652189054279
44.854078987651754 78.00212974776703 45.145921012348246 87.99787025223297
12.910918489590518 23.939616724307296 3.089081510409481 22.060383275692704
76.98957749032793 38.01384661996404 69.01042250967207 31.986153380035958
84.32274765227164 85.38789243795111 91.67725234772836 78.61210756204889
91.02511984020371 95.01871721260036 96.97488015979629 86.98128278739964
17.598559151778076 54.73757413010779 14.401440848221926 45.26242586989221
13.779166496242286 93.53045326675357 4.2208335037577145 96.46954673324643
65.07617546676765 10.09896773658649 72.92382453323235 3.901032263413511
22.93179836636108 48.912407943610425 21.06820163363892 39.087592056389575
22.310712839224976 29.434028210853064 17.689287160775024 20.565971789146936
9.00085781918045 2.907385444174566 18.99914218081955 3.092614555825434
38.05249834937307 54.394868370957745 41.94750165062693 63.605131629042255
67.25637855679415 19.16042223721657 64.74362144320585 28.83957776278343
81.45115887901208 49.52217641494364 88.54884112098792 42.47782358505636
58.398488289693304 43.95603936052175 67.6015117103067 40.04396063947825
7.510411285886174 67.76640931388269 4.489588714113826 58.23359068611731
31.61202408241895 95.2634880312795 26.38797591758105 86.7365119687205
82.3290162906544 53.57555843999873 77.6709837093456 62.42444156000127
64.53722877581822 69.89915373340001 55.46277122418178 74.10084626659999
89.42651805429301 22.50282588598935 96.57348194570699 29.49717411401065
81.84288610816459 8.071557750296435 80.15711389183541 17.928442249703565
73.33987821799907 71.76635474975474 78.66012178200093 80.23364525024526
8.840358670456483 43.35101301743319 5.159641329543517 52.64898698256681
89.97477823705442 88.98095883990283 96.02522176294558 81.01904116009717
36.66630663354691 76.79599064633312 27.33369336645309 73.20400935366688
82.00224243507087 68.14973083247503 91.99775756492913 67.85026916752497
48.36181503681919 36.42981197351765 55.63818496318081 29.57018802648235
90.54684216509044 53.24528872419173 87.45315783490956 62.75471127580827
50.6856343483105 49.47289710863965 59.3143656516895 54.52710289136035
33.45588457847364 18.7317203383796 24.544115421526357 23.2682796616204
31.170535359313618 42.21484067501528 38.82946464068638 35.78515932498472
18.08163218671836 8.112045933131087 9.91836781328164 13.887954066868913
2.7158255934348494 81.44775755638645 7.284174406565151 72.55224244361355
24.21969282312419 35.46583194627135 33.78030717687581 32.53416805372865
30.319933129112155 82.24017782602387 39.68006687088784 85.75982217397613
85.97691166324425 96.47994822248165 76.02308833675575 95.52005177751835
28.260913716841394 26.405929361421542 37.739086283158606 29.594070638578458
52.60869714172004 44.93904890497932 43.39130285827996 41.06095109502068
43.24454487101379 14.64269537365746 34.75545512898621 9.35730462634254
60.53042138104472 28.97178571124406 59.46957861895528 19.02821428875594
9.293882662659165 38.94988871651744 10.706117337340835 29.050111283482558
84.71346443141336 27.99178298485969 85.28653556858664 18.00821701514031
36.08113256428422 45.1029252261629 45.91886743571578 46.8970747738371
6.14100129515076 16.868071080465473 3.85899870484924 7.131928919534526
85.13259334399967 2.856167649905074 94.86740665600033 5.143832350094926
26.862413825039845 3.4799640106942498 31.137586174960155 12.52003598930575
27.971252602638245 78.46460522904826 18.028747397361755 79.53539477095174
79.98285529356828 28.413706566733776 70.01714470643172 27.586293433266224
