64.3125657104442 16.5301733128584 55.68743428955579 11.469826687141603
65.03221723141297 7.956556138262265 56.96778276858703 2.043443861737735
84.26001879883255 30.591407619869656 93.73998120116745 27.408592380130344
2.2041220389037393 12.145246244393235 7.795877961096261 3.854753755606766
2.897853647175191 72.00104349662806 3.102146352824809 81.99895650337194
41.38813166027503 78.80344568968383 38.61186833972497 69.19655431031617
89.78464649261758 69.00463986614997 90.21535350738242 78.99536013385003
50.86961887147611 80.12945192978479 53.13038112852389 89.87054807021521
27.74795793972126 14.53588681161247 32.25204206027874 23.46411318838753
72.4867701378206 85.7934430144768 63.513229862179394 90.2065569855232
79.99922565567815 30.087993429353425 70.00077434432185 29.912006570646575
42.38113933841956 87.59051497258177 33.61886066158044 92.40948502741823
72.53576847622998 63.24170038906562 69.46423152377002 72.75829961093437
86.84758958830797 49.22510211138835 77.15241041169203 46.77489788861165
79.9874884228908 4.353495730568597 70.0125115771092 3.6465042694314027
49.508815339389955 40.83884654980683 40.491184660610045 45.16115345019317
71.03857586120675 96.61989556781747 80.96142413879325 95.38010443218253
50.1539919919295 23.879733820102167 43.8460080080705 16.120266179897833
93.94874417991387 9.714094560803106 84.05125582008613 8.285905439196894
38.29767647092614 39.69945680378125 47.70232352907386 36.30054319621875
61.832164921062166 44.347777767342876 58.167835078937834 53.652222232657124
6.582128396187234 42.20524869100582 9.417871603812767 51.79475130899418
35.0673668242258 65.44741892833412 30.9326331757742 74.55258107166588
16.731856214115194 68.3276491998361 9.268143785884806 61.672350800163905
14.304465355110967 81.75240039399733 7.695534644889033 74.24759960600267
23.463215919228347 80.64884298889824 18.536784080771653 89.35115701110176
22.211349623150575 36.06258867592589 23.788650376849425 45.93741132407411
37.297316433739674 3.2413161431439486 30.702683566260326 10.758683856856052
17.59902292795188 96.27142597032659 12.400977072048121 87.72857402967341
96.80557271122252 95.93467857179509 95.19442728877748 86.06532142820491
5.4695127420347065 37.779176948073555 2.5304872579652935 28.22082305192645
85.02489873918671 62.50163522932096 94.97510126081329 63.49836477067904
65.44459963491336 62.290313097663294 56.55540036508664 57.709686902336706
52.43904690056465 54.69894315268236 43.56095309943535 59.30105684731764
95.1997293049966 77.99600922784632 94.8002706950034 68.00399077215368
46.74418119770809 81.42115714419924 37.25581880229191 84.57884285580076
68.72564242915533 45.80823744131562 63.27435757084467 54.19176255868438
32.83208990930748 59.78828909660539 25.167910090692523 66.2117109033946
85.94650663758841 80.27056728597233 76.05349336241159 81.72943271402767
94.58340528939314 57.982614659703714 95.41659471060686 48.017385340296286
93.19963892721489 20.2865090969341 84.80036107278511 25.7134909030659
22.34838013499311 56.23897535868054 27.65161986500689 47.76102464131946
57.030460397716574 95.4489318178876 66.96953960228343 96.5510681821124
10.017767343480896 8.578861357371947 19.982232656519102 9.421138642628053
71.2676486654303 8.007168719865113 70.7323513345697 17.992831280134887
78.79791558624017 37.407126869658036 69.20208441375983 34.592873130341964
53.96734693387656 63.95694917783809 46.03265306612344 70.0430508221619
2.4213702488225244 49.03359409521812 3.5786297511774756 58.96640590478188
36.88308155491881 20.873652961284524 39.11691844508119 11.126347038715476
4.6142247699158245 67.59896363393219 13.385775230084175 72.40103636606781
11.2413525451497 34.702642071271704 18.758647454850298 41.297357928728296
23.754448897267906 11.803471840247342 30.245551102732094 4.196528159752658
77.29883360386395 19.950592457972036 78.70116639613605 10.049407542027964
81.64938310659547 22.711248635383 88.35061689340453 15.288751364617001
76.99038941859158 24.309860373086437 67.00961058140842 23.690139626913563
80.39014130198541 58.9362858219641 89.60985869801459 55.0637141780359
58.14789547521195 36.79290361589002 67.85210452478805 39.20709638410998
36.44700498821044 34.62189958602559 29.552995011789562 27.37810041397441
15.652085926110468 60.957296031605196 14.347914073889532 51.042703968394804
45.90536777798531 25.07275523929709 52.09463222201469 32.92724476070291
60.2772174061674 76.69382787651907 63.7227825938326 67.30617212348093
45.550744539402075 11.380243548588473 52.449255460597925 18.619756451411526
84.0601576017142 74.91806789661283 75.9398423982858 69.08193210338717
28.48221608102508 79.58805952640844 21.51778391897492 72.41194047359156
22.977783084834364 2.529175658725144 13.022216915165638 3.470824341274856
87.32419183185208 85.04588218550825 88.67580816814792 94.95411781449175
12.172637758688122 41.78265664347429 19.827362241311878 48.21734335652571
75.99960954558935 57.937514868554096 66.00039045441065 58.062485131445904
38.191004220079364 54.065881453788265 39.808995779920636 63.934118546211735
81.37399403593152 85.57756812817459 72.62600596406848 90.42243187182541
25.031352476050422 23.00009829874171 24.968647523949578 32.99990170125829
53.972805356523935 5.479224725887599 44.027194643476065 6.520775274112401
19.170535359313618 64.21484067501528 26.829464640686382 57.78515932498472
2.2310969796029827 23.676642182638126 5.768903020397017 14.323357817361872
10.41441626058857 18.515234692598604 17.58558373941143 25.484765307401396
15.060909938655806 17.22193228705272 24.939090061344196 18.77806771294728
91.01834909515554 39.01369628667146 96.98165090484446 30.986303713328542
10.993082479668088 94.58558853684454 7.006917520331912 85.41441146315546
42.17496613358166 22.14001496042054 39.82503386641834 31.85998503957946
79.97956636723644 52.54842631355708 70.02043363276356 53.45157368644292
52.782500401841006 37.15049541411881 55.217499598158994 46.84950458588119
96.98028561372388 42.55642902965257 87.01971438627612 43.44357097034743
46.86951071453593 51.13484157529579 37.13048928546407 48.86515842470421
56.68237321913341 28.478472887089332 65.31762678086659 33.52152711291067
32.52532629063158 85.6845942107555 27.474673709368417 94.3154057892445
57.3917342601201 20.538725906489205 64.6082657398799 27.461274093510795
27.54082504276554 36.3897218091618 34.45917495723446 43.6102781908382
14.733777211637294 31.325493607550317 7.266222788362706 24.674506392449683
76.82629403919987 76.6935215856418 67.17370596080013 79.3064784143582
94.97024514173185 2.4553319992042297 85.02975485826815 3.5446680007957703
