95.61639966638857 23.985263361554054 96.38360033361143 14.014736638445948
63.58150288457334 49.488959313003356 56.41849711542666 42.511040686996644
64.67388931920877 29.71148538648257 61.32611068079123 20.28851461351743
16.06157463063752 41.78227544460825 25.93842536936248 40.21772455539175
3.897853647175191 60.001043496628064 4.10214635282481 69.99895650337194
22.233249556164626 90.28809840087945 29.766750443835374 83.71190159912055
96.91387751799695 75.08422662421265 95.08612248200305 84.91577337578735
68.3702960327924 72.57090292788472 59.629703967207604 77.42909707211528
10.59472500843485 30.634930815242257 19.40527499156515 35.36506918475774
85.37440885531315 74.03929080476497 86.62559114468685 83.96070919523503
85.6519963266284 30.414394494133198 90.3480036733716 21.585605505866802
82.48665287478146 60.206795409913504 73.51334712521854 55.793204590086496
77.48709786721982 78.97362356860565 78.51290213278018 69.02637643139435
70.33284621837944 18.988909038548456 69.66715378162056 9.011090961451542
90.92321607397267 11.872893744379656 81.07678392602733 10.127106255620344
3.1653639073009714 46.07015389765927 4.834636092699029 55.92984610234073
63.01144954621351 95.66182198470828 72.98855045378649 96.33817801529172
23.1539919919295 66.87973382010217 16.8460080080705 59.12026617989783
64.99407747668258 10.756709727091572 55.00592252331743 11.243290272908428
13.728258351099496 71.21903364431131 20.271741648900505 78.78096635568869
62.88771382736878 64.91326906558295 69.11228617263122 57.08673093441704
35.15463090516242 83.48806408927177 30.84536909483758 92.51193591072823
25.826269886084493 45.34546046281902 22.173730113915507 54.65453953718098
79.99605207457151 89.80134535452267 70.00394792542849 90.19865464547733
51.85914799667254 88.17842299130373 42.14085200332746 85.82157700869627
65.95738884431601 85.34862004463508 56.04261115568399 86.65137995536492
22.055769534487442 26.958774076354093 27.944230465512558 35.041225923645904
45.87146885221315 45.16413162279059 38.12853114778685 38.83586837720941
11.320976627476732 78.82234597987953 8.679023372523268 69.17765402012047
28.0039291565961 16.19818205693116 37.9960708434039 15.80181794306884
40.471850318666306 55.12034442094617 49.528149681333694 50.87965557905383
62.868508625502976 55.816163884161696 71.13149137449702 50.183836115838304
95.81547648811805 65.23142989535876 88.18452351188195 58.768570104641235
88.38366019115153 48.98525875534315 87.61633980884847 39.01474124465685
82.00832211914707 44.98887165819417 73.99167788085293 39.01112834180583
60.22130208428579 72.32033421613731 51.77869791571421 77.67966578386269
38.03634911446467 87.43346057894833 33.96365088553533 96.56653942105167
31.063425742089784 62.95320724180505 36.936574257910216 71.04679275819495
53.16405656614875 83.76778483880403 44.83594343385125 78.23221516119597
73.4594159030078 73.3899526859033 66.5405840969922 80.6100473140967
56.089671008213585 3.9426925227356975 65.91032899178641 2.0573074772643025
21.046487245972358 84.06300477218926 12.953512754027644 89.93699522781074
84.22778423649252 87.83889200325675 89.77221576350748 96.16110799674325
3.3186886029413443 36.95336398624591 4.681311397058655 27.04663601375409
83.98957749032793 19.013846619964042 76.01042250967207 12.986153380035956
87.34298111856106 53.180061776344836 96.65701888143894 56.819938223655164
72.13837301919094 61.8318462860268 81.86162698080906 64.1681537139732
44.21961877742321 65.51967718987679 39.78038122257679 74.48032281012321
26.695706681128936 93.28234498085294 17.304293318871064 96.71765501914706
45.17723731219559 73.31945445435663 54.82276268780441 70.68054554564337
11.433386584662863 24.748233609131475 14.566613415337137 15.251766390868525
9.449273084264163 6.928554963703505 18.550726915735837 11.071445036296495
23.129356719000192 3.870029190973751 32.87064328099981 6.129970809026249
59.700744817364296 52.296181300131174 50.299255182635704 55.703818699868826
96.61762522494746 7.917690611628725 87.38237477505254 4.082309388371275
80.64388356923723 53.4237570786846 73.35611643076277 46.5762429213154
27.080347802455478 25.9384587614837 20.919652197544522 18.0615412385163
22.691259200681472 72.37262590771411 15.308740799318528 65.62737409228589
11.741443814183283 96.58704459828421 2.258556185816717 93.41295540171579
96.99955756554702 70.0665142750206 87.00044243445298 69.9334857249794
31.40405726751064 39.035641807887636 32.59594273248936 48.964358192112364
73.935427191091 7.911914813499457 82.064572808909 2.0880851865005434
48.60348700829783 19.26409149009189 45.39651299170217 28.73590850990811
53.47373230933761 37.777877466031796 50.52626769066239 28.222122533968204
34.977783084834364 10.529175658725144 25.022216915165636 11.470824341274856
90.59368167916492 86.61712056533455 95.40631832083508 95.38287943466545
58.04246950662997 67.94252277611693 49.95753049337003 62.057477223883076
46.01075170864647 37.991958751130426 51.98924829135353 46.008041248869574
59.63420548613 36.30251067744576 66.36579451387 43.69748932255424
94.0377510272908 47.89112183505552 91.9622489727092 38.10887816494448
26.015197336641876 78.9020570900636 27.984802663358124 69.0979429099364
48.9084937749915 2.0477978886445793 39.0915062250085 3.9522021113554207
55.302967570906624 18.048823797036487 56.697032429093376 27.951176202963513
11.495323909374937 2.830231966649222 20.50467609062506 7.169768033350778
7.858211995096932 87.64187981116248 4.141788004903068 78.35812018883752
5.716569789822765 41.229179657568466 12.283430210177235 48.770820342431534
40.01468596292357 94.38294118573052 49.98531403707643 93.61705881426948
64.9983054931542 90.86983780462627 55.001694506845794 91.13016219537373
3.4260750715369537 12.966951799291865 4.573924928463047 3.0330482007081354
67.1933650057485 33.337804165680524 70.8066349942515 42.662195834319476
8.340668404920692 13.011618996318667 7.659331595079309 22.988381003681333
95.88028362344103 36.632983217692406 92.11971637655897 27.367016782307594
29.510578338481302 55.7988427713844 38.4894216615187 60.2011572286156
72.27949223207871 31.947814523238023 73.72050776792129 22.052185476761977
10.535046411348633 62.97833487829015 11.464953588651367 53.02166512170985
31.020507964205194 30.452392601018275 40.979492035794806 29.547607398981725
41.13259334399967 12.856167649905075 50.86740665600033 15.143832350094925
30.065863938120728 21.80888894346659 39.93413606187927 20.19111105653341
79.99649013243514 83.8126864754528 70.00350986756486 84.1873135245472
80.2726851756977 23.164684866158225 77.7273148243023 32.835315133841775
