60.63286977627591 13.435441338259324 53.36713022372409 6.564558661740676
66.3280639361026 11.424942746456553 61.6719360638974 2.575057253543447
87.43910250231629 49.9684397950556 88.56089749768371 40.0315602049444
2.0600105109469684 9.078389648201089 9.939989489053032 2.9216103517989103
10.447615559213276 80.2141448838558 7.552384440786724 89.7858551161442
40.92223118086466 89.12156946653494 31.077768819135343 90.87843053346506
91.6530935544091 77.17004907882303 82.3469064455909 80.82995092117697
41.12161415711134 64.3662470258725 44.87838584288866 73.6337529741275
22.020080808834987 22.00004032405095 21.979919191165013 31.99995967594905
94.84749243909917 82.77451354439296 85.15250756090083 85.22548645560704
92.71523461221665 26.346196613498293 85.28476538778335 19.653803386501707
38.855476249535656 93.80653848399074 29.14452375046434 96.19346151600926
51.77249856368825 78.06003583321704 50.22750143631175 87.93996416678296
90.6676435990742 31.6017077185489 83.3323564009258 38.3982922814511
80.99339273307683 2.7430388876590293 71.00660726692317 3.2569611123409707
34.686690007724316 45.74210699197755 25.313309992275684 42.25789300802245
87.32829915851302 89.21808775534545 96.67170084148698 92.78191224465455
41.877611272320806 25.922377317383894 40.122388727679194 16.077622682616106
90.97065107944009 9.540950872502432 81.02934892055991 8.459049127497568
34.00057673959621 31.0759411833828 43.99942326040379 30.9240588166172
75.85788964060652 36.819325932934824 68.14211035939348 43.180674067065176
6.995854069792817 64.41561710455034 3.0041459302071827 73.58438289544966
40.90722465211639 54.37804217605142 37.09277534788361 63.62195782394858
19.363578658151013 82.699505184539 12.636421341848987 75.300494815461
23.50795603793525 90.1629452975152 14.492043962064749 85.8370547024848
30.11356056312792 78.08774481663906 23.88643943687208 85.91225518336094
33.01264160729669 38.35532557286508 42.98735839270331 37.64467442713492
36.022597820158055 17.000051066408368 35.977402179841945 26.999948933591632
13.01321392958587 66.00987642821822 18.98678607041413 57.99012357178178
89.81340106339987 57.85715791010128 92.18659893660013 48.14284208989872
3.0952666136627167 91.99909234484834 2.9047333863372833 82.00090765515166
72.10436141070468 69.37327822980737 75.89563858929532 78.62672177019263
64.84589318031188 77.23179514733854 55.15410681968812 74.76820485266146
69.86362645553857 58.826297018928436 62.13637354446144 65.17370298107157
80.48598603163752 74.77408059355706 77.51401396836248 65.22591940644294
56.97619842651227 96.48728761525085 47.02380157348773 95.51271238474915
77.94184994736148 57.923993011632405 70.05815005263852 64.0760069883676
32.56711692177647 51.018774022332686 33.43288307822353 60.981225977667314
65.25811423325277 85.62077530066394 56.74188576674723 80.37922469933606
84.31268360463271 70.82461001057375 81.68731639536729 61.17538998942625
83.12356469391285 13.473359635362357 78.87643530608715 22.526640364637643
23.129408991406336 71.92362379713924 24.870591008593664 62.07637620286076
65.03046039771657 94.4489318178876 74.96953960228343 95.5510681821124
14.53831563345079 12.743149846956964 23.46168436654921 17.256850153043036
66.53975794268457 51.468695183476584 59.460242057315426 58.531304816523416
86.79324800592082 27.742505630768065 79.20675199407918 34.257494369231935
46.85751650245814 81.18112659811946 39.14248349754186 74.81887340188054
16.737574130107816 53.40144084822201 7.2624258698921835 56.59855915177799
13.65923996818793 28.988374745417534 14.34076003181207 19.011625254582466
22.130857528724476 78.16697592933258 29.869142471275524 71.83302407066742
6.010650745182788 49.3261809520112 15.989349254817212 48.6738190479888
30.389401099650488 18.264360840910854 35.610598900349515 9.735639159089146
61.95177070356392 19.93459359426082 70.04822929643608 14.065406405739179
75.94748336355347 18.909406815063242 74.05251663644653 9.09059318493676
96.22684775457687 23.476734197820548 91.77315224542313 14.523265802179452
70.27168597169752 48.33161740095752 77.72831402830248 41.66838259904248
54.00698853892854 35.26426605837502 63.99301146107146 34.73573394162498
8.225307762169072 28.99492106166918 7.774692237830928 19.00507893833082
18.174219780860348 74.93133724558336 19.825780219139652 65.06866275441664
46.90536777798531 34.07275523929709 53.09463222201469 41.92724476070291
58.03893286697747 70.37725374216811 67.96106713302252 71.62274625783189
45.05645744784383 17.749257655964424 54.94354255215617 16.250742344035576
74.73426034268437 89.68959924341007 71.26573965731563 80.31040075658993
37.10287199735804 69.85769861484644 28.89712800264196 64.14230138515356
33.119175998562206 4.092220439943741 26.880824001437798 11.907779560056259
87.01904116009715 61.97477823705446 94.98095883990285 68.02522176294553
27.56865150991585 49.01864090030621 28.43134849008415 58.98135909969379
52.63982395188361 64.42807257789188 45.36017604811639 57.57192742210811
45.783756837447875 64.5180064430612 50.216243162552125 73.4819935569388
95.71448749881962 75.34702593672543 88.28551250118038 68.65297406327457
21.99112933259458 47.10283960070237 24.00887066740542 56.89716039929763
49.93814768213387 10.784026446898274 40.06185231786613 9.215973553101726
36.65368272716355 51.415291072532966 41.34631727283645 42.584708927467034
18.185601437749597 9.23270221460345 25.814398562250403 2.7672977853965506
2.0888410310849226 37.93835898356919 11.911158968915078 36.06164101643081
2.7341705008725667 22.007071532918417 3.2658294991274333 31.992928467081583
92.65476918494156 42.815636412169965 95.34523081505844 33.184363587830035
20.793893340093806 96.42076973637681 11.206106659906194 93.57923026362319
26.182614589648296 21.067264340049817 27.817385410351704 30.932735659950183
82.44781105809078 49.71592977526405 73.55218894190922 54.28407022473595
55.75276295769276 45.44718183035373 46.24723704230724 48.55281816964627
75.96177135467384 29.38288977974915 66.03822864532616 30.61711022025085
57.95277073810666 51.31438931181431 48.04722926189334 52.68561068818569
59.09667474762155 24.02153105854718 68.90332525237845 25.97846894145282
39.61389128511904 82.07334299650857 30.38610871488096 85.92665700349143
50.21362612931313 26.554100567118866 59.78637387068687 29.445899432881134
17.02077191584154 35.544711425656594 26.97922808415846 36.455288574343406
17.998692971499878 43.88568212441749 8.00130702850012 44.11431787558251
65.85456518305864 90.19716201219171 56.14543481694137 87.80283798780829
96.97024514173185 2.4553319992042297 87.02975485826815 3.5446680007957703
