64.90135484364171 3.988291807468757 55.09864515635828 2.011708192531243
61.018199169195945 40.89522935640902 58.981800830804055 31.104770643590978
79.34115520229857 47.81677306122548 76.65884479770143 38.18322693877452
3.2184456961663797 14.538241319680235 12.78155430383362 17.461758680319765
4.939427289001199 33.08904526912741 3.0605727109988012 42.91095473087259
28.136566215761295 76.6397860437479 31.863433784238705 67.3602139562521
93.00877321232208 66.4136053506012 96.99122678767792 75.5863946493988
46.848912428602226 78.11790686389642 53.151087571397774 85.88209313610358
12.148590182778367 28.892754931313192 17.851409817221633 37.10724506868681
93.85930060016479 82.131858169772 96.14069939983521 91.868141830228
78.47276561121615 26.597207112407418 71.52723438878385 19.402792887592582
61.887252238451275 78.05582458663974 52.112747761548725 75.94417541336026
70.43320865595695 79.29087196221766 75.56679134404305 70.70912803778234
84.02392892316503 32.89403407837605 81.97607107683497 23.105965921623948
63.98138307964798 12.568928528203505 54.01861692035202 13.431071471796495
6.52959195215307 27.652922352069943 11.47040804784693 36.34707764793006
81.39333287294698 87.0561332400267 90.60666712705302 90.9438667599733
13.387332162554738 77.80367666176036 10.612667837445262 68.19632333823964
78.86767527240373 15.142688690076747 69.13232472759627 12.857311309923253
26.28630752826881 81.80049131815763 31.71369247173119 90.19950868184237
57.686807327460734 45.216760176379886 52.313192672539266 36.783239823620114
32.916693099497785 95.09108363126695 23.083306900502215 96.90891636873305
25.976733479569198 33.03127527285189 34.0232665204308 38.96872472714811
92.98607566749172 95.6271066666632 83.01392433250828 96.3728933333368
23.696204673701914 87.78924230600857 18.303795326298086 96.21075769399143
48.083429905669824 87.1187932189365 45.916570094330176 96.8812067810635
41.66659696588341 26.50568283012984 50.33340303411659 31.49431716987016
41.181002356869136 8.742119488981965 32.818997643130864 3.257880511018035
16.027850458737625 90.99992243459317 15.972149541262374 81.00007756540683
63.42268397548979 31.987991547790607 72.57731602451021 36.01200845220939
17.95962597089596 75.94539941348225 26.04037402910404 70.05460058651775
60.18539755444919 57.340899446824416 63.81460244555081 66.65910055317558
88.87694573369478 65.897548046128 79.12305426630522 68.102451953872
81.01412627501608 35.98107199648473 72.98587372498392 30.01892800351527
92.298786272516 53.5535145551236 83.701213727484 48.4464854448764
74.43589518587775 91.63244053931543 67.56410481412225 84.36755946068457
57.238693152419806 71.6520709567486 48.761306847580194 66.3479290432514
38.69874372262822 42.0490650165764 37.30125627737178 51.9509349834236
70.82074064128986 70.67317685073846 61.17925935871015 73.32682314926154
89.24245018847894 70.00588166879213 88.75754981152106 79.99411833120787
66.54920250188935 17.21510850494226 69.45079749811065 26.78489149505774
9.991740878839941 90.0109806967495 2.008259121160058 83.9890193032505
81.59875689057358 81.62743617752305 90.40124310942642 86.37256382247695
7.289140097812714 11.201337714432528 12.710859902187286 2.798662285567472
93.04859542838541 2.0659115457681327 84.95140457161459 7.934088454231867
91.5260500215078 36.685017811295104 86.4739499784922 45.314982188704896
41.433036814702255 96.96775127663584 42.566963185297745 87.03224872336416
36.595047800930104 83.01642560841434 37.404952199069896 92.98357439158566
11.244496329074858 82.64277333732389 2.755503670925142 77.35722666267611
40.87385889507125 78.90220986007606 47.12614110492875 71.09779013992394
32.16417436291333 57.12856607946332 25.835825637086668 64.87143392053667
13.009190914881676 12.696974133281667 22.99080908511832 13.303025866718333
70.40702183632796 48.52285923273506 77.59297816367204 55.47714076726494
62.83451490114476 19.79118472440391 55.16548509885524 26.20881527559609
91.02216834762899 13.016530673371907 96.97783165237101 4.983469326628093
77.396178031238 62.6696014470425 70.603821968762 55.3303985529575
33.93884618410595 24.779614244188842 24.061153815894055 23.220385755811158
24.901057440140814 44.989765612880326 15.098942559859186 43.010234387119674
11.94499803104767 95.73959074692337 2.0550019689523307 94.26040925307663
56.94164521708383 60.76167089249392 47.05835478291617 59.23832910750608
26.511965220789378 27.796016374698787 35.48803477921062 32.20398362530121
81.42651805429301 10.502825885989347 88.57348194570699 17.49717411401065
39.26922071691061 68.16377432580272 36.73077928308939 77.83622567419728
13.826399428043539 50.693910967437134 4.173600571956461 53.306089032562866
49.014256718809335 7.9808963409508396 40.985743281190665 2.0191036590491604
83.4405460520579 57.94783536318473 92.5594539479421 62.05216463681527
34.08181042196268 44.06268562049178 27.91818957803732 51.93731437950822
70.05629553433582 39.442407579053324 65.94370446566418 48.557592420946676
41.79835213945569 49.00406784069901 42.20164786054431 58.99593215930099
95.12993950895182 48.92371757332983 96.87006049104818 39.07628242667017
22.230365128084358 59.99469037156085 21.769634871915642 50.00530962843915
43.98113675592811 13.566091462699834 34.01886324407189 14.433908537300166
39.651601775364256 30.585815389165553 44.348398224635744 39.41418461083445
14.726856972106564 8.596198887444048 23.273143027893436 3.403801112555952
19.333241078693817 66.42221506359604 14.666758921306183 57.57778493640396
3.287057730307439 49.34874001707064 10.712942269692562 42.65125998292936
54.74563094726441 94.79592967118687 61.25436905273559 87.20407032881313
78.91408491501247 76.38087898641726 75.08591508498753 85.61912101358274
22.00441798038402 9.210143487383066 31.99558201961598 8.789856512616934
51.52298421910002 45.22313655387006 54.47701578089998 54.77686344612994
4.090318666701979 21.053940168136833 13.909681333298021 22.946059831863167
93.87594354064719 32.92267436599238 92.12405645935281 23.07732563400762
48.04968405328643 41.11142521911793 45.95031594671357 50.88857478088207
62.969945806786626 8.547392617418295 53.030054193213374 7.452607382581705
3.970706174090723 68.99991418643997 4.029293825909277 59.000085813560034
33.152583568687575 20.2257870701889 42.847416431312425 17.7742129298111
47.38985751028115 21.93561003936457 56.61014248971885 18.06438996063543
21.16750114720048 19.49423272051423 16.83249885279952 28.50576727948577
69.86894943038706 92.86275268989831 60.13105056961294 95.13724731010169
85.1874970097697 20.34008230647727 88.8125029902303 29.65991769352273
