47.6199250937759 12.258637399803291 42.3800749062241 3.741362600196708
63.92124038150632 15.057875630604862 58.07875961849368 6.942124369395138
79.01097984266463 50.58735204815518 82.98902015733537 41.41264795184482
7.301572605699655 5.7101988248411555 16.698427394300346 2.2898011751588445
7.775951115527875 86.15214435771624 10.224048884472126 95.84785564228376
48.92223118086466 93.12156946653494 39.07776881913534 94.87843053346506
88.2493278344265 72.19975413631943 81.7506721655735 79.80024586368057
56.28041438255345 74.65864057089262 63.71958561744655 81.34135942910738
12.96675085425507 18.0448517248118 21.033249145744932 23.9551482751882
96.77671211366696 79.52249487880842 87.22328788633304 82.47750512119158
89.40945677162803 17.657267357249097 82.59054322837197 10.342732642750901
51.948997737687186 86.7123351685598 42.051002262312814 85.2876648314402
47.87803742857756 48.47260838390556 52.12196257142244 57.52739161609444
96.78400805996068 31.731776782079812 89.21599194003932 38.26822321792019
73.95199572957765 4.308813849788103 64.04800427042235 5.691186150211897
21.680014869918256 46.24003954097144 12.319985130081744 49.75996045902856
83.1952295805686 87.86076542168935 88.8047704194314 96.13923457831065
39.881853151297804 25.63234591939662 36.118146848702196 16.36765408060338
94.09279612031676 2.0713091037657883 87.90720387968324 9.928690896234212
26.0386618131163 33.37941689084416 35.9613381868837 34.62058310915584
76.76847446450044 27.496121254420014 67.23152553549956 30.503878745579986
5.915541577995333 70.38148287185474 2.084458422004667 79.61851712814526
45.124186055895485 65.0015424555648 44.875813944104515 74.9984575444352
22.812915542735183 90.35493320075128 13.187084457264817 87.64506679924872
32.223134388466576 78.32322284510812 23.776865611533427 83.67677715489188
32.30650211413575 84.00940319660761 31.693497885864247 93.99059680339239
16.01172647450959 41.65776143570387 25.98827352549041 42.34223856429613
32.84808835285603 20.002308247654522 33.15191164714397 29.997691752345478
7.072011147211455 79.61333490910026 10.927988852788545 70.38666509089974
92.31219012433925 58.70651652749908 95.68780987566075 49.29348347250092
2.659204489056569 93.98837232168177 3.340795510943431 84.01162767831823
76.64008076917561 45.57220012342057 69.35991923082439 52.42779987657943
75.9995854180974 75.93561329991473 66.0004145819026 76.06438670008527
62.22674976495315 52.005144191861625 61.77325023504685 61.994855808138375
75.08153842819128 63.05987463524131 80.91846157180872 54.94012536475869
71.99488138282388 96.22618570140347 62.005118617176116 95.77381429859653
73.47539070349677 54.40532901950008 66.52460929650323 61.59467098049992
45.26458237603147 35.00700529078054 44.73541762396853 44.99299470921946
71.98381465102105 86.40198448262082 62.01618534897895 85.59801551737918
82.74721980645162 71.46374074062956 87.25278019354838 62.53625925937044
72.48885807733447 14.026195225494494 73.51114192266553 23.973804774505506
19.40164362310301 75.47157477016479 26.59835637689699 68.52842522983521
73.92070588453299 91.10874430056485 82.07929411546701 96.89125569943515
2.046636013754078 10.318688602941425 11.953363986245922 11.681311397058575
57.9599117388437 51.09300810540408 56.0400882611563 60.90699189459592
92.16996208435151 28.133303686119916 85.83003791564849 35.866696313880084
54.97334759961469 84.01985124747988 49.02665240038531 75.98014875252012
7.675780731803123 55.77623420685863 2.324219268196877 64.22376579314137
10.920778330368133 34.99937235331204 11.079221669631867 25.000627646687963
20.186718168959267 80.2340194305314 27.813281831040733 73.7659805694686
11.68124393154504 54.48040756843821 20.31875606845496 59.51959243156179
28.34957104615489 21.957513709108625 29.65042895384511 12.042486290891375
55.80956522842099 21.27231665599879 64.190434771579 26.72768334400121
68.34211478117868 20.98828201653626 67.65788521882132 11.01171798346374
93.24463038998914 14.68173872960146 96.75536961001086 5.31826127039854
77.79640791833084 32.70736285173014 86.20359208166916 27.29263714826986
50.201888765161414 2.8562609255082085 55.798111234838586 11.14373907449179
2.853961549445648 24.516029115134476 7.146038450554352 15.483970884865524
14.607156484282042 78.98454350689794 15.392843515717958 69.01545649310206
46.027260552738696 24.405623102833296 49.972739447261304 33.594376897166704
50.131204821154036 66.86209248774503 59.868795178845964 69.13790751225497
49.35170642287144 18.842109340084168 58.64829357712856 15.157890659915832
78.25382138847287 70.62773735273727 69.74617861152713 65.37226264726273
21.640557970277985 64.86151060284101 12.359442029722015 61.138489397159
37.35592961423211 2.545233779795777 28.644070385767893 7.454766220204223
84.58439649662073 49.01730256507794 85.41560350337927 58.98269743492206
30.39921512401431 67.04225166967218 39.60078487598569 70.95774833032782
61.39182726890107 44.67362324931928 54.60817273109893 37.32637675068072
50.1018035602798 41.374327046122524 53.8981964397202 50.625672953877476
89.22524013449177 77.27890041900457 96.77475986550823 70.72109958099543
24.07524287230407 52.38531582885852 27.92475712769593 61.61468417114148
43.26827966162048 20.4558845784736 38.73172033837952 11.544115421526397
30.670462307260017 42.50102046515892 39.32953769273998 37.49897953484108
15.185601437749595 9.23270221460345 22.814398562250403 2.7672977853965506
4.332355488649592 49.39829129686689 11.667644511350408 42.60170870313311
3.60522197781001 31.036764527289105 2.39477802218999 40.96323547271089
86.48304224257038 44.14408316480411 95.51695775742962 39.85591683519589
24.88132354366959 95.08290371779626 15.118676456330409 92.91709628220374
20.25642192611209 10.3138570764159 23.74357807388791 19.6861429235841
74.645935323667 41.57842790290236 67.354064676333 48.42157209709764
42.827517685019345 56.69805030787459 33.172482314980655 59.30194969212541
94.99999388075625 22.992177442872052 85.00000611924375 23.007822557127948
73.60388384504162 34.5341637038879 66.39611615495838 41.4658362961121
51.516997901121584 24.785797619581324 60.483002098878416 29.214202380418676
46.96946209477145 80.55176669764468 37.03053790522855 79.44823330235532
54.1058212879257 32.97676262075765 63.8941787120743 35.02323737924235
15.04791704838716 34.06284840362221 22.95208295161284 27.937151596377788
38.48204154321115 47.78385388457138 29.517958456788847 52.21614611542862
64.98690925791483 90.63842559088991 55.01309074208517 91.36157440911009
88.62757542663289 2.106446285202483 79.37242457336711 5.893553714797517
