95.68640813197942 13.742865118280015 86.31359186802058 10.257134881719985
68.50349545055462 33.827782532333885 59.496504549445376 38.172217467666115
37.95789406651039 4.647523300940617 28.042105933489605 3.3524766990593826
41.78149325371197 26.538041633729975 32.21850674628803 29.461958366270025
12.072376937978804 85.00052386955905 11.927623062021196 94.99947613044095
12.328399214368346 72.21782545756996 21.671600785631654 75.78217454243004
77.68239856691545 91.75360875355595 68.31760143308455 88.24639124644405
62.570902927884745 59.62970396720759 67.42909707211525 68.37029603279241
11.32402549100668 25.045904879476854 12.67597450899332 34.95409512052315
46.80914371295566 66.00364394006036 47.19085628704434 75.99635605993964
49.14477876348423 42.79657093630219 40.85522123651577 37.20342906369781
60.76261320461507 66.29283189252902 53.23738679538493 59.70716810747097
77.8089985302483 96.36877066598817 68.1910014697517 93.63122933401183
78.95173484438635 40.561207060888485 83.04826515561365 31.438792939111515
96.66620674976251 23.796250140840858 87.33379325023749 20.203749859159142
26.16536390730097 42.07015389765927 27.83463609269903 51.92984610234073
59.12096830807109 90.15485548528156 66.8790316919289 83.84514451471844
29.172842676697954 59.30328514765244 38.827157323302046 56.69671485234756
68.92720275466368 6.149898232895239 59.07279724533632 7.850101767104761
23.123347424453833 17.473257714971474 18.876652575546167 26.526742285028526
60.802267986782155 52.24696137283639 53.197732013217845 45.75303862716361
8.345089111380144 64.95692361530487 9.654910888619856 55.04307638469513
28.670266476477252 72.81993866728818 31.329733523522748 63.180061332711816
63.32764919983616 77.26814378588486 56.67235080016384 84.73185621411514
41.077500153382196 82.91416259732928 42.922499846617804 73.08583740267072
73.20625984309503 64.5787135024645 82.79374015690497 67.4212864975355
43.58218634408228 3.6584358856552894 52.41781365591772 8.34156411434471
26.058073656812986 36.75984473316213 35.94192634318701 35.24015526683787
17.115106895461274 94.99867486466336 16.884893104538726 85.00132513533664
49.0120084522094 22.422683975489793 44.9879915477906 31.577316024510207
53.33497291377779 35.79931161414946 62.66502708622221 32.20068838585054
74.25636949789809 40.81998903495027 79.74363050210191 49.18001096504973
95.41336703626565 29.03453307675298 96.58663296373435 38.96546692324702
73.94770631868283 17.999726529610825 74.05229368131717 8.000273470389175
93.98311061192209 73.4106198111994 84.01688938807791 72.5893801888006
92.84064775394702 56.1362666222775 95.15935224605298 65.8637333777225
51.91565610726928 64.00071143983877 52.08434389273072 73.99928856016123
38.243820026284396 64.54232034857439 47.756179973715604 61.4576796514256
14.748658604474207 52.05636669099065 13.251341395525793 61.94363330900935
72.66868031402436 82.72858004471288 79.33131968597564 75.27141995528712
17.64887323663951 10.418438840016874 10.35112676336049 3.5815611599831265
4.784529329714454 53.06193218649057 3.2154706702855465 62.93806781350943
34.81039856949365 68.06611165929318 33.18960143050635 77.93388834070682
14.66261607868278 43.19444986145252 5.337383921317221 46.80555013854748
76.93637098220096 35.08301532440017 69.06362901779904 28.91698467559983
85.57119590184652 82.32070986126638 94.42880409815348 77.67929013873362
92.24807023863838 91.68302702439944 95.75192976136162 82.31697297560056
17.533411453877097 66.97818190995739 18.466588546122903 57.02181809004262
30.92263600938234 95.1238409281801 21.07736399061766 96.8761590718199
57.04053953916064 3.635414775851978 66.95946046083937 2.364585224148022
33.27412534981549 84.59458137164063 24.725874650184508 79.40541862835937
14.170654519791395 12.757832641141155 5.829345480208604 7.242167358858845
32.229966400982704 9.715666481265838 39.770033599017296 16.28433351873416
30.92696208811872 43.055834943598285 37.07303791188128 50.944165056401715
66.42451203309732 17.207217356528574 63.575487966902685 26.792782643471426
83.84429814262703 46.78031330476025 92.15570185737297 41.21968669523975
72.47993342781974 59.97287952402837 73.52006657218026 50.02712047597163
3.8397928876175937 79.86352952662747 6.160207112382406 70.13647047337253
46.565866910494705 96.50493839840858 39.434133089505295 89.49506160159142
91.33020384241458 31.270423299090474 84.66979615758542 38.729576700909526
57.53722877581822 76.89915373340001 48.46277122418178 81.10084626659999
79.40368809600163 17.261668193852067 82.59631190399837 26.738331806147933
78.97426575882905 2.0000662255554467 79.02573424117095 11.999933774444553
84.40089710708403 77.33477164871991 77.59910289291597 84.66522835128009
3.5744035979069366 34.03310353372334 2.4255964020930634 43.96689646627666
86.7707532244232 96.84654024689098 89.2292467755768 87.15345975310902
18.805080826758783 81.38246093916433 9.194919173241217 78.61753906083567
67.16401674631214 73.27014407452485 76.83598325368786 70.72985592547515
45.29231374527701 50.315455513471875 54.70768625472299 53.684544486528125
92.0797632000801 48.06108407916183 85.9202367999199 55.93891592083817
81.19000606874816 57.762107746724084 88.80999393125184 64.23789225327592
39.043981243750586 21.940444813322202 30.956018756249414 16.059555186677798
23.826680215319527 68.99699512229483 24.173319784680473 59.00300487770517
5.0412514786735025 11.969391213780694 10.958748521326498 20.030608786219304
4.690481078456495 91.82546994541667 7.309518921543505 82.17453005458333
9.399101006763289 49.957480128643304 18.60089899323671 46.042519871356696
44.38420100755639 86.07791788381542 53.61579899244361 89.92208211618458
61.862018283742685 93.83347601458357 52.137981716257315 96.16652398541643
23.687819272281722 28.530829384114046 32.31218072771828 23.469170615885954
43.50089910381669 45.17759207779191 34.49910089618331 40.82240792220809
51.28642909558989 16.76820697410058 44.71357090441011 9.231793025899421
54.737020228817734 28.45857853527555 59.262979771182266 19.54142146472445
18.643505100422434 41.40986754770083 23.356494899577566 32.59013245229917
60.01397802306885 12.626389446669913 69.98602197693114 13.373610553330087
64.2355391475891 47.32168001304855 67.7644608524109 56.67831998695145
5.14100129515076 26.868071080465473 2.85899870484924 17.131928919534527
84.0000383681104 4.980412258122179 93.9999616318896 5.019587741877821
22.450452339749084 2.030292023759068 23.549547660250916 11.969707976240933
34.997385264552236 91.16168029452024 25.00261473544776 90.83831970547976
77.89963248073613 27.129355607020045 70.10036751926387 20.870644392979955
