83.93285995737702 16.81663494959894 74.06714004262298 15.183365050401061
54.803691137071 54.99614479677436 55.196308862929 45.00385520322564
72.31331117478481 44.43267316735801 67.68668882521519 35.56732683264199
11.19372029926777 28.378287139288947 20.80627970073223 25.621712860711053
3.3758799743444023 59.03910550469216 4.624120025655598 68.96089449530784
23.359105137907225 79.98708767718482 22.640894862092775 70.01291232281518
93.49909014565112 73.23059022423965 96.50090985434888 82.76940977576035
63.288516517704416 77.16887951054801 60.711483482295584 86.83112048945199
28.212643721955228 43.44264336100967 37.787356278044776 40.55735663899033
82.1039892250044 69.86613656310328 89.8960107749956 76.13386343689672
88.42340828265296 47.373453131744874 83.57659171734704 38.626546868255126
71.72215075225046 68.64356085163296 62.27784924774954 65.35643914836704
76.46423152376997 82.75829961093436 79.53576847623003 73.24170038906564
81.72236836193737 30.642935499090875 72.27763163806263 27.357064500909125
63.726052448554384 7.63230764671159 54.273947551445616 4.36769235328841
3.6431810440156136 44.041540748920184 2.3568189559843864 53.958459251079816
73.95661088698424 86.43660642363508 78.04338911301576 95.56339357636492
6.7996265653794525 80.85377210192829 9.200373434620547 71.14622789807171
90.88687656933313 27.05756200579581 81.11312343066687 24.94243799420419
18.707075881852774 69.05024811760204 17.292924118147226 78.94975188239796
50.39266107235884 58.984557882325575 49.60733892764116 49.015442117674425
39.567863728961875 86.49709429022728 32.432136271038125 93.50290570977272
9.814441203061971 34.14614282163301 16.18555879693803 41.85385717836699
96.97002449525716 95.45332229189057 87.02997550474284 96.54667770810943
42.18926984832508 75.14921334860466 35.81073015167492 82.85078665139534
58.33740772714475 78.18218508332112 55.66259227285525 87.81781491667888
24.71078880118688 16.430434415708348 33.28921119881312 21.569565584291652
45.7772015194118 25.1577820674702 40.2227984805882 16.8422179325298
13.059094326758807 67.55632862659287 8.940905673241193 58.44367137340713
50.388266733627844 27.068183166074906 59.611733266372156 30.931816833925094
18.003331672790978 63.18249829551591 27.996668327209022 62.81750170448409
72.76672485118368 54.15448326725497 75.23327514881632 63.84551673274503
89.42543227561353 60.672866747700496 80.57456772438647 65.3271332522995
79.17370298107164 43.8636264555385 72.82629701892836 36.1363735444615
90.4664388162321 56.247426150256146 81.5335611837679 51.752573849743854
67.90123133265062 91.0110958469883 58.098768667349376 92.9889041530117
55.04679977462617 68.06343541121848 46.95320022537383 73.93656458878152
29.296902588549578 74.17112397386168 26.703097411450422 83.82887602613832
70.99853161312342 72.87883188288265 61.00146838687658 73.12116811711735
85.8551670450964 85.35690240951277 82.1448329549036 94.64309759048723
62.72843983146004 23.218876613541585 69.27156016853996 30.781123386458415
30.996870279137042 89.17688248493528 21.003129720862958 88.82311751506472
90.91285551621478 80.4564520577191 95.08714448378522 89.5435479422809
5.559053223762223 28.750721318439613 2.440946776237776 19.249278681560387
91.93937322410736 2.223731906509554 82.06062677589264 3.776268093490446
96.4503584689274 41.64158935232627 91.5496415310726 50.35841064767373
51.91253643482012 95.61976237327046 48.08746356517988 86.38023762672954
43.76921872491415 84.0053288393459 44.23078127508585 93.9946711606541
20.952453097040376 83.68790138945577 11.047546902959624 82.31209861054423
32.48309222311596 78.55406242051157 39.51690777688404 71.44593757948843
43.87689614340581 65.89732869519807 34.12310385659419 68.10267130480193
7.56392075412288 16.69322716239802 16.43607924587712 21.30677283760198
60.065406405739154 35.95177070356394 65.93459359426085 44.04822929643606
55.2853363586482 34.2308402779208 48.7146636413518 41.7691597220792
94.77728112456289 14.995037167281545 95.22271887543711 5.004962832718456
78.85553778863853 58.64294944135023 75.14446221136147 49.35705055864977
32.658534298898836 30.40809723801725 25.341465701101164 23.59190276198275
22.471446524327717 44.76255369224699 13.528553475672283 49.23744630775301
24.999804787827138 96.04418239039263 15.00019521217286 95.95581760960737
59.13354882119115 60.18685689257918 50.86645117880885 65.81314310742083
14.131204821154036 31.862092487745024 23.868795178845964 34.137907512254976
74.13531742453564 2.82758316249233 81.86468257546436 9.17241683750767
46.60348700829783 35.264091490091886 43.39651299170217 44.735908509908114
24.988671308365312 56.336390512786465 15.01132869163469 55.663609487213535
53.6863109328866 11.256873544372782 44.3136890671134 14.743126455627218
87.03484224282305 68.58924396165386 96.96515775717695 67.41075603834614
39.776463885666466 57.72306232585102 32.223536114333534 64.27693767414898
60.76306907595786 46.00561678109974 61.23693092404214 55.99438321890026
55.01929878451689 15.097120731044875 56.98070121548311 24.902879268955125
95.04414130310668 62.90778301798006 96.95585869689332 53.09221698201994
34.34254688215738 56.71729256694492 37.65745311784262 47.28270743305508
43.7282037304128 7.373934354427686 34.2717962695872 10.626065645572314
36.62068049702534 27.194016468118754 39.37931950297466 36.805983531881246
11.442311278489445 9.05608207954242 20.557688721510555 4.943917920457579
10.858211995096932 95.64187981116248 7.141788004903068 86.35812018883752
20.027826608889868 51.526774874815004 29.972173391110132 50.473225125184996
65.81237471086293 84.8521481041172 72.18762528913707 77.1478518958828
83.33688837127609 77.18204094218862 80.66311162872391 86.81795905781138
33.053750277185706 4.731172811009479 42.946249722814294 3.2688271889905214
65.95184045903831 54.43874551304495 70.04815954096169 63.56125448695505
5.584064381351918 36.34878323715897 12.415935618648081 43.65121676284103
96.78989761640952 28.937211941530418 95.21010238359048 19.062788058469582
45.5745369100653 51.0181347710819 46.4254630899347 60.9818652289181
77.96570296416608 20.415368430828313 68.03429703583392 21.584631569171687
3.057971170215586 96.9996639230476 2.942028829784414 87.0003360769524
60.152583568687575 14.2257870701889 69.84741643131242 11.7742129298111
60.238700963643964 19.526444065924156 69.76129903635604 16.473555934075844
21.65640578001303 9.523472339727295 30.34359421998697 14.476527660272705
72.9495392418281 95.29143716326377 63.050460758171894 96.70856283673623
88.26909984030581 32.30915949565852 91.73090015969419 41.69084050434148
