94.98112019348987 17.014090481287994 89.01887980651013 8.985909518712006
93.92020174585521 42.889727362782224 84.07979825414479 41.110272637217776
61.819526356532734 5.331227140155384 52.180473643467266 2.6687728598446157
46.493924462387085 17.808050427961682 37.506075537612915 22.191949572038318
11.69335063297746 85.27591768295999 2.3066493670225414 88.72408231704001
27.000952842368534 69.09760899434349 36.999047157631466 68.90239100565651
70.9057499101448 86.93101763831625 65.0942500898552 95.06898236168375
64.04028714543358 72.09296920360387 65.95971285456642 81.90703079639613
21.973749150509118 25.09573526490639 20.026250849490882 34.904264735093605
51.17713098846683 78.49887784446396 46.82286901153317 87.50112215553604
53.791156805586624 24.668164232093886 50.208843194413376 15.331835767906114
50.133656397989824 60.89617730337538 43.866343602010176 53.10382269662462
76.2876795939314 85.76711599073442 69.7123204060686 78.23288400926558
68.70766640622796 51.7630492299889 75.29233359377204 44.2369507700111
96.53219122825675 26.538873426251076 89.46780877174325 19.461126573748924
29.57078805058994 50.20861677553721 32.42921194941006 59.79138322446279
40.76540185555185 96.6586046255576 49.23459814444815 91.3413953744424
44.47095658264102 69.77873275377323 41.52904341735898 60.22126724622677
68.89729111541959 12.867728945050969 61.10270888458041 19.13227105494903
3.2290126328312985 31.059799753080217 4.7709873671687015 40.94020024691978
61.12083864750471 56.83172894911068 52.87916135249529 51.16827105088932
22.376255185815854 71.68793992904597 15.623744814184146 64.31206007095403
24.527441682635512 60.97761877173108 25.472558317364488 51.02238122826892
62.10118777464427 85.1227686660387 59.89881222535573 94.8772313339613
46.48549055822714 77.76510872392025 49.51450944177286 68.23489127607975
67.03400154763811 58.95519191477309 74.96599845236189 65.0448080852269
41.29929746400406 4.296064652611092 50.70070253599594 7.703935347388908
44.28176370254455 39.948144765567946 45.71823629745545 30.05185523443205
15.599022927951879 83.27142597032659 10.400977072048121 74.72857402967341
57.23800835080506 9.005668010139189 56.76199164919494 18.99433198986081
77.36708573759606 38.88045351902515 86.63291426240394 35.11954648097485
57.83446927024081 44.12967505253755 64.1655307297592 51.87032494746245
95.28452359162915 54.008101931548836 94.71547640837085 63.991898068451164
76.5716206867802 27.79163151103731 79.4283793132198 18.20836848896269
88.65879402757558 67.18461072807342 79.34120597242442 70.81538927192658
93.26896173432326 87.05373039007007 94.73103826567674 96.94626960992993
57.296914126320644 85.17112707260276 54.703085873679356 94.82887292739724
28.007005290780537 63.73541762396854 37.99299470921946 64.26458237603147
9.095566292611165 61.37689149444216 12.904433707388835 70.62310850555784
55.47323816374749 80.76119714939036 58.52676183625251 71.23880285060964
27.33714260098092 25.420154348286964 22.66285739901908 16.579845651713036
18.13407303084812 77.90287141921468 23.86592696915188 86.09712858078532
40.50580063887743 73.02448324377598 41.49419936112257 82.97551675622402
12.905310954851222 25.031535010329957 3.094689045148778 26.968464989670043
69.40561787039354 43.66084237858667 62.59438212960645 36.33915762141333
79.57119590184652 76.32070986126638 88.42880409815348 71.67929013873362
89.1738218046033 84.93127058570619 90.8261781953967 75.06872941429381
9.920932314250114 56.102626272542224 2.0790676857498855 49.897373727457776
13.804085732903694 93.61408504196282 4.195914267096306 96.38591495803718
61.7277538965329 11.597674581507508 70.2722461034671 6.402325418492491
19.196551843936533 60.84474398484814 12.803448156063467 53.15525601515186
16.915468857167482 19.618547288620256 13.084531142832518 10.381452711379746
14.958063989774924 4.056744440378003 23.041936010225076 9.943255559621997
34.881757990758054 47.126650555442744 37.118242009241946 56.873349444557256
72.65721753724213 19.04338168619558 71.34278246275787 28.95661831380442
74.45115887901208 51.52217641494364 81.54884112098792 44.47782358505636
39.715497948746616 47.5774099737538 48.284502051253384 42.4225900262462
2.441156045539583 66.96867119404807 3.558843954460417 57.03132880595193
22.385310671146424 96.39434784719133 17.614689328853576 87.60565215280867
85.15375845521493 53.00236472544765 84.84624154478507 62.99763527455235
60.29047358033885 62.23532423479896 53.70952641966115 69.76467576520105
88.87935255987674 30.09339539312562 95.12064744012326 37.90660460687438
77.67037249067953 4.045143723200427 76.32962750932047 13.954856276799573
72.58093455052668 75.35171390208802 79.41906544947332 82.64828609791198
17.478432501571543 38.776569693274006 8.521567498428457 43.223430306725994
83.71810142548968 88.992046994339 84.28189857451032 79.007953005661
35.99679696160991 76.17894167889555 26.00320303839009 75.82105832110445
71.00561678109973 56.23693092404215 80.99438321890027 55.76306907595785
49.774219764733836 32.67259824950063 58.225780235266164 27.327401750499366
92.21140224304848 49.14896870701321 89.78859775695152 58.85103129298679
30.004238289399833 40.79417257009499 39.99576171060016 41.20582742990501
43.78207230908772 11.539936840182436 34.21792769091228 14.460063159817564
17.855471211889103 50.796941387394455 26.144528788110897 45.203058612605545
7.775581740356428 13.841136452995844 2.224418259643572 22.158863547004156
2.63528370187848 82.986680461177 3.36471629812152 73.013319538823
16.857137296757827 44.799408620063346 25.142862703242173 39.200591379936654
24.652849358770396 90.52972039994314 33.347150641229604 95.47027960005686
81.9952095279509 95.21881903909059 72.0047904720491 94.78118096090941
27.033048200708127 29.426075071537035 36.96695179929188 30.573924928462965
58.855290510348304 39.194216923394436 49.144709489651696 36.805783076605564
39.83172779850811 8.286237334679708 30.168272201491888 5.713762665320292
66.18231506179157 30.996675016272714 65.81768493820843 21.003324983727286
9.415939959769684 38.28049456353876 14.584060040230316 29.719505436461237
83.53942826732009 24.97874217840774 84.46057173267991 15.021257821592261
30.014308787221296 35.62200114970914 39.985691212778704 36.37799885029086
2.6678587246055265 13.988956020369326 3.3321412753944735 4.011043979630675
85.10522700547298 5.020390774188496 94.89477299452702 2.9796092258115037
29.19111105653341 10.065863938120726 30.80888894346659 19.934136061879272
36.7777585521595 80.5258822240856 27.222241447840503 83.4741177759144
80.59382355543977 32.025972355440096 71.40617644456023 35.974027644559904
