95.44809394695203 15.620862898950026 88.55190605304797 8.379137101049974
78.8499757676696 40.10824027093061 73.1500242323304 31.89175972906939
42.91721069385742 4.9061120196831105 33.08278930614258 3.0938879803168895
46.7275588860306 20.372060511224962 37.2724411139694 23.627939488775038
20.76376444083108 88.70848405230424 13.236235559168922 95.29151594769576
37.02848291045778 72.53293323070498 46.97151708954222 71.46706676929502
75.15503366775988 80.48825644669144 70.84496633224012 89.51174355330856
65.28041438255346 67.65864057089262 72.71958561744654 74.34135942910738
13.894819938223938 17.12367176750245 16.10518006177606 26.87632823249755
64.23154313073788 59.336535576977774 55.768456869262124 64.66346442302222
83.19119823409254 39.494290856065035 78.80880176590746 30.50570914393497
46.77629933729729 66.67383789452707 43.22370066270271 57.32616210547293
77.9225294709535 93.9993997956884 78.0774705290465 84.0006002043116
63.19080730044211 49.136234565006035 68.8091926995579 40.863765434993965
94.56580340681155 20.037998834726842 85.43419659318845 15.962001165273158
27.30546909495792 46.78817103839993 32.69453090504208 55.21182896160007
49.32829915851302 89.21808775534545 58.67170084148698 92.78191224465455
40.0506713234844 65.93122190035164 31.9493286765156 60.06877809964835
68.70472885076673 2.307213409563035 59.29527114923327 5.692786590436965
12.883526064452319 65.36833404005333 9.116473935547681 74.63166595994667
55.16963150835907 59.75937911213723 46.83036849164093 54.24062088786277
31.41787160381289 80.79475130899414 28.58212839618711 71.20524869100586
25.614385081450237 62.98510793610247 26.385614918549763 53.01489206389753
70.32598606772265 78.57396466205249 65.67401393227735 87.42603533794751
52.38081244432343 75.98547709675297 51.61918755567657 66.01452290324703
70.95719398898005 62.03246530206718 77.04280601101995 69.96753469793282
34.585213832043785 9.347708195237557 41.414786167956215 16.652291804762445
56.25788051101811 26.181002356869186 61.74211948898189 17.818997643130814
8.7234341297698 91.94738749845655 7.2765658702302005 82.05261250154345
52.80181794306885 12.0039291565961 53.19818205693115 21.9960708434039
73.07735775917942 45.87612406021579 82.92264224082058 44.12387593978421
56.00124700217496 55.11166228877835 65.99875299782504 54.88833771122165
88.64381929969771 62.18743582815485 91.35618070030229 71.81256417184515
72.82444466625552 21.655255273319803 69.17555533374448 12.344744726680199
84.76824452891331 60.32310880114064 81.23175547108669 69.67689119885937
95.67666444676712 87.28950147723756 92.32333555323288 96.71049852276244
63.65875834446657 72.59214328693294 56.34124165553343 79.40785671306706
18.90257330046088 72.86550073144362 27.09742669953912 67.13449926855638
18.505743693436948 52.22850148377928 21.494256306563052 61.77149851622072
59.292972812021134 86.2038082500922 64.70702718797887 77.7961917499078
31.489980038958464 29.335896609190353 26.510019961041536 20.664103390809647
25.264062955902016 78.00697779342808 24.735937044097984 87.99302220657192
45.55802027308878 81.70460981405998 54.44197972691122 86.29539018594002
16.893771959950108 39.025180961589754 7.106228040049893 36.974819038410246
58.57072579901438 36.370197576360326 63.42927420098562 27.629802423639674
88.44322347601255 81.5141628815995 95.55677652398745 74.4858371184005
85.68618587379564 91.7441468904102 92.31381412620436 84.2558531095898
21.077937725621744 48.89316848903602 12.922062274378257 43.10683151096398
29.695706681128936 92.28234498085294 20.304293318871064 95.71765501914706
45.545654807071145 11.61489962351506 52.454345192928855 4.3851003764849406
13.060424960899981 60.95395992123091 6.939575039100019 53.04604007876909
23.169560451869035 14.65290135943565 26.830439548130965 5.347098640564351
8.006575013445158 13.256333578857252 17.993424986554842 12.743666421142748
35.37848010908243 48.27023539239439 38.62151989091757 57.72976460760561
66.66826686556203 18.18061343544222 69.33173313443797 27.81938656455778
85.0004680077211 48.06840948895976 94.9995319922789 47.93159051104024
48.99299364332367 39.99473563216743 55.00700635667633 32.00526436783257
3.01023438711976 70.90105744014083 4.98976561288024 61.09894255985917
13.868565713535283 84.99827220430636 14.131434286464717 75.00172779569364
88.18201537856133 53.259425721955985 79.81798462143867 58.740574278044015
56.83899733502677 40.002592858104165 57.16100266497323 49.997407141895835
88.4534167636094 21.69710401936854 93.5465832363906 30.30289598063146
81.49704212757753 5.0247664252406 80.50295787242247 14.9752335747594
78.63905450888883 49.7531904564587 73.36094549111117 58.2468095435413
22.86348757493446 27.826127954953595 15.13651242506554 34.1738720450464
82.54405322286696 88.97916785581909 83.45594677713304 79.02083214418091
46.891660647079185 75.96479175340569 37.108339352920815 78.03520824659431
41.104170088582215 48.01530757825742 50.895829911417785 45.98469242174258
59.37432704612252 11.898196439720186 68.62567295387748 8.101803560279814
93.04776887341669 59.09151185378167 94.95223112658331 68.90848814621833
46.106491755236476 37.07769665834593 51.893508244763524 28.922303341654075
19.4947928642378 3.8098317170598666 10.505207135762198 8.190168282940133
20.54550249056942 43.27100240829391 29.45449750943058 38.72899759170609
10.185778573382791 20.142641749375873 7.814221426617208 29.857358250624127
3.5067525366506804 86.97425390049584 2.4932474633493196 77.02574609950416
31.07668453109415 43.87233296030377 40.923315468905855 42.12766703969623
30.053542564124836 96.72976628798217 39.94645743587517 95.27023371201783
72.81795905781141 95.33688837127602 63.18204094218859 92.66311162872398
2.161411742436101 50.11611670194375 7.838588257563899 41.88388329805625
69.26831083521436 34.21606761629909 62.73168916478564 41.78393238370091
12.695675130323135 2.2822587300571717 3.304324869676864 5.717741269942828
74.92055944032381 13.999368879916577 75.07944055967619 4.000631120083423
36.42807111790527 34.02421992309828 45.57192888209473 29.97578007690172
85.97510685432157 35.99993803274583 86.02489314567843 26.00006196725417
36.235746742033484 28.517198370008174 45.764253257966516 25.482801629991826
2.4707870424537752 28.760410458192943 5.529212957546225 19.239589541807057
87.00240060730903 4.15492033493005 96.99759939269097 3.84507966506995
29.26449507968457 11.310861201503956 32.735504920315435 20.689138798496046
43.99998355337937 89.98717557269191 34.00001644662063 90.01282442730809
93.26354449903909 35.2119560056948 86.73645550096091 42.7880439943052
