53.25386713179362 12.796359926117802 46.74613286820638 5.203640073882198
60.631061291874786 15.251766277489645 55.368938708125214 6.748233722510355
74.10068058458297 59.073566855642106 79.89931941541703 50.926433144357894
4.397516528015321 5.953751747307691 13.60248347198468 2.046248252692309
13.159618804022537 87.00254846572751 12.840381195977463 96.99745153427249
42.91010003424532 96.9438843433939 33.08989996575468 95.0561156566061
89.50650438594353 76.43567299601189 82.49349561405647 83.56432700398811
44.848912428602226 73.11790686389642 51.151087571397774 80.88209313610358
14.410589326770886 20.034862030287215 15.589410673229114 29.965137969712785
96.83384004060524 89.2782763636403 87.16615995939476 86.7217236363597
84.93833442638181 19.045514899087557 79.06166557361819 10.954485100912443
61.979496050500046 90.45234840892218 52.020503949499954 89.54765159107782
49.294438305718124 60.05003205105709 50.705561694281876 69.94996794894291
91.4847643448463 41.414415325098574 84.5152356551537 48.585584674901426
74.93770034072195 6.7868388305328935 65.06229965927805 5.2131611694671065
33.99481632966173 40.77238226575126 24.00518367033827 41.22761773424874
85.94867633012933 91.06967979190914 94.05132366987067 96.93032020809086
44.719040236065176 23.695199747272632 41.280959763934824 14.304800252727368
92.64278545703736 4.144051940402873 83.35721454296264 7.855948059597127
38.00057673959621 28.0759411833828 47.99942326040379 27.9240588166172
68.0703646223867 41.09618667252477 59.929635377613295 46.90381332747523
3.0054139373325772 71.09991851456043 4.994586062667423 80.90008148543957
44.68806921058212 55.009739567656496 45.31193078941788 64.9902604323435
19.426035337947553 84.32598606772257 10.573964662052447 79.67401393227743
26.127143593611912 86.17746820076228 17.872856406388088 91.82253179923772
36.53877892014317 82.69249473655148 31.461221079856823 91.30750526344852
27.172072743716562 36.30043008579296 36.82792725628344 33.69956991420704
37.31590982666206 16.176268941152063 34.68409017333794 25.823731058847937
10.418305601460947 74.96604788808045 11.581694398539053 65.03395211191955
96.02370097185185 59.999943826077775 95.97629902814815 50.000056173922225
3.73718373156641 94.4586615183609 8.262816268433589 85.5413384816391
69.71395176910676 61.008189065118465 70.28604823089324 70.99181093488153
65.98291529014323 73.58701669373106 56.017084709856775 74.41298330626894
64.05229368131732 54.000273470389175 63.94770631868268 63.999726529610825
78.98515246821627 78.89592529428631 81.01484753178373 69.10407470571369
74.9561609683616 94.66065759337876 65.0438390316384 93.33934240662124
79.94128693278682 57.956631209125554 74.05871306721318 66.04336879087444
41.54784907303185 51.24561641775567 38.45215092696815 60.75438358224433
66.97790318075886 77.53044710309605 57.02209681924115 78.46955289690395
84.32320631515975 74.95398327693587 85.67679368484025 65.04601672306413
72.55607727563496 11.248303091289124 69.44392272436504 20.751696908710876
19.497933536722755 79.32893328816041 24.502066463277245 70.67106671183959
74.74133641301023 88.20775638614461 81.25866358698977 95.79224361385539
22.166588610386864 15.720103778129644 31.833411389613136 18.279896221870356
58.09323832229773 51.00086941406257 57.90676167770227 60.99913058593743
95.03308527384341 30.02502909172982 88.96691472615659 37.97497090827018
41.04305082216198 81.9673469338765 34.95694917783802 74.0326530661235
9.495478790573198 56.42485971958401 2.504521209426801 63.57514028041599
8.053849986908908 23.90966395517328 9.946150013091092 14.09033604482672
26.39702264779298 79.73608103903548 29.60297735220702 70.26391896096452
9.372614276869204 51.10598274311841 18.627385723130796 54.89401725688159
30.665948420073526 13.818745312018024 33.334051579926474 4.181254687981976
58.47072610213917 20.882058084328907 67.52927389786083 25.117941915671093
66.18584663473 17.496896095023715 61.81415336527 8.503103904976285
92.24742041192827 23.84189449656895 89.75257958807173 14.158105503431049
76.74979814890384 40.633587709748575 85.25020185109616 35.366412290251425
65.33117037031839 33.21057833672242 74.66882962968161 36.78942166327758
3.441156045539583 22.968671194048067 4.558843954460417 13.031328805951933
14.174219780860348 76.93133724558336 15.825780219139652 67.06866275441664
49.947378077576275 34.44075189931657 54.052621922423725 43.55924810068343
55.03893286697747 67.37725374216811 64.96106713302252 68.62274625783189
47.00011093941133 16.966692616347544 56.99988906058867 17.033307383652456
78.36473298641208 84.69845534380914 71.63526701358792 77.30154465619086
25.246809543541353 66.63905450888876 16.753190456458647 61.36094549111124
24.69208517101663 4.628278319617836 17.30791482898337 11.371721680382164
88.64128881172405 55.18814963794033 91.35871118827595 64.81185036205967
30.064672577950663 60.952302762635874 35.93532742204933 69.04769723736413
53.87008777844641 49.16582068145367 46.12991222155359 42.83417931854633
46.152370112182375 48.8069224490513 53.847629887817625 55.1930775509487
96.29231036391286 78.83010703021407 93.70768963608714 69.16989296978593
22.15607336587185 52.3524270239239 25.84392663412815 61.6475729760761
45.866344194185 13.096836701708035 40.133655805815 4.9031632982919655
38.99186608935386 42.99388662528379 45.00813391064614 35.00611337471621
7.638854020871306 10.445486812217483 16.361145979128693 5.554513187782517
4.358120188837547 44.858211995097015 13.641879811162454 41.141788004902985
2.7341705008725667 27.007071532918417 3.2658294991274333 36.99292846708158
89.48876775827017 50.55966966790977 96.51123224172983 43.44033033209023
26.998305493154206 95.86983780462627 17.001694506845794 96.13016219537373
19.96251240040545 20.028392128833797 26.03748759959455 27.971607871166203
85.0866441306359 42.119142532241646 76.9133558693641 47.880857467758354
37.827517685019345 48.69805030787459 28.172482314980655 51.30194969212541
83.98164917527723 25.42798539047467 74.01835082472277 24.57201460952533
72.94641993422773 43.92985835787176 65.05358006577227 50.07014164212824
56.06551364728615 27.193250698865636 65.93448635271385 28.806749301134364
52.966215603617236 85.41973921518968 43.033784396382764 86.58026078481032
54.46143709855026 32.902037467068546 63.53856290144974 37.097962532931454
12.238700963643963 35.52644406592416 21.761299036356036 32.47355593407584
25.99992676837632 46.97293875697746 16.00007323162368 47.02706124302254
69.87471916727569 85.11225583396764 60.125280832724314 82.88774416603236
82.96538172179415 3.587353689758222 73.03461827820585 2.412646310241778
