61.74437841421624 19.57825012679201 52.25562158578376 16.42174987320799
62.40444905642228 11.366606961322661 53.59555094357772 6.6333930386773385
91.31784801778679 30.21972282790111 96.68215198221321 21.78027717209889
3.7598148463503946 7.649684861029604 12.240185153649605 2.350315138970396
7.48709642052837 75.66244868675943 2.5129035794716303 84.33755131324057
53.29115731109053 86.56631426981855 44.70884268890947 81.43368573018145
86.82794625511667 64.06902595842989 85.17205374488333 73.93097404157011
59.77646828877743 85.06065824258707 58.22353171122257 94.93934175741293
19.905125126393962 12.460011094293943 24.094874873606038 21.539988905706057
81.1844147825813 85.26309062493566 72.8155852174187 90.73690937506434
87.0446549580799 32.93951803363742 78.9553450419201 27.060481966362577
53.66191469907851 96.80736032337654 44.33808530092149 93.19263967662346
65.07747052904641 75.0006002043116 64.92252947095359 84.9993997956884
92.95353812837904 48.3199558759205 83.04646187162096 49.6800441240795
72.72605244855438 5.63230764671159 63.273947551445616 2.3676923532884095
40.92984610234072 50.16536390730092 31.070153897659278 51.83463609269908
84.08984697750331 95.05639134400609 93.91015302249669 96.94360865599391
50.20040516810294 35.48979031761906 45.79959483189706 26.51020968238094
87.59529853873657 12.970591621794222 78.40470146126343 9.029408378205778
39.80049131815761 45.713692471731164 48.19950868184239 40.286307528268836
59.75937911213731 40.83036849164098 54.24062088786269 49.16963150835902
3.827506073968647 65.06895206902782 2.172493926031353 74.93104793097218
46.53191587577317 64.68845712093596 41.46808412422683 73.31154287906404
26.626809377218517 76.10457524895268 17.373190622781483 79.89542475104732
22.103551237360826 94.92020021390185 15.896448762639174 87.07979978609815
25.522027223329466 87.02289823041944 26.477972776670534 96.97710176958056
16.191887617803445 49.62811978650898 25.808112382196555 52.37188021349102
37.23152369223854 11.154037825626869 34.76847630776146 20.84596217437313
9.398517606615973 83.7365867609156 12.601482393384027 74.2634132390844
96.37242168770152 87.98611091799306 95.62757831229848 78.01388908200694
10.57219729264508 69.98166486664647 11.42780270735492 60.01833513335353
73.25636949789808 58.81998903495027 78.74363050210192 67.18001096504973
66.75849914466085 70.29752697935645 59.241500855339154 63.702473020643545
64.51071881007783 44.43982395989107 57.48928118992217 51.56017604010893
81.21452182144766 63.48284430940136 76.78547817855234 54.51715569059864
52.64911426900467 90.8400370957503 43.35088573099533 87.1599629042497
73.1468191997272 46.20645556241289 64.8531808002728 51.79354443758711
33.21242955696023 57.14922536398472 30.787570443039765 66.85077463601529
79.99125793641673 73.70445945767621 70.00874206358327 74.29554054232379
90.66965989815056 70.42374445574248 95.33034010184944 61.57625554425752
96.80554265254881 10.861288796650651 91.19445734745119 19.13871120334935
25.703599763982936 68.82901091612506 28.296400236017064 59.17098908387495
69.01661607096605 95.40728935150103 78.98338392903395 94.59271064849897
5.5783826357294215 12.665626447206682 14.421617364270578 17.33437355279332
75.70178410008688 30.049495068494 74.29821589991312 39.950504931506
88.90229725636944 37.98360643053645 79.09770274363056 36.01639356946355
51.957348641444355 76.34831414993891 42.042651358555645 77.65168585006109
7.526743418108612 50.6854238100313 2.4732565818913876 59.3145761899687
34.35680380346377 38.98725285561438 33.64319619653623 29.01274714438562
19.040539539160637 83.63541477585198 28.959460460839363 82.36458522414802
2.02507367300025 46.50010802925446 11.97492632699975 45.49989197074554
26.616158237087195 17.395144872400998 31.383841762912805 8.604855127599002
66.61666800306641 18.804830130843307 69.38333199693359 9.195169869156693
71.20192221534165 21.665502789659236 74.79807778465835 12.334497210340764
89.99984784776353 22.96099360034019 80.00015215223647 23.03900639965981
86.99550374305252 58.99399561257087 95.00449625694748 53.00600438742913
61.853364461075955 34.20618295027536 70.14663553892404 39.79381704972464
25.220831022035586 27.680407708432064 16.779168977964414 22.319592291567936
16.73850335543898 73.94516054279387 15.261496644561023 64.05483945720613
54.027260552738696 27.405623102833296 57.972739447261304 36.594376897166704
56.71802504500865 80.44888641176556 61.28197495499135 71.55111358823444
41.614443338509574 14.320597046824332 48.385556661490426 21.679402953175668
71.2996735754305 66.75661473877821 64.7003264245695 59.24338526122178
40.57276528460065 82.02232975845956 31.427234715399347 77.97767024154044
32.07547443535762 3.1033626173187434 23.924525564642384 8.896637382681256
88.81004765771245 76.14366255053416 91.18995234228755 85.85633744946584
13.399215124014313 54.042251669672176 22.60078487598569 57.957748330327824
56.689930280324134 57.73336492571495 47.310069719675866 54.26663507428505
54.10501519177688 63.08075186709902 55.89498480822312 72.91924813290099
92.89035350438023 92.04136573891984 83.10964649561977 89.95863426108016
17.118608017553285 35.00140698414323 16.881391982446715 44.99859301585677
45.144137803708034 9.797520663708841 36.855862196291966 4.20247933629116
31.227225311418298 73.2811844125555 38.7727746885817 66.7188155874445
13.544406506875145 11.613706353631015 20.455593493124855 4.386293646368985
6.403741005458808 26.0316496106894 15.596258994541191 29.9683503893106
2.362525649326357 19.130820595329578 11.637474350673642 22.869179404670422
95.85973617864495 42.998032218825614 96.14026382135505 33.001967781174386
12.857663124071772 94.18094879260525 5.142336875928228 87.81905120739475
41.0046393440966 29.10196980528977 38.9953606559034 38.89803019471023
75.93027109650968 49.909212218876796 68.06972890349032 56.090787781123204
54.10571722659999 39.465029772798935 49.89428277340001 48.534970227201065
90.93965937660954 43.77444511947161 81.06034062339046 42.22555488052839
47.77848628462521 60.47175705456056 38.22151371537479 57.52824294543944
60.00223903615439 29.149617339439704 69.99776096384561 28.850382660560296
38.96257502450831 86.97220293160646 33.03742497549169 95.02779706839354
54.29585821780549 21.305582668581373 63.70414178219451 24.694417331418627
21.153297300679164 42.771393901856214 30.846702699320836 45.228606098143786
11.919267510454011 36.10512170626862 2.080732489545989 37.89487829373138
74.40870273886038 84.64132661006978 65.59129726113962 89.35867338993022
95.99193931416045 2.7162009800239955 86.00806068583955 3.2837990199760045
