95.31394739959606 40.990133969172255 94.68605260040394 31.009866030827745
54.558806196247836 49.053603190748476 45.441193803752164 44.946396809251524
67.23559803256775 42.47237089660274 62.76440196743225 33.52762910339726
27.027379610950987 41.47746151681042 36.97262038904901 42.52253848318958
2.0490429495889275 55.96368330199064 7.9509570504110725 64.03631669800936
29.381947626361956 67.73095196722227 32.618052373638044 58.269048032777725
96.4819620583879 67.02328295215867 95.5180379416121 76.97671704784133
63.86314998567354 67.90093032999711 58.13685001432646 76.09906967000289
27.013620740938727 28.63118855114906 36.98637925906127 29.36881144885094
80.94443512402397 77.11269166180344 83.05556487597603 86.88730833819656
90.34805263739507 35.98787122544301 89.65194736260493 26.01212877455699
77.52448342623478 70.12815641477003 68.47551657376522 65.87184358522997
77.35855067219123 88.98712757160584 76.64144932780877 79.01287242839416
59.446575739612996 29.78616951533929 56.553424260387004 20.21383048466071
86.14254381001993 8.79988049424712 77.85745618998007 3.2001195057528795
5.6852453683699 39.009916882268655 6.3147546316301 48.990083117731345
59.80086741822841 91.28572559222465 68.1991325817716 96.71427440777535
18.60330322713977 55.46643993937356 11.396696772860233 48.53356006062644
80.99952592769635 12.93114872338186 71.00047407230365 13.06885127661814
14.662645245751117 67.57995783359591 19.337354754248885 76.42004216640409
51.28691497262585 66.66937998213157 60.71308502737415 63.33062001786842
32.25412630847447 85.15983810163418 29.745873691525535 94.84016189836582
21.68531526790304 42.568043931738806 26.31468473209696 51.431956068261194
95.81291554273518 96.35493320075128 86.18708445726482 93.64506679924872
56.969149916163786 87.44542889483002 47.030850083836214 88.55457110516998
68.85892538464608 77.82058262008051 61.141074615353915 84.17941737991949
28.074826430010702 33.13821968838987 37.9251735699893 34.86178031161013
40.22822215378036 18.66873329845472 31.771777846219642 13.33126670154528
9.732826327260609 82.83676243815181 12.267173672739391 73.16323756184819
25.237446840013558 2.477473350544188 34.762553159986446 5.522526649455812
47.28963763697945 64.35159829560175 54.71036236302055 57.64840170439825
58.00225366676946 51.849894741328896 67.99774633323054 52.150105258671104
85.64112753659072 61.42668794352227 78.35887246340928 54.57331205647773
71.65546373649642 41.81583037867031 74.34453626350358 32.18416962132969
91.36437435375986 51.69878158421972 84.63562564624014 44.30121841578028
49.96876934366967 76.44202938302408 40.03123065633033 77.55797061697592
40.502527129082594 87.6713330033132 35.497472870917406 96.3286669966868
32.50251763131024 73.66842040150665 37.49748236868976 82.33157959849335
57.933022904474704 80.18434993782385 48.066977095525296 81.81565006217615
77.99411833120787 74.24245018847887 68.00588166879213 73.75754981152113
64.21510850494226 8.45079749811064 73.78489149505774 5.54920250188936
24.331319763235456 78.50206703280374 15.668680236764542 83.49793296719626
84.98842479419604 75.10339754492948 87.01157520580396 84.89660245507052
5.01469410477285 34.99997840828187 4.98530589522715 25.000021591718127
94.98739973445612 20.354744822015796 85.01260026554388 19.645255177984204
79.02502909172982 34.96691472615659 86.97497090827018 41.03308527384341
44.08355183471118 72.91024031883246 53.91644816528882 71.08975968116754
38.982094888485776 56.40965144536512 35.017905111514224 65.59034855463489
30.52984315228508 78.45878448548156 23.47015684771492 85.54121551451844
38.23271229368035 73.67725284361359 41.76728770631965 64.32274715638641
21.97734698131211 26.9999486838111 22.02265301868789 17.0000513161889
16.02280663116549 11.522982003243289 25.97719336883451 12.477017996756711
50.00323555961875 9.820152488642576 59.99676444038125 10.179847511357424
52.9441650564017 53.92696208811871 45.0558349435983 60.07303791188129
94.85517849061947 9.183959611154798 87.14482150938053 2.816040388845202
93.27609509378132 59.59133377798757 84.72390490621868 54.40866622201243
19.712534161037382 33.69757668881307 16.287465838962618 24.302423311186928
15.691259200681472 60.3726259077141 8.308740799318528 53.6273740922859
25.818299146968748 90.6643378682016 16.181700853031252 93.3356621317984
85.42444156000131 66.32901629065431 76.57555843999869 61.670983709345684
29.33695371823222 20.195561202453327 38.66304628176778 23.804438797546673
86.00996701223615 15.315548381438589 95.99003298776385 14.684451618561411
46.010146879891295 22.421866152976378 41.989853120108705 31.578133847023622
56.49940138880453 36.180685016783464 47.50059861119547 31.81931498321654
47.91472898662424 3.919477562551404 38.08527101337576 2.080522437448596
88.64128881172407 70.18814963794033 91.35871118827593 79.81185036205967
35.476489363507646 49.40639154812072 28.523510636492354 56.59360845187928
45.77294278120176 38.32942192231613 54.22705721879824 43.67057807768387
58.50721532078711 40.422227622576344 65.49278467921289 47.577772377423656
96.78034728723613 54.93873041492479 95.21965271276387 45.06126958507521
22.44618723477192 67.96923449044925 23.55381276522808 58.03076550955075
67.9084937749915 2.0477978886445793 58.0915062250085 3.9522021113554207
51.20706015980798 19.33252030219175 54.79293984019202 28.66747969780825
7.071758298023897 4.15594210690043 16.928241701976102 5.84405789309957
6.446574454758828 90.78616990367446 3.5534255452411725 81.21383009632554
12.167108001219004 43.78924636172742 19.832891998780994 50.21075363827258
46.04400908632014 94.3380679313384 55.95599091367986 95.6619320686616
71.97469492437614 81.98114567234755 66.02530507562386 90.01885432765245
3.380722832592943 17.25903593789722 8.619277167407057 8.74096406210278
72.98414249306563 47.00002514611585 73.01585750693437 56.99997485388415
9.221121156809245 30.72584748545745 16.778878843190757 37.27415251454255
84.55252277485512 32.752859458637104 81.44747722514488 23.2471405413629
39.59758801315939 46.33617786023894 46.40241198684061 53.66382213976106
65.76857778708934 30.67676518664495 62.231422212910665 21.32323481335505
2.568642576381418 75.63672740680101 9.431357423618582 68.36327259319899
35.00600715726434 9.754978599495834 44.99399284273566 10.245021400504166
55.03969446915515 15.37121622105051 64.96030553084485 16.62878377894949
8.016740919761215 17.591185935641033 17.983259080238785 18.408814064358967
81.89338826481192 95.02701085184188 72.10661173518808 92.97298914815812
70.15235709965322 20.002321807660557 69.84764290034678 29.997678192339443
