95.48790931532497 20.976137508150185 94.51209068467503 11.023862491849815
68.03221723141297 50.956556138262265 59.96778276858703 45.043443861737735
65.04789239776268 21.96362863190543 58.95210760223733 14.03637136809457
32.17039789160378 44.29419607269331 41.82960210839622 41.70580392730669
3.289395483822708 53.05075346930582 4.710604516177292 62.94924653069418
19.06945232807451 89.05115913567612 24.93054767192549 80.94884086432388
96.3388378178797 63.18258229988149 93.6611621821203 72.81741770011851
69.20951229723293 71.16606849123376 62.790487702767074 78.83393150876624
15.63667210181818 38.55840837711377 24.363327898181822 43.44159162288623
84.95137320900298 71.43895535307873 89.04862679099702 80.56104464692127
83.30341011213397 25.951238484270657 84.69658988786603 16.048761515729343
79.27724491299224 60.589435450881524 70.72275508700776 55.410564549118476
80.44553344052143 83.98011043586155 79.55446655947857 74.01988956413845
66.69048237386092 32.82547029695874 69.30951762613908 23.17452970304126
88.96330437825982 11.395343362934895 79.03669562174018 12.604656637065105
4.382793880351341 22.014674650018762 3.6172061196486593 31.985325349981238
56.003428119310655 96.18512007212765 65.99657188068934 95.81487992787235
12.377704322058943 45.415720362257694 3.6222956779410573 40.584279637742306
67.78687478831334 3.5557597980217923 58.21312521168665 6.444240201978207
25.662645245751115 73.57995783359591 30.337354754248885 82.42004216640409
60.08692165328887 62.61953798981511 63.91307834671113 53.38046201018489
37.67120188451062 83.28756068885676 34.32879811548938 92.71243931114324
22.25432634692519 56.05591557483996 23.74567365307481 65.94408442516004
79.97880837800581 94.5401444410479 70.02119162199419 95.4598555589521
53.99472546902831 91.22960289423241 44.00527453097169 90.77039710576759
56.93163610437188 83.17600647207898 47.06836389562812 84.82399352792102
19.110145520212747 30.858498428127238 26.889854479787253 37.141501571872766
39.92061422483704 37.05832632370532 34.07938577516296 28.94167367629468
8.448722077127014 78.30011406363377 13.551277922872986 69.69988593636623
31.02114814551036 11.459384600356898 40.97885185448964 10.540615399643102
42.11931345790337 49.152819684344486 49.88068654209663 42.847180315655514
48.51678175498385 57.21376470465006 57.48321824501615 52.78623529534994
91.79995216243539 60.40016400408375 82.20004783756461 57.59983599591625
83.902659897169 40.91784557606711 82.097340102831 31.08215442393289
86.05987463524126 48.91846157180879 77.94012536475874 43.08153842819121
57.12521159392409 74.1746452779599 48.87478840607591 79.8253547220401
42.87573869813762 82.36517483217446 39.12426130186238 91.63482516782554
37.65520897800377 62.583898205072046 42.34479102199623 71.41610179492795
38.79132906993404 74.42939348802388 29.208670930065963 71.57060651197612
75.48330697666893 68.66027806655455 70.51669302333107 77.33972193344545
64.57984565171307 13.337142600980997 73.42015434828693 8.662857399019003
21.282095866911796 77.22801819723365 14.717904133088204 84.77198180276635
82.18821836817258 89.76421249287549 89.81178163182742 96.23578750712451
9.752995315821446 37.99389514166986 10.247004684178554 28.006104858330136
79.76962376746262 22.28480389852742 72.23037623253738 15.715196101472577
87.44461160832344 53.93882640202762 96.55538839167656 58.06117359797238
66.0001821569367 64.0426794585942 75.9998178430633 63.95732054140581
50.74908807475503 68.82357631971567 45.25091192524497 77.17642368028433
32.09114252410938 87.1255343370595 23.90885747589062 92.8744656629405
54.70069142642648 64.44736493223233 63.29930857357352 69.55263506776767
14.93179836636108 29.912407943610425 13.06820163363892 20.087592056389575
17.031889793780437 12.43619065380483 26.968110206219563 13.56380934619517
23.006575013445158 3.256333578857252 32.99342498655484 2.743666421142748
52.72019298014251 46.65931680782232 45.27980701985749 53.34068319217768
96.89869906282996 6.001372803619528 87.10130093717004 3.998627196380472
73.48365349378558 49.339523628557245 68.51634650621442 40.660476371442755
21.212122247354237 26.85085143634279 18.787877752645763 17.14914856365721
18.75779590899989 66.68082829660555 15.242204091000112 57.319171703394446
15.713023921961334 95.66955248824954 6.286976078038666 92.33044751175046
89.87647614208731 67.10452724531953 80.12352385791269 64.89547275468047
29.973652684028817 30.106472521074522 32.02634731597118 39.89352747892548
73.09832833231691 2.0132807581521304 82.90167166768309 3.9867192418478696
43.60348700829783 21.26409149009189 40.39651299170217 30.73590850990811
45.925157382025326 37.999439826874074 46.074842617974674 28.000560173125923
33.9956022482404 6.790337944836316 24.0043977517596 7.209662055163684
91.44218725689186 86.70376979536785 96.55781274310814 95.29623020463215
47.2105301980407 63.8330791600838 40.7894698019593 56.1669208399162
50.75215416587663 34.53377238533298 55.24784583412337 43.46622761466702
56.23639178579316 34.48077757338132 65.76360821420684 37.51922242661868
91.9981522667815 45.99999965858818 92.0018477332185 36.00000034141182
28.93771485423946 63.554885286983136 33.06228514576054 54.445114713016864
55.884548116918054 10.148060661319667 48.115451883081946 3.8519393386803333
45.651601775364256 12.585815389165552 50.348398224635744 21.414184610834447
10.01052764724313 5.675707476073192 19.98947235275687 6.324292523926808
5.529884316899547 85.76019474148956 2.4701156831004534 76.23980525851044
21.716569789822763 47.229179657568466 28.283430210177237 54.770820342431534
40.016158251842704 95.59835160983211 49.983841748157296 96.40164839016789
72.91640620491928 81.08953307131388 63.083593795080716 82.91046692868612
2.9100312536413515 14.879750826831362 5.0899687463586485 5.120249173168638
54.43984141340027 17.24964157303271 57.56015858659973 26.75035842696729
11.286237334679782 10.16827220149191 8.713762665320218 19.83172779850809
91.46933748310528 29.779230833590468 88.53066251689472 20.220769166409532
28.40153126643981 48.0368175564993 37.59846873356019 51.9631824435007
71.62638944666983 37.98602197693114 72.37361055333017 28.01397802306886
10.666844821451832 64.95533227787026 9.333155178548168 55.04466772212974
27.039329610299497 25.625898781552323 36.9606703897005 24.374101218447677
37.63643134750977 3.5588386749326437 46.36356865249023 8.441161325067355
24.014140498824382 20.375772583535362 33.98585950117562 19.624227416464638
76.99649013243514 89.8126864754528 67.00350986756486 90.1873135245472
77.71620098002406 28.008060685839553 78.28379901997594 37.99193931416045
