88.99561393238945 8.209383472405156 79.00438606761055 7.790616527594844
72.92124038150632 52.05787563060486 67.07875961849368 43.94212436939514
32.795559202214406 5.415136720623402 23.204440797785598 2.5848632793765978
51.62774205508681 11.272373132098751 48.37225794491319 20.72762686790125
21.36387039171502 86.18960941766647 18.63612960828498 95.81039058233353
38.877534087119805 58.47284433129789 43.122465912880195 67.52715566870211
58.628761536736505 89.56021952597237 51.371238463263495 96.43978047402763
76.07496176842237 56.13744657122085 85.92503823157763 57.86255342877915
6.517410652605112 41.65986749831282 11.482589347394889 50.34013250168718
46.58530836910938 71.51495137790099 39.41469163089062 78.48504862209901
37.461158961942125 52.781737601326135 34.538841038057875 43.218262398673865
65.59599882095864 66.96895780496861 56.40400117904136 63.03104219503139
95.41013204294512 78.64400013501937 86.58986795705488 83.35599986498063
76.41113099260926 39.277587785489814 81.58886900739074 30.722412214510182
86.98055945308282 13.440485566514171 77.01944054691718 12.559514433485829
16.559565917062248 26.488662579288512 9.440434082937752 33.511337420711484
48.16295395562789 77.79421185145239 55.83704604437211 84.20578814854761
20.957626681657075 61.43615170842403 25.042373318342925 70.56384829157597
48.485868044905935 26.208390337710203 39.514131955094065 21.791609662289797
28.315348440532492 17.047096584616384 29.684651559467508 26.952903415383616
63.9952250981419 46.781536687534825 54.0047749018581 47.218463312465175
2.692461953411761 87.99053307271885 3.307538046588239 78.00946692728115
25.06968238250816 57.83184625421383 34.93031761749184 56.16815374578617
74.05922208361565 79.04510932602199 67.94077791638435 86.95489067397801
52.658172996506345 64.71703957092339 49.341827003493655 55.2829604290766
68.98146636018525 62.02487187071259 77.01853363981475 67.97512812928741
62.92686421539594 9.944088798364707 69.07313578460406 2.055911201635294
43.16457144868271 45.272254190445274 52.83542855131729 42.727745809554726
24.92027768329011 95.89065145227495 33.07972231670989 90.10934854772505
24.71982348284497 41.349767807008604 15.28017651715503 44.650232192991396
49.67388148817796 32.50693011902419 58.32611851182204 27.49306988097581
86.6268762223442 31.01394157208844 87.3731237776558 40.98605842791156
89.12870839952444 27.835651513488543 96.87129160047556 34.16434848651146
62.655463736496415 22.81583037867031 65.34453626350358 13.18416962132969
81.298786272516 77.5535145551236 72.701213727484 72.4464854448764
87.78739868428633 53.30667674519981 96.21260131571367 58.69332325480019
57.88955417318872 74.46722839621333 62.11044582681128 83.53277160378667
55.46723343877621 58.110456657089046 64.53276656122378 53.889543342910954
27.699882782227128 61.56046615234158 32.30011721777287 70.43953384765842
73.55656504474938 95.78711766410234 76.44343495525062 86.21288233589766
20.588657511554885 17.481599813987916 13.411342488445115 10.518400186012084
2.426855527175849 68.71293485914029 7.573144472824151 77.28706514085971
44.988424794196035 55.10339754492948 47.011575205803965 64.89660245507052
11.88766180761339 57.94607303175343 2.11233819238661 60.05392696824657
60.909272925627604 37.05182314851089 51.090727074372396 38.94817685148911
90.26161514805628 72.68807189647649 93.73838485194372 63.31192810352351
88.14127080881512 95.17965548905816 95.85872919118488 88.82034451094184
16.70252686661522 37.44090274621896 21.29747313338478 28.55909725378104
41.490439269034404 91.80091947143498 32.509560730965596 96.19908052856502
44.03020537208609 4.54876347943171 53.96979462791391 3.4512365205682896
26.823716531147667 75.31596307969971 17.176283468852333 72.68403692030029
12.880998853911647 16.915633738945555 3.119001146088353 19.084366261054445
38.72374698919963 6.222942122601042 45.27625301080037 13.777057877398958
34.02809358759914 27.470711207064454 43.97190641240086 28.529288792935546
63.50088395588745 29.23002609165581 66.49911604411255 38.76997390834419
92.38999836021299 36.266302214982126 95.61000163978701 45.733697785017874
62.433326716141856 60.03604889884704 71.56667328385815 55.96395110115296
2.438810578870079 96.5096908563052 9.56118942112992 89.4903091436948
38.58600194658839 70.74179268056058 35.41399805341161 61.25820731943943
93.0272605527387 10.405623102833294 96.9727394472613 19.594376897166704
66.40010433067918 76.66596379421519 59.599895669320816 69.33403620578481
86.02203995655586 23.53105031626662 95.97796004344414 24.46894968373338
73.09966569997387 11.122425259588432 70.90033430002613 20.877574740411568
82.4234035981377 85.01795931438893 81.5765964018623 94.98204068561107
2.174930625492943 43.874592986234894 7.825069374507057 52.125407013765106
87.1736383588961 78.50280982107122 82.8263616411039 69.49719017892878
16.63758330482142 81.13109093564142 7.362416695178579 84.86890906435858
47.37342026199421 49.10401478701064 56.62657973800579 52.89598521298936
20.292313745277017 47.315455513471875 29.707686254722983 50.684544486528125
88.0105505756548 45.00793471603676 81.9894494243452 52.99206528396324
76.55928869014855 60.70215686728676 85.44071130985145 65.29784313271324
18.938897715575187 9.079786483871336 11.061102284424813 2.9202135161286638
27.20501250799212 45.14584670719016 32.794987492007884 36.85415329280984
2.940536326095039 34.080966824401266 11.059463673904961 39.919033175598734
13.274896776108253 96.69297548117592 16.725103223891747 87.30702451882408
8.129086143476288 67.12880388125011 17.870913856523714 64.87119611874989
31.654769184941564 83.81563641216997 34.345230815058436 74.18436358783003
67.91640620491928 95.08953307131388 58.083593795080716 96.91046692868612
5.345000431881628 24.82509698942762 14.654999568118372 21.17490301057238
43.38076441432345 36.41016662208183 34.61923558567655 31.589833377918172
56.05383369793019 12.60569611727564 59.94616630206981 3.39430388272436
53.532339475171554 22.602128604665097 60.467660524828446 15.397871395334905
32.85804223872169 18.925826176040875 31.141957761278316 9.074173823959125
77.03005419321336 17.452607382581874 86.96994580678664 18.547392617418126
71.87621762747493 41.095901680400246 78.12378237252507 48.904098319599754
9.226697620674841 11.81947934471851 2.7733023793251594 4.180520655281492
70.46021770071013 7.0953225706450205 79.53978229928987 2.90467742935498
23.933986881686593 20.114959976460405 26.066013118313407 29.885040023539595
51.57292842799011 90.02196082862153 42.42707157200989 85.97803917137847
77.85679011087952 27.188103454612822 68.14320988912048 24.811896545387178
