42.00174039006591 22.581815732957708 37.99825960993409 13.418184267042292
48.556457015345124 17.297037063918893 43.443542984654876 8.702962936081105
86.60837479707381 13.390319660008569 95.39162520292619 8.609680339991431
8.42413941535277 32.37304791820684 3.57586058464723 23.626952081793164
11.185226225320312 89.26433162775692 2.814773774679688 94.73566837224308
50.10168723357175 88.85939885954276 41.89831276642825 83.14060114045724
87.1336297909573 87.0017860110867 86.8663702090427 96.9982139889133
55.20277038460782 80.33417041571842 58.79722961539218 89.66582958428158
24.84557249992539 11.002385354269428 25.15442750007461 20.99761464573057
62.97952008131828 95.5479162027367 53.02047991868172 96.4520837972633
69.69821286265741 20.710788092418333 60.30178713734258 17.289211907581667
37.93581201847945 94.79859859643868 28.06418798152055 93.20140140356132
65.49151436783382 71.66498487258953 60.508485632166185 80.33501512741047
91.97955590977685 44.45168898747522 82.02044409022315 43.54831101252478
81.27672765670997 9.776646113121004 74.72327234329003 2.223353886878997
40.072891744873324 51.11646610498272 37.927108255126676 60.88353389501728
72.17313288831396 95.30435956933803 81.82686711168604 92.69564043066197
46.13579400235082 35.63947583228201 49.86420599764918 26.360524167717994
84.40606366398833 18.36359958302623 75.59393633601167 13.636400416973773
35.006272562245606 47.25037227765661 44.993727437754394 46.74962772234339
58.41312894799694 51.258498100357365 61.58687105200306 60.741501899642635
6.6660242935103735 74.18123368334845 9.333975706489626 83.81876631665155
24.25969580128778 80.38179609646397 15.74030419871222 85.61820390353603
7.024173927532834 51.99994156178126 6.975826072467166 42.00005843821874
19.52776126990879 78.31397994459283 14.47223873009121 69.68602005540717
36.37888121206158 71.31446587930904 29.62111878793842 78.68553412069096
29.384143217874946 45.03807291227385 30.615856782125054 54.96192708772615
35.643549715654416 33.18751180509513 38.356450284345584 42.81248819490487
6.648606180037451 68.81391054584181 9.35139381996255 59.186089454158186
92.02796974719342 84.9788690868237 85.97203025280658 77.0211309131763
14.217376030262376 52.84953560673005 11.782623969737624 43.15046439326995
81.03000077621186 68.5469074103953 90.96999922378814 67.4530925896047
69.84589318031188 68.23179514733854 60.15410681968812 65.76820485266146
53.766903403836615 71.83535769196953 48.233096596163385 80.16464230803047
94.37396584287337 58.985995341791245 93.62603415712663 49.014004658208755
36.18663458805169 81.14703231232954 29.813365411948308 88.85296768767046
71.39355020131349 47.03691440314867 72.60644979868651 56.96308559685133
47.95689803529501 58.092419521796046 46.04310196470499 67.90758047820395
74.5460618036366 68.69679546244166 69.4539381963634 77.30320453755834
93.19373850021198 38.996245129448276 92.80626149978802 29.003754870551724
93.63293133650545 14.19051735949788 96.36706866349455 23.809482640502118
19.71293485914039 67.57314447282432 28.28706514085961 62.426855527175675
66.00212974776703 89.14592101234825 75.99787025223297 88.85407898765175
2.2965315058281695 12.303714609998371 11.70346849417183 15.696285390001629
55.52858646164188 2.0280188704532556 54.47141353835812 11.971981129546744
86.59066702332964 23.981357181558593 77.40933297667036 20.018642818441407
52.5669631852979 58.03224872336418 51.4330368147021 67.96775127663582
2.990721314301233 76.10292367482452 5.009278685698767 85.89707632517548
60.50696088789289 40.32610068151162 55.49303911210711 31.67389931848838
3.49650672333014 36.02471296569856 2.50349327666986 45.97528703430144
25.673819047988808 27.010650745182787 26.326180952011192 36.98934925481721
17.982037161136308 9.975898960904154 26.017962838863692 4.0241010390958465
69.64587748277684 15.987443958862649 70.35412251722316 6.012556041137351
63.64455066694108 11.98734957383458 64.35544933305893 2.01265042616542
55.162727713076954 26.862927540612016 52.837272286923046 17.137072459387984
79.11321690211872 57.942006165300626 88.88678309788128 60.057993834699374
75.80581680791872 30.507165691950348 80.19418319208128 39.49283430804965
13.622155028628704 22.906746677281067 4.377844971371296 19.093253322718933
12.313038333468977 66.21666183166172 17.686961666531023 57.783338168338275
72.11514497384444 40.91617685519255 77.88485502615556 49.08382314480745
61.21454593316871 84.448940776653 70.78545406683129 81.551059223347
32.55575564233189 16.03098242446092 31.444244357668108 25.96901757553908
73.6735155499157 84.73289448060716 80.3264844500843 77.26710551939284
15.203012924517559 80.48851134056812 10.796987075482441 71.51148865943188
16.966896466276665 5.574403597906867 7.033103533723333 4.425596402093133
94.93298428866086 66.00044913072847 95.06701571133914 75.99955086927153
25.129087824601065 48.129151954296084 22.870912175398935 57.870848045703916
79.95472819224204 62.328681490645494 70.04527180775796 63.671318509354506
39.26439354826402 65.31089878071582 42.73560645173598 74.68910121928418
86.95159716038042 72.30596429392095 77.04840283961958 73.69403570607905
19.380051614741564 39.01446484616422 18.619948385258436 48.98553515383578
42.89112796935693 3.9622778852822065 33.10887203064307 6.037722114717793
25.65368272716355 76.41529107253297 30.34631727283645 67.58470892746703
2.4150231009772423 66.96566229496224 3.5849768990227577 57.03433770503776
21.055178687458273 24.112608268459155 18.944821312541727 33.887391731540845
12.651259982929334 10.287057730307463 19.348740017070664 17.712942269692537
81.14785189588277 31.81237471086296 88.85214810411723 38.18762528913704
26.85858262918167 85.82016665628882 19.14141737081833 92.17983334371118
50.57392492846297 36.03304820070813 49.42607507153703 45.96695179929187
88.18469513314537 48.26351929613426 79.81530486685463 53.73648070386574
58.85026952951659 21.210782005231298 67.1497304704834 26.789217994768702
83.80845878645945 28.37066556786143 74.19154121354055 25.62933443213857
53.971516517738976 53.53293856479759 44.028483482261024 52.46706143520241
55.00821701514032 44.713464431413215 64.99178298485968 45.286535568586785
40.30394104000947 89.63263483354214 47.69605895999053 96.36736516645786
35.452691378740106 26.476280155072594 42.547308621259894 33.523719844927406
29.894339068550057 30.123780777624404 32.10566093144994 39.876219222375596
13.852549830278853 37.99782537184416 14.147450169721147 28.002174628155842
64.1961935118994 49.33670908547556 67.8038064881006 58.66329091452444
94.5586723610903 3.9460997336210815 85.4413276389097 8.053900266378918
