73.22163683674617 7.679138372430163 64.77836316325383 2.3208616275698364
82.48107401724363 12.340998931232141 77.51892598275637 3.659001068767859
84.69075967626313 29.748190027166956 91.30924032373687 22.251809972833044
32.285890275114056 42.575100881457416 23.714109724885944 37.424899118542584
12.98883660589979 95.33393011190107 3.01116339410021 94.66606988809893
50.459721301535296 90.26072685493678 41.540278698464704 85.73927314506322
87.00021510186268 95.95362142350216 96.99978489813732 96.04637857649784
65.95152349540301 91.06574745604163 74.04847650459699 96.93425254395837
18.86729383425855 19.14431233978696 9.13270616574145 16.85568766021304
64.89411524666151 96.02354088945938 55.105884753338486 93.97645911054062
47.987871225443016 7.651947362605018 38.012128774556984 8.348052637394982
58.87523929808843 90.15951268118219 51.12476070191157 83.84048731881781
78.78269391913696 80.328597385081 75.21730608086304 89.671402614919
83.99893419284757 60.1032324347258 74.00106580715243 59.8967675652742
83.04199581913545 22.600675996820133 86.95800418086455 13.399324003179867
34.044028647139896 51.66207850715 43.955971352860104 50.33792149285
81.61778674374823 86.26895719193405 78.38221325625177 95.73104280806595
30.000604492867115 3.9222532106159815 39.99939550713289 4.077746789384019
95.36047775283016 44.8113511910953 92.63952224716984 35.1886488089047
56.21517814497602 42.451027158837796 65.78482185502398 39.548972841162204
50.95600061132301 64.00019359836843 51.04399938867699 73.99980640163157
3.307538046588393 79.00946692728115 2.692461953411607 88.99053307271885
24.797674550398106 88.74766729726824 17.202325449601894 95.25233270273176
11.298236905279843 44.554439176431956 2.7017630947201567 39.445560823568044
18.87842138666395 86.90586059156787 25.12157861333605 79.09413940843213
27.692494736551485 53.46122107985683 36.30750526344852 58.53877892014317
32.53884520335966 24.242694518942788 29.461154796640347 33.75730548105721
44.60657002631538 12.32785716322216 51.39342997368462 19.67214283677784
12.817432467859872 88.85814100576836 15.182567532140128 79.14185899423164
95.88726466126116 90.08211988748891 90.11273533873884 81.91788011251109
9.277082909286772 37.4513923017674 4.722917090713227 28.548607698232598
89.8344692702408 75.12967505253755 96.1655307297592 82.87032494746245
74.5807690245066 79.4897124800095 67.4192309754934 72.5102875199905
39.56017604010899 71.51071881007778 32.43982395989101 64.48928118992222
68.88542599186427 61.93575713391303 59.11457400813573 64.06424286608697
35.574060036438944 87.03306381412408 34.425939963561056 96.96693618587592
65.17165445698201 77.78382674545443 72.82834554301799 84.21617325454557
29.048808403937798 82.0913103023739 30.951191596062202 91.9086896976261
71.36644439240018 40.43471594844172 78.63355560759982 33.56528405155828
96.44625843857112 48.71290885677132 87.55374156142888 53.28709114322868
90.00012526092667 45.00016702183333 81.99987473907333 50.99983297816667
29.43130256521445 49.03150283026727 38.56869743478555 44.96849716973273
55.21019518400268 71.43449288065464 64.78980481599731 68.56550711934536
14.277211469946305 25.64172729172456 23.722788530053695 22.35827270827544
60.14852734377314 19.20899285598073 51.85147265622686 24.79100714401927
68.55872810102613 44.70324056127224 77.44127189897387 49.29675943872776
74.95732054140605 16.000182156936702 75.04267945859395 25.999817843063298
10.98209488848578 78.40965144536511 7.017905111514221 87.59034855463489
81.73020481176422 55.62023530351693 72.26979518823578 52.37976469648307
26.71208753602773 61.00829624145328 27.28791246397227 70.99170375854672
29.814716025329236 20.86752208756601 24.185283974670764 29.13247791243399
18.692981836750878 13.53960519400992 27.307018163249122 8.46039480599008
70.2889235070729 28.831011922249303 67.7110764929271 19.168988077750697
78.57010849396455 42.36985437616596 83.42989150603545 33.63014562383404
94.16687382473415 12.76354166401474 85.83312617526585 7.23645833598526
42.53643915718404 40.25313661425136 51.46356084281596 35.74686338574864
88.9368306251815 36.953393288322175 83.0631693748185 45.046606711677825
35.25381507460706 73.05599271267565 36.74618492539294 82.94400728732435
11.768518972002637 54.47442649081285 16.231481027997365 45.52557350918715
80.00236472544765 64.84624154478509 89.99763527455235 65.15375845521491
48.44888641176552 60.281974954991426 39.55111358823448 55.718025045008574
44.00199432580861 3.1412065180886195 53.99800567419139 2.8587934819113805
58.114677224292954 54.06471657127988 67.88532277570705 51.93528342872012
21.489712289348894 74.97389248500191 22.510287710651106 65.02610751499809
12.91780607219528 3.0971249054939873 3.0821939278047212 4.902875094506013
87.86616905201998 58.1872714859904 96.13383094798002 63.8127285140096
9.012625436485791 62.009500284495836 2.9873745635142095 69.99049971550416
86.65896459203854 78.81495149525576 77.34103540796146 75.18504850474424
56.49418578963651 80.83259641467343 65.50581421036348 85.16740358532657
81.85103129298676 70.21140224304862 72.14896870701324 67.78859775695138
39.81312342293387 14.06655999336403 38.18687657706613 23.93344000663597
33.37400835541134 13.577593983909427 24.625991644588662 18.422406016090573
18.27100240829383 40.454497509430624 13.72899759170617 31.545502490569376
7.1767818895100435 72.31778870030126 16.823218110489957 69.68221129969874
9.99630185699018 28.002770937962502 4.003698143009821 19.997229062037498
3.0926586852585363 13.95812380235099 12.907341314741464 12.04187619764901
57.008762005183385 14.295877135140568 66.99123799481661 13.704122864859432
48.95731859842341 95.34808565460995 39.04268140157659 96.65191434539005
51.07519526342627 29.102969871584328 42.92480473657373 34.89703012841567
66.92126037378969 35.116146882470076 57.07873962621031 36.883853117529924
66.95020185437224 57.296081254000356 57.04979814562777 58.703918745999644
58.59126059509039 4.521085321806379 51.40873940490961 11.478914678193622
21.33845275305463 53.98853182148312 20.66154724694537 44.01146817851688
54.5337213406392 32.24774441094584 63.4662786593608 27.75225558905416
41.2271229699194 76.51015274080562 50.7728770300806 79.48984725919438
15.404018653361653 6.968998593537426 24.595981346638347 3.0310014064625737
41.97167126229801 26.40516459125812 38.02832873770199 35.59483540874188
5.315353580439758 59.70764977893034 8.684646419560242 50.29235022106966
48.119132372150155 42.07820437013012 49.880867627849845 51.92179562986988
92.98285529356828 3.4137065667337754 83.01714470643172 2.5862934332662246
