67.75055190382128 17.30656323344082 60.249448096178725 10.69343676655918
66.08320212457775 8.88573394647597 57.916797875422255 3.11426605352403
84.4892937016525 29.15720390553332 93.5107062983475 24.84279609446668
2.424899118542663 13.285890275114104 7.575100881457336 4.714109724885896
4.462554577871898 71.02896867659904 5.537445422128102 80.97103132340096
40.8014972770517 82.66418348275187 37.1985027229483 73.33581651724813
88.8718603473564 80.00164224675541 89.1281396526436 89.99835775324459
53.784788249503386 78.14992160873095 56.215211750496614 87.85007839126905
28.2936679703275 17.795744186521386 33.706332029672495 26.204255813478614
68.08634899044475 80.11872390627153 59.91365100955525 85.88127609372847
78.92391168706943 29.868961275282757 69.07608831293057 28.131038724717243
45.33842075767474 91.51442052442958 36.66157924232526 96.48557947557042
73.11521127670987 62.1259561134209 70.88478872329013 71.8740438865791
86.88739201480487 49.05517737543102 77.11260798519513 46.94482262456898
86.98138307964798 3.5689285282035055 77.01861692035202 4.4310714717964945
47.76571028576399 39.48738455906223 38.23428971423601 42.51261544093777
70.00058731142485 94.92336600419009 79.99941268857515 95.07663399580991
48.65766200065458 21.23518980569663 43.34233799934542 12.764810194303369
96.88687656933313 14.057562005795809 87.11312343066687 11.942437994204191
36.16745281162344 38.283155357746615 45.83254718837656 35.716844642253385
62.23066086450621 45.52516457201381 57.76933913549379 54.47483542798619
3.008363802296037 40.4137831215701 6.991636197703963 49.5862168784299
36.37990282454114 65.60272100660634 31.62009717545886 74.39727899339366
21.158657304021546 68.77589074491563 12.841342695978453 63.22410925508437
15.103551237360826 79.92020021390185 8.896448762639174 72.07979978609815
27.994902408885537 82.41520290754076 24.005097591114463 91.58479709245924
23.44867791881475 34.246748502295816 26.55132208118525 43.753251497704184
36.36241231481501 4.2994347154549 29.63758768518499 11.7005652845451
19.138299615772524 95.51969852459067 14.861700384227477 86.48030147540933
94.54620758001268 96.97007618448015 93.45379241998732 87.02992381551985
7.4695127420347065 39.779176948073555 4.5304872579652935 30.22082305192645
85.00005956082106 65.02440501307329 94.99994043917894 64.97559498692671
63.318642739521934 62.51978667517203 54.681357260478066 57.48021332482797
52.553391351538345 51.93441843546768 43.446608648461655 56.06558156453232
95.46092650326351 82.97870934666699 94.53907349673649 73.02129065333301
47.55315805925721 84.93390424050067 38.44684194074279 89.06609575949933
71.01140547605469 44.00857956877657 64.98859452394531 51.99142043122343
33.99492612457446 61.99324672458939 26.005073875425534 68.00675327541062
83.91803652479703 78.0983810445857 74.08196347520297 79.9016189554143
93.55656504474916 52.787117664102276 96.44343495525084 43.212882335897724
94.10238115382705 18.14159679738415 85.89761884617295 23.85840320261585
21.27480366870464 58.192052594600206 26.72519633129536 49.807947405399794
54.01425570476533 95.62270194469762 63.98574429523467 96.37729805530238
10.007642918378984 9.276352618204537 19.992357081621016 8.723647381795463
75.2676486654303 9.007168719865113 74.7323513345697 18.992831280134887
78.65701888143897 38.81993822365509 69.34298111856103 35.18006177634491
51.74541018136562 68.68761376447088 44.25458981863438 75.31238623552912
3.682084842903845 57.010117240566814 4.317915157096155 66.98988275943319
38.31209861054431 17.95245309704039 39.68790138945569 8.047546902959612
8.70069142642648 66.44736493223233 17.29930857357352 71.55263506776767
12.35871834378456 32.57347582817384 19.64128165621544 39.42652417182616
23.957955148058907 11.968118334775149 30.042044851941093 4.031881665224851
78.87002919097368 18.87064328099979 81.12997080902632 9.12935671900021
80.5851232022029 23.65220706640067 87.4148767977971 16.34779293359933
73.98422154894172 23.396907484264354 64.01577845105828 22.603092515735646
80.26630221498212 58.610001639787 89.73369778501788 55.389998360213
57.36311116984018 38.12936856202536 66.63688883015982 41.87063143797464
32.979913011308405 33.01498673036847 27.020086988691595 24.98501326963153
12.21754772463693 56.995265056781804 11.78245227536307 47.004734943218196
44.388917694463885 24.541664478012002 51.611082305536115 31.458335521987998
54.03392244948027 73.59723167409935 57.96607755051973 64.40276832590065
51.36602820888223 8.565724381858628 58.63397179111777 15.434275618141372
90.0601576017142 74.91806789661283 81.9398423982858 69.08193210338717
32.05237339237858 79.92886836316386 23.947626607621427 74.07113163683614
21.901299723399134 3.011434867392362 12.098700276600864 4.988565132607638
84.41075603834614 84.03484224282305 85.58924396165386 93.96515775717695
15.657653036702627 41.28130173623392 22.342346963297373 48.71869826376608
73.99438321890025 57.7630690759578 64.00561678109975 58.2369309240422
39.01929878451689 55.097120731044875 40.98070121548311 64.90287926895513
74.45587117006899 85.73169399865273 65.54412882993101 90.26830600134727
23.031352476050422 20.00009829874171 22.968647523949578 29.99990170125829
53.85193244683114 3.792212133118099 44.14806755316886 6.207787866881901
23.115011899235345 65.14751766586258 30.884988100764655 58.85248233413742
3.7296294360359377 25.8359237618281 6.270370563964063 16.1640762381719
11.236951653842908 19.707665396032112 18.763048346157092 26.292334603967888
11.018666053818084 14.56836112707994 20.981333946181916 15.43163887292006
89.67987849600513 35.73855496130669 96.32012150399487 28.26144503869331
11.072808478451881 95.5501060440014 6.927191521548119 86.4498939559986
40.594070638578465 22.260913716841394 37.405929361421535 31.739086283158606
81.97956636723644 52.54842631355708 72.02043363276356 53.45157368644292
53.03797240253324 37.09342248591624 54.96202759746676 46.90657751408376
92.96177135467384 40.38288977974915 83.03822864532616 41.61711022025085
40.77848628462521 49.47175705456056 31.22151371537479 46.52824294543944
56.77300342787223 30.32932593167565 65.22699657212776 35.670674068324345
31.406322158436435 87.2018484823121 28.593677841563565 96.7981515176879
54.894695437775766 21.145797054976487 63.105304562224234 26.854202945023513
28.148185164091025 34.893036140688665 33.851814835908975 43.106963859311335
17.79124640532656 31.25982372132274 10.208753594673437 24.74017627867726
79.8027577789521 73.60949012347443 70.1972422210479 76.39050987652557
96.62757542663289 4.106446285202483 87.37242457336711 7.893553714797517
