95.17570550322083 28.859806227587296 92.82429449677917 19.140193772412704
69.22863388352751 51.668080860671786 60.77136611647249 46.331919139328214
64.96990056039985 43.0397186614121 57.03009943960016 36.9602813385879
15.019035610120405 40.43588272132696 24.980964389879595 39.56411727867304
2.2031274503204217 54.06390902235715 3.7968725496795783 63.93609097764285
26.212620953432335 78.15096591780221 31.787379046567665 69.84903408219779
95.04637857649786 73.00021510186268 94.95362142350214 82.99978489813732
73.52909545743977 68.88167652673194 64.47090454256023 73.11832347326806
26.22438584257782 35.518949893005356 35.77561415742218 38.481050106994644
80.60608503123647 81.19822938283626 83.39391496876353 90.80177061716374
90.78144981341298 32.93855608342325 89.21855018658702 23.061443916576746
75.88725223845128 60.055824586639744 66.11274776154872 57.944175413360256
77.18428401056924 95.99660278623873 76.81571598943076 86.00339721376127
62.446575739612996 29.78616951533929 59.553424260387004 20.21383048466071
96.87078524863698 14.129358694862022 87.12921475136302 11.870641305137978
2.6852453683699005 37.009916882268655 3.3147546316300995 46.990083117731345
56.08984697750331 93.05639134400609 65.91015302249669 94.94360865599391
20.779784474284085 61.27310698388565 13.220215525715915 54.72689301611435
61.9355277936957 13.8003532955247 52.0644722063043 12.1996467044753
18.056771644246645 66.39306353881496 21.943228355753355 75.60693646118504
54.206005494156926 64.42042834312274 63.793994505843074 61.57957165687726
36.97596222513328 82.98208401847677 31.024037774866724 91.01791598152323
19.08039376508539 47.38317079557009 22.91960623491461 56.61682920442991
91.97507822224945 96.4985947076527 82.02492177775055 95.5014052923473
57.94676859184061 87.27234589344988 48.05323140815939 88.72765410655012
65.76896402636075 77.49767443099805 56.231035973639244 80.50232556900195
37.29929746400406 43.29606465261109 46.70070253599594 46.70393534738891
37.95992609093447 24.63176987302937 28.040073909065534 23.36823012697063
15.817812593917097 80.65784900714873 12.182187406082903 71.34215099285127
29.0039291565961 10.19818205693116 38.9960708434039 9.80181794306884
46.59586772480472 55.6622238398238 53.40413227519528 48.3377761601762
50.096579245309364 58.97799023638742 59.903420754690636 57.02200976361258
89.44459963491336 65.29031309766329 80.55540036508664 60.709686902336706
77.24085282930591 36.68032063344371 80.75914717069409 27.319679366556286
79.4664388162321 45.247426150256146 70.5335611837679 40.752573849743854
58.99806812298722 75.13897855222652 49.00193187701278 74.86102144777348
38.537597043619186 89.46653043638737 31.462402956380817 96.53346956361263
37.59213454496432 77.34124979803562 44.40786545503568 84.65875020196438
53.11511785422691 83.84003609938728 44.88488214577309 78.15996390061272
82.88669860192438 73.94161596102819 73.11330139807562 76.05838403897181
67.75364375203092 11.639783819810638 76.24635624796908 6.360216180189362
23.411736769276473 83.34485948051693 16.588263230723527 90.65514051948307
84.56550711934534 79.21019518400269 87.43449288065466 88.78980481599731
2.9748190384103332 30.893771959950126 5.025180961589667 21.106228040049874
83.8500291339836 20.21540832624692 74.1499708660164 17.78459167375308
82.02502909172982 37.96691472615659 89.97497090827018 44.03308527384341
52.15902321024348 70.25097710652062 61.84097678975652 67.74902289347938
38.89316848903609 67.9220622743783 33.10683151096391 76.0779377256217
27.56829415508756 84.71002737387019 22.43170584491244 93.28997262612981
42.545654807071145 70.61489962351506 49.454345192928855 63.38510037648494
21.26862996004242 23.69066709378712 24.73137003995758 14.30933290621288
11.000171496778336 9.95858818559611 20.999828503221664 10.04141181440389
43.06239858216357 2.212540643220468 52.93760141783643 3.787459356779532
41.80814642364996 52.628239099280734 32.19185357635004 55.371760900719266
89.61762522494746 5.917690611628725 80.38237477505254 2.0823093883712747
94.25313661425128 59.463560842816 89.74686338574872 50.536439157184
17.54754786933663 34.75448163232456 14.452452130663373 25.245518367675434
13.252725409422716 63.79733820075271 6.747274590577284 56.20266179924729
14.98462977017816 95.6082525631818 5.015370229821841 96.3917474368182
90.67529812966316 70.77245236854709 81.32470187033684 67.22754763145291
35.23532423479896 31.709526419661152 42.76467576520104 38.29047358033885
64.09339539312559 20.120647440123232 71.90660460687441 13.879352559876768
45.918067896612904 20.939842398285855 40.081932103387096 29.060157601714145
53.544305995825496 34.52673999721492 46.455694004174504 27.473260002785086
38.98391716362152 5.400711499908405 29.01608283637848 4.599288500091595
89.32419183185208 75.04588218550825 90.67580816814792 84.95411781449175
39.97307234541009 63.481780502762206 30.02692765458991 64.5182194972378
47.15245130028718 33.89007708067854 52.84754869971282 42.10992291932146
70.15237011218238 46.8069224490513 77.84762988781762 53.1930775509487
96.43393798194653 50.98113419090714 95.56606201805347 41.01886580909286
25.143160675966683 71.99795008186925 24.856839324033317 62.00204991813076
70.9387350276522 2.2196819067577374 61.0612649723478 3.7803180932422626
46.5749213038711 12.627472891155303 51.4250786961289 21.372527108844697
15.211357445573316 3.5616320060798454 24.788642554426684 6.438367993920155
11.7769170073122 87.67360310136887 8.2230829926878 78.32639689863113
6.850169698897902 38.11688667764395 13.149830301102098 45.88311332235605
41.1793488461201 95.32714824062589 50.8206511538799 92.67285175937411
75.58558853684458 80.006917520332 66.41441146315542 83.993082479668
3.94988102538539 10.961915476218028 10.050118974614609 3.0380845237819725
84.77501013418986 48.152382045925805 87.22498986581014 57.847617954074195
8.492959650394761 26.673945367259996 13.507040349605239 35.326054632740004
86.87594354064719 34.92267436599238 85.12405645935281 25.07732563400762
26.47284660855919 44.877529229797034 35.52715339144081 49.122470770202966
67.49787906057462 35.97514989131396 66.50212093942538 26.02485010868604
3.6776313216744896 78.82196444186222 6.32236867832551 69.17803555813778
29.131928919534545 18.141001295150847 38.868071080465455 15.858998704849153
46.00240060730903 8.15492033493005 55.99759939269097 7.84507966506995
9.142045717742219 15.816665646787312 18.85795428225778 18.18333435321269
72.95310887246112 90.68316359501003 63.046891127538885 89.31683640498997
73.89059003235266 23.00119719743023 74.10940996764734 32.99880280256977
