67.43907452880825 14.301003547951595 58.56092547119175 9.698996452048405
69.59395218552892 9.97372827842995 60.40604781447108 6.026271721570049
86.03637136809462 29.047892397762745 93.96362863190538 22.952107602237255
2.669925184509861 7.500090416816567 11.33007481549014 2.4999095831834324
7.032649484495471 73.40331293765345 10.96735051550453 82.59668706234655
45.89223414815118 82.13855274544906 38.10776585184882 75.86144725455094
88.75360875355604 77.31760143308458 85.24639124644396 86.68239856691542
52.86961887147611 86.12945192978479 55.13038112852389 95.87054807021521
35.06484459540942 24.389666654125335 38.93515540459058 33.610333345874665
78.08634899044475 82.11872390627153 69.91365100955525 87.88127609372847
83.99925118888083 34.91346936684837 74.00074881111917 35.08653063315163
46.98895307247997 95.6678144485493 37.01104692752003 96.3321855514507
70.20010521953252 68.14616157437736 67.79989478046748 77.85383842562264
76.88739201480487 48.05517737543102 67.11260798519513 45.94482262456898
71.92321607397267 3.872893744379656 62.07678392602733 2.127106255620344
48.81559666141624 43.65462689392244 39.18440333858376 46.34537310607756
74.007419912148 96.27229408069891 83.992580087852 95.72770591930109
52.41694557631239 21.65027162393693 45.58305442368761 14.34972837606307
95.99996609614507 8.01841296824867 86.00003390385493 7.981587031751329
40.04709658461638 37.68465155946751 49.95290341538362 36.31534844053249
60.50317924137456 40.23130498267077 57.49682075862544 49.76869501732923
5.995854069792817 60.415617104550336 2.0041459302071827 69.58438289544966
39.622256027395686 65.55336957710931 32.377743972604314 72.44663042289069
22.965618816253432 66.5853458564557 13.034381183746568 65.4146541435443
20.171495478923525 85.865438710828 13.828504521076473 78.134561289172
25.09006305259015 87.08349567764469 26.90993694740985 96.91650432235531
26.585213832043785 39.34770819523756 33.414786167956215 46.65229180476244
35.367286530615324 10.595916158612866 30.632713469384676 19.404083841387134
17.9813689440737 96.90274565887398 16.0186310559263 87.09725434112602
94.8491910107893 93.99772514738189 95.1508089892107 84.00227485261811
11.530603701815338 54.97176625673612 10.469396298184662 45.02823374326388
78.23723250044362 58.47814398014479 87.76276749955638 61.52185601985521
58.823657337750085 69.31618003630574 49.176342662249915 66.68381996369426
55.187069678002395 53.14739219909972 48.812930321997605 60.85260780090028
93.81538927192665 78.65879402757555 90.18461072807335 69.34120597242445
48.985215397344405 90.61577683297297 39.014784602655595 91.38422316702703
68.1949416920029 51.27925300685715 59.80505830799711 56.72074699314285
29.34992381260082 63.586627358247256 24.65007618739918 72.41337264175274
83.81554568342116 76.34555556216897 74.18445431657884 73.65444443783103
93.80118351622718 66.93539309207745 92.19881648377282 57.064606907922546
94.60472125844173 13.535034682866469 87.39527874155827 20.464965317133533
21.65053532102411 61.413617079249704 26.34946467897589 52.586382920750296
59.04083474855739 94.36228532329567 68.95916525144261 95.63771467670433
15.05928095849316 10.232344248447436 24.94071904150684 11.767655751552564
73.52858646164188 14.028018870453256 72.47141353835812 23.971981129546744
77.9430657690575 39.247603294284175 68.0569342309425 40.752396705715825
54.84097678975656 73.74902289347955 45.15902321024344 76.25097710652045
6.466588546123059 46.021818090042636 5.533411453876941 55.978181909957364
40.92077833036813 25.999372353312037 41.07922166963187 16.000627646687963
11.103867193437097 71.98615408443962 20.896132806562903 74.01384591556038
4.372614276869202 33.10598274311841 13.627385723130798 36.89401725688159
28.315114127197106 9.37958815603583 35.684885872802894 2.620411843964171
78.96142738607233 11.565547250630983 83.03857261392767 2.434452749369017
78.1266455312343 20.091923031634906 83.8733544687657 11.908076968365094
78.86292754061203 27.83727228692313 69.13707245938797 30.16272771307687
86.74979814890384 55.633587709748575 95.25020185109616 50.366412290251425
59.192978302465825 33.62430294052954 68.80702169753417 36.37569705947046
33.91752996937086 32.1069211349954 26.082470030629135 25.893078865004597
17.47868155647473 57.97703365143244 16.52131844352527 48.02296634856756
50.55782426910868 26.636999003043265 55.44217573089132 35.363000996956735
58.05016077757564 79.03713370621371 63.94983922242436 70.96286629378629
49.453416763609404 7.697104019368538 54.546583236390596 16.30289598063146
79.00861191310237 67.98848298140274 70.99138808689763 62.01151701859726
35.05237339237858 81.92886836316386 26.947626607621427 76.07113163683614
26.771116696531443 3.5045250025229824 17.228883303468557 6.495474997477018
89.93298428866086 86.00044913072847 90.06701571133914 95.99955086927153
16.58735150932508 42.648716670040734 25.41264849067492 47.351283329959266
64.65896459203854 64.81495149525576 55.341035407961456 61.18504850474424
43.53716160395849 62.021468025697764 44.46283839604151 71.97853197430223
85.99701827885102 90.82734913603204 76.00298172114898 91.17265086396796
17.603421048365266 30.611787456311923 22.396578951634734 39.38821254368808
54.93814768213387 3.7840264468982747 45.06185231786613 2.2159735531017253
33.786964756671864 64.83097957774918 40.213035243328136 57.16902042225082
5.068962089097094 19.61205947345172 8.931037910902905 10.387940526548281
10.634668434512344 18.56199255059442 19.365331565487658 23.43800744940558
15.217262919979781 15.542115908791217 24.78273708002022 18.457884091208783
90.60596487532608 43.38960087272494 95.39403512467392 34.61039912727506
9.9029263116418 88.0709972769799 4.0970736883582015 79.9290027230201
47.343861407822615 23.183981258698736 44.656138592177385 32.816018741301264
80.62995563110854 53.11227362841797 71.37004436889146 56.88772637158203
53.42767577221283 39.01832423437031 52.57232422778717 48.98167576562969
91.95024559448323 47.29638891829409 82.04975440551677 48.70361108170591
45.4098675477009 54.35649489957744 36.5901324522991 49.64350510042256
57.03429703583391 27.584631569171638 66.9657029641661 26.415368430828362
38.112492175364025 85.15616313625947 29.88750782463597 90.84383686374053
58.326146341326236 18.223742142226577 67.67385365867376 21.776257857773423
23.47677397555781 31.86917238336629 32.523226024442195 36.13082761663371
13.857954282257797 29.183334353212622 4.142045717742204 26.816665646787378
67.13800289916702 82.19341274739492 58.86199710083298 87.80658725260508
96.92014375527347 2.109952008348169 87.07985624472653 3.890047991651831
