48.80768816206071 9.240603471655053 41.19231183793929 2.759396528344947
63.01372448684989 20.576561339156413 58.98627551315011 11.423438660843585
71.49912976586351 67.56986100622099 78.50087023413649 60.430138993779
3.1703978916037787 8.294196072693307 12.829602108396221 5.705803927306693
6.420946456823026 78.0177511021138 5.579053543176974 87.9822488978862
55.73095196722224 96.61805237363814 46.26904803277776 93.38194762636186
87.94548445717764 76.26366890340394 78.05451554282236 77.73633109659606
48.570902927884745 77.62970396720759 53.429097072115255 86.37029603279241
12.324939194971265 19.77307824680246 21.675060805028735 16.22692175319754
96.6420266288253 94.85784519733932 87.3579733711747 91.14215480266068
90.97268588718919 16.478085191482805 81.02731411281081 17.521914808517195
33.94101672136635 84.23426260429692 24.05898327863365 85.76573739570308
55.44560445939913 73.24775268916272 58.55439554060087 82.75224731083728
72.62991191983083 40.88783357704231 63.37008808016917 37.11216642295769
71.8308499020395 3.710469378430685 62.1691500979605 6.289530621569315
14.303301001631759 37.45410124133832 5.69669899836824 42.54589875866168
70.75413634631275 91.35942395786496 79.24586365368725 96.64057604213504
44.0095165341597 37.999990943549555 43.9904834658403 28.000009056450445
92.10629369374362 6.147220285279408 83.89370630625638 11.852779714720592
9.07400775439606 32.85708832464913 18.92599224560394 31.142911675350867
58.81825025614814 34.33583848916267 49.18174974385186 31.66416151083733
18.968166232621904 69.9580176282103 11.031833767378096 76.0419823717897
43.160710052163076 54.13659047839814 40.839289947836924 63.86340952160186
30.84557372665328 93.766948800914 21.15442627334672 96.233051199086
19.88395992759624 87.92904928888667 10.11604007240376 90.07095071111333
33.62297935102479 89.31276098735178 40.37702064897521 96.68723901264822
25.01172647450959 34.65776143570387 34.98827352549041 35.34223856429613
35.64433721731261 14.14793849673263 26.355662782687393 17.852061503267368
6.902398829985213 71.87803973657269 9.097601170014787 62.12196026342731
93.47747335054412 70.76255315998642 96.52252664945588 61.237446840013575
2.659204489056569 69.98837232168177 3.340795510943431 60.01162767831823
79.32973861638698 43.77274271623017 84.67026138361302 52.22725728376983
71.94810452424781 73.71851347733937 62.05189547575219 72.28148652266063
75.0244302701054 49.03285305367944 66.9755697298946 54.96714694632056
84.56907890365048 96.74741944577463 81.43092109634952 87.25258055422537
63.994881382823884 92.22618570140347 54.005118617176116 91.77381429859653
87.82841933740347 55.00294485959751 88.17158066259653 64.9970551404025
37.61223157099955 52.03762430851196 36.38776842900045 61.96237569148804
72.92981447546329 81.83482287792842 63.07018552453672 80.16517712207158
76.55374156142896 73.28709114322884 85.44625843857104 68.71290885677116
77.6208212398235 11.038691605212994 76.3791787601765 20.961308394787004
25.06118553258718 72.77981514250098 34.93881446741282 71.22018485749902
67.00034427479893 86.05867392490852 76.99965572520107 85.94132607509148
9.47469063057599 16.12639956522834 18.525309369424008 11.87360043477166
58.531010312609745 61.39915141268339 65.46898968739026 68.6008485873166
85.01123916486533 34.01504432826039 76.98876083513467 39.98495567173961
44.44108134960626 82.62752796617642 37.55891865039374 75.37247203382358
14.256552845454522 51.376689520119086 5.743447154545479 56.623310479880914
13.064902153691602 28.084640163775834 20.9350978463084 21.915359836224166
16.154944186899602 93.23508468047419 25.845055813100398 90.76491531952581
18.939575039100106 48.046040078769025 25.060424960899894 55.953959921230975
21.649315594442555 26.464050568320232 30.350684405557445 21.535949431679768
67.59392537507497 24.339582585354254 74.40607462492503 31.660417414645746
70.64392597644317 19.243778438030077 65.35607402355683 10.756221561969925
95.34278246275802 16.95661831380444 96.65721753724198 7.043381686195558
78.51316983904141 33.58357578804042 85.48683016095859 26.416424211959576
54.43319864890549 2.0188014564176964 53.56680135109451 11.981198543582304
5.832356102421989 23.930231568472305 4.167643897578011 14.069768431527695
11.621643675847892 84.68601526679713 18.378356324152108 77.31398473320287
46.41510375564303 59.017260906684854 45.58489624435697 68.98273909331515
52.14318880018681 59.89651005013757 57.85681119981319 68.10348994986242
71.26207132684289 10.320826589027174 78.73792867315711 3.679173410972825
76.36056440583164 54.553476331078286 67.63943559416836 59.446523668921714
22.354873337464582 67.7074013661282 15.645126662535418 60.2925986338718
39.94632016399425 9.269303869406809 30.05367983600575 10.730696130593191
93.9739138173018 49.09576796261957 92.0260861826982 58.90423203738043
31.194919173241235 65.61753906083561 40.80508082675877 68.38246093916439
62.99874461817796 27.11203678965797 53.00125538182204 26.88796321034203
52.67968015439246 47.17747415711488 55.32031984560754 56.82252584288512
89.42322598479451 85.28488455790372 94.57677401520549 76.71511544209628
17.94645923039998 54.04072118077161 24.05354076960002 61.95927881922839
45.99701929934298 23.827378674568266 36.00298070065702 24.172621325431734
22.027267483684376 38.47852965455619 31.972732516315624 39.52147034544381
24.00224945311997 2.8500351002389355 33.997750546880035 3.1499648997610645
3.515234692598575 52.585583739411405 10.484765307401425 45.414416260588595
4.60522197781001 28.036764527289105 3.39477802218999 37.96323547271089
83.13596865090595 41.15810147872731 92.86403134909405 38.84189852127269
12.931308660991217 96.82595090049773 3.068691339008783 95.17404909950227
17.893660909702163 3.0820084920858237 24.106339090297837 10.917991507914177
64.56158488692837 43.70601783107333 59.43841511307163 52.29398216892667
31.34066840492069 51.01161899631867 30.65933159507931 60.98838100368133
94.99273216190778 21.730508702456483 85.00726783809222 22.269491297543517
58.57192888209471 39.97578007690167 49.42807111790529 44.02421992309833
47.40725930079866 14.023454308673955 56.59274069920134 17.976545691326045
32.99152885742635 80.29092896981905 23.008471142573647 79.70907103018095
24.000027821595847 30.0166797837046 33.99997217840415 29.9833202162954
34.617438696107214 19.406897674937927 43.382561303892786 14.593102325062073
43.52003598930573 43.862413825039816 34.47996401069427 48.137586174960184
48.86894943038706 86.86275268989831 39.13105056961294 89.13724731010169
89.08301406364642 2.1139999729616026 80.91698593635358 7.886000027038397
