57.693849537264605 19.212264791128312 52.306150462735395 10.787735208871686
66.28252719969275 19.948255529054585 67.71747280030725 10.051744470945414
86.10140609820557 8.001887112055293 95.89859390179443 5.998112887944708
21.69596889356261 37.95132581226415 20.30403110643739 28.048674187735852
12.99947613044095 96.07237693797875 3.000523869559049 95.92762306202125
41.10168723357175 81.85939885954276 32.89831276642825 76.14060114045724
86.61661979921477 86.60460481657167 91.38338020078523 95.39539518342833
36.881676526731965 63.47090454256022 41.118323473268035 72.52909545743978
35.05685555231953 19.077343156028373 26.943144447680467 24.922656843971627
57.95359203107963 93.67965137359118 48.04640796892037 92.32034862640882
52.89089004070752 31.961157081312084 43.10910995929248 34.03884291868792
43.97432082850775 95.49390485570994 34.02567917149225 96.50609514429006
61.55446655947849 84.01988956413845 62.44553344052151 93.98011043586155
95.48694507374246 58.2062012386041 86.51305492625754 53.7937987613959
79.57113908560116 11.288268158883497 74.42886091439884 2.711731841116503
42.682807680027075 64.56935447679929 47.317192319972925 73.43064552320071
71.03598505104611 93.40120488765992 80.96401494895389 94.59879511234008
47.24766680250336 27.55413293510284 56.75233319749664 24.44586706489716
89.60968757846184 12.063306831484512 80.39031242153816 15.936693168515488
57.550119040501016 53.7199650339768 66.44988095949898 58.2800349660232
60.16715266367715 69.34804657786277 63.83284733632285 78.65195342213723
2.091083631267007 63.08330690050221 3.908916368732993 72.91669309949779
30.96268391143101 67.95087943529846 23.03731608856899 74.04912056470154
13.063191973316474 32.88565480031852 10.936808026683526 23.114345199681477
20.89413050139428 78.07725503750983 15.10586949860572 69.92274496249017
28.50473233029081 57.23179482255875 25.49526766970919 66.76820517744126
22.985688837723686 43.01077348136554 29.014311162276314 50.98922651863446
50.39989512220487 2.199969411886313 47.60010487779513 11.800030588113687
18.5503320995561 91.9696211706928 17.4496679004439 82.0303788293072
95.66966611757849 90.22763324102901 90.33033388242151 81.77236675897099
3.617292173725243 34.96174872119272 2.382707826274757 25.038251278807284
83.09895790779584 70.87240178493923 90.90104209220416 77.12759821506077
86.1712702664894 95.50395220110727 81.8287297335106 86.49604779889273
56.30374334595937 66.54515092128354 47.69625665404063 61.454849078716464
92.6768911988594 51.76824452891323 83.3231088011406 48.23175547108677
54.91010266701295 70.93412955599368 49.08989733298705 79.06587044400632
74.36517483217446 78.12426130186239 83.63482516782554 81.87573869813761
25.7945530107946 78.33314029657544 22.2054469892054 87.66685970342456
71.10440367248121 54.92378583633542 76.89559632751879 63.07621416366458
96.42374445574244 40.33034010184952 87.57625554425756 35.66965989815048
95.09882237381015 16.000976681547233 94.90117762618985 25.999023318452767
37.12475454510992 58.63502475548018 40.87524545489008 49.36497524451982
66.01425570476533 82.62270194469762 75.98574429523467 83.37729805530238
8.39175416387906 14.05987878887065 17.60824583612094 17.940121211129348
61.9599117388437 24.09300810540408 60.0400882611563 33.90699189459592
87.34369804863401 30.71769687940008 90.65630195136599 21.28230312059992
52.00409446356871 50.10018651757993 53.99590553643129 59.89981348242007
7.508134111319063 79.0242520212985 8.491865888680938 88.9757479787015
77.8317041719911 43.28632608399414 68.1682958280089 40.71367391600586
6.191889627661892 21.06573636434781 7.808110372338108 30.93426363565219
31.897328695198116 42.123103856594184 34.10267130480188 51.876896143405816
29.287534375629747 16.671127684866928 38.71246562437025 13.328872315133072
75.94872670209917 36.60461336493366 72.05127329790083 27.395386635066338
69.94750165062705 36.605131629042205 66.05249834937295 27.394868370957795
76.06925544871737 15.551722958172373 71.93074455128263 6.448277041827627
54.00373941653911 37.80666044854958 63.99626058346089 38.19333955145042
87.7894216632776 17.331170370318397 84.2105783367224 26.668829629681603
9.853527733626095 51.814042686071495 2.1464722663739053 58.185957313928505
10.663278387168239 65.81800532687423 13.336721612831761 56.18199467312577
77.259425721956 55.81798462143865 82.740574278044 64.18201537856135
67.11208713785041 86.94723798889183 76.88791286214959 89.05276201110817
57.60513697739788 9.610850754078523 62.39486302260212 18.389149245921477
69.23682808491104 71.47941021070513 78.76317191508896 74.52058978929487
13.473732309337613 80.7778774660318 10.526267690662387 71.2221225339682
11.622621922895968 7.094385516962682 2.377378077104032 10.905614483037319
95.49749973425905 67.02531473528924 96.50250026574095 76.97468526471076
18.35321837154445 41.01249192662273 17.64678162845555 50.98750807337727
96.97513858380314 62.502007959949914 87.02486141619686 63.497992040050086
48.613793990616614 83.59975067060752 57.386206009383386 88.40024932939248
78.90778301798004 67.9558586968934 69.09221698201996 66.0441413031066
48.10295294615987 16.079326204092233 41.89704705384013 23.920673795907767
40.9084937749915 3.0477978886445793 31.0915062250085 4.952202111355421
21.707043068860962 63.8299339927394 24.292956931139038 54.1700660072606
5.941071781440797 47.95511796963153 12.058928218559203 40.04488203036847
23.357507414641198 18.29498394596874 16.642492585358802 25.70501605403126
14.075241339957252 12.135851783353132 23.924758660042748 13.864148216646868
88.69393268817261 41.24901093980982 95.30606731182739 48.75098906019018
30.913490692275055 85.88799251262525 23.086509307724945 92.11200748737475
47.238110586447235 47.52888593269722 42.761889413552765 56.47111406730278
78.69301588751554 47.27500670159947 69.30698411248446 50.72499329840053
77.53036548291998 25.220860497306347 80.46963451708002 34.77913950269365
80.99999388075625 20.992177442872052 71.00000611924375 21.007822557127948
38.82693894036351 39.304093733595245 29.17306105963649 36.695906266404755
50.03429703583391 43.58463156917164 59.96570296416609 42.41536843082836
32.82267369065522 81.25228369272665 41.17732630934478 86.74771630727335
22.18912069266688 6.637854526757885 31.81087930733312 9.362145473242114
35.226460734590965 24.325114068337882 38.773539265409035 33.67488593166212
2.6745063924497483 42.73377721163735 9.325493607550252 35.26622278836265
59.413825416346874 59.7207826623474 64.58617458365312 68.2792173376526
90.9038609142493 2.024219218421448 81.0961390857507 3.975780781578552
