63.815814234608276 2.65540591339085 54.184185765391724 5.34459408660915
74.44508122406387 14.289378280554544 65.55491877593613 9.710621719445456
86.08278930614254 13.093887980317053 95.91721069385746 14.906112019682947
27.47336695419237 50.59662647511865 20.52663304580763 43.40337352488135
18.96452302699164 95.59456800659787 9.035476973008361 94.40543199340213
46.961458936063224 82.38038300075095 37.038541063936776 83.61961699924905
89.14362434215698 88.81749048931572 96.85637565784302 95.18250951068428
33.58255396490447 70.65774242940303 42.41744603509553 75.34225757059697
30.559522849583672 21.052011545806796 21.440477150416328 16.947988454193204
64.83384004060524 96.2782763636403 55.166159959394754 93.7217236363597
53.28621321289455 15.425436679044745 44.71378678710545 20.574563320955253
52.99634591075902 90.19112179373805 43.00365408924098 89.80887820626195
77.65008280230956 88.58285271955042 70.34991719769044 95.41714728044958
84.732769144934 63.3872705680243 75.267230855066 66.61272943197571
81.60465663706519 16.96330437825981 80.39534336293481 7.036695621740189
36.228558102744714 54.505562908277206 45.771441897255286 57.494437091722794
83.26789636488861 87.81244585384127 88.73210363511139 96.18755414615873
34.11124945358413 7.048865146202562 43.88875054641587 4.951134853797438
94.88687656933313 21.05756200579581 85.11312343066687 18.94243799420419
64.05024811760204 59.29292411814723 73.94975188239796 60.70707588185277
45.16715266367715 64.34804657786277 48.83284733632285 73.65195342213723
4.0459322558611195 85.00021098166418 3.954067744138881 94.99978901833582
25.124186055895485 86.0015424555648 24.875813944104515 95.9984575444352
7.645066799248813 43.81291554273521 10.354933200751187 34.18708445726479
24.238179619113 70.67931500814929 27.761820380887 61.32068499185071
31.981466360185248 58.024871870712595 40.018533639814756 63.975128129287405
33.68936925956375 43.04775101353248 32.31063074043625 52.95224898646752
39.84808835285603 20.002308247654522 40.15191164714397 29.997691752345478
18.320976627476732 82.82234597987953 15.679023372523268 73.17765402012047
95.25275244415965 87.62946698946652 86.74724755584035 82.37053301053348
3.3986003019090676 33.963700071835135 4.601399698090932 24.036299928164865
84.79340518941075 75.29730503024786 93.20659481058925 80.70269496975214
71.06024711920583 76.9540975670047 64.93975288079417 69.0459024329953
42.38994610798097 70.39340200739925 33.61005389201903 65.60659799260075
85.27277743921726 52.40319947725745 76.72722256078274 57.59680052274255
38.57192266176738 89.50123328894986 31.428077338232622 96.49876671105014
65.4273117661605 77.7126610524168 70.5726882338395 86.2873389475832
32.7945530107946 83.33314029657544 29.2054469892054 92.66685970342456
56.09844793644818 52.987313206784414 65.90155206355182 51.012686793215586
94.99210297406697 40.71909450644066 85.00789702593303 41.28090549355934
96.83764410079775 25.794927808049835 89.16235589920225 32.205072191950165
43.71293485914039 47.573144472824325 52.28706514085961 42.426855527175675
73.18821836817258 70.76421249287549 80.81178163182742 77.23578750712451
4.05072606200824 19.71041360256934 13.949273937991759 18.28958639743066
64.65466343425112 18.762930015818707 59.34533656574888 27.237069984181293
82.0243311297172 37.49266549838466 91.9756688702828 36.50733450161534
61.026652400385395 32.98014875252005 66.9733475996146 41.01985124747995
7.16224163866912 76.0706835232438 8.837758361330879 85.9293164767562
96.99999353346468 47.991958525546636 87.00000646653532 48.008041474453364
16.08925134747074 54.45742046771972 11.91074865252926 63.54257953228028
15.326574198100182 27.04555778221851 16.673425801899818 36.95444221778149
19.004662508691887 12.78412191419328 28.995337491308113 13.21587808580672
69.99464661099735 27.9999971341218 70.00535338900265 18.0000028658782
74.69945011055601 27.827894984883912 77.30054988944399 18.172105015116088
76.5012450142136 9.569493430508661 69.4987549857864 2.4305065694913393
41.424636252937134 36.016444043871005 50.575363747062866 31.983555956129
83.85085143634281 30.787877752645848 74.14914856365719 33.21212224735415
19.662228643901685 57.28438806352847 16.337771356098315 66.71561193647153
8.768518972002637 50.47442649081285 13.231481027997363 41.52557350918715
71.49697219389691 39.82681326677564 80.50302780610309 44.17318673322436
58.5092119706556 82.97400273109506 57.4907880293444 73.02599726890494
54.60099685884718 9.623285594748996 63.39900314115282 14.376714405251004
50.122425259588375 65.90033430002637 59.877574740411625 68.09966569997363
13.534993696645156 89.97129578123752 12.465006303354844 80.02870421876248
20.999728813124065 3.0520749000672613 11.000271186875935 2.9479250999327387
90.49749973425905 54.02531473528925 91.50250026574095 63.97468526471075
3.3763645674751666 56.270961198906285 6.623635432524834 65.72903880109372
67.84542432350005 65.2336381662522 58.15457567649995 62.766361833747794
58.024623950991185 89.50438606663106 67.97537604900882 90.49561393336894
92.95159716038042 68.30596429392095 83.04840283961958 69.69403570607905
50.30389266921444 8.247095360882312 43.69610733078556 15.752904639117688
42.28171172201969 10.227683977506853 35.71828827798031 17.772316022493147
24.0964360169581 52.866916803635654 15.9035639830419 47.133083196364346
2.0403203767746847 70.63370185021317 11.959679623225316 69.36629814978683
11.887391731540863 13.0551786874582 2.1126082684591374 10.9448213125418
3.108399707707764 6.964506600481435 12.891600292292235 9.035493399518565
81.07012923812589 23.165509573920232 90.92987076187411 24.834490426079768
50.99071806538923 94.69547874984241 41.00928193461077 95.30452125015759
42.08070755930135 41.45350068155001 37.91929244069865 50.54649931844999
68.53821781707882 47.09870889947804 59.461782182921176 42.90129110052196
82.32605463273998 49.49295965039474 73.67394536726002 54.50704034960526
55.411060093203275 22.645738150895372 46.588939906796725 27.354261849104628
28.024219923098407 33.571928882094674 23.975780076901593 24.428071117905326
47.163987904131716 39.270034254898526 56.836012095868284 36.729965745101474
26.282025397156787 76.34448930932886 35.71797460284321 79.65551069067114
21.67823696713887 7.5144312056198626 30.32176303286113 2.485568794380137
35.71525728031179 23.051423737784678 34.28474271968821 32.948576262215326
2.072533048138724 48.91322755968062 3.927466951861276 39.08677244031938
48.36003884796897 51.27659789771937 51.63996115203103 60.72340210228063
95.85679011087952 7.188103454612821 86.14320988912048 4.811896545387179
