61.86387818402528 17.158744584005856 52.13612181597472 14.841255415994143
54.03221723141297 10.956556138262265 45.96778276858703 5.043443861737735
90.31784801778679 33.21972282790111 95.68215198221321 24.78027717209889
3.301572605699655 5.7101988248411555 12.698427394300346 2.2898011751588445
8.997172511487097 83.99788094425139 3.002827488512902 92.00211905574861
51.83229723392521 86.28409635269273 42.16770276607479 83.71590364730727
86.0459852423244 75.03490556183816 79.9540147576756 82.96509443816184
56.81973154079564 87.00325072846195 57.18026845920436 96.99674927153805
21.442043006576302 15.703855679822336 26.557956993423698 24.296144320177664
88.46149785322771 82.39194891775352 81.53850214677229 89.60805108224648
83.9927372740863 31.00965929303001 76.0072627259137 24.99034070696999
50.97084308084906 96.53918370299468 41.02915691915094 95.46081629700532
61.72854131414699 77.00737442001957 62.27145868585301 86.99262557998043
85.89403407837607 50.97607107683506 76.10596592162393 53.02392892316494
68.87078524863698 6.129358694862022 59.12921475136302 3.870641305137978
42.73858566554567 48.404441824850906 33.26141433445433 51.595558175149094
87.03598505104611 95.40120488765992 96.96401494895389 96.59879511234008
47.8756724756001 38.09029434308535 42.1243275243999 29.909705656914653
83.26637645848483 12.785602307619769 76.73362354151517 5.21439769238023
33.62142349258607 46.41413913615658 42.37857650741393 41.58586086384342
62.96654344258942 45.9559019204285 55.03345655741058 52.0440980795715
9.114372594901628 57.08839120819506 2.8856274050983717 64.91160879180494
46.56155234527853 65.49067743120683 39.43844765472147 72.50932256879317
24.626809377218517 73.10457524895268 15.373190622781483 76.89542475104732
19.60266561097922 91.26920738749315 14.39733438902078 82.73079261250685
24.21935750860178 87.00481408920348 23.78064249139822 96.99518591079652
16.003279087617095 47.18105282034633 25.996720912382905 46.81894717965367
36.89048652923873 12.07993559582353 35.10951347076127 21.920064404176472
12.2023282695095 72.99590464994652 11.7976717304905 63.004095350053475
96.89157203466904 77.91986781397591 95.10842796533096 68.08013218602409
7.356768332294058 77.98725539320698 6.643231667705942 68.01274460679302
77.78623529534993 61.51678175498387 82.21376470465007 70.48321824501613
65.22807265228967 72.66897014725909 56.77192734771033 67.33102985274091
70.91842676085237 44.894209968488525 63.08157323914764 51.105790031511475
89.09816494646209 66.92445842945413 82.90183505353791 59.07554157054587
51.995587733971036 90.78999239966583 42.004412266028964 91.21000760033417
68.37451274106978 53.57850494978451 59.625487258930214 58.42149505021549
33.50251678646475 61.67132702396426 28.497483213535244 70.32867297603573
75.97603999533787 81.48890281733478 66.02396000466213 80.51109718266522
93.14483295490355 63.64309759048721 96.85516704509645 54.35690240951279
95.73288488476648 11.812955671763804 90.26711511523352 20.187044328236198
26.129408991406336 65.92362379713924 27.870591008593664 56.07637620286076
65.02448324377598 95.49419936112257 74.97551675622402 94.50580063887743
2.1665886103868637 10.720103778129644 11.833411389613136 13.279896221870356
77.215408326247 33.149970866016425 74.784591673753 42.850029133983575
90.97825682770738 37.46578853290401 81.02174317229262 36.53421146709599
50.99826158074833 78.1318376669061 41.00173841925167 77.8681623330939
5.491414685017764 49.22761252229942 2.508585314982236 58.77238747770058
32.0474228585635 29.889059761892735 29.952577141436496 20.110940238107265
18.024712965698562 80.50349327666987 27.975287034301438 81.49650672333013
2.072078116105814 44.845923108938855 11.927921883894186 43.154076891061145
27.25104356231561 15.684138274974632 30.74895643768439 6.315861725025368
65.27231665599875 22.190434771578975 70.72768334400125 13.809565228421025
72.36584125496884 22.725412701133965 75.63415874503116 13.274587298866035
87.74014825677995 24.590909960917337 78.25985174322005 21.409090039082663
86.89345423396617 55.85241684742423 95.10654576603383 50.14758315257577
58.62564646113523 35.57821736792476 67.37435353886477 40.42178263207524
31.220831022035586 35.680407708432064 22.779168977964414 30.319592291567936
17.166982395193294 70.65188633357144 20.833017604806706 61.34811366642857
52.60187874924325 32.19945243038022 55.39812125075675 41.80054756961978
53.79601637469873 82.4880347792106 58.20398362530127 73.5119652207894
42.682102943189726 18.569723119935926 47.317897056810274 27.430276880064074
77.65215141441013 76.71915201109931 74.34784858558987 67.28084798890069
38.336324176043064 82.48923535252584 29.663675823956936 77.51076464747416
25.024300427957126 8.032676952951686 16.975699572042874 13.967323047048314
91.30894085044844 75.29464996491038 94.69105914955156 84.70535003508962
12.172637758688122 50.78265664347429 19.827362241311878 57.21734335652571
56.87008777844641 62.16582068145367 49.12991222155359 55.83417931854633
51.234543648505 63.005504101819085 50.765456351495 72.99449589818092
96.99688930893227 91.17634407922684 87.00311069106773 90.82365592077316
17.595463023975032 32.01639188588945 18.404536976024968 41.98360811411055
45.93889771557519 11.079786483871336 38.06110228442481 4.920213516128664
34.57698262831209 72.37366971964032 39.42301737168791 63.62633028035968
13.242600822066045 9.298780292420403 20.757399177933955 2.701219707579596
2.9134233497017217 23.11904681030099 11.086576650298278 28.88095318969901
5.3306102804575675 17.21204036761692 14.669389719542433 20.78795963238308
96.38294118573043 42.985314037076435 95.61705881426957 33.014685962923565
18.179833343711255 96.85858262918161 11.820166656288745 89.14141737081839
36.6714810342105 26.17972642295714 39.3285189657895 35.82027357704286
68.52430317425768 58.45327092437028 61.47569682574232 65.54672907562971
53.09108972502262 48.125459191137764 44.90891027497738 53.874540808862236
88.89235841922444 46.031905566340164 79.10764158077556 43.968094433659836
45.77848628462521 60.47175705456056 36.22151371537479 57.52824294543944
58.01397802306887 30.626389446669688 67.98602197693113 31.373610553330312
37.34469961515391 89.52541210419159 28.65530038484609 94.47458789580841
48.124424649673394 18.89150326870685 57.875575350326606 21.10849673129315
22.095639263291226 38.02673448420825 31.904360736708774 39.97326551579175
13.865691514074495 35.848893536694604 4.134308485925505 38.151106463305396
73.7777585521595 88.5258822240856 64.2222414478405 91.4741177759144
93.97487620542366 7.500606373021351 84.02512379457634 6.499393626978649
