71.8076881620607 14.240603471655053 64.1923118379393 7.759396528344947
76.03221723141297 8.956556138262265 67.96778276858703 3.043443861737735
93.09134311248393 26.62136656041668 96.90865688751607 17.37863343958332
42.145246244393185 45.79587796109634 33.854753755606815 40.20412203890366
11.905273593468122 95.03134579274938 2.094726406531878 96.96865420725062
50.15096591780216 93.78737904656774 41.84903408219784 88.21262095343226
87.08322578300874 96.9084774620925 96.91677421699126 95.0915225379075
66.2719636458009 85.8097950348261 71.7280363541991 94.1902049651739
9.130970859012862 24.89833573208007 2.8690291409871373 17.10166426791993
65.38101129190895 94.4097178382886 56.61898870809105 89.5902821617114
59.829818408351784 8.706611372268085 50.170181591648216 11.293388627731915
52.409485027418306 89.38113933841952 47.590514972581694 80.61886066158048
76.6964481117808 82.17291470194279 79.3035518882192 91.82708529805721
76.88739201480487 62.05517737543102 67.11260798519513 59.94482262456898
91.62337244414026 17.729129085530026 88.37662755585974 8.270870914469974
31.2086167755372 53.42921194941006 40.7913832244628 50.57078805058994
85.19929302685713 85.14596083290093 82.80070697314287 94.85403916709907
31.13029925480097 5.134025860467045 40.869700745199026 2.865974139532956
89.77463761092092 29.674469098186968 86.22536238907908 20.325530901813032
55.19058298079277 37.36729950462943 64.80941701920723 34.63270049537057
47.26059024923398 52.054974901937086 48.73940975076602 61.945025098062914
6.254126308474466 76.15983810163418 3.745873691525534 85.84016189836582
23.0673668242258 86.44741892833412 18.9326331757742 95.55258107166588
12.253001152253782 55.629064700407355 3.7469988477462177 50.370935299592645
27.32011326026088 68.70935033116551 30.67988673973912 59.29064966883449
37.56552860033441 67.6901377951168 46.43447139966559 72.3098622048832
22.59213930693071 19.52199263951277 15.407860693069289 26.47800736048723
41.372593367543445 12.106033828734773 50.627406632456555 15.893966171265227
17.5503320995561 83.9696211706928 16.4496679004439 74.0303788293072
91.81558210146629 87.13188787721819 86.18441789853371 78.86811212278181
2.9682738427904463 39.89239625710445 5.031726157209554 30.107603742895552
91.32973861638698 77.77274271623017 96.67026138361302 86.22725728376983
73.40395122581201 79.36753323116464 64.59604877418799 74.63246676883536
58.73886285945467 70.59473471125484 49.26113714054533 67.40526528874516
62.520810285392066 57.86405188183484 53.479189714607934 62.13594811816516
30.693323254800195 84.78739868428633 25.306676745199805 93.21260131571367
63.80823744131562 79.27435757084467 72.19176255868439 84.72564242915533
33.775454179408044 76.7218990651308 26.224545820591953 83.2781009348692
74.91769314675987 38.54576706056846 79.08230685324013 29.45423293943154
90.94862398816048 59.285072994073744 81.05137601183952 60.714927005926256
96.48159981398781 39.411342488445015 89.51840018601219 46.588657511554985
24.027141634992862 47.52026885509179 33.97285836500714 46.47973114490821
57.00543762042941 65.23312365083407 66.99456237957058 64.76687634916593
29.9126856577061 36.879906503218216 38.0873143422939 31.120093496781784
48.57015519614525 19.97177873910499 39.42984480385475 24.02822126089501
70.51932054903479 43.78110125113874 79.48067945096521 48.21889874886126
84.33711044107886 12.182102567679769 81.66288955892114 21.81789743232023
9.55339873643882 80.03071938420581 8.44660126356118 89.96928061579419
74.94499949836002 53.07196662708748 67.05500050163998 46.92803337291252
35.00965420009996 63.42164986091927 30.990345799900037 72.57835013908074
36.57689422131842 9.987032219119724 27.42310577868158 14.012967780880276
14.831797121763085 18.761536667483792 23.168202878236915 13.238463332516208
77.20316346012412 18.665980973918224 80.79683653987588 9.334019026081776
84.60271243410602 35.96354084518038 83.39728756589398 26.036459154819617
85.99038941859158 4.309860373086438 76.00961058140842 3.6901396269135622
41.89345423396617 37.85241684742423 50.10654576603383 32.14758315257577
89.9368306251815 38.953393288322175 84.0631693748185 47.046606711677825
40.68040770843214 74.77916897796446 35.31959229156786 83.22083102203554
10.23985667465064 66.1691256665552 15.76014332534936 57.8308743334448
87.12352385791269 70.8954727546804 96.87647614208731 73.1045272453196
44.48803477921055 63.20398362530135 35.51196522078945 58.79601637469865
52.12076524104518 6.092276598214502 61.87923475895482 3.9077234017854985
58.37378234685111 41.896868531473274 67.62621765314888 38.103131468526726
20.58682306203943 70.37910687995797 25.41317693796057 61.62089312004203
18.977783084834364 3.529175658725144 9.022216915165638 4.470824341274856
85.0136331270942 66.63102112690885 94.9863668729058 67.36897887309115
26.799650119529495 51.85730049264752 21.200349880470505 60.14269950735248
77.81424715609228 77.2328808564873 70.18575284390772 70.7671191435127
54.63420548613 79.30251067744577 61.36579451387 86.69748932255423
82.87143434172906 70.12655557085426 73.12856565827094 67.87344442914574
31.67807895419751 16.61300498868254 24.32192104580249 23.38699501131746
29.981136755928112 29.566091462699834 20.018863244071888 30.433908537300166
12.954740322007542 44.602063697246905 9.045259677992458 35.397936302753095
7.154517904993936 71.23341123189942 16.845482095006062 68.76658876810058
19.930198698952275 37.090879840232205 12.069801301047725 30.9091201597678
2.060909938655806 10.22193228705272 11.939090061344194 11.77806771294728
59.8740619909139 23.82429381353616 68.1259380090861 18.17570618646384
39.61912101358278 96.9140849150124 30.380878986417223 93.0859150849876
52.654999568118356 24.17490301057233 43.345000431881644 27.82509698942767
66.99395247990795 30.245842690396398 57.00604752009206 29.754157309603602
61.90657751408375 52.03797240253319 52.09342248591625 53.96202759746681
62.04048203758755 14.054748753682913 53.95951796241245 19.945251246317085
17.950315946713733 52.8885747808821 20.049684053286267 43.1114252191179
67.16398790413172 25.27003425489853 76.83601209586828 22.72996574510147
51.17803555813782 73.67763132167434 60.82196444186218 76.32236867832566
16.76862205197755 11.663726836781382 25.23137794802245 6.3362731632186176
37.891180032148974 16.37145399871612 34.108819967851026 25.62854600128388
3.676570225621983 68.42737778866156 8.323429774378017 59.57262221133844
51.413825416346874 39.7207826623474 56.586174583653126 48.2792173376526
96.95681889618359 12.032024555378056 91.04318110381641 3.9679754446219437
