61.86387818402528 5.1587445840058574 52.13612181597472 2.8412554159941426
67.70486412164729 24.20520036186449 62.29513587835271 15.79479963813551
79.0901681048364 68.11660304683824 86.9098318951636 61.883396953161764
2.6542693809173232 2.284345733988071 9.345730619082676 9.71565426601193
2.289395483822708 79.05075346930582 3.710604516177292 88.94924653069418
52.41755307486879 95.64970286194026 45.58244692513121 88.35029713805974
94.98480136640582 90.61044212563647 85.01519863359418 91.38955787436353
42.881676526731965 67.47090454256022 47.118323473268035 76.52909545743978
2.9058935560332833 37.92765901185473 9.094106443966716 30.072340988145275
95.96070919523503 95.37440885531309 86.03929080476497 96.62559114468691
82.92391168706943 21.868961275282757 73.07608831293057 20.131038724717243
36.99997232623727 82.01663540986816 27.00002767376273 81.98336459013184
44.94916670711655 80.06900193905439 53.05083329288345 85.93099806094561
82.92598860884351 33.05445318889218 77.07401139115649 24.945546811107814
78.88870162840085 8.857071485815727 71.11129837159915 15.142928514184273
16.036240748890016 38.02743884694272 9.963759251109982 45.97256115305728
57.43660642363507 90.04338911301575 66.56339357636493 85.95661088698425
41.5422567078929 42.52879829621753 34.4577432921071 35.47120170378247
96.64278545703736 8.144051940402873 87.35721454296264 11.855948059597127
38.00266353237175 33.16318158386532 47.99733646762825 32.83681841613468
76.07379991349354 36.549654263655 71.92620008650646 27.450345736344996
15.95866691010741 59.00017084535082 16.04133308989259 68.99982915464918
44.86241680789414 52.00189327192286 45.13758319210586 61.99810672807714
33.59302496861335 90.02411497356391 24.40697503138665 93.97588502643609
18.901906743927924 79.01444925354706 9.098093256072076 80.98555074645294
32.04294054627139 95.34611807472619 41.95705945372861 96.65388192527381
44.7632391644286 39.65515679803817 53.2367608355714 34.34484320196183
30.999581803493243 15.935333237445825 21.000418196506757 16.064666762554175
5.40493697836013 74.79855729223236 2.59506302163987 65.20144270776764
63.86811212278186 81.81558210146636 72.13188787721813 76.18441789853364
10.431047122860225 68.36921158636578 5.568952877139775 59.630788413634214
89.32443265027975 77.01053675678111 88.67556734972025 86.98946324321889
72.85696251166098 68.8126015157834 63.14303748833902 71.1873984842166
70.05067412802275 36.03851197595996 63.94932587197725 43.96148802404004
80.90157024103398 89.12693934291634 73.09842975896602 82.87306065708366
67.88322609417314 93.92570818062009 58.11677390582686 96.07429181937991
83.56891359904981 58.968983376626944 74.43108640095019 63.031016623373056
41.79837374414872 47.8564382002848 36.20162625585128 56.1435617997152
81.01349520513133 96.98192156811473 72.98650479486867 91.01807843188527
83.22614873210738 79.67476755351491 86.77385126789262 70.32523244648509
58.72843983146003 22.218876613541585 65.27156016853996 29.781123386458415
26.851543763698736 77.88422750725233 33.148456236301264 70.11577249274767
52.08100651959629 75.10361663349556 61.91899348040371 76.89638336650444
14.274459643150013 17.665281263812183 21.725540356849987 24.334718736187817
64.57017611519014 48.01850911593257 65.42982388480986 57.98149088406743
95.63924344485778 43.041031577212216 94.36075655514222 52.958968422787784
40.95541410519632 90.99980120584654 41.04458589480368 81.00019879415346
16.61812003576601 50.54902804897105 9.381879964233987 57.45097195102895
15.132589189049558 33.87003508497096 12.867410810950442 24.129964915029042
9.77374025289582 88.67183991848444 18.22625974710418 83.32816008151556
27.5666134153373 39.25176639086858 24.4333865846627 48.74823360913142
28.068939040190763 21.827428432340355 37.93106095980924 20.172571567659645
86.04940754202795 36.29883360386404 95.95059245797205 37.70116639613596
52.282390388347146 9.580917000174933 43.717609611652854 4.419082999825067
93.00201278973921 21.583453622284654 96.99798721026079 12.416546377715346
84.51316983904141 49.58357578804042 91.48683016095859 42.41642421195958
66.30156993132395 2.0490207595699648 67.69843006867605 11.950979240430035
7.979913011308403 22.01498673036847 2.020086988691597 13.98501326963153
13.13802209452119 75.16669226732496 22.86197790547881 72.83330773267504
56.770267141009384 59.153583066272695 59.229732858990616 68.8464169337273
49.23116669736578 58.0594640621932 50.76883330263422 67.9405359378068
78.15668679804737 14.758099348662936 87.84331320195263 17.241900651337065
82.9180678966129 39.939842398285855 77.0819321033871 48.060157601714145
29.60736335119397 67.94221598955282 20.39263664880603 64.05778401044718
32.968807926595616 10.442373073999645 23.031192073404387 11.557626926000355
87.67053996635984 53.5757920537487 92.32946003364016 62.4242079462513
21.957530493370083 53.057477223883005 30.042469506629917 58.942522776116995
63.42807257789195 34.36017604811644 56.57192742210805 41.63982395188356
60.191004220079364 51.065881453788265 61.808995779920636 60.934118546211735
93.38881936408661 78.96250523730549 94.61118063591339 69.03749476269451
22.44511471301684 59.937714854239516 31.55488528698316 64.06228514576048
40.993049072099694 27.263554479385952 31.006950927900306 26.736445520614048
20.670462307260017 35.50102046515892 29.329537692739983 30.498979534841077
22.034337705037743 2.4150231009773235 31.965662294962257 3.5849768990226765
15.10423686871929 46.13417128200644 22.89576313128071 39.86582871799356
3.2575298825523458 42.00663656844482 2.7424701174476542 51.99336343155518
65.82539966772498 63.75185611283898 74.17460033227502 58.24814388716102
19.99527258348133 95.78262516999484 10.004727416518671 96.21737483000516
12.544814004150641 4.644306975258106 17.45518599584936 13.355693024741894
59.92608248834799 43.94561456304618 54.07391751165201 52.05438543695382
32.4692696155746 41.02824726489263 33.5307303844254 50.97175273510737
96.75769406482114 31.537643386993786 87.24230593517886 28.462356613006214
50.18484489180107 41.00341793162816 49.81515510819893 50.99658206837184
38.39571633392299 4.264361297696104 41.60428366607701 13.735638702303895
39.1532789949177 65.13482296726197 36.8467210050823 74.86517703273803
46.26700302144164 14.387939330869507 55.73299697855836 17.612060669130493
42.00240060730903 21.15492033493005 51.99759939269097 20.84507966506995
55.95503402187658 28.66905742806249 46.04496597812342 27.33094257193751
27.66329091452442 86.19619351189935 18.33670908547558 89.80380648810065
89.32915792879548 3.2694896481663265 82.67084207120452 10.730510351833674
