95.8338385981895 34.929981053936146 94.1661614018105 25.070018946063854
52.59395218552892 46.97372827842995 43.40604781447108 43.02627172157005
70.76397912847528 45.166583657788834 65.23602087152472 36.833416342211166
34.000763347425995 38.087366421242145 43.999236652574005 37.912633578757855
3.191706014184274 56.8631552012154 8.808293985815727 65.13684479878461
20.66178459596198 71.41958694046393 25.33821540403802 62.58041305953607
96.82794625511667 58.06902595842989 95.17205374488333 67.93097404157011
64.00446130049357 63.00334986597069 57.995538699506426 70.99665013402931
29.088072066986086 25.934325414873033 38.911927933013914 24.065674585126967
82.89637121795606 74.00107400779606 83.10362878204394 83.99892599220394
91.293388627732 32.82981840835176 88.706611372268 23.170181591648237
77.18426933697916 70.73713173150581 68.81573066302084 65.26286826849419
79.04913529072061 88.88869258000179 76.95086470927939 79.11130741999821
59.36282524346177 29.810686786289807 56.63717475653823 20.189313213710193
86.88975343140764 7.044179764234687 77.11024656859236 4.955820235765313
3.6431810440156145 42.041540748920184 2.3568189559843855 51.958459251079816
57.145960832900926 92.80070697314287 66.85403916709907 95.19929302685713
12.946619976077077 46.03948396662043 7.053380023922922 37.96051603337957
76.57518554439488 15.983151658066449 67.42481445560512 20.016848341933553
15.360076243317662 67.01298234422634 14.639923756682338 76.98701765577366
45.231525535499614 69.50387874558015 54.768474464500386 66.49612125441985
29.169462826290655 86.13868775967596 26.830537173709345 95.86131224032404
24.996594880614563 41.10171681439394 27.003405119385437 50.89828318560606
93.00767911215765 96.9897337898173 84.99232088784235 91.0102662101827
53.901906743927924 90.01444925354706 44.098093256072076 91.98555074645294
66.62774029137402 80.55914249374644 59.37225970862597 87.44085750625356
33.14693866096887 29.796756201095803 42.85306133903113 32.2032437989042
37.627406632456584 14.893966171265157 28.372593367543416 11.106033828734843
8.64860618003745 90.81391054584181 11.35139381996255 81.18608945415819
22.187212644936587 2.644611540944176 31.812787355063413 5.355388459055824
49.764007442109836 62.65638232366863 58.235992557890164 57.34361767633137
56.12271777693279 48.89903764071948 65.87728222306721 51.10096235928052
83.39322426535239 67.67233292132178 76.60677573464761 60.32766707867822
76.76126289815582 32.47080039688939 81.23873710184418 23.529199603110612
92.84640339667128 55.19455488449888 85.15359660332872 48.80544511550112
54.88322609417314 76.92570818062009 45.11677390582686 79.07429181937991
38.115736070619334 79.46969527741453 33.884263929380666 88.53030472258547
27.063425742089784 71.95320724180505 32.936574257910216 80.04679275819495
53.68675601065968 82.25807058221483 44.31324398934032 85.74192941778517
73.98912636356636 75.32957264505296 64.01087363643364 74.67042735494704
61.70821991252529 7.565272632831747 70.29178008747472 2.4347273671682528
27.56869743478562 79.96849716973288 18.43130256521438 84.03150283026712
88.73354275103105 75.16304992412222 91.26645724896895 84.83695007587778
8.927430211430545 30.999473334841078 9.072569788569455 21.000526665158922
92.92299730577305 19.874126722707427 83.07700269422695 18.125873277292573
80.7297606556388 38.399027885218764 89.2702393443612 43.600972114781236
43.08355183471118 74.91024031883246 52.91644816528882 73.08975968116754
36.601658320119434 57.730178693978715 31.398341679880563 66.26982130602129
24.695706681128936 86.28234498085294 15.304293318871064 89.71765501914706
36.83178791135791 67.50542521174931 41.16821208864209 58.49457478825069
24.5001080292546 33.974926326999736 23.4998919707454 24.025073673000264
13.032392629630127 10.568222679806894 22.967607370369873 9.431777320193106
49.2200441403065 8.53302284292434 58.7799558596935 11.46697715707566
53.35061689340466 52.28875136461712 46.64938310659534 59.71124863538288
96.43841550751482 9.630054930394532 89.56158449248518 2.3699450696054685
90.70308138819982 60.35964108683771 83.29691861180018 53.64035891316229
18.577409973753724 29.284502051253426 13.422590026246276 20.715497948746574
15.571307638565866 60.499394483438685 8.428692361434134 53.500605516561315
20.741792680560604 93.41399805341169 11.258207319439396 96.58600194658831
72.64365249998609 61.85377761864064 63.35634750001391 58.14622238135936
29.02022148405966 18.550771848412147 38.97977851594034 19.449228151587853
82.00996701223615 13.315548381438589 91.99003298776385 12.684451618561411
44.23597734194914 17.005571634902886 43.76402265805086 26.994428365097114
57.49940138880453 35.180685016783464 48.50059861119547 30.81931498321654
44.94382437067941 3.747395873601373 35.05617562932059 2.252604126398627
88.90527756386125 64.4599407585873 93.09472243613875 73.5400592414127
34.28812516901902 51.428622444131236 25.71187483098098 56.571377555868764
47.420558526860084 35.50892584719746 54.579441473139916 42.49107415280254
61.18155222175559 38.87006632967197 66.81844777824442 47.12993367032803
94.78034728723613 47.93873041492479 93.21965271276387 38.06126958507521
19.44618723477192 64.96923449044925 20.55381276522808 55.03076550955075
59.99688826643425 3.1763736169946037 50.00311173356575 2.8236263830053963
49.04525967799236 16.397936302753138 52.95474032200764 25.602063697246862
3.0003933863534495 4.937280714435847 12.99960661364655 5.062719285564153
5.695080753393658 94.70390276679635 2.3049192466063424 85.29609723320365
11.400415585354573 36.5296985661413 18.599584414645427 43.4703014338587
32.10225567806661 93.99396791454284 41.89774432193339 96.00603208545716
72.83262682724605 80.87977849411394 67.16737317275395 89.12022150588606
2.019490532439927 20.014543973328074 7.980509467560073 11.985456026671924
78.41997935777691 42.01766948717357 77.58002064222309 51.98233051282643
13.164554857939022 31.792296684192745 20.835445142060976 38.20770331580725
88.71744942293259 37.69578188161125 85.28255057706741 28.30421811838875
30.662048730081963 41.27735560123552 37.33795126991804 48.72264439876448
65.76857778708934 29.67676518664495 62.231422212910665 20.32323481335505
2.8986616056439196 78.92195106594828 9.10133839435608 71.07804893405172
35.073092219818065 9.148190323145624 44.926907780181935 10.851809676854376
64.42434071042314 14.015773317044598 73.57565928957686 9.984226682955402
16.010365105047622 14.678218062853782 25.989634894952378 15.321781937146218
80.91056678887938 96.94145303226178 71.08943321112062 95.05854696773822
71.23955540598443 26.0057419762828 70.76044459401557 35.9942580237172
