87.3560664988109 8.454523305641516 78.6439335011891 3.5454766943584843
69.4249427464566 33.671936063897476 60.575057253543406 38.328063936102524
40.93227561409692 8.820156854866704 31.06772438590308 7.179843145133295
40.47321674888325 26.40322847330042 33.52678325111675 33.596771526699584
21.696103956344228 87.2964660765257 18.303896043655772 96.7035339234743
19.66470789326989 71.50896761375456 28.33529210673011 76.49103238624544
81.65108072223498 90.83506079334016 72.34891927776502 87.16493920665984
68.38492212262273 48.03797629945593 69.61507787737727 57.96202370054407
6.293667970327503 28.795744186521382 11.706332029672497 37.20425581347862
49.94443512402396 67.11269166180344 52.05556487597604 76.88730833819656
60.0084908740835 56.99361774091566 53.9915091259165 49.00638225908434
66.03528453474406 68.95236832452446 57.964715465255935 63.04763167547554
80.99999041004422 95.99020717273295 71.00000958995578 96.00979282726705
74.1908073004421 41.136234565006035 79.8091926995579 32.863765434993965
96.87078524863698 21.129358694862024 87.12921475136302 18.870641305137976
20.679768031267816 51.26154314271132 27.320231968732184 58.73845685728868
59.86076542168934 90.80477041943139 68.13923457831066 85.19522958056861
34.01285262295551 57.35827508933545 43.98714737704449 56.64172491066455
60.953869359691964 7.322372988211715 51.046130640308036 8.677627011788285
22.924058816617208 33.00057673959621 23.075941183382792 42.99942326040379
62.30833191776114 48.53737582679442 53.69166808223886 43.46262417320558
5.086561306561641 78.91585493615604 6.913438693438359 69.08414506384396
27.93331727544634 68.90896744873793 36.06668272455366 63.091032551262074
60.32764919983616 83.26814378588486 53.67235080016384 90.73185621411514
42.077500153382196 78.91416259732928 43.922499846617804 69.08583740267072
64.60651664582116 62.61309740111719 73.39348335417884 67.38690259888281
38.29929746400406 2.296064652611091 47.70070253599594 5.703935347388909
30.005720644123794 38.23911025797474 39.99427935587621 37.76088974202526
27.027850458737625 94.99992243459317 26.972149541262375 85.00007756540683
48.09158719322839 22.45849551215426 43.90841280677161 31.54150448784574
46.22082305192647 39.469512742034794 55.77917694807353 36.530487257965206
80.76740491187607 40.185510650658856 87.23259508812393 47.814489349341144
93.97649256145694 26.096280770943416 92.02350743854306 35.903719229056584
68.20944345423602 17.995611417982555 67.79055654576398 8.004388582017445
93.73575300721244 70.60394621315004 84.26424699278756 67.39605378684996
93.84064775394702 54.1362666222775 96.15935224605298 63.8637333777225
53.73264835212453 65.54364313537657 58.26735164787547 74.45635686462343
42.46723343877621 64.11045665708905 51.53276656122379 59.889543342910954
10.184349937823683 59.066977095525324 11.815650062176317 68.93302290447468
76.14791106768058 80.10677351726889 81.85208893231942 71.89322648273111
18.63978381981056 12.246356247969118 13.360216180189438 3.753643752030883
3.17688248493534 59.00312972086296 2.82311751506466 68.99687027913704
37.81850248361071 68.34242029406884 34.18149751638929 77.65757970593116
21.998960439863627 46.89804647785159 12.001039560136373 47.10195352214841
73.98957749032793 32.01384661996404 66.01042250967207 25.986153380035958
84.790312030193 83.69787457026122 93.209687969807 78.30212542973878
91.1666069750401 95.651738386456 94.8333930249599 86.348261613544
15.881808455820211 63.99860288069421 16.118191544179787 54.00139711930579
42.95021478316844 94.29617217979069 33.04978521683156 95.70382782020931
54.00037202269326 2.939007471508954 63.99962797730674 3.060992528491046
23.815621825378933 81.23125828210806 16.184378174621067 74.76874171789194
11.35287169522 9.460184546929877 2.64712830478 4.539815453070123
34.95806398977493 13.056744440378 43.04193601022507 18.943255559622
28.209578900221103 42.85107844302779 33.7904210997789 51.14892155697221
61.13550953546103 22.00183662073766 60.86449046453897 31.99816337926234
87.02070522833057 39.545441338411045 96.97929477166943 40.454558661588955
79.56680135109467 56.981198543582316 80.43319864890533 47.018801456417684
3.2463368721451915 90.17340860428175 8.753663127854809 81.82659139571825
53.565866910494705 96.50493839840858 46.434133089505295 89.49506160159142
89.5573818346557 23.703513278063923 84.4426181653443 32.29648672193608
69.97977851594034 79.44922815158779 60.020221484059654 78.55077184841221
72.37870873105962 13.742203376935795 77.62129126894038 22.257796623064205
73.51355106164198 3.2260635159593596 76.48644893835802 12.77393648404064
88.13693928740739 73.10646537101312 81.86306071259261 80.89353462898688
3.7903379448363754 39.0043977517596 4.209662055163625 48.9956022482404
86.1082081344552 95.62829596476485 89.8917918655448 86.37170403523515
18.142699507352525 81.79965011952943 9.857300492647473 76.20034988047057
65.00561678109973 73.23693092404216 74.99438321890027 72.76306907595784
39.386927712211715 50.071382861312344 48.613072287788285 53.928617138687656
96.94119107715667 45.92314886721171 89.05880892284333 52.07685113278829
84.30532782412476 56.631113312559584 91.69467217587524 63.368886687440416
35.82901524727404 19.21537590899461 28.17098475272596 12.784624091005389
22.69703242909329 67.95117620296352 21.30296757090671 58.048823797036476
8.514686176427007 19.22571022606472 11.485313823572993 28.77428977393528
8.561992550594372 96.36533156548762 13.438007449405628 87.63466843451238
2.1495283513729966 54.21364112729655 11.850471648627003 51.78635887270345
33.00011731058893 83.03425043251511 42.99988268941107 82.96574956748489
68.01971419452809 91.02646711901325 59.98028580547191 96.97353288098675
15.97598555581314 26.967710860743598 24.02401444418686 21.032289139256402
43.96463834348424 43.5936043450027 34.03536165651576 42.4063956549973
49.12045979949552 18.528095652558967 44.87954020050448 9.471904347441034
50.815177816328045 29.49739391489504 55.184822183671955 20.50260608510496
29.198497718603846 32.66418154986751 32.801502281396154 23.335818450132493
52.08717507538421 14.929597364493812 61.91282492461579 13.070402635506188
70.1561631362593 42.88750782463609 75.8438368637407 51.11249217536391
4.625898781552233 21.96067038970051 3.374101218447767 12.039329610299488
85.02947615764188 2.457881256043036 94.97052384235812 3.542118743956964
23.755432795035972 6.057397315969638 22.244567204964028 15.942602684030362
40.99998355337937 88.98717557269191 31.000016446620627 89.01282442730809
78.2519377246789 28.630784214916247 69.7480622753211 23.369215785083753
