53.07563596155431 7.896410107164606 44.92436403844569 2.103589892835394
63.60718805447299 25.734653794899828 60.39281194552701 16.265346205100172
68.39190084037018 75.26589015019589 73.60809915962982 66.73410984980411
2.091844162423085 2.0460575100879255 11.908155837576915 3.9539424899120745
3.333930111901134 76.01116339410021 2.666069888098866 85.98883660589979
55.24571538736469 90.6408144292045 46.75428461263531 85.3591855707955
84.30953885798407 80.46467461032604 75.69046114201593 85.53532538967396
44.700327792801886 71.17186866853885 47.299672207198114 80.82813133146115
8.329565904353862 21.395278125502873 15.670434095646138 14.604721874497127
96.84072393526422 91.20138089784527 89.15927606473578 84.79861910215473
93.82981840835178 18.706611372268085 84.17018159164822 21.293388627731915
26.85547624953566 80.80653848399074 17.14452375046434 83.19346151600926
53.98310975601986 81.01272357921131 60.01689024398014 88.98727642078869
76.13623456500598 39.80919269955797 67.86376543499402 34.19080730044203
73.14782821373018 2.207953956435559 64.85217178626982 7.792046043564441
15.47041129658872 38.760486026091385 6.52958870341128 43.239513973908615
73.00630730643918 94.74893570091038 82.99369269356082 95.25106429908962
47.963384937453874 35.906311186857906 46.036615062546126 26.093688813142098
89.57518554439488 9.983151658066449 80.42481445560512 14.016848341933551
14.07400775439606 33.85708832464913 23.92599224560394 32.14291167535087
67.74173462691186 40.58617550351309 58.258265373088136 37.41382449648691
17.859585279215914 67.82138371732921 10.140414720784086 74.17861628267079
40.24541147004205 48.15758838281093 37.75458852995795 57.84241161718907
27.97880837800581 95.5401444410479 18.02119162199419 96.4598555589521
11.656296674843215 88.17821481072987 2.3437033251567847 91.82178518927013
43.08774481663906 87.88643943687208 50.91225518336094 94.11356056312792
31.038072912273844 32.61585678212505 40.96192708772615 31.384143217874946
31.812488194904862 11.643549715654373 22.187511805095138 14.356450284345627
7.418305601460947 69.96604788808045 8.581694398539053 60.03395211191955
89.2303071466167 69.67634335829653 92.7696928533833 60.32365664170347
2.659204489056569 67.98837232168177 3.340795510943431 58.01162767831823
77.57220012342059 64.35991923082439 84.42779987657941 71.64008076917561
63.99770025416314 75.84836830958646 54.00229974583686 76.15163169041354
65.31958227450984 44.26096623139613 58.68041772549016 51.73903376860387
88.21452182144766 96.48284430940136 83.78547817855234 87.51715569059864
65.95827464604433 95.3553973825728 56.04172535395567 96.6446026174272
89.71284298314228 55.30253590592751 86.28715701685772 64.69746409407249
31.741222902033623 43.00670104904903 32.25877709796637 52.99329895095097
70.99007118848223 84.31494369953936 61.00992881151777 83.68505630046064
74.27871067632888 79.64603375487539 83.72128932367112 76.35396624512461
76.09882237381015 16.000976681547233 75.90117762618985 25.999023318452767
21.036978968924153 72.60697796096633 30.963021031075847 71.39302203903367
70.00034427479893 90.05867392490852 79.99965572520107 89.94132607509148
6.59217956439239 13.36032180167026 15.40782043560761 8.63967819832974
60.97177873910502 60.429844803854735 65.02822126089498 69.57015519614527
96.06117359797238 37.44461160832344 91.93882640202762 46.55538839167656
43.04305082216198 80.9673469338765 36.95694917783802 73.0326530661235
15.67779674365283 48.612698550117415 8.32220325634717 55.387301449882585
7.506967354428262 33.334142155965075 12.493032645571738 24.665857844034925
16.77374025289582 91.67183991848444 25.22625974710418 86.32816008151556
21.15407689106115 40.072078116105814 22.84592310893885 49.927921883894186
20.38145271137978 20.915468857167564 29.61854728862022 17.084531142832436
68.1365047015903 22.901171548358537 73.8634952984097 31.098828451641463
70.71124863538294 19.350616893404595 63.28875136461706 12.649383106595403
96.82067468950011 12.932189478721789 95.17932531049989 3.0678105212782123
86.6604763714428 37.48365349378567 95.3395236285572 32.51634650621433
61.95127140021449 3.396464410618184 58.04872859978551 12.603535589381817
5.510411285886174 25.76640931388269 2.489588714113826 16.23359068611731
9.621643675847892 83.68601526679713 16.378356324152108 76.31398473320287
47.06651427502066 49.00044243445298 46.93348572497934 58.99955756554702
50.93234389018954 63.05164768644659 57.06765610981046 70.94835231355341
70.61085075407851 9.394863022602093 79.38914924592149 4.6051369773979065
72.02990518683568 49.04029322649779 63.970094813164316 54.95970677350221
20.4190654494734 63.6482860979119 13.5809345505266 56.3517139020881
39.95611525883744 8.661000409318087 30.043884741162557 7.338999590681913
96.19473240689273 47.00379351010131 95.80526759310727 56.99620648989869
24.000841111861217 66.90829170624741 33.99915888813878 67.09170829375259
61.76288150200463 29.4785008058293 52.23711849799537 32.5214991941707
52.94152623226263 54.443390981493245 57.05847376773737 63.556609018506755
91.20250383329916 80.14415434042871 96.79749616670084 71.85584565957129
18.15785664493696 51.88633725868649 23.84214335506304 60.11366274131351
48.9387350276522 20.21968190675774 39.0612649723478 21.78031809324226
25.006790791591648 37.7394970229229 34.99320920840835 38.2605029770771
28.03001613775407 3.547046989768739 37.969983862245925 2.452953010231261
3.213830096325564 48.44657445475891 12.786169903674436 45.55342554524109
3.9499654924284844 30.091072870453758 2.0500345075715156 39.90892712954624
75.52114960794272 51.222588393195714 84.47885039205728 46.777411606804286
12.995272583481329 95.78262516999484 3.004727416518671 96.21737483000516
18.038084523781944 2.9498810253854293 25.961915476218056 9.05011897461457
57.92608248834799 41.94561456304618 52.07391751165201 50.05438543695382
27.817374387245447 51.00333632454955 28.182625612754553 60.99666367545045
91.70113282583142 28.702747824514894 82.29886717416858 25.297252175485106
52.94641993422774 38.92985835787176 45.05358006577226 45.07014164212824
47.73853260474957 11.210167493184116 54.26146739525043 18.789832506815884
32.92904107468786 75.16062279990462 23.07095892531214 76.83937720009538
30.09507404596822 27.97041299737042 39.90492595403178 26.02958700262958
35.46021770071014 18.09532257064502 44.53978229928986 13.90467742935498
42.19316086121109 36.15243925136592 35.80683913878891 43.84756074863408
36.82629403919986 88.6935215856418 27.17370596080014 91.3064784143582
90.7203344397014 5.351229919798138 81.2796655602986 8.648770080201862
