54.94636090396395 3.7304202952663106 45.05363909603605 2.2695797047336894
69.22863388352751 10.668080860671784 60.77136611647249 5.331919139328216
86.10140609820557 10.001887112055293 95.89859390179443 7.998112887944708
19.924056893721378 42.868138069315584 10.075943106278624 41.131861930684416
11.875177570365377 94.11024486371537 2.124822429634623 91.88975513628463
51.72421353647625 78.3623778024909 42.27578646352375 81.6376221975091
85.09872122880194 86.92782840589993 90.90127877119806 95.07217159410007
28.951523495403016 72.06574745604163 37.048476504596984 77.93425254395837
29.72101707898498 24.646814421825397 20.27898292101502 21.353185578174603
57.970871726117494 95.46108044896695 48.029128273882506 96.53891955103305
53.53184803596515 17.88757168667932 44.46815196403485 22.11242831332068
51.98239579350599 91.5807958053003 42.01760420649401 92.4192041946997
69.26122267196357 87.54053007322642 64.73877732803643 96.45946992677358
88.96465208697781 60.40651061065351 79.03534791302219 61.59348938934649
81.2103170322807 10.833257694474568 74.7896829677193 3.166742305525432
35.48866257928852 52.44043408293775 42.51133742071148 59.55956591706225
74.2414434808883 90.46502773496734 83.7585565191117 93.53497226503266
37.04734417903643 6.313559675517495 46.95265582096357 7.686440324482505
96.56020708660583 20.050490508944133 87.43979291339417 15.949509491055867
60.47325771497147 55.876652575546174 69.52674228502853 60.123347424453826
46.47886372437625 61.02298387249182 45.52113627562375 70.97701612750818
2.3331336452394185 73.28602539725051 5.6668663547605815 82.71397460274949
24.107326236919643 85.08279134365415 17.892673763080357 92.91720865634585
17.93690923342771 37.99960193967213 18.06309076657229 28.00039806032787
24.575596756954933 69.7452602520276 21.424403243045067 60.254739747972394
31.43463226083406 55.49455382518648 38.56536773916594 62.50544617481352
40.20203798941592 42.33445259283582 43.79796201058408 51.66554740716418
39.84808835285603 14.002308247654522 40.15191164714397 23.997691752345478
23.294732225176766 76.44231966597805 18.705267774823234 67.55768033402195
96.44475020463375 95.36155894571462 91.55524979536625 86.63844105428538
5.301826684437204 44.82755085770075 2.698173315562796 35.17244914229925
93.26698644367707 75.30993987100368 96.73301355632293 84.69006012899632
79.4040132613682 87.38414418549 74.5959867386318 78.61585581451
40.01412627501609 70.98107199648473 31.98587372498391 65.01892800351527
90.9595903484725 55.36559983028184 81.0404096515275 56.63440016971816
61.253392806244065 74.20323357996843 54.746607193755935 81.79676642003157
72.50730995058527 71.80552144692872 81.49269004941473 76.19447855307128
30.994926124574466 86.99324672458938 23.005073875425534 93.00675327541062
63.14806686726879 48.81211494232187 70.8519331327312 55.18788505767813
93.99996292805874 41.980745960467864 84.00003707194126 42.019254039532136
95.43415426679341 28.632518688597347 90.56584573320659 37.367481311402656
45.34160433634191 42.40824605451655 52.65839566365809 35.59175394548345
74.64083416934531 67.55098524690997 83.35916583065469 72.44901475309003
3.106228040049859 19.97481903841041 12.89377195995014 22.02518096158959
63.831476262819095 30.002840832032007 64.1685237371809 39.99715916796799
87.70324056127218 32.44127189897384 92.29675943872782 23.55872810102616
58.00409446356871 31.100186517579928 59.99590553643129 40.89981348242007
4.603055439425235 68.61198714979878 9.396944560574765 77.38801285020122
95.97344360869742 49.514644217986344 86.02655639130258 48.485355782013656
7.538054975660387 26.021385052598678 8.461945024339613 35.978614947401326
23.672667705883534 40.57467239712554 28.327332294116466 49.42532760287446
19.48803016421663 14.154559862473313 28.51196983578337 9.845440137526687
78.43044544621928 45.9814372140808 77.56955455378072 36.0185627859192
68.12517786884735 32.92287377847995 69.87482213115265 23.077126221520043
75.89974708283938 12.073262433917618 70.10025291716062 3.926737566082382
41.39014130198541 28.936285821964102 50.60985869801459 25.063714178035898
79.82855697084551 27.7840784336383 72.17144302915449 34.2159215663617
17.038077610602205 63.02884343900198 10.961922389397797 70.97115656099803
17.607156484282044 58.984543506897936 18.392843515717956 49.015456493102064
68.1868568925792 38.86645117880884 73.8131431074208 47.13354882119116
59.10647252107452 83.02634731597118 68.89352747892548 80.97365268402882
56.19127234244756 7.760618325884538 63.80872765755244 14.239381674115462
51.17709534925539 71.31893545324478 60.82290465074461 68.68106454675522
18.136854487489703 83.869041165802 15.863145512510297 74.130958834198
15.976164708936858 4.487631817595354 6.023835291063142 3.5123681824046464
96.19473240689273 62.00379351010131 95.80526759310727 71.99620648989868
8.79470587967668 48.14744746720718 11.20529412032332 57.85255253279282
69.77422020477675 64.48553742339311 60.225779795223254 61.51446257660688
47.5326984552499 84.75428921980738 56.4673015447501 89.24571078019262
90.95159716038042 64.30596429392095 81.04840283961958 65.69403570607905
53.3457181277399 11.527201190102035 44.6542818722601 16.472798809897963
34.096836701708085 11.133655805815078 25.903163298291915 16.866344194184922
29.940779161379513 60.07737868993028 22.059220838620487 53.92262131006972
3.1767818895100435 64.31778870030126 12.823218110489957 61.682211299698736
14.979555788520136 15.451690324243952 5.020444211479864 14.548309675756048
10.171448059921453 10.298108686498818 19.828551940078547 7.701891313501182
80.82685428538925 15.135915855749593 87.17314571461075 22.86408414425041
38.313641546025124 89.25570037197126 31.686358453974876 96.74429962802874
47.702703590690795 47.00884634127421 48.297296409309205 56.99115365872579
64.97092690764745 44.46158967429434 55.02907309235254 45.53841032570566
81.40403895902242 49.33768942258338 74.59596104097758 56.66231057741662
66.69578188161128 20.28255057706749 57.30421811838872 23.71744942293251
31.528204878073538 40.54284777239131 24.471795121926462 33.45715222760869
37.21125742832674 38.43803497253863 46.78874257167326 35.56196502746137
33.82267369065522 81.25228369272665 42.17732630934478 86.74771630727335
21.078885047906432 3.884662437476079 30.921114952093568 2.115337562523921
33.583737834869154 18.017357547457316 34.416262165130846 27.982642452542684
3.3757725835355044 58.985859501175604 2.6242274164644956 49.014140498824396
52.19619351189939 54.33670908547556 55.80380648810061 63.66329091452444
90.95998238199958 2.368672216472472 81.04001761800042 3.631327783527528
