53.995613932389446 3.209383472405158 44.004386067610554 2.790616527594842
67.03221723141297 8.956556138262265 58.96778276858703 3.043443861737735
87.20736694232832 8.425015219045969 96.79263305767168 5.57498478095403
18.85150388817202 42.20950817403265 9.148496111827981 39.79049182596735
13.833460756952197 95.27970977608327 4.1665392430478025 92.72029022391673
53.86951193213944 73.86516364935218 44.13048806786056 76.13483635064782
83.49741279999641 87.4318235881096 90.50258720000359 94.5681764118904
28.851585780921262 66.20882471583289 37.14841421907874 71.79117528416711
26.523015872657716 23.131273660440243 17.476984127342284 18.868726339559757
55.84749243909918 93.77451354439296 46.15250756090082 96.22548645560704
60.49429085606507 15.808801765907546 51.50570914393493 20.191198234092454
51.99950113416834 89.929371327002 42.00049886583166 90.070628672998
71.94463755032362 86.39365819788942 68.05536244967638 95.60634180211058
87.9823402360533 59.5801360074925 78.0176597639467 60.4198639925075
81.57113908560116 11.288268158883497 76.42886091439884 2.711731841116503
35.36657453218721 50.56514638305366 42.63342546781279 57.43485361694634
74.2414434808883 92.46502773496734 83.7585565191117 95.53497226503266
39.07431762498702 6.141132640923833 48.92568237501298 7.858867359076167
94.36414209857308 17.44013600921385 85.63585790142692 12.559863990786148
59.305421414137264 55.27926413963123 68.69457858586273 58.72073586036877
47.78153668753489 59.0047749018581 48.21846331246511 68.9952250981419
5.3331336452394185 79.28602539725051 8.666866354760582 88.71397460274949
25.622256027395682 84.55336957710931 18.377743972604318 91.44663042289069
17.984099365116634 35.895706884612636 20.015900634883366 26.104293115387364
24.727654106550208 68.9467685918406 23.272345893449792 59.053231408159405
31.373996812223112 53.557311968500215 38.62600318777689 60.442688031499785
36.615509027281576 39.19550369482282 39.384490972718424 48.80449630517718
38.06814740160116 17.087602343574236 39.93185259839884 26.912397656425764
25.059094326758807 80.55632862659287 20.940905673241193 71.44367137340713
94.44475020463375 93.36155894571462 89.55524979536625 84.63844105428538
5.301826684437204 42.82755085770075 2.698173315562796 33.17244914229925
88.86481540939612 71.47882904945547 93.13518459060388 80.52117095054453
78.1712702664894 89.50395220110727 73.8287297335106 80.49604779889273
42.164642308030515 68.76690340383655 33.835357691969485 63.233096596163456
95.9477631692343 52.2791396659765 86.0522368307657 53.7208603340235
55.253392806244065 78.20323357996843 48.746607193755935 85.79676642003157
74.85644488653288 74.20161635552583 83.14355511346712 79.79838364447417
30.658750201964377 86.59213454496431 23.341249798035623 93.40786545503569
63.88488214577314 49.159963900612645 72.11511785422687 54.840036099387355
95.99886538016345 41.89348750775952 86.00113461983655 42.10651249224048
94.80554265254881 27.86128879665065 89.19445734745119 36.138711203349345
44.95351275402775 39.93699522781088 53.04648724597225 34.06300477218912
76.82228751154076 68.2528708869491 85.17771248845924 73.7471291130509
5.106228040049859 19.97481903841041 14.89377195995014 22.02518096158959
63.918714382631705 28.00066077882196 64.0812856173683 37.99933922117804
85.54964153107275 32.35841064767382 90.45035846892725 23.641589352326182
55.249856012413375 28.316305302145068 58.750143987586625 37.68369469785493
6.994617056281127 70.41977737996925 11.005382943718873 79.58022262003075
93.98725285561439 46.643196196536316 84.01274714438561 47.356803803463684
12.625014143681858 26.01408126745317 13.374985856318142 35.98591873254683
24.0090472722272 40.99323050572803 29.9909527277728 49.00676949427197
21.348726597489026 14.834572357552023 30.651273402510974 11.165427642447977
79.25633357885717 42.99342498655485 78.74366642114283 33.00657501344515
68.69945011055601 34.82789498488391 71.30054988944399 25.172105015116088
76.62368567455904 11.445127302727085 69.37631432544096 4.5548726972729146
44.29512158306522 27.692370846434446 53.70487841693478 24.307629153565554
81.93845876148376 24.919652197544593 74.06154123851624 31.080347802455407
18.968308658338227 60.97642650013271 13.031691341661773 69.0235734998673
17.47868155647473 56.97703365143244 16.52131844352527 47.02296634856756
69.78951301533574 39.515164742085844 74.21048698466426 48.484835257914156
59.011256055484914 82.33531158056954 68.9887439445151 81.66468841943046
58.13531742453564 7.827583162492331 65.86468257546436 14.172416837507669
57.341382021637905 71.81584099845814 66.65861797836209 68.18415900154186
18.136854487489703 83.869041165802 15.863145512510297 74.130958834198
12.930027545726162 4.833563673861374 3.069972454273837 3.1664363261386264
95.8457403017039 60.002380171973705 96.1542596982961 69.9976198280263
11.222220207910345 45.060864590333956 12.777779792089655 54.939135409666044
71.90334747095395 64.97835759264673 62.096652529046054 63.02164240735326
55.32243010373637 87.23355162385981 64.67756989626362 90.76644837614019
89.99324403571383 64.74016543761783 80.00675596428617 65.25983456238217
53.06343396956744 12.086496203028835 44.93656603043256 17.913503796971163
39.37400835541134 11.577593983909427 30.625991644588662 16.422406016090573
28.886471297967546 58.14568606985415 21.113528702032454 51.85431393014585
2.4071218564368033 63.976226292300424 11.592878143563198 60.023773707699576
11.960758612695361 15.625199157524063 2.0392413873046396 14.374800842475937
9.062210066514815 10.786276397186372 18.937789933485185 9.213723602813628
79.82685428538925 15.135915855749593 86.17314571461075 22.86408414425041
35.01971419452809 91.02646711901325 26.980285805471908 96.97353288098675
45.615641228130904 45.01479505591924 46.384358771869096 54.98520494408076
60.99893658183988 44.8968833149145 51.00106341816012 45.1031166850855
80.00257558076818 51.00193298183052 73.99742441923182 58.99806701816948
70.490535548217 17.8011160807811 61.509464451783 22.1988839192189
31.76674691593175 39.28810244233945 24.23325308406825 32.71189755766055
36.04525656420852 33.67120599332937 45.95474343579148 32.32879400667063
34.77535565591658 78.32560657980095 43.22464434408342 83.67439342019905
24.039329610299497 7.625898781552322 33.9606703897005 6.374101218447678
32.84507966506996 20.002400607309028 33.15492033493004 29.997599392690972
5.027061243022626 57.99992676837632 4.972938756977374 48.00007323162368
51.77795101379038 52.15163983647007 54.22204898620962 61.84836016352993
91.95998238199958 2.368672216472472 82.04001761800042 3.631327783527528
