96.22680973767997 32.99485308521618 95.77319026232003 23.005146914783825
64.73465379489986 39.39281194552709 55.265346205100144 42.60718805447291
40.84202543643507 10.246912055004588 31.157974563564927 7.753087944995413
32.46453992030462 43.53560773062855 39.53546007969538 36.46439226937145
5.945884495037685 73.1123788503815 8.054115504962315 82.8876211496185
8.662044735944647 88.72264081737215 15.337955264055353 81.27735918262785
96.91387751799695 78.08422662421265 95.08612248200305 87.91577337578735
69.47161505633598 77.02799745059305 70.52838494366402 86.97200254940695
19.49733270273591 38.02533161022152 20.50266729726409 47.97466838977848
80.20166369433441 70.06414555086394 81.79833630566559 79.93585444913606
78.37748359226016 34.80651005960188 75.62251640773984 25.19348994039812
74.99997232623727 46.01663540986816 65.00002767376273 45.98336459013184
91.00979282726715 88.99999041004422 90.99020717273285 79.00000958995578
59.28832021638057 35.94909202638094 60.71167978361943 26.05090797361906
95.8308499020395 12.710469378430686 86.1691500979605 15.289530621569314
8.615028650156905 56.32005856558268 15.384971349843095 63.67994143441732
58.00001129855073 96.01062945810756 67.99998870144927 95.98937054189244
22.636835883617234 69.72448603449126 19.363164116382766 60.275513965508736
76.94128863937127 11.236019252585223 67.05871136062873 12.763980747414777
15.662769691634487 68.27670926881521 22.337230308365513 75.72329073118479
50.34773262853607 67.95727216078798 51.65226737146393 58.04272783921202
26.586216878429887 90.008363802296 17.413783121570113 93.991636197704
27.137618273925902 66.82478230634672 34.8623817260741 73.17521769365328
80.92512476219962 85.90267928667899 73.07487523780038 92.09732071332101
49.554571105170076 86.96914991616377 48.445428894829924 77.03085008383623
62.113560563127926 76.08774481663906 55.886439436872074 83.91225518336094
33.947615925449846 30.394916699240486 30.05238407455015 39.60508330075951
43.50016295151044 29.974920805594433 42.49983704848956 20.025079194405567
4.027850458737626 63.999922434593174 3.9721495412623744 54.000077565406826
42.04541674578522 2.327612628721743 51.95458325421478 3.672387371278257
45.90883703174636 55.87443656517065 54.09116296825364 50.12556343482935
63.06543490971725 53.806267554700526 72.93456509028275 52.193732445299474
95.97494881549643 73.5001157302028 86.02505118450357 74.4998842697972
88.65546373649642 36.81583037867031 91.34453626350358 27.18416962132969
95.77408059355709 57.514013968362555 86.22591940644291 60.485986031637445
65.38391616440629 62.31908823899977 58.61608383559371 69.68091176100023
43.612243427747224 75.03762577134893 42.387756572252776 84.96237422865107
27.018774022332682 78.43288307822354 36.981225977667314 77.56711692177646
34.75157458570905 91.17478589861565 29.24842541429095 82.82521410138435
73.84257007488813 75.1991647690568 66.15742992511187 68.8008352309432
64.30550401040921 16.279038814000728 73.69449598959079 19.720961185999272
8.210388422791977 62.331243163033335 11.789611577208023 71.66875683696666
46.226913603391736 71.51082363350973 55.773086396608264 74.48917636649027
8.475904253085126 29.777206991090637 5.524095746914874 20.222793008909363
67.40561787039354 25.660842378586672 60.59438212960645 18.339157621413328
85.20208441375985 64.5928731303419 94.79791558624015 67.4071268696581
61.10018651757997 58.99590553643151 70.89981348242003 57.00409446356849
44.37462765677412 64.59987005968193 39.62537234322588 73.40012994031807
23.988332905697423 81.98450656884629 16.011667094302577 88.01549343115371
33.23666447678599 55.47992280022114 42.76333552321401 58.52007719977886
14.272200808111537 27.835442596478668 11.727799191888463 18.164557403521332
19.259086907404786 26.588629298628 28.740913092595214 23.411370701372
23.367098432008497 13.72584727527783 26.632901567991503 4.274152724722169
56.91942058458393 54.00064934638395 57.08057941541607 63.99935065361605
95.90054378853463 4.007694312898176 86.09945621146537 5.992305687101824
76.51316983904141 56.58357578804042 83.48683016095859 49.41642421195958
26.72674906734633 30.369710683853747 17.27325093265367 33.63028931614625
9.586845442650771 51.79614367977473 12.413154557349229 42.20385632022527
12.793942512445748 94.42060381083726 3.2060574875542525 91.57939618916274
80.72079657341465 61.35255357828047 71.27920342658535 64.64744642171952
36.05921283217049 20.08930559850775 37.94078716782951 29.91069440149225
81.00521993982645 10.228412238053798 90.99478006017355 9.771587761946202
52.90316058372824 13.020706228870127 43.09683941627176 14.979293771129873
49.04502412183807 45.562661103029725 44.95497587816193 36.437338896970275
12.710382536659498 13.676990267811128 3.2896174633405026 10.323009732188872
87.40542526766046 93.02772136123036 96.59457473233954 96.97227863876964
36.190929185920155 63.726923643705966 27.809070814079842 58.273076356294034
49.29762019138725 23.79320271821875 54.70237980861275 32.20679728178125
68.25405876597726 31.821506642425565 73.74594123402274 40.17849335757443
87.5441288299311 50.26830600134742 96.4558711700689 45.73169399865258
27.263785617590838 49.837648800065026 24.736214382409162 40.162351199934974
55.987950852823076 8.653090372255896 46.012049147176924 9.346909627744104
47.807085177381154 29.50654647506636 52.192914822618846 38.49345352493364
4.4223442240119555 4.988764659080572 13.577655775988045 9.011235340919427
3.766390384388809 84.94091547981914 2.233609615611191 75.05908452018086
15.091072870453756 52.050034507571525 24.908927129546242 53.949965492428475
36.05354256412483 95.72976628798217 45.94645743587517 94.27023371201783
61.68361402456949 88.24964013161409 52.31638597543051 91.75035986838591
3.471304055023622 34.97773768771701 2.528695944976378 25.02226231228299
57.27877154173044 14.16629093303493 54.72122845826956 23.83370906696507
22.789217994768705 2.8502695295165914 17.210782005231295 11.149730470483409
86.47891467819369 28.591260595090326 79.52108532180631 21.408739404909674
32.00001072072919 49.9896459101316 41.99998927927081 50.0103540898684
81.19325069886578 42.934486352713876 82.80674930113422 33.065513647286124
4.262401441296243 48.68836338702437 7.737598558703757 39.31163661297563
19.020507964205194 18.452392601018275 28.979492035794806 17.547607398981725
57.051423737784674 3.284742719688217 66.94857626221533 4.715257280311783
29.210634310180435 12.564041682645644 38.78936568981957 15.435958317354356
86.13662515316501 88.10621230053145 79.86337484683499 95.89378769946855
94.97980685337114 39.97326291035047 87.02019314662886 46.02673708964953
