89.588771059941 10.985744233139794 80.411228940059 7.014255766860206
58.60718805447299 61.73465379489983 55.39281194552701 52.26534620510017
78.31695664166124 45.741363205749934 71.68304335833876 38.258636794250066
33.04867418773586 32.6959688935627 42.95132581226414 31.304031106437304
2.031345792749419 49.09472640653187 3.968654207250581 58.90527359346813
22.835845311310802 84.99730459729857 23.164154688689198 75.00269540270143
93.95911323467473 77.00016717555265 94.04088676532527 86.99983282444735
60.622379685805065 70.27053024588517 57.377620314194935 79.72946975411483
19.94314444768044 35.92265684397158 28.05685555231956 30.077343156028416
77.97786757870108 61.01669538848283 84.02213242129892 68.98330461151717
87.70941330423499 29.698713244634583 84.29058669576501 20.301286755365417
76.99634591075902 71.19112179373805 67.00365408924098 70.80887820626195
82.44553344052143 94.98011043586155 81.55446655947857 85.01988956413845
72.99997448536546 33.01597328063916 63.00002551463454 32.98402671936084
65.96330437825982 5.395343362934895 56.03669562174018 6.604656637065105
4.034102696816068 35.0001163007456 3.965897303183932 44.9998836992544
75.1638741062699 87.00268619383431 74.8361258937301 96.99731380616569
12.747824184843658 63.993636686649346 13.252175815156342 54.006363313350654
91.62899021841675 16.890092473346762 82.37100978158325 13.109907526653236
18.272985942923267 65.00745769422369 17.727014057076733 74.99254230577631
54.50387874558007 62.768474464500414 51.49612125441993 53.231525535499586
34.422281542824294 81.20655497445298 31.57771845717571 90.79344502554702
9.841398347491054 26.489962427452998 14.158601652508946 35.510037572547
96.92817897311328 96.84442406938945 87.07182102688672 95.15557593061055
17.772035480890708 87.50745942463188 8.227964519109292 90.49254057536812
53.74029495220971 75.05510734355812 52.25970504779029 84.94489265644188
13.666596965883405 14.505682830129839 22.333403034116593 19.49431716987016
54.12900801344363 26.899911390250494 47.87099198655637 19.100088609749506
8.7234341297698 58.94738749845656 7.2765658702302005 49.05261250154344
43.04541674578522 14.327612628721743 52.95458325421478 15.672387371278257
22.541338481639077 64.73718373156646 31.458661518360923 69.26281626843354
72.02200976361257 46.096579245309364 73.97799023638743 55.903420754690636
72.99189806845116 66.2845235916291 63.008101931548836 65.7154764083709
87.90541220159523 46.62270530555561 84.09458779840477 37.37729469444439
94.76302445030674 53.52105163810443 85.23697554969326 50.47894836189557
71.75013876739386 82.69296821525865 64.24986123260614 89.30703178474135
48.832097583131365 73.7882982527391 41.167902416868635 80.2117017472609
28.577681401148826 83.71566124189842 23.422318598851174 92.28433875810158
72.9948077019195 78.22780698155609 63.0051922980805 77.77219301844391
89.4594159030078 72.3899526859033 82.5405840969922 79.6100473140967
48.36842444976095 8.116251629747795 57.63157555023905 11.883748370252205
16.806965733907145 79.62410740497576 7.193034266092855 82.37589259502424
86.833877553073 81.49356975590224 91.166122446927 90.50643024409776
3.4052404914868877 29.964500088330468 4.594759508513112 20.035499911669532
89.99913058593744 3.0932383222976663 80.00086941406256 2.9067616777023337
95.94286735863261 38.00032642452626 96.05713264136739 47.99967357547374
42.66288955892129 92.81789743232028 45.33711044107871 83.18210256767972
37.64004035613857 87.04113436938306 36.35995964386143 96.95886563061694
12.63892566651782 69.8655746193927 3.361074333482181 66.1344253806073
29.42160092333866 78.49214261566581 36.57839907666134 71.50785738433419
34.06042496089998 65.9539599212309 27.93957503910002 58.04604007876909
2.0091909148816764 8.696974133281667 11.990809085118324 9.303025866718333
57.434452749368994 21.961427386072394 66.56554725063101 26.038572613927606
58.30054988944415 27.17210501511613 55.69945011055585 36.82789498488387
93.91328562325036 12.880476602071322 96.08671437674964 3.1195233979286776
83.33069332861798 61.42355836492926 78.66930667138202 52.57644163507074
36.658534298898836 44.40809723801725 29.341465701101164 37.59190276198275
21.74390361581812 50.57967670231215 12.256096384181882 47.42032329768785
18.931337245583343 96.82578021913974 9.068662754416657 95.17421978086026
70.42444156000131 61.329016290654316 61.57555843999869 56.670983709345684
13.796417114859175 20.161112570283834 20.203582885140825 27.838887429716166
64.74220337693578 12.621291268940356 73.25779662306422 7.378708731059644
42.4101366271869 36.01684959618518 41.5898633728131 45.98315040381482
35.83282902977783 50.28209343221806 26.16717097022217 47.71790656778194
34.991182286420056 8.70318459654754 25.008817713579944 9.29681540345246
85.748107829647 55.53581119876155 90.251892170353 64.46418880123845
41.63758330482142 53.13109093564143 32.36241669517858 56.86890906435857
57.81444891983703 43.14258621936278 60.18555108016297 52.85741378063722
43.25405876597726 23.821506642425565 48.74594123402274 32.17849335757443
96.12295481898255 68.87226564080038 93.87704518101745 59.12773435919963
43.532996683148 66.97814301743624 44.467003316852 57.021856982563754
40.993245571568906 2.740194953845158 31.006754428431094 3.259805046154842
48.54396419270133 40.244353401307436 45.45603580729867 49.755646598692564
8.080282837630591 3.892402959591628 17.91971716236941 2.107597040408372
3.938358983569097 96.91115896891509 2.061641016430903 87.08884103108491
22.852489840890776 39.207481516608034 31.147510159109224 44.792518483391966
56.8389797764597 91.50887919481659 61.1610202235403 82.49112080518341
81.46274686134458 72.64857748581714 76.53725313865542 81.35142251418286
16.34500043188163 7.825096989427622 25.65499956811837 4.174903010572378
65.94493579172119 39.112583554022734 68.05506420827881 48.887416445977266
8.003336324549547 41.182625612754556 17.996663675450453 40.817374387245444
96.71744942293259 30.69578188161125 93.28255057706741 21.30421811838875
48.38195270234623 59.26904629672247 51.61804729765377 68.73095370327752
66.90332525237847 18.97846894145276 57.096674747621535 17.02153105854724
2.796229530435527 81.99584603403002 3.203770469564473 72.00415396596998
45.01337102541876 3.36541958057402 54.98662897458124 2.63458041942598
68.46021770071013 15.09532257064502 77.53978229928987 10.90467742935498
30.79196996819423 19.299540177780692 39.20803003180577 24.700459822219308
68.91056678887938 96.94145303226178 59.08943321112062 95.05854696773822
77.76028521278667 18.058141402749577 76.23971478721333 27.941858597250423
