47.594791610200936 12.738843711289993 44.405208389799064 3.2611562887100067
61.70486412164729 13.20520036186449 56.29513587835271 4.79479963813551
78.93122244765331 49.55194018402115 83.06877755234669 40.44805981597885
3.1092837044123067 5.039660577339063 12.890716295587694 2.960339422660937
9.117102151916246 78.07856815653726 10.882897848083754 87.92143184346274
43.973680562231664 96.51234916305087 34.026319437768336 95.48765083694913
85.8038126455405 75.75484833056663 78.1961873544595 82.24515166943337
49.1273894474739 74.90755469022301 54.8726105525261 83.09244530977699
11.442043006576302 16.703855679822336 16.557956993423698 25.296144320177664
96.99226418921872 80.7219743446291 87.00773581078128 81.2780256553709
82.40945677162803 17.657267357249097 75.59054322837197 10.342732642750901
49.99224940785312 91.27829094449896 40.00775059214688 90.72170905550104
49.56739154835461 44.631657508735906 54.43260845164539 53.368342491264094
94.35750642002434 32.29498304464131 87.64249357997566 39.70501695535869
71.99915378043237 3.0919863010928474 62.00084621956763 2.9080136989071526
26.791383224462784 46.5707880505899 17.208616775537216 49.4292119494101
85.64645530162154 85.29139676482131 92.35354469837846 92.70860323517869
35.963384937453874 18.906311186857902 34.036615062546126 9.093688813142098
93.02375996219982 2.017930727498906 86.97624003780018 9.982069272501095
26.077939965118116 36.12061100017196 35.92206003488188 37.87938899982804
73.47450816396255 28.768682745409688 64.52549183603745 33.23131725459031
3.7413213881324134 69.05526111917955 2.2586786118675866 78.94473888082045
48.25432634692519 57.05591557483996 49.74567365307481 66.94408442516004
24.706676160126122 90.68736466826245 15.293323839873878 87.31263533173755
35.973767586014766 72.96533837597363 28.026232413985237 79.03466162402637
32.421286497535505 85.20625984309504 29.578713502464492 94.79374015690496
22.01172647450959 40.65776143570387 31.98827352549041 41.34223856429613
32.39989512220487 21.199969411886315 29.600104877795136 30.800030588113685
7.073308590662981 73.91337389497899 8.92669140933702 64.08662610502101
95.67486478724973 56.98941751043444 96.32513521275027 47.01058248956556
4.053815067612698 93.90965722568524 5.946184932387302 84.09034277431476
75.05903929458167 46.04496794017984 68.94096070541833 53.95503205982016
64.90371922905659 76.97649256145685 55.0962807709434 75.02350743854315
62.67215651235991 51.17954030487425 65.32784348764008 60.82045969512575
79.64610210155355 64.81320688113261 82.35389789844645 55.18679311886739
61.93008519150906 96.83322266199563 52.06991480849094 95.16677733800437
76.65207095674867 54.761306847580244 71.34792904325133 63.238693152419756
45.52553292770353 42.02769518815476 44.47446707229647 51.97230481184524
69.99125793641673 81.70445945767621 60.00874206358327 82.29554054232379
81.07667237406994 70.05637222052836 86.92332762593006 61.94362777947164
75.14314811120698 16.073966622050573 76.85685188879302 25.926033377949427
17.80534787043597 74.72119339848236 26.19465212956403 69.27880660151764
71.87086781120463 89.18037815169234 80.12913218879537 94.81962184830766
6.29653150582817 9.303714609998371 15.70346849417183 12.696285390001629
59.045404356565385 53.1105082338474 56.954595643434615 62.8894917661526
90.23696243941139 28.189216069384166 83.76303756058861 35.810783930615834
46.97334759961469 82.01985124747988 41.02665240038531 73.98014875252012
7.601658320119436 53.730178693978715 2.3983416798805637 62.269821306021285
8.485355782013745 32.97344360869743 9.514644217986255 23.02655639130257
20.545654807071145 80.61489962351506 27.454345192928855 73.38510037648494
10.72587465018455 50.4054186283593 19.27412534981545 55.5945813716407
25.522982003243207 25.977193368834502 26.477017996756793 16.022806631165498
59.593925375074974 20.339582585354254 66.40607462492503 27.660417414645746
68.4707112070646 16.97190641240088 69.5292887929354 7.02809358759912
93.34278246275802 16.95661831380444 94.65721753724198 7.043381686195558
78.0483660755307 32.06342770879016 85.9516339244693 25.936572291209842
50.20574264856683 3.3330266170859684 53.79425735143317 12.666973382914032
2.5868454426507723 23.796143679774733 5.413154557349228 14.203856320225267
13.346824011799168 77.95715252220847 14.653175988200832 68.04284747779153
38.68587279718821 22.175782996710236 41.31412720281179 31.824217003289764
54.30617212348091 66.27721740616747 63.69382787651909 69.72278259383253
42.05645744784383 18.749257655964424 51.94354255215617 17.250742344035576
76.20731317058116 72.70157655539396 67.79268682941884 67.29842344460604
23.37910687995793 64.41317693796066 14.620893120042071 59.58682306203935
33.35592961423211 2.545233779795777 24.644070385767893 7.454766220204223
90.75854330374538 50.005833536631584 91.24145669625462 59.994166463368416
34.1101885084276 63.956092160731366 43.8898114915724 66.04390783926864
62.05874297925277 44.95526122865126 55.94125702074723 37.04473877134874
52.765296353627136 40.18729855350014 59.234703646372864 47.81270144649986
88.92023679991986 72.93891592083814 95.07976320008014 65.06108407916186
24.99499867840293 56.419610311295116 29.00500132159707 65.58038968870488
42.790087020814234 13.668574563816286 39.209912979185766 4.3314254361837135
34.06067184416729 46.079235892338176 41.93932815583271 39.920764107661824
15.868587717486275 7.816279913626261 24.131412282513725 2.1837200863737394
8.66190776966851 45.486152811300535 17.33809223033149 40.513847188699465
3.864148216646878 29.075241339957255 2.135851783353122 38.92475866004275
86.44631078628773 45.06492482791031 95.55368921371227 40.93507517208969
18.957129911722788 95.65334756317232 9.04287008827721 94.34665243682768
19.441894225602464 15.031245835766864 20.558105774397536 24.968754164233136
73.52430317425768 41.45327092437028 66.47569682574232 48.54672907562972
43.77913950269364 56.53036548291993 34.22086049730636 59.46963451708007
94.99355096392289 22.25386762437297 85.00644903607711 21.74613237562703
72.72264439876447 34.662048730081956 65.27735560123553 41.337951269918044
48.96959698460002 22.04097118407834 57.03040301539998 27.95902881592166
42.77287703008062 83.4898472591943 33.22712296991938 80.5101527408057
50.239589541807035 30.470787042453843 59.760410458192965 33.52921295754616
14.42434071042314 35.0157733170446 23.575659289576862 30.984226682955402
37.271836161246384 49.40165132988896 28.72816383875362 54.59834867011104
63.953108872461115 91.68316359501003 54.046891127538885 90.31683640498997
85.59382355543977 2.025972355440098 76.40617644456023 5.974027644559902
