73.39824038712389 7.3781256268482345 64.60175961287611 2.621874373151766
82.63106129187479 15.251766277489645 77.36893870812521 6.748233722510355
89.0901681048364 22.116603046838232 96.9098318951636 15.883396953161768
30.19340970183831 43.72310761310095 21.80659029816169 38.27689238689905
11.98675968016885 94.63636846638077 2.0132403198311497 95.36363153361923
48.7584703279843 83.53523943985718 39.2415296720157 80.46476056014282
79.00915912063246 95.30250176335672 88.99084087936754 94.69749823664328
65.16606849123376 88.79048770276707 72.83393150876624 95.20951229723293
19.904264735093623 18.97374915050904 10.095735264906377 17.02625084949096
66.9646991270276 96.59309575794413 57.03530087297239 95.40690424205587
45.95144209716535 7.304858893159958 36.04855790283465 8.695141106840042
60.70457229988131 89.35799703319584 53.29542770011869 82.64200296680416
83.56679134404301 82.7091280377823 78.43320865595699 91.2908719622177
89.97091443950012 65.53852542666922 80.02908556049988 64.46147457333078
83.88262730559863 23.52954002885541 88.11737269440137 14.470459971144589
32.07015389765927 53.83463609269903 41.92984610234073 52.16536390730097
88.28382503312694 81.16763067591926 85.71617496687306 90.83236932408074
30.000604492867115 3.9222532106159815 39.99939550713289 4.077746789384019
95.93669316851557 37.60968757846181 92.06330683148443 28.390312421538187
54.359851186487134 40.86253026511118 63.640148813512866 37.13746973488882
46.95600061132301 62.000193598368426 47.04399938867699 71.99980640163157
3.2203943955305085 80.00485973065634 2.7796056044694915 89.99514026934366
24.45628345402448 87.64492576487088 19.54371654597552 96.35507423512912
13.059246772456412 42.91933479414441 4.940753227543588 37.08066520585559
21.08711635067572 84.06387854709011 26.91288364932428 75.93612145290989
35.08774481663906 57.88643943687208 42.91225518336094 64.11356056312792
31.77569292737694 28.060536417543155 30.22430707262306 37.939463582456845
44.939531388284635 17.046073865547683 51.060468611715365 24.953926134452317
15.463516432801487 91.97846889279455 14.536483567198513 82.02153110720545
96.88726466126116 95.08211988748891 91.11273533873884 86.91788011251109
5.5526970666598245 30.75280252263714 2.4473029333401755 21.24719747736286
88.26798999373308 75.67252328135514 95.73201000626692 82.32747671864486
73.55555322698845 82.29757463041993 68.44444677301155 73.70242536958007
41.30374334595937 70.54515092128354 32.69625665404063 65.45484907871646
67.79928751014317 59.59755948611581 58.200712489856826 62.40244051388419
35.87720941236699 83.00150798024157 36.12279058763301 92.99849201975843
56.956631209125554 73.05871306721318 65.04336879087444 78.94128693278682
29.307012948187094 87.04825596925491 30.692987051812906 96.95174403074509
70.30530951585314 40.21172686610235 75.69469048414686 31.788273133897647
93.3637315682528 48.55912990918526 84.6362684317472 53.44087009081474
89.19963892721489 45.286509096934104 80.80036107278511 50.713490903065896
31.543884449497973 49.26782587527659 40.45611555050203 44.73217412472341
52.10339754492948 69.01157520580396 61.89660245507052 66.98842479419604
14.249278681560416 25.55905322376231 23.750721318439584 22.44094677623769
64.19660529401162 17.281819725207022 55.80339470598838 22.718180274792978
67.77580425625338 44.324898073247866 76.22419574374662 49.675101926752134
78.95732054140605 17.000182156936702 79.04267945859395 26.999817843063298
10.46658854612306 79.02181809004263 9.53341145387694 88.97818190995737
83.8736529612845 58.116918445081275 74.1263470387155 55.883081554918725
25.364585224148023 60.04053953916064 26.635414775851977 69.95946046083937
30.212193636736323 20.51600632096974 25.787806363263677 29.48399367903026
21.199412934401153 14.248928739877613 28.800587065598847 7.751071260122387
73.60403288211022 25.963380327692974 72.39596711788978 16.036619672307026
77.57010849396455 38.36985437616596 82.42989150603545 29.630145623834043
91.74171143209603 12.316563818008317 84.25828856790397 5.6834361819916825
41.238924777100706 40.527142011043644 50.761075222899294 37.472857988956356
86.82855697084551 36.7840784336383 79.17144302915449 43.2159215663617
31.08172626428125 70.08504594667568 32.91827373571875 79.91495405332432
18.24844818364646 55.6831683969967 21.75155181635354 46.3168316030033
83.0515901593446 70.71640773928314 92.9484098406554 69.28359226071686
52.90554163984511 58.96729582845462 43.09445836015489 57.03270417154538
44.02203995655586 2.5310503162666254 53.97796004344414 3.4689496837333746
55.05230675148969 48.721340085289526 64.9476932485103 47.278659914710474
19.837916525101203 73.99737220418538 20.162083474898797 64.00262779581462
18.968807926595613 3.4423730739996463 9.031192073404387 4.557626926000354
89.01904116009715 57.97477823705446 96.98095883990285 64.02522176294553
11.942790039885661 55.92519810371816 4.0572099601143385 62.07480189628184
84.79941927080596 78.40198953741331 75.20058072919404 75.59801046258669
56.745424477387 79.37348384311417 65.25457552261301 84.62651615688583
78.82915057311962 70.29587991038464 69.17084942688038 67.70412008961536
36.89909998042787 14.081502340633412 35.10090001957213 23.918497659366587
32.19437498923541 12.27837944421409 23.805625010764583 17.721620555785908
17.147517665862512 36.88498810076471 10.852482334137488 29.115011899235288
6.0654575552269785 69.80640613882429 15.934542444773022 68.19359386117571
9.782706684770638 24.15409960238471 4.2172933152293615 15.84590039761529
5.110127663125877 10.043622790606456 14.889872336874124 7.956377209393545
61.00435842688763 11.208722957509021 70.99564157311238 10.791277042490979
51.967941048907605 93.43470208334116 42.032058951092395 94.56529791665884
48.97160787116619 28.962512400405434 41.02839212883381 35.03748759959457
65.80191338641237 30.606576938114756 56.19808661358763 33.393423061885244
65.49039887540408 51.800836991087344 56.50960112459592 56.199163008912656
56.710485267508375 7.648537769927383 49.289514732491625 14.351462230072617
25.989645910131745 55.99998927927081 26.010354089868255 46.00001072072919
57.210167493184095 28.261467395250406 64.78983250681591 21.738532604749594
38.28202539715679 74.34448930932886 47.71797460284321 77.65551069067114
14.864162419052096 12.80977712710795 23.135837580947904 7.1902228728920505
40.05156190228055 25.440274815176792 35.94843809771945 34.55972518482321
5.330942571937599 55.95503402187659 6.669057428062401 46.04496597812341
48.44272335525147 43.24869602617126 51.55727664474853 52.75130397382874
95.61113463689867 5.93324529235 86.38886536310133 2.06675470765
