60.84291451038206 5.243454480522253 51.15708548961794 2.756545519477747
70.92124038150632 11.057875630604862 65.07875961849368 2.942124369395138
84.18322693877454 13.341155202298648 93.81677306122546 10.658844797701352
25.649684861029527 41.240185153649655 20.350315138970473 32.759814846350345
18.97414354859417 94.5078345773763 9.025856451405827 93.4921654226237
46.57192671024447 83.02422482845981 37.42807328975553 78.97577517154019
87.2322417065924 92.4938523128049 96.7677582934076 95.5061476871951
55.339295656269044 82.59423375614396 62.660704343730956 89.40576624385604
20.80073469667607 21.397478576626675 11.19926530332393 18.602521423373325
69.9112331008123 95.93797091078865 60.08876689918771 94.06202908921135
59.49429085606507 10.808801765907546 50.50570914393493 15.191198234092454
51.979496050500046 88.45234840892218 42.020503949499954 87.54765159107782
76.94443024158458 81.09000493699021 75.05556975841542 90.90999506300979
93.66215400069245 71.80674294625088 84.33784599930755 68.19325705374912
79.38596374718205 32.962152706258166 80.61403625281795 23.03784729374183
32.08547114541591 54.92054665143077 41.91452885458409 53.07945334856923
81.33817801529173 86.01144954621351 80.66182198470827 95.98855045378649
23.860141223730256 7.803849017429858 32.13985877626974 2.1961509825701415
93.52372655122079 24.129764796821473 84.47627344877921 19.870235203178527
52.06334216446049 46.206646727613524 61.93665783553951 47.793353272386476
49.91744390080717 70.11859935140534 52.08255609919283 79.88140064859466
2.091083631267007 79.08330690050221 3.908916368732993 88.91669309949779
26.907224652116394 87.37804217605142 23.092775347883606 96.62195782394858
15.673212348021893 49.39227225415937 8.326787651978107 42.60772774584063
24.37769382601386 83.257171635003 29.62230617398614 74.742828364997
32.52589133779368 59.76788179552014 41.47410866220632 64.23211820447986
30.34223856429614 18.01172647450959 29.65776143570386 27.98827352549041
44.98255616678392 25.104613595817938 47.01744383321608 34.89538640418206
19.07330859066298 89.91337389497899 20.92669140933702 80.08662610502101
91.29814564206082 88.75795626953737 84.70185435793918 81.24204373046263
3.5457994427014756 37.783858352747565 6.454200557298524 28.216141647252435
90.04136467718564 79.96930812060818 95.95863532281436 88.03069187939182
70.76820485266154 88.8458931803119 73.23179514733846 79.1541068196881
42.164642308030515 70.76690340383655 33.835357691969485 65.23309659616345
70.9595903484725 63.36559983028184 61.0404096515275 64.63440016971816
37.09678474314128 86.0822563914151 38.90321525685872 95.9177436085849
55.228367495362264 67.71750274181987 62.771632504637736 74.28249725818013
32.134621722702555 83.07545733725641 33.865378277297445 92.92454266274359
63.67962638810119 52.73833105508408 70.3203736118988 45.26166894491592
95.64361017200892 38.575951969607736 88.35638982799108 45.424048030392264
93.10238115382705 34.14159679738415 84.89761884617295 39.85840320261585
31.1930342660929 50.37589259502441 40.8069657339071 47.62410740497559
65.02448324377598 68.49419936112257 74.97551675622402 67.50580063887743
10.59217956439239 30.36032180167026 19.40782043560761 25.63967819832974
58.28480389852749 26.230376232537445 51.71519610147251 33.769623767462555
73.64158935232615 40.5496415310728 82.35841064767385 45.4503584689272
69.5217201119161 28.02292773322966 70.4782798880839 37.97707226677034
7.682084842903845 73.01011724056681 8.317915157096154 82.98988275943319
87.9254287841515 50.86032045904524 78.0745712158485 49.13967954095476
20.799248629299203 61.00403173677397 21.200751370700797 70.99596826322603
25.197134911684458 20.003887728783994 24.802865088315542 29.996112271216006
16.055249447360104 15.74124353094476 25.944750552639896 14.25875646905524
63.9487893978788 31.909154578791828 62.0512106021212 22.090845421208172
74.51599490588487 31.973303656233035 73.48400509411513 22.026696343766965
77.24742041192827 12.841894496568951 74.75257958807173 3.158105503431049
34.29512158306522 44.69237084643444 43.70487841693478 41.30762915356556
88.00700635667647 29.005264367832673 81.99299364332353 36.99473563216733
24.48958871411395 58.23359068611727 27.51041128588605 67.76640931388273
14.686488052449672 58.744414316477446 21.313511947550328 51.255585683522554
78.65953518660844 57.51799169950829 87.34046481339156 62.48200830049171
51.0880006242303 65.8789322493405 42.9119993757697 60.121067750659506
42.04143850325544 8.357607687621998 51.95856149674456 9.642392312378002
54.122425259588375 57.900334300026365 63.877574740411625 60.099665699973635
15.750725040373673 81.99378233351267 16.249274959626327 72.00621766648733
12.985241962124604 2.6161216611059723 3.0147580378753966 3.3838783388940277
92.55751738178505 53.212595285945866 95.44248261821495 62.787404714054134
10.799650119529497 53.85730049264752 5.200349880470503 62.14269950735248
81.31768404056776 77.52142906420674 72.68231595943224 72.47857093579326
59.32475592220767 78.60992906141296 66.67524407779233 85.39007093858704
92.66723964538578 75.7935646329417 83.33276035461422 72.2064353670583
45.23789225327591 14.190006068748161 38.76210774672409 21.80999393125184
38.19437498923541 5.2783794442140906 29.805625010764583 10.72162055578591
19.727976400065405 40.626726516789034 10.272023599934595 37.373273483210966
2.1767818895100435 68.31778870030126 11.823218110489957 65.68221129969874
7.63603554966921 21.248684099916133 2.3639644503307897 12.751315900083869
9.00290256570129 10.82965554859272 18.99709743429871 11.17034445140728
67.3842010075564 15.077917883815422 76.6157989924436 18.922082116184576
52.93154725132827 94.1754748591361 43.06845274867173 95.8245251408639
40.08070755930135 30.45350068155001 35.91929244069865 39.54649931844999
64.83370906696508 44.27877154173037 55.16629093303491 41.72122845826963
76.45133427925224 53.722803668026415 67.54866572074776 58.277196331973585
58.82518928518434 18.78007345852255 51.17481071481566 25.21992654147745
27.77194403426926 55.94005085074598 26.22805596573074 46.05994914925402
48.04466931203506 42.058653159291325 55.95533068796494 35.941346840708675
34.6845942107555 71.47467370936842 43.3154057892445 76.52532629063158
13.404018653361653 6.968998593537426 22.595981346638347 3.0310014064625737
34.45528857434341 20.02077191584154 33.54471142565659 29.97922808415846
3.9805950553990623 54.90290050249104 2.0194049446009377 45.09709949750896
45.29143716326382 45.05046075817189 46.70856283673618 54.94953924182811
95.99957601977071 5.065112383873465 86.00042398022929 4.934887616126535
