92.02446589605728 11.967098625167662 83.97553410394272 6.032901374832338
73.27455427369318 48.593874661823776 64.72544572630682 43.406125338176224
48.743250317805106 11.581637260133242 39.256749682194894 8.418362739866758
39.98098258886606 19.43567470595978 30.019017411133937 18.56432529404022
13.066562635967788 72.05079835920141 6.933437364032211 79.94920164079859
28.63192799269742 66.43309410813055 37.36807200730258 61.566905891869446
75.1336297909573 87.0017860110867 74.8663702090427 96.9982139889133
63.77646828877743 71.06065824258707 62.22353171122257 80.93934175741293
12.84557249992539 12.002385354269428 13.15442750007461 21.99761464573057
75.13386343689672 61.10398922500439 68.86613656310328 68.8960107749956
79.34671190424385 48.41508133996196 74.65328809575615 39.58491866003804
58.24506572126488 88.99399066801901 57.75493427873512 79.00600933198099
87.8758984956578 95.0901354308474 82.1241015043422 86.9098645691526
56.793798761395976 49.4869450737425 61.206201238604024 40.5130549262575
93.9248570588075 16.136412743080395 84.0751429411925 17.863587256919605
39.67976803126781 42.26154314271132 46.32023196873219 49.73845685728868
31.800867418228403 82.28572559222465 40.19913258177159 87.71427440777535
46.73117147968727 67.18816216836727 41.26882852031273 58.81183783163273
61.73355549736278 2.3895800692407483 52.26644450263722 5.610419930759251
12.142911675350867 56.074007754396064 13.857088324649133 65.92599224560394
57.997199032553084 74.89955039666654 56.002800967446916 65.10044960333346
40.94473888082045 78.74132138813235 31.055261119179544 77.25867861186765
19.31814366476265 62.382888399973105 26.68185633523735 55.617111600026895
73.19538218221498 82.15428384958236 66.80461781778502 89.84571615041764
53.119370842917604 79.99857485708289 52.880629157082396 70.00142514291711
73.24136734147726 72.82987459956757 78.75863265852274 81.17012540043243
57.25512906271793 13.00651332620616 56.74487093728207 22.99348667379384
62.35080919458321 12.720187463155327 65.6491908054168 3.2798125368446733
5.648606180037451 74.81391054584181 8.35139381996255 65.18608945415819
37.21160044602987 2.5608232521546745 46.78839955397013 5.439176747845325
58.27501965248913 57.635408424717205 67.72498034751088 54.364591575282795
60.819989034950254 63.743630502101894 69.18001096504975 58.256369497898106
92.50011573020285 57.02505118450357 93.49988426979715 66.97494881549643
76.1588029840301 33.86386427074224 73.8411970159699 24.13613572925776
88.92445842945418 62.90183505353798 81.07554157054582 69.09816494646202
96.69332325480019 73.78739868428633 91.30667674519981 82.21260131571367
45.43868610256392 78.01928172816237 44.56131389743608 87.98071827183763
28.805064808769444 61.720757016231964 37.194935191230556 56.279242983768036
17.340131057272618 45.283556944797375 20.659868942727382 54.716443055202625
57.161541824184965 95.87358403728759 50.838458175815035 88.12641596271241
21.94812967314665 18.929564277220305 30.05187032685335 13.070435722779695
24.11525394895544 63.469470148930874 19.88474605104456 72.53052985106912
25.00212974776703 73.14592101234825 34.99787025223297 72.85407898765175
18.365955807800063 31.563110613027977 9.634044192199935 36.43688938697203
59.71519610147264 33.769623767462676 66.28480389852736 26.230376232537328
81.04146642586879 75.05450682475518 88.95853357413121 68.94549317524482
84.49477383306174 79.56558403611685 91.50522616693826 72.43441596388315
35.969280615794204 51.55339873643875 26.0307193842058 50.44660126356125
25.980266187851758 81.55621097564212 16.019733812148242 82.44378902435788
41.739578095622676 25.790731988080474 48.260421904377324 18.209268011919526
13.440180330703889 50.788097807590574 10.559819669296111 41.211902192409426
19.263149565465216 12.945407105297388 20.736850434534784 3.054592894702611
3.9866512024117315 16.989953511517815 10.013348797588268 9.010046488482185
45.230840277920805 53.71466364135179 52.769159722079195 60.28533635864821
69.67339465157492 30.28833889800206 66.32660534842508 39.71166110199794
87.07272214460284 36.849666367295285 96.92727785539716 35.150333632704715
38.80805826251289 32.72536685044665 47.19194173748711 27.27463314955335
3.853961549445648 60.51602911513447 8.146038450554352 51.48397088486553
7.2484481836464605 96.68316839699669 10.75155181635354 87.31683160300331
90.26460654781587 52.21287126070981 83.73539345218413 59.78712873929019
58.29047358033885 29.235324234798956 51.70952641966115 36.76467576520104
79.26166819385206 28.596311903998355 88.73833180614794 25.403688096001645
67.86361353625891 9.479396845824237 72.13638646374109 18.520603154175763
85.86151060284108 45.35944202972205 82.13848939715892 54.64055797027795
17.12540701376509 26.174930625492923 8.87459298623491 31.825069374507077
93.40631832083498 94.38287943466551 88.59368167916502 85.61712056533449
47.49201902926077 73.19585178023453 38.50798097073923 68.80414821976547
39.37342026199421 37.10401478701064 48.62657973800579 40.89598521298936
71.26439354826402 5.310898780715814 74.73560645173598 14.689101219284186
90.27835465033877 44.805641098967875 95.72164534966123 53.194358901032125
32.47289710863961 35.31436565168947 37.52710289136039 26.685634348310526
29.797520663708916 3.8558621962920157 24.202479336291084 12.144137803707984
22.34242791851989 32.59087013025651 29.65757208148011 39.40912986974349
3.324292523926819 29.01052764724313 2.675707476073181 38.98947235275687
3.245725715433529 95.99395823698744 2.754274284566471 86.00604176301256
24.273761654272086 45.63176931561145 33.726238345727914 42.36823068438855
23.02392704603082 94.51143275101943 32.97607295396918 95.48856724898057
69.71296613312661 96.66971561291184 60.28703386687339 93.33028438708816
2.241508700072194 53.68056709684609 5.758491299927806 44.31943290315391
52.93847401890913 41.08886301190523 51.06152598109087 50.91113698809477
9.8806062056101 3.8470814350858378 2.1193937943898997 10.152918564914163
82.28619488917377 12.768411223628366 75.71380511082623 5.231588776371635
15.111425219117928 38.95031594671358 24.888574780882074 41.04968405328642
80.68187588048458 41.823126455480065 83.31812411951542 32.176873544519935
22.005404901791692 23.23242161034112 31.994595098208308 22.76757838965888
7.23430645494391 27.941023516950658 8.76569354505609 18.058976483049342
87.06466039068161 3.19848709262236 96.93533960931839 4.80151290737764
35.122133575625966 12.901628866928618 44.877866424374034 15.098371133071382
48.7777585521595 92.5258822240856 39.2222414478405 95.4741177759144
96.69084050434147 28.269099840305774 87.30915949565853 31.730900159694226
