49.86366456160007 15.17365659065939 42.13633543839993 8.82634340934061
64.77784302360573 11.157353501472418 59.222156976394274 2.842646498527582
75.09134311248393 77.62136656041667 78.90865688751607 68.37863343958333
2.0274014375344143 4.5227461492590715 11.972598562465585 3.4772538507409285
9.810625383900334 73.0035875615821 10.189374616099666 82.9964124384179
46.63978604374787 96.8634337842388 37.36021395625213 93.1365662157612
95.21843202327493 78.31581832488772 86.78156797672507 83.68418167511228
44.1273894474739 63.90755469022301 49.8726105525261 72.09244530977699
3.5541198044888054 17.712173676355363 12.445880195511194 22.287826323644637
96.83384004060524 96.2782763636403 87.16615995939476 93.7217236363597
87.63564519493292 17.87371119084434 78.36435480506708 14.126288809155662
50.29438065193991 83.439083207864 41.70561934806009 88.560916792136
47.457548300622385 59.471397449757674 54.542451699377615 66.52860255024233
94.99228621718866 44.27762983569511 85.00771378281134 43.72237016430489
80.09846855705888 2.1359896147535222 71.90153144294112 7.864010385246478
14.795833509986064 35.7455187872002 7.204166490013937 42.2544812127998
76.33599048214334 89.59778979881375 83.66400951785666 96.40221020118625
43.99889751065916 38.001469423339834 36.00110248934084 31.998530576660166
95.359313847763 2.2966217486965075 88.640686152237 9.703378251303493
18.003453820971213 38.814187511633826 27.996546179028787 39.185812488366174
70.8406463681965 36.74774493889385 61.15935363180349 39.25225506110615
7.310782654669526 68.56600817288998 2.6892173453304737 77.43399182711002
42.37300760916683 58.30908958812291 35.62699239083317 65.69091041187708
25.903465949867428 89.02223638925825 16.096534050132572 90.97776361074175
31.554570512128265 80.93701976498764 22.445429487871735 85.06298023501236
34.58771980700163 85.25878224351014 31.412280192998363 94.74121775648986
18.028080454934134 44.529165415907 27.971919545065866 43.470834584093
36.054306580757505 21.441510724784315 31.945693419242495 30.558489275215685
11.505063682465137 65.9754435019991 12.494936317534863 56.024556498000905
95.06923125985087 65.91260313401777 96.93076874014913 56.087396865982235
2.5721972926450807 96.98166486664647 3.4278027073549193 87.01833513335353
76.26698644367707 36.309939871003685 79.73301355632293 45.690060128996315
67.95989069319928 73.63204771300525 58.040109306800716 72.36795228699475
77.76690340383662 50.835357691969534 72.23309659616338 59.164642308030466
80.98515246821627 79.89592529428631 83.01484753178373 70.10407470571369
66.91479257510508 96.91913760868105 57.08520742489492 95.08086239131895
83.01140547605469 55.00857956877657 76.98859452394531 62.99142043122343
44.380980571047076 43.19449350615458 41.619019428952924 52.80550649384542
71.98533984999398 81.61739500779262 62.01466015000602 82.38260499220738
88.47810696980682 77.54912235403017 95.52189303019318 70.45087764596983
73.8865137296214 18.12556174255142 76.1134862703786 27.87443825744858
15.012013844753998 79.34640166725089 24.987986155246002 78.65359833274911
65.51863672565922 90.78248264868351 74.48136327434078 95.21751735131649
2.0289479487860786 9.53725366831867 11.97105205121392 8.46274633168133
59.31005408495274 48.04783132008717 60.68994591504726 57.95216867991283
93.43196731593144 31.36384814090799 86.56803268406856 38.63615185909201
57.66813568868531 84.71352557266155 54.33186431131469 75.28647442733845
10.033724023171706 52.025516568001464 3.9662759768282942 59.974483431998536
7.357226662676185 35.244496329074906 12.642773337323815 26.755503670925094
7.59765707810643 90.37052247364448 16.40234292189357 85.62947752635552
9.241352545149702 45.7026420712717 16.758647454850298 52.2973579287283
29.33305942183562 24.713948356618793 32.66694057816438 15.286051643381208
62.28129611558922 22.803733899180163 67.71870388441079 31.196266100819837
72.26399537805673 30.45806291208836 67.73600462194327 21.54193708791164
95.64804382620439 24.957826055774685 94.35195617379561 15.042173944225315
82.90685672962324 35.928417583318115 89.09314327037676 28.07158241668188
52.20574264856683 2.3330266170859684 55.79425735143317 11.666973382914032
2.503356424103588 35.7707502561681 5.496643575896412 26.2292497438319
18.335662131798486 74.81829914696873 15.664337868201514 65.18170085303127
48.63052101508807 43.01367015935483 49.36947898491193 52.98632984064517
53.59989566932089 56.33403620578474 60.40010433067911 63.66596379421526
54.742203376935784 21.621291268940354 63.257796623064216 16.378708731059646
73.99993377444456 66.97426575882899 64.00006622555544 67.02573424117101
28.354873337464582 75.7074013661282 21.645126662535418 68.2925986338718
37.820401585894295 7.671945576902909 28.179598414105705 10.328054423097091
91.36897887309117 56.0136331270942 90.63102112690883 65.9863668729058
36.3030597088378 70.28572117167097 45.6969402911622 73.71427882832903
51.317684040567755 36.52142906420674 42.682315959432245 31.478570935793254
53.88557388997877 40.00130950494578 54.11442611002123 49.99869049505422
89.52537923682515 89.59541521275557 96.47462076317485 82.40458478724443
17.30532782412475 57.631113312559584 24.69467217587525 64.36888668744041
48.951078726532266 19.697724475476967 39.048921273467734 18.302275524523033
27.148806586987284 51.21075285237824 36.851193413012716 48.78924714762176
23.309988543549046 5.733145273299036 32.690011456450954 2.2668547267009638
17.6191791327992 32.41006400941926 26.3808208672008 27.58993599058074
2.3865289646516246 40.037777384196815 3.6134710353483754 49.962222615803185
87.1793488461201 52.327148240625895 96.8206511538799 49.672851759374105
25.931308660991217 96.82595090049773 16.068691339008783 95.17404909950227
18.919003918958243 9.085182424856505 17.080996081041757 18.914817575143495
73.78280398676856 48.845965578955195 68.21719601323144 57.154034421044805
34.651216762841024 60.58406438135191 27.348783237158976 67.41593561864809
90.8495802460551 22.782801808630925 81.1504197539449 25.217198191369075
71.92582617604086 42.14195776127818 62.07417382395915 43.85804223872182
54.3009786889194 27.635889219991174 61.6990213110806 34.36411078000882
47.91364120580758 78.07472701293628 38.08635879419242 79.92527298706372
41.00600715726434 24.754978599495836 50.99399284273566 25.245021400504164
17.9434326827771 25.9230568931923 26.0565673172229 20.0769431068077
34.98325908023879 56.40881406435891 25.01674091976121 55.59118593564109
59.99998355337937 88.98717557269191 50.00001644662063 89.01282442730809
77.5586723610903 9.946099733621082 68.4413276389097 14.053900266378918
