73.98526336155405 5.383600333611512 64.01473663844595 4.616399666388488
57.188419950554874 41.856712676401926 54.811580049445126 32.143287323598074
89.25688665668456 52.83944582904368 86.74311334331544 43.16055417095632
2.048645127007296 14.30423788426546 11.951354872992704 15.69576211573454
2.9851130252186318 32.00002216225093 3.0148869747813682 41.99997783774907
32.7392731450633 79.45972130153534 37.2607268549367 70.54027869846466
93.92048301225834 66.11792635520754 96.07951698774166 75.88207364479246
50.91714422174066 73.06350406446889 57.08285577825934 80.93649593553111
10.442043006576302 27.703855679822336 15.557956993423698 36.29614432017766
93.60608503123647 79.19822938283626 96.39391496876353 88.80177061716374
77.71523461221665 31.346196613498293 70.28476538778335 24.653803386501707
73.32178534780658 87.5143928506668 64.67821465219342 82.4856071493332
68.92941538073279 79.94607527752825 75.07058461926721 72.05392472247175
86.50675387199631 36.97425376445722 85.49324612800369 27.025746235542787
63.88975343140764 12.044179764234686 54.11024656859236 9.955820235765314
3.3054690949579184 24.788171038399934 8.694530905042082 33.21182896160007
81.16763067591926 88.71617496687306 90.83236932408074 91.28382503312694
9.445258245290725 66.98013504786775 8.554741754709275 57.01986495213226
76.72156614518119 18.64523953778133 67.27843385481881 15.354760462218671
27.300543196218733 77.29767647092615 30.699456803781267 86.70232352907385
52.31337489315348 39.74453559435882 45.68662510684652 32.25546440564118
31.652930179937332 93.16963371408116 22.347069820062668 96.83036628591884
22.082791343654158 36.89267376308035 29.917208656345842 43.10732623691965
96.94791811374873 95.28020395969605 87.05208188625127 96.71979604030395
22.47213558847968 85.65390455326022 17.52786441152032 94.34609544673978
51.91241824948463 81.08395555980141 50.08758175051537 90.91604444019859
36.39491669924048 23.05238407455016 45.60508330075952 26.94761592544984
39.08275681313665 8.886363941845568 30.917243186863352 3.113636058154432
14.809667764673602 87.93400832091399 13.190332235326398 78.06599167908601
62.01701679389917 37.58783696464015 71.98298320610084 38.41216303535985
18.23170928746953 76.28633307895846 25.76829071253047 69.71366692104154
64.23730509719114 60.00563454572584 63.76269490280885 69.99436545427416
89.97494881549643 63.50011573020279 80.02505118450357 64.4998842697972
81.16464230803052 38.766903403836544 72.83535769196948 33.233096596163456
96.64531876347768 61.84959822277224 87.35468123652232 58.15040177722776
74.6162931111283 93.92089508098424 65.3837068888717 90.07910491901576
59.371682840313966 69.42660032632166 50.628317159686034 64.57339967367834
37.04240138421869 47.10986714350428 34.95759861578131 56.89013285649572
68.93302290447471 73.18434993782385 59.066977095525296 74.81565006217615
87.89348750775935 68.00113461983655 88.10651249224065 77.99886538016345
62.886513729621406 18.12556174255142 65.1134862703786 27.87443825744858
9.938584058475177 87.08018759401521 2.061415941524823 80.91981240598479
82.92070588453299 81.10874430056485 91.07929411546701 86.89125569943515
4.413523912965845 9.483846907820746 11.586476087034155 2.5161530921792536
91.33311255622941 3.505178247840725 82.66688744377059 8.494821752159275
93.73838485194366 29.3119281035235 90.26161514805634 38.6880718964765
45.7381042584915 93.9452201269101 44.2618957415085 84.0547798730899
35.90540926595225 86.12128386509967 38.09459073404775 95.87871613490033
11.418507498261578 74.34025457756336 2.5814925017384223 69.65974542243664
39.91936549205932 81.88936359993056 48.08063450794068 76.11063640006944
37.67218029940684 61.606610566314515 30.327819700593157 68.39338943368548
19.083321212401 15.091006215877128 28.916678787599 16.90899378412287
71.71692315219265 43.42022235148519 80.28307684780735 48.57977764851481
56.60133857704575 22.531518999117612 49.39866142295425 29.468481000882388
91.0927200115926 12.067889264594836 96.9072799884074 3.932110735405164
75.33161740095746 63.72831402830254 68.66838259904254 56.27168597169746
35.891275810087876 28.03702504774434 26.10872418991212 25.96297495225566
26.79614367977471 47.413154557349316 17.20385632022529 44.586845442650684
12.768419416688037 92.50405327916019 3.231580583311964 89.49594672083981
60.970397672616784 57.45672568987146 51.029602327383216 58.54327431012854
24.55111358823441 30.71802504500871 33.448886411765585 35.28197495499129
74.24838743569994 10.694640236315275 81.75161256430006 17.305359763684727
44.5205897892951 63.23682808491112 41.4794102107049 72.76317191508888
14.694200361362421 48.278232603577095 5.305799638637579 51.721767396422905
47.34761493778501 8.469462361071464 38.65238506221499 3.5305376389285357
69.59480442132435 51.634782903491406 78.40519557867565 56.365217096508594
32.87152379480573 46.90679207761632 27.128476205194264 55.09320792238368
67.65125035642636 42.28053262958606 64.34874964357364 51.71946737041394
41.234543648505 45.005504101819085 40.765456351495 54.994495898180915
93.4531578349095 50.754711275808255 96.5468421650905 41.245288724191745
23.09418424519322 60.8788073171187 20.90581575480678 51.1211926828813
42.999205360196896 14.089139029490948 33.000794639803104 13.910860970509052
39.27581660122724 30.807289085823957 44.72418339877276 39.19271091417604
17.340950410734912 5.814733293012732 26.659049589265088 2.185266706987268
18.938940953507053 64.60874255939873 15.061059046492945 55.39125744060127
3.761963064875385 46.65311947271878 12.238036935124615 41.34688052728122
51.55142733777445 95.62040696515606 58.44857266222555 88.37959303484394
80.68710761065965 70.78343117111378 75.31289238934035 79.21656882888622
22.023788320409103 8.512847744639146 31.976211679590897 9.487152255360854
53.486279569212066 44.67782351172013 58.513720430787934 53.32217648827987
2.0362846058484365 20.39872677935668 11.963715394151563 21.60127322064332
96.78989761640952 24.937211941530418 95.21010238359048 15.062788058469582
47.01035408986841 43.00001072072919 46.98964591013159 52.99998927927081
59.986021976931134 5.37361055333026 50.013978023068866 4.62638944666974
3.9252729870638032 63.913641205807565 2.0747270129361968 54.086358794192435
28.370354879853025 21.888487771074868 37.629645120146975 18.111512228925132
44.38985751028115 19.93561003936457 53.61014248971885 16.06438996063543
20.76654965705722 20.32246835295035 17.23345034294278 29.67753164704965
66.93641927641487 95.20516371029014 57.06358072358513 96.79483628970986
85.71033205533782 15.55506797541442 90.28966794466218 24.44493202458558
