62.99987811716357 3.0349115096907293 53.00012188283643 2.9650884903092707
58.01372448684989 42.57656133915641 53.98627551315011 33.42343866084359
77.76397912847528 45.166583657788834 72.23602087152472 36.833416342211166
2.00000000109004 23.000104404976135 11.99999999890996 22.999895595023865
2.1171021519162454 35.07856815653726 3.8828978480837546 44.92143184346274
33.92308530378795 68.999408377949 34.07691469621205 59.000591622051004
93.33355445863914 68.2858766183225 96.66644554136086 77.7141233816775
46.6162632288449 72.19528642392147 49.3837367711551 81.80471357607853
14.72454044207235 36.40761778116631 23.27545955792765 41.59238221883369
91.11872390627155 76.91365100955524 96.88127609372845 85.08634899044476
81.2797430326087 30.77402777414987 74.7202569673913 23.22597222585013
64.59599882095864 73.96895780496861 55.404001179041366 70.03104219503139
69.9700223702709 84.89276466655178 72.0299776297291 75.10723533344822
84.99630293153953 29.002770133600933 79.00369706846047 20.997229866399067
68.88975343140764 12.044179764234686 59.11024656859236 9.955820235765314
8.946837500351625 34.00028263312503 9.053162499648375 43.99971736687497
76.2414434808883 87.46502773496734 85.7585565191117 90.53497226503266
10.636835883617234 72.72448603449126 7.363164116382767 63.275513965508736
81.77610792648161 17.479457020193408 72.22389207351839 14.520542979806592
28.057071795276926 62.08971626066907 29.942928204723074 71.91028373933092
54.997199032553084 51.899550396666534 53.002800967446916 42.100449603333466
25.984766571519128 90.60999714428554 16.015233428480872 91.39000285571446
20.779446186121454 34.31915582247769 29.220553813878546 39.68084417752231
76.97507822224945 94.4985947076527 67.02492177775055 93.5014052923473
33.223134388466576 78.32322284510812 24.776865611533427 83.67677715489188
44.74932160858552 82.15894602785211 47.25067839141448 91.84105397214789
33.900480938306636 21.13749349995275 42.099519061693364 26.86250650004725
41.92610091985708 12.096083262300516 34.07389908014292 5.903916737699484
24.7234341297698 76.94738749845655 23.2765658702302 67.05261250154345
60.45849551215426 28.90841280677162 69.54150448784574 33.09158719322838
13.093397974624425 64.96190257540995 22.906602025375577 63.03809742459004
63.786235295349925 58.51678175498387 68.21376470465007 67.48321824501613
81.73099353624237 55.67138358585467 74.26900646375763 62.32861641414533
84.7963989947073 40.25382154903821 77.2036010052927 33.74617845096179
95.78884503001302 57.4376937359951 86.21115496998698 54.5623062640049
70.93008519150905 89.83322266199563 61.06991480849094 88.16677733800437
51.99918668805288 67.09018014190997 42.00081331194712 66.90981985809003
38.56711692177647 53.018774022332686 39.43288307822353 62.981225977667314
82.96895019399284 67.44364222876052 73.03104980600716 68.55635777123948
87.41659471060679 71.01738534029627 86.58340528939321 80.98261465970373
67.2292497505355 18.059762753374045 68.7707502494645 27.940237246625955
11.601591272911229 91.95585218180393 2.3984087270887713 88.04414781819607
88.64931921996323 85.18588934169152 91.35068078003677 94.81411065830848
2.821360705126407 12.500392296548457 7.178639294873593 3.4996077034515434
87.83117270987428 2.711679291726634 78.16882729012572 5.288320708273366
88.61756540859166 43.54844665193176 81.38243459140834 50.45155334806824
39.868162333094 96.99826158074833 40.131837666906 87.00173841925167
32.334782642553506 86.044448984487 33.665217357446494 95.955551015513
17.54121551451851 86.52984315228501 10.458784485481493 79.47015684771499
35.75348762859275 82.46689849505383 40.24651237140725 73.53310150494617
35.36245316818115 50.299471836103855 28.637546831818856 57.700528163896145
2.0545928947025995 17.263149565465294 11.9454071052974 18.736850434534706
69.85756021294986 47.11090342306028 76.14243978705014 54.88909657693972
58.83451490114476 22.79118472440391 51.16548509885524 29.20881527559609
95.08427379736726 11.91542933239934 96.91572620263274 2.0845706676006603
70.01644404387092 60.5753637470629 65.98355595612908 51.4246362529371
37.45620779586229 29.267644610624902 28.543792204137713 24.732355389375098
18.509814323708632 44.840931968262126 9.49018567629137 49.159068031737874
11.998272204306353 96.13143428646481 2.0017277956936477 95.86856571353519
53.99883328488337 61.89199171354864 44.00116671511663 62.10800828645136
23.55111358823441 30.71802504500871 32.448886411765585 35.28197495499129
91.07867162455767 13.085617635490213 92.92132837544233 22.914382364509787
43.192420624799574 42.06564942948407 44.807579375200426 51.93435057051593
11.731622184316395 59.61609142838051 2.268377815683605 56.38390857161949
44.065669142557255 7.910383896199561 35.934330857442745 2.089616103800439
84.4770556902963 58.868574474367236 93.5229443097037 63.131425525632764
33.53867699261748 45.467611977440804 26.461323007382514 52.532388022559196
64.65125035642636 39.28053262958606 61.34874964357364 48.71946737041394
46.51218073281706 30.2264904076561 49.48781926718294 39.7735095923439
92.30230479150919 49.951082850856864 93.69769520849081 40.048917149143136
20.178098069966584 54.12757428731133 25.821901930033416 45.87242571268867
35.89112796935693 13.962277885282207 26.10887203064307 16.037722114717795
37.82432482734806 37.00308712966559 38.17567517265194 46.99691287033441
10.242600822066045 9.298780292420403 17.757399177933955 2.701219707579596
19.09860259882102 81.53826697454234 14.901397401178981 72.46173302545766
5.091072870453756 53.050034507571525 14.908927129546244 54.949965492428475
57.82539966772497 84.75185611283898 66.17460033227502 79.24814388716102
82.38642897877115 73.60625936936631 77.61357102122885 82.39374063063369
19.229027446646615 9.49593478973807 28.770972553353385 6.504065210261929
57.89688331491456 56.00106341816012 58.10311668508544 65.99893658183989
5.394303882724424 27.053833697930035 14.605696117275576 30.946166302069965
94.3118817753736 35.95242297354911 95.6881182246264 26.047577026450888
48.48765617336382 45.02631888805607 49.51234382663618 54.97368111194393
85.65892337549589 13.81505729420808 76.34107662450411 10.18494270579192
5.096192940819476 80.87835638678618 2.9038070591805245 71.12164361321382
43.964741667142086 15.95240413681812 52.035258332857914 10.04759586318188
46.49747755266336 20.17423356869258 55.50252244733664 15.825766431307422
17.764150829882453 15.155139132160784 20.235849170117547 24.844860867839216
62.9938024283582 96.24887206858892 53.0061975716418 95.75112793141108
87.35122991979817 21.279665560298586 90.64877008020183 30.720334439701414
