96.1742364492306 12.752408048584845 87.8257635507694 7.2475919514151546
79.55645701534512 39.29703706391889 74.44354298465488 30.702962936081107
45.898593901794456 2.998112887944882 36.101406098205544 5.001887112055118
45.85145337247263 19.790289218563405 36.14854662752737 22.209710781436595
13.525227341957958 90.87342587629867 4.474772658042042 95.12657412370133
36.063187772088625 72.7923919650935 45.936812227911375 71.2076080349065
70.31117845873776 87.56621446934264 65.68882154126224 96.43378553065736
64.85158578092125 76.20882471583289 73.14841421907875 81.79117528416711
14.194564652372234 14.003786974512868 13.805435347627766 23.99621302548713
61.13386343689672 61.10398922500439 54.86613656310328 68.8960107749956
81.86728293354957 34.096179754231414 76.13271706645043 25.903820245768586
44.10854000108633 60.87556551242946 41.89145999891367 51.12443448757054
75.46423152376997 88.75829961093436 78.53576847623003 79.24170038906564
65.33687108929503 52.23175429402126 70.66312891070497 43.76824570597874
96.14254381001993 18.79988049424712 87.85745618998007 13.20011950575288
24.68280768002708 44.56935447679929 29.31719231997292 53.43064552320071
45.297912024449786 93.29989157105022 54.702087975550214 96.70010842894978
34.99889751065916 66.00146942333983 27.001102489340838 59.998530576660166
65.60968757846184 2.063306831484512 56.390312421538155 5.936693168515488
9.879388999828047 54.07793996511812 8.120611000171953 63.92206003488188
53.85835617251597 57.1801081186035 46.14164382748403 50.8198918813965
31.748882683643437 87.68416581248488 28.251117316356563 78.31583418751512
21.35401316248402 62.9580944934275 22.64598683751598 53.0419055065725
67.55443917643203 83.7017630947202 62.44556082356797 92.2982369052798
49.29374587216736 68.99136387799814 48.70625412783264 59.00863612200186
68.38858310361847 66.73614003591896 73.61141689638153 75.26385996408104
31.494321472553548 5.673156448738436 36.50567852744645 14.326843551261565
54.768476307761624 22.84596217437317 57.231523692238376 13.15403782562683
11.895654766932857 84.91912619664005 10.104345233067143 75.08087380335995
49.71465466820749 15.008148836190703 50.28534533179251 24.991851163809297
85.01274460679302 47.356768332294145 94.98725539320698 46.643231667705855
65.00818906511847 59.28604823089325 74.99181093488153 58.71395176910675
89.28452359162915 65.00810193154884 88.71547640837085 74.99189806845116
71.98835065748385 25.901342976965726 70.01164934251615 16.098657023034274
82.43769373599517 64.21115496998699 79.56230626400483 73.78884503001301
96.91913760868114 82.08520742489493 95.08086239131886 91.91479257510507
61.502527129082594 71.6713330033132 56.497472870917406 80.3286669966868
20.300543566535975 70.70736909599934 29.699456433464025 67.29263090400066
14.704459457676034 61.008742063583284 15.295540542323966 70.99125793641672
55.51669302333123 91.33972193344553 60.48330697666877 82.66027806655447
30.06918790092771 28.947161718095543 23.93081209907229 21.052838281904457
20.220184857499245 76.06118553258715 21.779815142500755 85.93881446741285
44.342420294068845 82.1814975163893 53.657579705931155 85.8185024836107
12.999473334841078 34.072569788569545 3.0005266651589224 33.927430211430455
56.881492961365105 32.52900959672801 61.118507038634895 23.47099040327199
87.88703092303084 81.84314708938798 96.11296907696916 76.15685291061202
84.3866944409096 94.26270267023483 89.6133055590904 85.73729732976517
20.077937725621744 45.89316848903602 11.922062274378257 40.10683151096398
28.937177352299905 93.20988621582906 19.062822647700095 94.79011378417094
42.87385889507125 15.902209860076063 49.12614110492875 8.097790139923937
14.990952727772886 54.00676949427191 9.009047272227114 45.99323050572809
18.17695253655593 22.931794082574644 19.82304746344407 13.068205917425356
3.090845421208188 11.948789397878889 12.909154578791812 10.051210602121111
35.282412560158996 57.80301078071216 40.717587439841004 66.19698921928784
65.52537657867019 20.022577714526808 66.47462342132981 29.977422285473192
77.01089996858072 54.329971023715785 86.98910003141928 53.670028976284215
51.06316937481864 49.046606711677924 56.93683062518136 40.953393288322076
3.918273735718886 65.9149540533243 2.081726264281114 56.085045946675706
16.996300968038707 84.8997330928414 15.003699031961293 75.1002669071586
93.72079657341465 56.35255357828047 84.27920342658535 59.64744642171953
58.926238637085426 47.00054410347076 59.073761362914574 56.99945589652924
90.91714231748772 21.454485301486798 95.08285768251228 30.545514698513202
82.23597734194914 15.005571634902887 81.76402265805086 24.994428365097114
79.7127696143202 59.79989511802133 74.2872303856798 68.20010488197866
20.716018936408055 26.33892643406722 11.283981063591945 29.66107356593278
83.37056052115896 80.96022236824886 84.62943947884104 71.03977763175114
51.72903880109371 74.37636456747514 42.27096119890629 77.62363543252486
33.37342026199421 43.10401478701064 42.62657973800579 46.89598521298936
61.11498305951131 10.066118891652588 70.88501694048868 7.9338811083474114
95.78399725634895 61.06184768339034 94.21600274365105 70.93815231660966
41.98803256352909 38.98397675739893 50.01196743647091 33.01602324260107
27.455884578473643 4.731720338379597 18.544115421526357 9.268279661620403
20.59087013025648 39.65757208148008 27.40912986974352 32.34242791851992
9.015536870864029 18.104217645369058 6.984463129135971 27.895782354630942
4.2457257154335295 81.99395823698744 3.754274284566471 72.00604176301256
27.273761654272086 40.63176931561145 36.726238345727914 37.36823068438855
33.056316215237324 95.25167477907358 42.943683784762676 96.74832522092642
80.94497242960955 96.73976190115569 71.05502757039045 95.26023809884431
2.0792304894970526 50.61634536051217 5.920769510502947 41.38365463948783
70.87573081261745 34.84109027224143 63.12426918738255 41.15890972775857
12.849504585881178 2.7825004018409634 3.1504954141188213 5.217499598159037
75.09508329110558 18.999095835023823 74.90491670889442 9.000904164976177
32.36021195691955 33.86342880606899 41.63978804308045 30.13657119393101
89.75757596163956 35.94227464456862 88.24242403836044 26.05772535543138
35.162871958039325 27.265777352332424 44.837128041960675 24.734222647667576
2.3206558244135405 25.953634170091362 3.6793441755864595 16.046365829908638
86.02077191584154 2.544711425656594 95.97922808415846 3.455288574343406
28.105121706268665 12.08073248954598 29.894878293731335 21.91926751045402
44.82629403919986 88.6935215856418 35.17370596080014 91.3064784143582
96.39375726479648 35.32815964022929 89.60624273520352 42.67184035977071
