45.750551903821275 10.30656323344082 38.249448096178725 3.69343676655918
61.92124038150632 12.057875630604862 56.07875961849368 3.942124369395138
67.77362226959949 79.47696796968401 72.22637773040051 70.52303203031599
5.332135283928843 5.791937217777994 14.667864716071158 2.2080627822220062
10.375879974344402 65.03910550469216 11.624120025655598 74.96089449530784
46.940050022500735 96.77194933460072 37.059949977499265 95.22805066539928
94.21843202327493 75.31581832488772 85.78156797672507 80.68418167511228
43.27196364580089 63.809795034826095 48.72803635419911 72.1902049651739
5.308442829399411 16.2710432871277 14.69155717060059 19.7289567128723
88.70403669396468 91.69470905521679 79.29596330603532 88.30529094478321
86.45470047489403 18.270604254153287 77.54529952510597 13.729395745846713
47.855476249535656 85.80653848399074 38.144523750464344 88.19346151600926
47.77856637496158 60.17607983876862 54.22143362503842 67.82392016123137
89.93591773085691 40.797944956881295 80.06408226914309 39.202055043118705
72.85261955272162 3.7949757361182357 63.14738044727838 6.205024263881764
17.430645523200695 36.682807680027054 8.569354476799303 41.317192319972946
73.33599048214334 88.59778979881375 80.66400951785666 95.40221020118625
44.80384901742978 37.13985877626979 39.19615098257022 28.860141223730206
95.48651348160205 3.4161161092179397 88.51348651839795 10.58388389078206
22.07400775439606 34.85708832464913 31.92599224560394 33.14291167535087
66.93136746729465 39.17440027706642 57.06863253270536 40.82559972293358
5.588703946199861 71.25911192166183 2.4112960538001387 80.74088807833817
40.242141948318405 60.19362172308713 33.757858051681595 67.80637827691287
24.970024495257164 90.45332229189057 15.029975504742836 91.54667770810943
30.269207387493203 81.39733438902086 21.730792612506797 86.60266561097914
29.13214608464573 87.00174656381724 28.86785391535427 96.99825343618276
20.002821242316557 39.83205815364429 29.997178757683443 40.16794184635571
35.95717826592433 20.96823900714033 30.042821734075673 29.03176099285967
10.902398829985213 58.87803973657269 13.097601170014787 49.12196026342731
94.58783696464006 62.982983206100826 95.41216303535994 53.017016793899174
2.4625310841793873 92.757750448782 5.537468915820613 83.242249551218
74.94404592135261 48.44225353639618 79.05595407864739 57.55774646360382
63.483894175910116 80.21239531260562 54.516105824089884 75.78760468739438
70.9810719964848 48.98587372498396 65.0189280035152 57.01412627501604
75.15663601457601 79.92836049696953 76.84336398542399 70.07163950303047
62.999732403182925 96.05172906883627 53.000267596817075 95.94827093116373
84.72564242915533 56.80823744131562 79.27435757084467 65.19176255868439
41.7945530107946 43.333140296575436 38.2054469892054 52.666859703424564
69.94363330900933 85.74865860447436 60.05636669099067 84.25134139552564
86.76999404446954 74.66590502759885 95.23000595553046 69.33409497240115
75.74986740861442 18.00626055077693 76.25013259138558 27.99373944922307
19.1930342660929 80.37589259502441 28.8069657339071 77.62410740497559
62.115286365861294 90.932492289274 71.8847136341387 93.067507710726
4.112338192386647 11.053926968246744 13.887661807613352 8.946073031753256
61.62755991950923 64.19204739775209 64.37244008049078 73.80795260224791
94.73581916017751 29.676800457021784 87.26418083982249 36.323199542978216
53.91253643482012 85.61976237327046 50.08746356517988 76.38023762672954
9.601658320119437 45.730178693978715 4.398341679880564 54.269821306021285
6.462564923074169 33.757761383701165 9.537435076925831 24.24223861629883
7.727753896532904 89.5976745815075 16.272246103467097 84.4023254184925
15.079430578529191 43.94164143348944 20.92056942147081 52.05835856651056
27.5398154530702 25.352871695220045 32.460184546929796 16.647128304779955
64.1365047015903 26.901171548358537 69.8634952984097 35.09882845164147
72.10703206134356 29.534359479846113 67.89296793865644 20.465640520153887
93.60309251573574 24.984221548941722 94.39690748426426 15.015778451058278
82.90685672962324 34.928417583318115 89.09314327037676 27.07158241668188
48.872721395569144 4.128732921714061 51.127278604430856 13.871267078285939
2.6707649217656604 31.820076151555217 5.32923507823434 22.179923848444783
17.081661359946057 76.8815989903309 14.91833864005394 67.1184010096691
47.06651427502066 45.00044243445298 46.93348572497934 54.99955756554702
51.07200813195351 54.94699326170636 56.92799186804649 63.05300673829364
60.69464023631524 21.75161256430003 67.30535976368476 14.248387435699971
75.90316058372824 63.020706228870125 66.09683941627176 64.97929377112987
25.08808578857461 73.93239445661337 18.91191421142539 66.06760554338663
37.65517543365768 9.175351627882776 28.34482456634232 12.824648372117224
90.36897887309117 58.0136331270942 89.63102112690883 67.9863668729058
27.716455552193345 70.42099884380313 36.283544447806655 75.57900115619687
56.52101097212541 35.1355233058718 47.47898902787459 30.864476694128196
52.363695292383426 39.04065363993752 53.636304707616574 48.95934636006248
89.78464672525821 87.82903425403943 96.21535327474179 80.17096574596057
18.486705150196347 59.442366053351876 25.513294849803653 66.55763394664812
52.98080952282838 18.43764882874528 43.01919047717162 17.56235117125472
27.037412991901256 45.61051632824155 36.962587008098744 44.38948367175845
24.20051507298617 5.401764757499292 33.79948492701383 2.598235242500708
14.050131381256099 33.065703490989 21.9498686187439 26.934296509011
3.4316388729200686 37.01866605381809 2.5683611270799314 46.98133394618191
87.3444816436551 47.823773240766435 96.6555183563449 44.176226759233565
18.899479370266093 96.99754794387887 9.100520629733907 95.00245205612113
21.2596056147383 8.161261146195246 18.7403943852617 17.838738853804756
63.09870889947812 49.46178218292121 58.90129110052188 58.53821781707879
34.716370400582164 54.80222298748003 29.283629599417836 63.19777701251997
89.63298321769244 22.119716376559055 80.36701678230756 25.880283623440945
67.95277073810665 44.31438931181431 58.04722926189334 45.68561068818569
57.360253896414456 28.571844767016255 64.63974610358555 35.42815523298374
44.95533227787027 82.33315517854825 35.04466772212973 83.66684482145175
42.073092219818065 24.148190323145624 51.926907780181935 25.851809676854376
14.2711976280758 27.331070829497996 21.7288023719242 20.668929170502004
34.94750162766202 49.27734680220616 25.05249837233798 50.72265319779384
52.99899821454852 91.89991578076099 43.00100178545148 92.10008421923901
78.5812755148137 6.510807301538664 71.4187244851863 13.489192698461336
