67.55341615244511 12.065526892260653 58.44658384755489 7.934473107739348
69.66003579752663 7.812199317340773 60.33996420247337 4.187800682659227
87.45233230474237 30.07815267329188 96.54766769525763 25.92184732670812
2.169844895465152 9.214018026583805 9.830155104534848 2.785981973416196
2.952725870630984 71.4383480361588 7.047274129369017 80.5616519638412
47.836866043899526 81.20600358096662 40.163133956100474 74.79399641903338
87.39503296458967 71.01562953253999 86.60496703541033 80.98437046746001
52.20277038460782 79.33417041571842 55.79722961539218 88.66582958428158
30.937541342639495 22.04761502735909 37.06245865736051 29.95238497264091
70.76278818078609 83.70736805783936 63.23721181921392 90.29263194216064
83.99310933608571 35.26241028541916 74.00689066391429 34.73758971458084
47.83390796154018 93.72198050900681 38.16609203845982 96.27801949099319
69.68616664599101 65.0473062547812 68.31383335400899 74.9526937452188
77.82547029695871 46.30951762613917 68.17452970304129 43.69048237386083
78.99289815541027 3.266398216399101 69.00710184458973 2.733601783600899
46.71001762622992 43.321985113116256 37.28998237377008 46.678014886883744
73.03857586120675 96.61989556781747 82.96142413879325 95.38010443218253
53.5422567078929 20.528798296217527 46.4577432921071 13.471201703782473
96.99215015608144 14.28006574073967 87.00784984391856 13.71993425926033
41.463687651625676 38.10282435737905 50.536312348374324 33.89717564262095
63.30841777068127 42.56477651115494 58.69158222931873 51.43522348884506
7.254126308474466 56.15983810163418 4.745873691525534 65.84016189836582
35.740335113972286 69.68188408352181 28.25966488602771 76.31811591647819
20.541702315403892 65.09115759287887 11.458297684596108 60.908842407121135
17.43340924927707 81.63479035529956 10.566590750722929 74.36520964470044
20.7402949522097 85.05510734355812 19.2597050477903 94.94489265644188
27.19859983093293 44.85848372057395 32.80140016906707 53.14151627942605
41.297316433739674 7.241316143143949 34.702683566260326 14.758683856856052
13.809667764673602 94.93400832091399 12.190332235326398 85.06599167908601
95.8491910107893 95.99772514738189 96.1508089892107 86.00227485261811
10.047388085761405 52.88906721142234 7.952611914238595 43.11093278857766
79.32340749783702 59.230965639476445 88.67659250216298 62.769034360523555
64.88593022380078 67.06192553794982 55.114069776199216 64.93807446205018
51.51071881007783 58.43982395989107 44.48928118992217 65.56017604010893
96.40244051388427 81.79928751014315 93.59755948611573 72.20071248985685
50.91774360858489 88.09678474314123 41.08225639141511 89.90321525685877
71.1949416920029 49.27925300685715 62.80505830799711 54.72074699314285
34.01139593922848 63.00857237354875 27.98860406077152 70.99142762645124
82.9948077019195 72.22780698155609 73.0051922980805 71.77219301844391
96.56338519577697 66.74929749853864 93.43661480422303 57.25070250146136
94.37869237479595 18.586071026955462 85.62130762520405 23.413928973044538
22.27480366870464 61.192052594600206 27.72519633129536 52.807947405399794
59.00134223953168 95.88415271384349 68.99865776046832 96.11584728615651
15.073430894114106 13.146233729331819 24.926569105885896 14.853766270668181
73.52858646164188 10.028018870453256 72.47141353835812 19.971981129546744
83.99967357547374 40.94286735863255 74.00032642452626 41.05713264136745
57.68369469785492 70.24985601241335 48.31630530214508 73.75014398758665
3.726487013345627 48.053059873068996 2.273512986654373 57.946940126931004
39.74635101110979 25.993562074354834 40.25364898889021 16.006437925645166
12.186516242864485 70.64708680256545 21.813483757135515 73.35291319743455
6.340263891161754 32.187030227502675 15.659736108838246 35.812969772497325
27.256693407073914 9.314763302463103 34.74330659292609 2.6852366975368978
77.28486972341776 16.696629444010984 80.71513027658224 7.303370555989015
75.45974326441053 25.530804758990985 82.54025673558947 18.469195241009015
83.91711553414065 28.09337172782187 74.08288446585935 29.90662827217813
84.53643915718405 56.25313661425136 93.46356084281595 51.74686338574864
60.2715645797443 35.374608208316744 69.72843542025569 38.625391791683256
32.185957313928576 30.853527733626038 25.814042686071428 23.146472266373962
17.081661359946057 56.8815989903309 14.91833864005394 47.1184010096691
49.259425721956006 23.81798462143865 54.740574278043994 32.18201537856135
57.51700799322754 80.58730632658533 64.48299200677246 73.41269367341467
48.679173410972794 8.262071326842905 55.320826589027206 15.737928673157095
85.25382138847287 67.62773735273727 76.74617861152713 62.37226264726272
29.246809543541353 83.63905450888876 20.753190456458647 78.36094549111124
23.771116696531443 3.5045250025229824 14.228883303468557 6.495474997477018
90.93298428866086 78.00044913072847 91.06701571133914 87.99955086927153
13.906792077616323 41.12847620519427 22.093207922383677 46.87152379480573
65.82315638723226 60.318014591839045 56.17684361276774 57.681985408160955
39.10501519177688 60.08075186709902 40.89498480822312 69.91924813290099
84.9728022780137 89.47919533049168 75.0271977219863 90.52080466950832
17.68037092779332 30.570629732414147 22.31962907220668 39.42937026758585
53.99999964757845 3.0018772893754004 44.00000035242155 2.9981227106245996
34.655222791787786 58.716512535620474 41.344777208212214 51.283487464379526
4.561632006079777 19.788642554426662 7.438367993920223 10.211357445573338
8.307024518824063 21.274896776108317 17.692975481175935 24.725103223891683
13.018666053818084 18.56836112707994 22.981333946181916 19.43163887292006
88.81237471086293 39.852148104117205 95.18762528913707 32.147851895882795
7.081492398969973 93.88163642552067 4.918507601030027 84.11836357447933
45.0046393440966 23.10196980528977 42.9953606559034 32.89803019471023
77.86825865939949 53.859799304866925 68.13174134060051 56.140200695133075
53.55611949782157 37.0197419645378 54.44388050217843 46.9802580354622
96.8041464085345 44.6142953830758 87.1958535914655 47.3857046169242
53.187704607052744 53.73187300657795 44.812295392947256 48.26812699342205
57.200612567909054 27.597901473972865 66.79938743209095 30.402098526027135
35.032418561467026 88.02452044803772 28.967581438532974 95.97547955196228
61.79758603212534 20.29080882132472 70.20241396787466 25.70919117867528
25.915506275053556 33.116094486486574 34.08449372494644 38.883905513513426
12.736333915084245 27.60223002244458 3.263666084915756 24.39776997755542
70.18635436271677 79.26605831266242 61.81364563728322 84.73394168733758
95.95998238199958 5.368672216472472 86.04001761800042 6.631327783527528
