91.95607839008966 3.338723211290272 82.04392160991034 4.661276788709728
74.58767726347645 11.965343435654056 73.41232273652355 2.034656564345944
75.39190084037018 49.26589015019589 80.60809915962982 40.73410984980411
20.060989273778358 3.9549763967123583 25.939010726221642 12.045023603287643
10.399089041581426 28.333094807961206 3.6009109584185732 35.66690519203879
39.631764006049316 57.809150680198925 42.368235993950684 48.190849319801075
91.4819620583879 77.02328295215867 90.5180379416121 86.97671704784133
38.98631508261344 72.010300359837 45.01368491738656 79.989699640163
10.96675085425507 21.0448517248118 19.033249145744932 26.9551482751882
96.76599996084597 75.05902397698755 95.23400003915403 84.94097602301245
80.9241657376573 35.13247951719752 71.0758342623427 36.86752048280248
64.9866322174166 76.36537532514232 55.01336778258341 75.63462467485768
41.000600204311596 85.92252947095359 50.999399795688404 86.07747052904641
86.11603293162075 40.921239906976794 87.88396706837925 31.078760093023202
88.99678700278433 9.179219554752233 79.00321299721567 8.820780445247767
5.494437091722805 8.228558102744717 2.5055629082771946 17.771441897255283
72.007419912148 96.27229408069891 81.992580087852 95.72770591930109
15.963384937453876 47.906311186857906 14.036615062546124 38.093688813142094
86.98254451154212 15.582567142522828 77.01745548845788 16.41743285747717
19.575501668123014 66.01805247255317 20.424498331876986 75.98194752744683
53.997199032553084 59.899550396666534 52.002800967446916 50.100449603333466
14.771069224616365 80.52430255730488 19.228930775383635 89.47569744269512
29.826258510018217 37.13971904981869 32.17374148998178 46.86028095018131
69.71966736260244 92.34932135580986 60.28033263739757 95.65067864419014
9.622306173986292 72.74282836499708 4.377693826013707 81.25717163500292
35.097512548295654 87.92868981865803 40.902487451704346 96.07131018134197
43.00719991982152 32.26823004934142 52.99280008017848 31.73176995065858
43.484018100974446 11.212144134122708 34.515981899025554 6.787855865877292
9.07330859066298 93.91337389497899 10.92669140933702 84.08662610502101
54.264743953825665 42.39458722530017 63.735256046174335 45.60541277469983
2.5721972926450807 75.98166486664647 3.4278027073549193 66.01833513335353
72.26698644367707 62.309939871003685 75.73301355632293 71.69006012899632
95.98936392052207 69.67404345597507 86.01063607947793 70.32595654402493
72.54620770418812 45.081344639981694 63.45379229581187 40.918655360018306
91.59680052274263 63.272777439217215 86.40319947725737 54.727222560782785
91.98394486890236 92.40036676153474 82.01605513109764 91.59963323846526
71.28433259915981 73.57769163783733 62.71566740084019 68.42230836216267
38.46463789348477 47.219326842277496 35.53536210651523 56.780673157722504
77.55382845487739 75.93538226212479 68.44617154512261 80.06461773787521
80.26067721948138 68.81716475292993 85.73932278051862 77.18283524707007
69.79359021826218 9.063380249049096 68.20640978173782 18.936619750950904
5.375892595024327 96.80696573390712 2.6241074049756734 87.19303426609288
77.00008174539748 81.97140896482286 86.99991825460252 82.02859103517714
6.358596238126216 2.1405992580231956 15.641403761873784 5.859400741976804
70.45774305812152 22.735374903484164 61.54225694187848 27.264625096515836
91.95544404930882 49.33398628079459 82.04455595069118 50.66601371920541
30.686185873795637 85.7441468904102 37.31381412620436 78.2558531095898
25.248397667935674 68.05681338260071 26.751602332064326 77.94318661739929
9.944999498360016 61.07196662708748 2.0550005016399844 54.92803337291252
15.517608825214964 96.21543886311701 24.482391174785036 91.78456113688299
23.89732869519812 44.123103856594184 26.10267130480188 53.876896143405816
28.829345480208527 9.242167358858964 37.170654519791476 14.757832641141036
58.12935671900019 51.87002919097375 67.8706432809998 54.12997080902625
68.47809649763654 3.4079470002339316 61.52190350236346 10.592052999766068
93.74362144320602 25.83957776278347 96.25637855679398 16.16042223721653
79.58357578804036 63.48683016095865 72.41642421195964 56.51316983904135
37.99328254683604 32.25909343384689 28.006717453163958 31.74090656615311
22.588173734045085 35.987123998702344 13.411826265954915 32.012876001297656
34.80167278128395 95.24765824311068 27.19832721871605 88.75234175688932
62.329016290654394 59.57555843999873 57.670983709345606 68.42444156000127
35.1120871378504 37.94723798889183 44.8879128621496 40.05276201110817
79.0333202053029 25.57627408144703 88.9666797946971 24.42372591855297
49.4101366271869 59.01684959618518 48.5898633728131 68.98315040381482
17.781685190573935 62.270910747696085 10.218314809426065 55.729089252303915
49.87964576235483 7.0904390097261265 40.12035423764517 4.9095609902738735
81.47418534602518 56.23849922380394 84.52581465397482 65.76150077619606
14.178941678895624 65.0032030383901 13.821058321104376 74.9967969616099
66.00804124886956 32.010751708646445 57.99195875113044 37.989248291353555
45.352049428200694 56.18627354914073 42.647950571799306 65.81372645085926
96.54332756765483 62.75585323773943 93.45667243234517 53.24414676226057
30.591702381420095 79.79757207527956 33.4082976185799 70.20242792472044
49.59800282296083 11.528058801482103 42.40199717703917 18.471941198517897
33.34940440250199 18.760384100118955 38.65059559749801 27.239615899881045
27.065457555226978 3.8064061388242827 36.93454244477302 2.1935938611757173
23.278658319915227 60.8337390187009 20.721341680084773 51.1662609812991
2.2737616542720858 50.63176931561145 11.726238345727914 47.36823068438855
50.04400908632014 80.3380679313384 59.95599091367986 81.6619320686616
72.7943039084051 85.58061631901319 63.20569609159491 88.41938368098681
9.161261146195244 12.740394385261709 18.838738853804756 15.259605614738291
59.33296173577178 14.01109866979594 58.66703826422822 23.988901330204058
20.335018762540344 19.799430480499144 29.664981237459656 16.200569519500856
92.3118817753736 39.95242297354911 93.6881182246264 30.047577026450888
49.706117337340764 36.05011128348255 48.293882662659236 45.94988871651745
60.996023447334565 3.199373302333287 51.003976552665435 2.800626697666713
38.81430046311876 62.64999590711196 29.185699536881238 65.35000409288804
45.16608069646168 24.722023409103453 54.83391930353832 27.277976590896547
50.11609448648654 19.084493724946416 55.88390551351346 10.915506275053584
30.812771485198933 23.765378909106367 23.187228514801067 30.234621090893633
56.7777585521595 90.5258822240856 47.2222414478405 93.4741177759144
94.68926770627898 6.29400652183591 91.31073229372102 15.705993478164089
