64.99850732165241 4.122166097536323 55.00149267834759 3.8778339024636765
68.11027263721786 29.92020174585522 69.88972736278214 20.07979825414478
65.01501180385394 63.61284023416113 74.98498819614606 64.38715976583886
9.589931843465152 17.343302696723857 16.410068156534848 24.656697303276143
2.2031274503204217 70.06390902235715 3.7968725496795783 79.93609097764285
42.947292261082445 68.03899347953961 37.052707738917555 59.96100652046039
95.26176539247108 86.61483378812801 86.73823460752892 81.38516621187199
58.22266613064938 75.72406519609186 65.77733386935063 82.27593480390814
6.101664267919841 35.13097085901275 13.89833573208016 28.869029140987248
96.96070919523503 92.37440885531309 87.03929080476497 93.62559114468691
89.9082754433062 21.046673102950837 80.0917245566938 22.953326897049163
43.2490324362579 74.36452597136146 34.7509675637421 79.63547402863854
59.19592222353541 87.8602961671712 64.8040777764646 96.1397038328288
78.01908051967071 29.57420089798057 73.98091948032929 20.42579910201943
79.41344594405388 2.346455585732929 72.58655405594612 9.65354441426707
13.303301001631759 38.45410124133832 4.69669899836824 43.54589875866168
67.73952354725932 91.4598482268576 72.26047645274068 82.5401517731424
33.88451939154449 56.8739822539849 36.11548060845551 47.1260177460151
96.66930132653556 6.603497714547455 89.33069867346444 13.396502285452545
14.930622649068694 15.052985599520833 21.069377350931305 22.947014400479166
81.78226943998516 59.9952570908048 82.21773056001484 50.0047429091952
13.750326532756223 69.15868651859158 16.249673467243777 78.84131348140842
46.58016726912789 43.256259766642266 43.41983273087211 52.743740233357734
58.22738069247022 82.32993399315112 49.77261930752978 87.67006600684888
23.745260252027634 89.42440324304515 14.254739747972366 92.57559675695485
47.04294054627139 95.34611807472619 56.95705945372861 96.65388192527381
36.00282124231656 34.83205815364429 45.99717875768344 35.16794184635571
33.99879303080925 8.10985551935523 24.001206969190743 7.8901444806447705
14.216853558009099 85.48169167863458 9.783146441990901 76.51830832136542
75.07458227291816 72.09694941319869 82.92541772708184 65.90305058680131
9.015465064599713 71.98835435288524 2.984534935400288 64.01164564711476
88.97559498692672 63.00005956082106 89.02440501307328 72.99994043917894
69.94196889977637 68.24043210070258 60.05803110022362 69.75956789929742
80.12553063099026 34.1751111503705 71.87446936900974 39.8248888496295
92.38528394086441 79.40193354570785 83.61471605913559 74.59806645429215
79.99806812298722 96.13897855222652 70.00193187701278 95.86102144777348
64.69946051291753 58.292642132554235 55.300539487082474 61.707357867445765
30.577681401148826 51.71566124189842 25.422318598851174 60.28433875810158
83.10496057949364 90.91908405112605 76.89503942050636 83.08091594887395
68.05137601183955 77.71492700592643 77.94862398816045 76.28507299407357
60.74986740861443 21.00626055077693 61.25013259138557 30.99373944922307
2.3483801349931093 96.23897535868055 7.651619865006891 87.76102464131945
44.00008174539748 78.97140896482286 53.99991825460252 79.02859103517714
21.45409106058916 16.474871662845977 28.54590893941084 23.525128337154023
68.72820618361908 43.80990560730875 63.27179381638092 52.19009439269125
96.40712686965811 40.20208441375985 93.59287313034189 49.79791558624015
27.750143987586743 88.68369469785489 24.249856012413257 79.31630530214511
12.67779674365283 51.612698550117415 5.32220325634717 58.387301449882585
2.811032284452188 51.729935801094626 11.188967715547811 46.270064198905374
15.06573636434781 96.8081103723381 24.93426363565219 95.1918896276619
25.413143703366384 39.03455946696555 26.586856296633616 48.96544053303445
24.042486290891365 13.349571046154969 33.95751370910864 14.650428953845031
86.09084542120819 36.94878939787889 95.90915457879181 35.05121060212111
59.8498573983558 10.216093423883837 50.1501426016442 7.783906576116162
96.16272771307696 25.862927540612016 93.83727228692304 16.137072459387984
87.86983546852336 49.523538335069006 92.13016453147664 40.476461664930994
69.29159343772677 6.169701210937243 66.70840656227323 15.830298789062757
9.447004988210438 23.62189958602559 2.5529950117895615 16.37810041397441
24.980388726839806 74.9736720082557 33.019611273160194 69.0263279917443
54.025594311732405 47.09586566714657 55.974405688267595 56.90413433285343
42.59989566932089 58.33403620578474 49.40010433067911 65.66596379421526
71.00011093941133 15.966692616347546 80.99988906058867 16.033307383652456
78.1846236323593 50.14235995058755 75.8153763676407 59.85764004941245
25.98204068561108 66.42340359813763 16.01795931438892 65.57659640186237
36.94382437067941 3.747395873601373 27.05617562932059 2.252604126398627
87.4770556902963 54.868574474367236 96.5229443097037 59.131425525632764
19.050438590821727 47.39573998216404 22.949561409178273 56.60426001783596
53.06378379701298 33.11447402696366 50.93621620298702 42.88552597303634
56.02136354035467 40.40815965428215 59.97863645964533 49.59184034571785
96.78034728723613 79.93873041492479 95.21965271276387 70.06126958507521
9.0335459021608 60.57821595797436 18.9664540978392 59.42178404202564
39.99688826643425 19.176373616994603 30.003111733565753 18.823626383005397
33.10950713776052 30.040711085933392 42.89049286223948 27.959288914066608
13.200515072986171 5.401764757499292 22.79948492701383 2.598235242500708
18.26342127747496 36.18463103456245 23.73657872252504 27.815368965437546
3.344636867600429 23.01189159806139 2.655363132399571 32.98810840193861
70.55142733777444 48.620406965156064 77.44857266222556 41.379593034843936
40.549506569685995 96.07412390478099 31.450493430314005 91.92587609521901
3.394298142768321 3.732645101328063 8.60570185723168 12.267354898671936
72.33385178153529 33.27368381658856 65.66614821846471 40.72631618341144
29.038860186616628 35.40065976118719 32.961139813383376 44.59934023881281
92.57090341863217 31.026534464926932 83.42909658136783 26.973465535073068
49.53293856479766 48.02848348226103 48.46706143520234 57.97151651773897
41.81455922610275 5.142559298191908 44.18544077389725 14.857440701808091
31.61149087240817 61.32331591073875 38.38850912759183 68.67668408926126
50.239589541807035 12.470787042453843 59.760410458192965 15.529212957546157
34.266066254791355 25.60930770705135 43.733933745208645 22.39069229294865
56.99992676837632 28.972938756977463 47.00007323162368 29.027061243022537
46.562496098964786 83.95460777675011 37.437503901035214 88.04539222324989
92.65991769352271 2.187497009769662 83.34008230647729 5.812502990230338
