84.8076881620607 9.240603471655053 77.1923118379393 2.759396528344947
78.70486412164729 45.20520036186449 73.29513587835271 36.79479963813551
32.968439795055595 4.5608974976838 23.03156020494441 3.4391025023162003
42.999236652574005 22.912633578758033 33.000763347425995 23.087366421241967
20.56241833215825 82.70651513441362 15.437581667841751 91.29348486558638
36.003417733305284 70.184839530815 45.996582266694716 69.815160469185
69.83506079334023 86.34891927776506 66.16493920665977 95.65108072223494
67.38492212262273 71.03797629945593 68.61507787737727 80.96202370054407
13.59353451939852 21.617201363207123 18.40646548060148 30.382798636792877
71.1844147825813 62.26309062493565 62.81558521741871 67.73690937506436
81.0330149264212 38.56802477105243 76.9669850735788 29.43197522894757
58.023280814140314 74.89416963083752 55.976719185859686 65.10583036916248
74.70556169428178 91.94996794894293 73.29443830571822 82.05003205105707
63.48617949050208 49.322118282281 68.51382050949792 40.677881717719
91.87078524863698 21.129358694862024 82.12921475136302 18.870641305137976
40.68280768002708 56.56935447679929 45.31719231997292 65.43064552320071
47.4639791016726 91.89654702692523 56.5360208983274 96.10345297307477
37.45934496768433 61.26146909313137 28.54065503231567 56.73853090686863
58.811351191095326 2.639522247169917 49.188648808904674 5.360477752830083
7.584888919755901 86.72000592611121 2.415111080244099 95.27999407388879
60.37822140722019 63.68613891813633 53.62177859277981 56.31386108186367
36.6668663547607 82.71397460274945 33.3331336452393 73.28602539725055
23.137583192105776 65.99810672807715 22.862416807894224 56.00189327192286
65.17010273417438 86.49548514009234 60.82989726582562 95.50451485990766
53.46776301731995 78.97807169088873 52.53223698268005 69.02192830911127
71.95719398898005 70.03246530206718 78.04280601101995 77.96753469793282
36.39874749372702 11.531429633687305 43.60125250627298 18.468570366312697
57.18708167025665 24.65975612341253 60.81291832974335 15.340243876587468
8.853338716471814 81.99784858393228 9.146661283528186 72.00215141606772
44.33033388242142 8.772366758971055 49.66966611757858 17.227633241028947
69.04978021107671 51.703792612459274 78.95021978892329 50.296207387540726
66.37327822980737 58.89563858929531 75.62672177019263 55.10436141070469
91.00922748908519 65.99309598468389 96.99077251091481 74.00690401531611
74.81669417790522 25.932850151765784 73.18330582209478 16.067149848234216
87.32503396191603 67.57346443864537 82.67496603808397 76.42653556135463
96.15986067530433 85.49056523904892 91.84013932469567 94.50943476095108
57.194478553071285 80.50730995058527 52.805521446928715 89.49269004941473
25.005073875425502 70.00675327541057 32.9949261245745 63.99324672458943
16.01268679321536 48.09844793644823 17.98731320678464 57.90155206355177
59.80908160278787 86.85610063437545 62.19091839721213 77.14389936562455
29.862307547841212 28.640238204796567 26.137692452158788 19.359761795203433
28.264062955902016 79.00697779342808 27.735937044097984 88.99302220657192
40.870867811204626 81.18037815169234 49.129132188795374 86.81962184830766
22.85501250670893 45.19534662742648 13.144987493291069 42.80465337257352
63.47141353835828 28.971981129546762 64.52858646164172 19.028018870453238
82.65488541579157 82.4738591815419 91.34511458420843 77.5261408184581
90.02511984020371 87.01871721260036 95.97488015979629 78.98128278739964
30.79768939522164 52.407897889400296 21.20231060477836 49.592102110599704
25.695706681128936 93.28234498085294 16.304293318871064 96.71765501914706
37.8210139689184 7.745191387139494 46.1789860310816 2.254808612860506
13.932783377966395 64.61132827001687 10.067216622033605 55.38867172998313
18.169560451869035 18.65290135943565 21.830439548130965 9.34709864056435
2.002861898455066 18.169147255632172 11.997138101544934 17.830852744367828
44.892967938656554 53.46564052015383 49.107032061343446 62.53435947984617
69.52537657867019 19.022577714526808 70.47462342132981 28.977422285473192
83.0004680077211 47.06840948895976 92.9995319922789 46.93159051104024
50.78804633178103 37.83188643271362 57.21195366821897 30.168113567286383
2.01023438711976 73.90105744014083 3.98976561288024 64.09894255985917
14.520224037065562 81.9769282720761 15.479775962934438 72.0230717279239
84.06192951401623 61.04720508359004 77.93807048598377 68.95279491640996
56.664688419430476 44.011256055484914 57.335311580569524 53.988743944515086
86.37666075392272 25.096126523194975 95.62333924607728 28.903873476805025
70.68106454675545 2.177095349255328 73.31893545324455 11.822904650744672
80.48923535252592 56.66367582395698 75.51076464747408 65.33632417604302
20.91780607219528 34.097124905493985 11.08219392780472 35.902875094506015
87.85424335004217 96.64346654976909 84.14575664995783 87.35653345023091
48.872848748402554 74.8795781708697 39.127151251597446 77.1204218291303
42.458044402246685 50.090607411265275 51.541955597753315 45.909392588734725
51.10368534439893 8.987032679033414 60.89631465560107 11.012967320966586
88.65427379795113 51.584394878952445 93.34572620204887 60.415605121047555
43.5485780615226 34.357812579672476 48.4514219384774 25.642187420327524
19.11479256174322 4.469254760991791 14.885207438256781 13.530745239008208
19.301940067148536 39.71120801404613 28.698059932851464 36.28879198595387
7.325657197660644 39.5737918486622 2.674342802339356 48.4262081513378
9.944821312541661 96.88739173154083 12.055178687458339 87.11260826845917
30.062210066514815 45.78627639718637 39.937789933485185 44.21372360281363
31.203244985138113 95.41107807275053 40.79675501486189 92.58892192724947
82.99981587055419 95.95709008792332 73.00018412944581 96.04290991207668
4.405929361421478 57.739086283158585 7.594070638578522 48.260913716841415
66.3333446609667 32.57783958984545 61.6666553390333 41.42216041015455
13.906577514083747 5.037972402533191 4.093422485916253 6.962027597466809
66.21719819136916 14.84958024605508 63.782801808630836 5.150419753944921
28.464094953635 42.10370278565213 37.535905046364995 37.89629721434787
85.05865315929144 29.955330687964857 78.94134684070856 22.044669312035143
33.45615873252896 32.08650581979231 42.54384126747104 27.913494180207696
5.305582668581307 34.70414178219449 8.694417331418693 25.29585821780551
85.00045803325236 3.0676766040007037 94.99954196674764 2.9323233959992963
29.109992549635642 8.919821457725348 34.89000745036436 17.080178542274652
41.999445848783935 87.0744392710676 32.000554151216065 86.9255607289324
94.86681935650915 32.853671359902506 85.13318064349085 35.146328640097494
