87.4697048043052 14.347477220134895 82.5302951956948 5.652522779865106
69.8122788401179 43.642807174733974 60.1877211598821 46.357192825266026
42.98417985019197 2.6025692249707983 33.01582014980803 3.3974307750292017
31.373047918206876 23.575860584647305 22.626952081793124 28.424139415352695
6.939427289001199 87.08904526912741 5.060572710998801 96.91095473087259
17.39344202191134 74.05587459393492 26.60655797808866 77.94412540606508
81.62044781848634 84.08912010930963 72.37955218151366 87.91087989069037
52.96104277237377 50.43462450351444 57.03895722762623 59.56537549648556
9.368811448850952 29.013620740938727 8.631188551149048 38.98637925906127
41.46108044896701 69.02912827388249 42.53891955103299 78.97087172611751
58.04465495807991 42.93951803363742 49.95534504192009 37.06048196636258
52.857598516861785 66.6421253483887 49.142401483138215 57.357874651611304
84.98849379780212 92.3390127273271 75.01150620219788 91.6609872726729
75.71582678744187 42.447758169576204 80.28417321255813 33.552241830423796
96.78014018043027 23.466376437152523 87.21985981956973 20.533623562847477
30.07778149781021 42.38425780292711 33.92221850218979 51.61574219707289
50.19663225689897 93.38840135570972 59.80336774310103 90.61159864429028
35.9097056569147 59.87567247560017 44.0902943430853 54.12432752439983
69.99756285521855 6.843905451280886 60.00243714478145 7.156094548719114
16.948078699482277 15.96158050944941 11.051921300517723 24.038419490550588
66.39426053766428 54.38547151044115 57.60573946233571 49.61452848955885
9.215799431986905 65.99534088978461 8.784200568013095 56.004659110215385
25.543716545975474 68.35507423512911 30.456283454024526 59.6449257648709
65.32598606772265 76.57396466205249 60.674013932277354 85.42603533794751
37.20658982217304 78.99573024145364 36.79341017782696 69.00426975854636
66.05510734355812 61.259705047790305 75.94489265644188 62.740294952209695
45.541993269877736 6.735893996698782 54.458006730122264 11.264106003301219
29.423128001760567 30.013018308841673 38.57687199823943 25.986981691158327
11.853338716471814 96.99784858393228 12.146661283528186 87.00215141606772
48.67238737127827 24.04541674578522 47.32761262872173 33.95458325421478
64.24719747736289 38.55269706665991 73.75280252263711 35.44730293334009
80.02200976361257 43.096579245309364 81.97799023638743 52.903420754690636
93.50011573020285 49.02505118450357 94.49988426979715 58.97494881549643
75.98835065748385 18.901342976965726 74.01164934251615 9.098657023034274
85.99176255443398 66.71310873113526 76.00823744556602 67.28689126886474
95.44202938302413 63.03123065633032 96.55797061697587 72.96876934366968
47.52554480817539 67.02769644384014 46.47445519182461 76.97230355615986
33.002945269574475 64.17159260220609 42.997054730425525 63.82840739779391
14.791613932071774 56.00434436267937 15.208386067928226 65.99565563732064
67.73426038452241 81.78615170904446 74.26573961547759 74.21384829095554
19.13760791932234 9.89299583156799 12.862392080677662 2.1070041684320104
3.611715334269766 59.03756064522505 2.388284665730234 68.96243935477494
32.81039856949365 72.06611165929318 31.18960143050635 81.93388834070682
21.322761267559418 38.487285327840006 12.677238732440582 43.512714672159994
73.63367683815382 28.87857365028811 64.36632316184618 25.12142634971189
82.790312030193 78.69787457026122 91.209687969807 73.30212542973878
95.00222622849236 95.89943338569792 96.99777377150764 86.10056661430208
19.446601263561337 63.96928061579421 20.553398736438663 54.03071938420579
43.99666702908823 95.81746616636192 34.00333297091177 96.18253383363808
54.00829624145328 3.287912463972273 63.99170375854672 2.712087536027727
27.97950364033962 86.02713573804078 20.02049635966038 79.97286426195922
11.12188849276781 8.830200567660938 2.8781115072321892 3.169799432339061
36.17322107191586 10.781962859821032 43.82677892808414 17.218037140178968
35.13759522958162 42.90040990704118 40.86240477041838 51.09959009295882
60.1717249261536 21.139232499138604 57.8282750738464 30.860767500861396
89.33039855295756 38.39617803123806 96.66960144704244 31.603821968761938
72.54061836943697 56.782280340629896 75.45938163056303 47.217719659370104
2.6976617148736755 78.438382410388 7.302338285126325 69.561617589612
45.46163932143368 91.35204915541766 40.53836067856632 82.64795084458234
90.5573818346557 26.703513278063923 85.4426181653443 35.29648672193608
60.75943771566033 76.46776221468404 51.24056228433967 79.53223778531596
80.57002592132666 18.20884417553318 83.42997407867334 27.79115582446682
76.43046077518981 2.252732720629453 79.56953922481019 11.747267279370547
81.64828609791196 73.58093455052666 74.35171390208804 80.41906544947334
4.833563673861445 44.06997245427385 3.166436326138555 53.93002754572615
89.18727148599035 85.13383094797999 94.81272851400965 76.86616905202001
22.990499715504214 88.01262543648572 15.009500284495786 81.98737456351428
58.03431031338627 72.5847443340966 67.96568968661373 71.4152556659034
39.35397129529878 41.15218581153509 48.64602870470122 44.84781418846491
93.0105505756548 43.00793471603676 86.9894494243452 50.99206528396324
84.42515096842702 58.50422334788652 91.57484903157298 65.49577665211348
42.53074523900825 22.114792561743137 33.46925476099175 17.885207438256863
25.913916202601637 42.99925890306008 26.086083797398363 33.00074109693992
3.023773707699562 11.40712185643681 6.976226292300439 20.59287814356319
5.119046810300947 82.08657665029826 10.880953189699053 73.91342334970174
10.399101006763289 50.957480128643304 19.60089899323671 47.042519871356696
45.652849358770396 82.52972039994314 54.347150641229604 87.47027960005686
66.98464332622825 95.60842508981271 57.01535667377175 96.39157491018729
19.203646426921033 21.412441999521622 28.796353573078967 18.587558000478378
45.05438543695388 37.926082488347916 36.94561456304612 32.073917511652084
56.57102936215048 18.026250372080934 47.42897063784952 13.973749627919066
52.833320521883614 30.997221022886105 53.166679478116386 21.002778977113895
12.877529229796977 36.527153391440784 17.122470770203023 27.472846608559216
61.05218547676197 14.279492232078795 70.94781452323804 15.720507767921205
61.16062279990444 57.07095892531217 62.83937720009556 66.92904107468783
5.055867960065076 31.887242868009324 2.9441320399349236 22.112757131990676
87.0585319948376 3.7628197388350113 96.9414680051624 2.2371802611649887
27.1474501697213 3.0021746281558457 26.8525498302787 12.997825371844154
35.971252602638245 91.46460522904826 26.028747397361755 92.53539477095174
77.54085637056106 24.092993889607673 68.45914362943894 19.907006110392327
