95.61639966638857 29.985263361554054 96.38360033361143 20.014736638445946
73.38363848821878 38.59506474003831 64.61636151178122 43.40493525996169
39.685162513525256 11.746210818274152 30.314837486474744 8.253789181725848
30.046440463266737 41.60256506053293 33.95355953673326 32.39743493946707
8.117102151916246 72.07856815653726 9.882897848083754 81.92143184346274
15.662044735944647 81.72264081737215 22.337955264055353 74.27735918262785
96.30798353992368 80.00949440045038 95.69201646007632 89.99050559954962
67.04103010413893 81.39973512207068 70.95896989586107 90.60026487792932
18.47402547303728 36.23855045778485 21.52597452696272 45.76144954221515
77.67965137359126 66.04640796892038 76.32034862640874 75.95359203107962
78.038842918688 29.890890040707497 75.961157081312 20.109109959292503
78.6738378945271 42.22370066270279 69.3261621054729 45.77629933729721
89.48709786721982 84.97362356860565 90.51290213278018 75.02637643139435
63.031650844561774 36.596259522947506 66.96834915543822 27.403740477052494
96.78290310912914 13.542660695416892 87.21709689087086 16.45733930458311
10.446249774227656 57.935209724626176 19.553750225772344 62.064790275373824
55.15110383021008 96.21992046240591 64.84889616978992 93.78007953759409
25.355756163112154 64.41026222575927 20.644243836887846 55.58973777424073
57.834362009695894 4.723699111020798 48.165637990304106 7.276300888979202
21.350962691353313 67.58173630038516 28.649037308646687 74.41826369961484
52.60807011719075 78.98461542819113 53.39192988280925 69.01538457180887
23.859585279215914 88.82138371732921 16.140414720784086 95.17861628267079
31.19362172308714 64.7578580516816 38.80637827691286 71.2421419483184
81.40333739487261 78.63132531002746 72.59666260512739 83.36867468997254
48.8138762973213 89.93331585981058 47.1861237026787 80.06668414018942
63.56713652526439 75.49635375499685 56.43286347473561 82.50364624500315
33.07313578460403 26.05591120163526 26.926864215395977 33.94408879836474
45.32623603350429 28.98934565353448 44.67376396649571 19.01065434646552
4.679005658388542 67.98968562463142 5.320994341611458 58.01031437536858
32.355254270393694 3.1489632344807448 41.644745729606306 6.851036765519256
46.63078841363426 53.4310471228603 55.36921158636574 48.5689528771397
66.22566851375728 54.485179739786204 75.77433148624272 51.514820260213796
90.50395220110731 68.82872973351068 81.49604779889269 73.17127026648932
88.94770631868283 30.999726529610825 89.05229368131717 21.000273470389175
92.27277743921726 52.40319947725745 83.72722256078274 57.59680052274255
62.39290624164341 65.6097836364589 57.60709375835659 74.3902163635411
42.71284298314228 80.30253590592751 39.28715701685772 89.69746409407249
27.019280680011043 80.56132579801323 36.98071931998896 81.43867420198677
30.49425630656296 94.77149851622075 27.50574369343704 85.22850148377925
70.66590502759898 77.23000595553039 65.33409497240102 68.76999404446961
62.511110378749194 7.797757967836684 71.4888896212508 12.202242032163316
11.210388422791977 64.33124316303334 14.789611577208023 73.66875683696666
34.00008174539748 75.97140896482286 43.99991825460252 76.02859103517714
10.723901273649899 39.693417134530904 7.276098726350101 30.3065828654691
67.62218799606855 22.729535506306206 64.37781200393145 13.270464493693792
87.155899154752 63.76117515319246 96.844100845248 66.23882484680753
63.15902321024348 61.25097710652062 72.84097678975651 58.74902289347938
50.4954787905732 59.42485971958401 43.5045212094268 66.575140280416
22.369194295761808 83.5689218017755 13.630805704238194 88.4310781982245
32.16363776875934 55.73129973270719 41.83636223124066 58.26870026729281
10.932783377966395 28.611328270016873 7.067216622033605 19.388671729983127
18.00177200573142 23.13310491091579 27.99822799426858 22.86689508908421
24.558888518298193 11.980504056891313 25.441111481701807 2.0194959431086863
56.0066835567486 53.00000446699508 55.9933164432514 62.99999553300492
90.95661831380443 3.657217537242067 81.04338168619557 2.342782462757933
79.26101122590956 54.1830539675465 84.73898877409044 45.8169460324535
23.828958178060933 28.70340333390123 14.171041821939067 31.29659666609877
3.893078865004668 53.91752996937092 10.106921134995332 46.08247003062908
12.169125666555155 93.76014332534943 3.8308743334448447 88.23985667465057
78.8726378429913 59.83729923371942 71.1273621570087 66.16270076628058
39.6227462578319 22.038932866977472 38.3772537421681 31.961067133022528
79.00521993982645 9.228412238053798 88.99478006017355 8.771587761946202
59.95952881121187 17.365118931799532 50.04047118878813 18.634881068200468
43.156245204480065 44.87790100559524 36.843754795519935 37.12209899440476
11.946320163994253 13.269303869406809 2.053679836005747 14.730696130593191
84.91588753572026 90.11555458031967 93.08411246427974 95.88444541968033
38.726143215264564 62.6320448243871 29.273856784735436 59.3679551756129
51.87269405559036 29.098723602452637 58.12730594440964 36.90127639754736
71.90032820924948 29.076731618965447 78.09967179075052 36.92326838103455
87.16859034592291 50.21252238321305 94.83140965407709 43.78747761678695
25.43184726188467 43.790596353131136 22.56815273811533 34.209403646868864
56.993049072099694 13.263554479385952 47.006950927900306 12.736445520614048
41.34242791851989 35.59087013025651 48.65757208148011 42.40912986974349
3.495323909374939 2.83023196664922 12.504676090625061 7.169768033350779
2.7223688241185475 83.99228614265836 3.2776311758814525 74.00771385734164
17.108399707707765 49.964506600481435 26.891600292292235 52.035493399518565
35.20324498513811 96.41107807275053 44.79675501486189 93.58892192724947
63.76880205180708 84.4971603576294 54.23119794819292 87.5028396423706
3.7311728110093907 33.94624972281431 2.2688271889906093 24.053750277185692
62.36293663386703 21.189344771025134 59.63706336613297 30.810655228974866
20.784244273684827 5.329189323915719 17.215755726315173 14.670810676084281
82.50677147357354 22.326210440937654 77.49322852642646 13.673789559062346
29.077769761633235 47.121564185322654 38.922230238366765 48.878435814677346
81.93610525890773 38.88550181454026 84.06389474109227 29.114498185459738
2.4270814619554453 48.746148677894084 5.572918538044554 39.253851322105916
14.0036557856086 19.19116613538385 23.9963442143914 18.80883386461615
66.0459715642288 3.6764630496710606 75.9540284357712 2.3235369503289394
26.57262221133852 15.67657022562183 35.42737778866148 20.32342977437817
80.06819146444998 87.05206368624363 73.93180853555002 94.94793631375637
94.65991769352271 38.187497009769665 85.34008230647729 41.812502990230335
