54.76695340808836 23.164609085792833 49.23304659191164 14.835390914207167
60.71652628624884 14.991957797659364 61.28347371375116 5.008042202340636
84.45233230474237 12.078152673291878 93.54766769525763 7.9218473267081215
30.461958366270107 34.78149325371194 27.538041633729893 25.218506746288057
12.833460756952197 94.27970977608327 3.1665392430478025 91.72029022391673
42.37810633039692 85.41499171007655 33.62189366960308 80.58500828992345
86.08866923737747 86.88527823628455 93.91133076262253 93.11472176371545
38.081488243686 68.0006640774858 37.918511756314 77.9993359225142
41.00523027845139 17.006986398865486 32.99476972154861 22.993013601134514
58.94097602301247 96.76599996084592 49.05902397698753 95.23400003915408
61.923911687069435 34.86896127528276 52.076088312930565 33.13103872471724
43.926900220333295 95.14814659777652 34.073099779666705 96.85185340222348
62.16471028708643 84.00271368427545 61.83528971291357 93.99728631572455
93.69297594428217 57.725101964055725 84.30702405571783 54.274898035944275
80.54059051375899 17.75674057195847 77.45940948624101 8.24325942804153
43.48738455906227 61.234289714236006 46.51261544093773 70.765710285764
66.08984697750331 95.05639134400609 75.91015302249669 96.94360865599391
41.3048002527274 29.71904023606526 50.6951997472726 26.28095976393474
94.78687478831334 13.555759798021793 85.21312521168666 16.444240201978207
60.24822840908369 53.44415079530159 69.7517715909163 56.55584920469841
55.92620008650656 58.45034573634494 60.07379991349344 67.54965426365506
3.091083631267007 66.08330690050221 4.908916368732993 75.91669309949779
31.499763779815463 66.4290542589544 24.500236220184537 73.5709457410456
22.814387110918073 37.659184414866445 19.185612889081927 28.340815585133555
19.22067574176246 72.47979901892347 14.77932425823754 63.52020098107652
28.994902408885537 56.41520290754076 25.005097591114463 65.58479709245924
22.80225052808996 43.50890912375188 27.19774947191004 52.49109087624812
50.054306580757505 2.441510724784316 45.945693419242495 11.558489275215685
20.245347382077156 86.94272186414148 21.754652617922844 77.05727813585852
96.73154142769384 87.3280021895132 89.26845857230616 80.6719978104868
3.7463154950820505 30.993560270184446 4.253684504917949 21.006439729815554
83.15413617062336 64.80479556117415 90.84586382937664 71.19520443882585
85.84911167963946 94.10883957303544 80.15088832036054 85.89116042696456
58.38994610798097 71.39340200739925 49.61005389201903 66.60659799260075
90.42653556135465 51.32503396191595 81.57346443864535 46.67496603808405
51.18663458805169 73.14703231232954 44.81336541194831 80.85296768767046
68.6713330033132 74.4974728709174 77.3286669966868 79.5025271290826
27.7945530107946 78.33314029657544 24.2054469892054 87.66685970342456
73.17598443213672 58.87387153950997 78.82401556786328 67.12612846049004
94.89781795666309 42.131615426056456 87.10218204333691 35.868384573943544
95.57574078918944 20.01803210347132 96.42425921081056 29.98196789652868
34.65053532102411 63.413617079249704 39.34946467897589 54.586382920750296
58.0041253732428 78.7969317510697 67.9958746267572 79.2030682489303
12.75199114084348 16.362876428278774 21.24800885915652 21.637123571721226
59.52858646164188 20.028018870453256 58.47141353835812 29.971981129546744
90.44739984743941 32.969369484289736 91.55260015256059 23.030630515710264
48.83370011784045 48.13792795354958 51.16629988215955 57.86207204645042
11.06979842657225 76.11578754285775 8.93020157342775 85.88421245714225
80.80851879441408 40.37045503529539 71.19148120558592 37.62954496470461
8.42994991511694 17.25290165143393 11.57005008488306 26.74709834856607
29.067216622033715 43.38867172998308 32.93278337796628 52.61132827001692
32.009462085577525 8.307459468404755 41.990537914422475 7.692540531595244
74.94872670209917 32.60461336493366 71.05127329790083 23.395386635066338
68.78559850913888 31.67029313471446 65.21440149086112 22.32970686528554
71.10895116474937 10.915919132873348 64.89104883525063 3.0840808671266506
53.09549664444288 40.02745342768122 62.90450335555712 41.97254657231878
87.62539179168327 21.271564579744304 84.37460820831673 30.728435420255696
9.621899586025652 51.552995011789626 2.378100413974347 58.447004988210374
7.2484481836464605 65.68316839699669 10.75155181635354 56.3168316030033
76.71157851548486 50.5544261214991 81.28842148451514 59.4455738785009
66.00001823153426 88.98649759243024 75.99998176846574 89.01350240756976
56.07211492589459 4.116295505901894 53.92788507410541 13.883704494098106
80.01045068301562 75.67689380479369 89.98954931698438 76.32310619520631
15.965083238753355 76.59765677979236 12.034916761246645 67.40234322020764
11.622621922895968 3.0943855169626824 2.377378077104032 6.905614483037318
96.0202486892527 68.00004100110975 95.9797513107473 77.99995899889025
16.549313683781826 43.24609348963966 13.450686316218173 52.75390651036034
94.68993028032413 62.73336492571495 85.31006971967587 59.26663507428505
49.765296353627136 81.18729855350014 56.234703646372864 88.81270144649986
81.98769101936522 71.35062557713827 72.01230898063478 70.64937442286173
43.55763394664812 20.48670515019634 36.44236605335188 27.51329484980366
38.99688826643425 3.1763736169946037 29.003111733565753 2.8236263830053963
18.45603580729861 60.75564659869254 21.54396419270139 51.24435340130746
2.7728177106628404 47.67038010266596 11.22718228933716 42.32961989733404
33.10490198483612 14.145218100294093 24.895098015163878 19.854781899705905
12.80438535922114 9.28029086369846 21.19561464077886 14.71970913630154
88.75990000385774 43.19188340317699 95.24009999614226 50.80811659682301
30.121040294224603 91.1685645171791 21.878959705775397 96.8314354828209
49.61927716740701 36.74096406210275 44.38072283259299 45.25903593789725
76.3983772043078 43.33243508888513 69.6016227956922 50.66756491111487
76.8795402005046 26.471904347440983 81.1204597994954 35.52809565255902
80.63884398064744 22.865777726100028 71.36115601935256 19.134222273899972
39.649699195140755 46.41755699074484 32.350300804859245 39.58244300925516
58.142559298191905 48.18544077389725 67.85744070180809 45.81455922610275
30.18867322974081 84.76367673890483 37.811326770259186 91.23632326109517
17.618839278015415 7.5905538544844955 26.381160721984585 12.409446145515505
35.006591440970276 31.995064894567253 40.993408559029724 40.00493510543274
2.0125810257549768 41.00940492745754 7.987418974245023 32.99059507254246
62.03454583618047 58.402501774886204 65.96545416381953 67.5974982251138
88.97899391664612 3.5421576930853464 79.02100608335388 4.457842306914653
