90.13960298732064 23.998050720624107 89.86039701267936 14.001949279375893
69.9942424022018 50.76011913780067 60.00575759779819 51.23988086219933
43.99546315699807 16.21295033945699 34.00453684300193 15.787049660543007
30.885795510618056 27.146520816657752 23.114204489381944 20.853479183342248
20.59456800659794 71.03547697300837 19.40543199340206 80.96452302699163
22.055874593934856 86.60655797808863 25.944125406065144 77.39344202191137
92.83544349441866 85.13751008789652 95.16455650558134 94.86248991210348
75.04103010413893 79.39973512207068 78.95896989586107 88.60026487792932
18.93281642199585 18.00045138369007 19.06718357800415 27.99954861630993
81.33245066454923 72.01106458694434 80.66754933545077 81.98893541305566
71.13103872471733 39.92391168706945 72.86896127528267 30.07608831293055
64.28766483144028 73.9489977376872 65.71233516855972 64.0510022623128
78.99262557998044 92.72854131414717 69.00737442001956 93.27145868585283
66.03028008505493 38.90506302574788 67.96971991494507 29.094936974252125
73.996019359755 16.994699802604863 66.003980640245 23.005300197395137
33.45415404663904 55.08213461820119 42.54584595336096 50.91786538179881
41.68533791939405 85.04719151023981 40.31466208060595 94.95280848976019
44.92237731738391 62.12238872767928 35.07762268261609 63.87761127232072
37.64278545703736 2.1440519404028735 28.357214542962634 5.855948059597127
19.794743614764833 63.162509738786405 26.205256385235167 70.8374902612136
60.686807327460734 89.21676017637988 55.313192672539266 80.78323982362012
39.94541870671962 81.26322743317382 30.05458129328038 82.73677256682618
49.00505566557399 63.22479122755463 58.99494433442601 62.77520877244537
90.4558619894924 81.38655041413588 83.5441380105076 88.61344958586412
51.08711635067572 79.06387854709011 56.91288364932428 70.93612145290989
71.15369427924843 69.48761693209313 66.84630572075157 78.51238306790687
46.615509027281576 3.1955036948228193 49.384490972718424 12.804496305177182
56.27225419044518 12.835428551317314 53.72774580955482 3.1645714486826853
4.991790993387234 74.57898423078299 9.008209006612766 65.42101576921701
9.104389233586456 3.9836362738783895 18.895610766413544 6.016363726121611
58.00727772400658 58.26967438662031 67.99272227599343 57.73032561337969
73.67556734972017 58.98946324321889 74.32443265027983 49.01053675678111
95.44403219110906 58.638038669494804 90.55596780889094 67.3619613305052
79.38012603945413 36.25866885667971 84.61987396054587 27.741331143320288
90.93442885340471 54.19289908271204 81.06557114659529 55.80710091728796
90.83870022077123 71.88396051323686 85.16129977922877 80.11603948676314
45.73264835212453 79.54364313537657 50.26735164787547 88.45635686462343
30.224545820591917 77.27810093486916 37.77545417940808 70.72189906513084
25.565284051558084 62.36644439240037 32.43471594844192 69.63355560759963
67.16154182418497 85.87358403728759 60.838458175815035 78.12641596271241
27.24115717468832 11.53408440575463 36.75884282531168 8.46591559424537
15.792706246348843 83.14794458065504 18.207293753651157 92.85205541934496
39.263176083238555 75.60078080373198 48.736823916761445 72.39921919626802
11.999978408281873 48.985305895227235 2.000021591718127 49.014694104772765
56.21192456089646 32.93750312428071 57.78807543910354 23.06249687571929
72.26268282381307 65.59932047201434 81.73731717618693 62.40067952798566
84.23952021826344 68.1689028982004 89.76047978173656 59.83109710179961
48.955551015512995 57.334782642553456 39.044448984487005 58.665217357446544
37.27422192471462 86.2211812973208 30.725778075285383 93.7788187026792
32.80623206902171 44.84705684947008 39.19376793097829 37.15294315052992
15.249745214191993 65.46527115315747 10.750254785808007 56.53472884684253
16.10081974514069 32.99901593100243 25.89918025485931 31.000984068997568
5.110903423060259 17.14243978705012 12.88909657693974 10.857560212949883
46.47128970642451 49.88085321960385 55.52871029357549 54.11914678039615
85.99095429282995 20.69937523907334 76.00904570717005 21.30062476092666
86.0586438701079 35.76354410323028 95.9413561298921 34.23645589676972
43.956587127427575 39.90764108993719 42.043412872572425 30.092358910062813
14.839792887617595 54.863529526627474 17.160207112382405 45.136470473372526
10.824695829491379 87.93151871017636 9.175304170508621 78.06848128982364
93.66042574073144 46.18880373368101 84.33957425926856 49.81119626631899
47.89915373340004 19.462771224181765 52.10084626659996 28.537228775818235
84.04413402418098 9.662866826534076 93.95586597581902 8.337133173465924
60.93528342872034 6.114677224292904 63.06471657127966 15.885322775707095
69.9642291885586 45.59701638458483 60.035770811441395 44.40298361541517
23.796489669821902 38.58802023835617 14.203510330178098 41.41197976164383
95.54405322286696 77.97916785581909 96.45594677713304 68.02083214418091
52.95071948632123 68.70026892531315 43.04928051367877 67.29973107468685
46.608172731099 32.32637675068066 53.391827268901 39.67362324931934
64.83232982992845 3.1314258836570152 71.16767017007155 10.868574116342984
87.07564071565777 39.866421167050106 96.92435928434223 38.133578832949894
28.040721180771595 40.0535407696 35.9592788192284 33.9464592304
18.411364522495315 11.344512057924373 11.588635477504685 18.655487942075627
47.62633028035965 44.576982628312145 56.37366971964035 49.423017371687855
5.931037910902857 22.387940526548263 2.068962089097143 31.612059473451737
3.766390384388809 89.94091547981914 2.233609615611191 80.05908452018086
18.149528351372997 59.21364112729655 27.850471648627003 56.78635887270345
2.0001173105889247 96.03425043251511 11.999882689411075 95.96574956748489
53.120221505886114 96.83262682724597 44.879778494113886 91.16737317275403
2.7403943852616375 65.83873885380474 5.259605614738362 56.16126114619526
64.02404224355585 28.10598963186498 61.97595775644414 37.89401036813502
5.3703667118375655 2.1914560337782607 2.6296332881624345 11.80854396622174
76.87594354064719 12.922674365992378 75.12405645935281 3.0773256340076216
29.36021195691955 50.86342880606899 38.63978804308045 47.13657119393101
79.10725490930514 50.91965508984524 80.89274509069486 41.08034491015476
20.17979778665741 53.12873582054575 25.82020221334259 44.87126417945425
7.470787042453775 33.76041045819294 10.529212957546225 24.239589541807057
83.18832928872564 5.3593472574234085 92.81167071127436 2.640652742576592
34.00217462815584 22.852549830278708 43.99782537184416 23.147450169721292
65.49957730827711 96.1803220053097 56.50042269172289 91.8196779946903
96.81594548651229 24.769123951005483 89.18405451348771 31.230876048994517
