65.99013396917226 2.686052600404026 56.00986603082774 3.313947399595974
57.60718805447299 23.734653794899828 54.39281194552701 14.265346205100172
65.01582014980804 66.39743077502938 74.98417985019196 65.60256922497062
2.785981973416169 5.169844895465175 9.214018026583831 12.830155104534825
3.5493928924813245 62.02034607280248 4.4506071075186755 71.97965392719752
39.35910513790722 69.98708767718482 38.64089486209278 60.01291232281518
95.97671704784133 86.48196205838782 86.02328295215867 85.51803794161218
67.72490380017447 87.54759196821098 72.27509619982553 96.45240803178902
19.74915250850945 43.63254546097281 28.25084749149055 38.36745453902719
92.59610344512441 93.03128642974262 83.40389655487559 96.96871357025738
79.85130161129075 20.210319245607458 70.14869838870925 17.789680754392542
37.704126744366306 74.30554092025282 28.295873255633694 77.69445907974718
53.54053007322642 85.73877732803643 62.45946992677358 90.26122267196357
73.0865774236941 25.88095209265162 64.9134225763059 20.11904790734838
80.80760872767972 2.6263558242624283 71.19239127232028 5.373644175737572
7.300285424619654 35.56055330415125 2.6997145753803458 44.43944669584875
76.29139676482129 88.35354469837843 83.70860323517871 81.64645530162157
33.31355967551742 56.95265582096356 34.68644032448258 47.04734417903644
96.00423167432689 9.005650538377783 87.99576832567311 14.994349461622217
22.360076243317664 27.012982344226337 21.639923756682336 36.98701765577366
79.17512366876628 59.931488521549085 80.82487633123372 50.068511478450915
23.654910888620012 75.04307638469514 22.345089111379988 84.95692361530486
40.47255831736442 45.02238122826891 39.52744168263558 54.97761877173109
48.97507822224945 95.4985947076527 39.02492177775055 94.5014052923473
10.083941189494556 87.45498194517029 5.916058810505443 96.54501805482971
41.68784488150674 83.25438543479993 48.31215511849326 90.74561456520007
47.547949155676505 45.27579508733947 56.452050844323495 40.72420491266053
33.84596217437315 21.231523692238465 24.15403782562685 18.768476307761535
15.9813689440737 90.90274565887398 14.0186310559263 81.09725434112602
85.96889155550254 65.95806773227072 94.03110844449746 60.04193226772929
7.431047122860225 60.369211586365786 2.568952877139776 51.630788413634214
89.78623529534993 72.51678175498387 94.21376470465007 81.48321824501613
76.88593022380078 73.06192553794982 67.11406977619922 70.93807446205018
84.86386427074225 29.84119701596999 75.13613572925775 32.15880298403001
85.74433640417784 74.17954754736732 80.25566359582216 65.82045245263268
87.43878701711718 89.69844187197629 78.56121298288282 94.30155812802371
60.83038368993324 68.70872411622192 51.16961631006676 71.29127588377808
24.080597306242737 58.06173639318418 17.919402693757263 65.93826360681582
73.79132906993404 82.42939348802388 64.20867093006596 79.57060651197612
69.01738534029627 76.58340528939323 78.98261465970373 77.41659471060677
52.30076889752608 27.297594906817864 55.69923110247392 36.702405093182136
2.4979335367227535 92.32893328816041 7.502066463277247 83.67106671183959
46.31139242156637 74.26306045716763 55.68860757843363 77.73693954283237
18.70862923884416 4.236108594471881 25.29137076115584 11.763891405528119
71.72820618361908 43.80990560730875 66.27179381638092 52.19009439269125
96.96325051239761 35.972699862094295 91.03674948760239 44.027300137905705
32.613368505780095 96.39363062976369 37.386631494219905 87.60636937023631
17.113425925227805 48.157513912494245 8.886574074772195 53.842486087505755
6.659745422436728 49.41850749826162 11.340254577563272 40.58149250173838
17.17723731219559 96.31945445435663 26.82276268780441 93.68054554564337
30.458341058350534 44.021051971125814 29.541658941649466 53.978948028874186
13.347098640564326 19.169560451869096 22.652901359435674 22.830439548130904
77.19221868117802 36.373039981350274 86.80778131882198 33.626960018649726
61.925194953379375 7.13834190585457 52.074805046620625 8.86165809414543
95.90662827217821 25.917115534140635 94.09337172782179 16.082884465859365
83.19921057546034 61.93545705052181 84.80078942453966 52.06454294947819
67.03131698628343 7.431219932932162 62.968683013716564 16.568780067067838
8.83797671265939 22.116538373245536 3.162023287340609 13.883461626754464
29.081661359946057 70.8815989903309 26.918338640053943 61.1184010096691
58.60187874924325 46.19945243038022 61.39812125075675 55.80054756961978
42.59989566932089 58.33403620578474 49.40010433067911 65.66596379421526
73.04143850325543 14.357607687621995 82.95856149674457 15.642392312378005
74.88700880188752 49.00127686412329 75.11299119811248 58.99872313587671
17.672339030450157 73.7802381819667 8.327660969549843 70.2197618180333
51.98391716362152 3.4007114999084043 42.01608283637848 2.5992885000915957
85.54130231755326 45.38926457055664 92.45869768244674 52.61073542944336
14.050438590821726 30.395739982164038 17.949561409178273 39.60426001783596
50.46045867138089 49.021247363852055 49.53954132861911 58.978752636147945
62.53716160395849 30.021468025697764 63.46283839604151 39.978531974302236
96.78034728723613 74.93873041492479 95.21965271276387 65.06126958507521
11.567145489853724 64.63531427969693 18.432854510146278 57.36468572030307
35.04618812976888 26.062592704693913 26.95381187023112 31.937407295306087
35.027513838842346 32.52381425820194 44.972486161157654 31.476185741798066
28.01694725298165 3.58867856798743 37.98305274701835 4.41132143201257
18.2736057277681 53.33376449796282 25.7263942722319 46.66623550203718
2.7263457047463584 20.5468554766688 7.273654295253642 29.4531445233312
63.88008945600374 61.90719313541843 70.11991054399627 54.09280686458157
63.97705021642277 95.52149070729395 54.02294978357723 96.47850929270605
15.39429814276832 7.732645101328063 20.60570185723168 16.267354898671936
69.28843481209563 29.05089149610128 70.71156518790437 38.94910850389872
30.33768942258339 34.595961040977585 37.66231057741661 41.404038959022415
94.41570868310998 30.6514290616315 87.58429131689002 23.3485709383685
56.706117337340764 54.05011128348255 55.293882662659236 63.94988871651745
44.61394665819368 10.54465782421904 37.38605334180632 17.45534217578096
31.0733429965086 60.38610871488095 34.9266570034914 69.61389128511905
47.33627316321859 13.768622051977568 52.66372683678141 22.231377948022434
38.74941213545695 27.632964641957678 47.25058786454305 22.367035358042322
50.88504002353959 35.93398688168654 41.11495997646041 38.06601311831346
50.91056678887938 80.94145303226178 41.08943321112062 79.05854696773822
95.27438523171058 3.405846787305256 86.72561476828942 8.594153212694744
