84.47077351627055 6.761209217855814 75.52922648372945 11.238790782144186
71.77784302360573 46.157353501472414 66.22215697639427 37.842646498527586
31.96843979505559 9.560897497683797 22.03156020494441 8.439102502316203
46.9126335787581 10.000763347425991 47.0873664212419 19.99923665257401
26.997172511487097 79.99788094425139 21.002827488512903 88.00211905574861
39.877534087119805 60.47284433129789 44.122465912880195 69.52715566870211
49.976320884321424 86.98234969247545 44.023679115678576 95.01765030752455
82.14712759963048 55.79599440793171 91.85287240036952 58.20400559206829
2.869029140987224 31.10166426791986 9.130970859012777 38.89833573208014
51.06539137078681 71.04988914789651 44.93460862921319 78.95011085210349
39.11242831332076 52.531848035965105 34.88757168667924 43.468151964034895
68.9269002203333 64.14814659777652 59.073099779666705 65.85185340222348
94.41547845221254 79.6221621949989 89.58452154778746 88.3778378050011
71.56199372247403 31.365332219974093 76.43800627752597 22.634667780025907
96.92321607397267 14.872893744379656 87.07678392602733 13.127106255620344
20.679941434417312 22.615028650156894 13.320058565582688 29.384971349843106
51.05248096740912 77.9611720075603 56.94751903259088 86.0388279924397
18.878287609703232 60.472491133872715 23.121712390296768 69.52750886612728
45.76144231947971 25.29416934555998 38.23855768052029 18.70583065444002
29.44705686100021 16.020026088117262 28.55294313899979 25.979973911882738
54.61925731044778 47.08624403335358 45.38074268955222 50.91375596664642
5.164990565354078 83.86238593517997 2.8350094346459223 74.13761406482003
23.48996242745299 59.15860165250893 32.51003757254701 54.84139834749107
78.12777850873194 78.09910246221274 71.87222149126806 85.90089753778726
57.240746060264605 74.84360911035746 54.759253939735395 65.15639088964254
70.03400154763813 59.95519191477309 77.96599845236187 66.04480808522692
56.594808436177225 14.661238917862393 63.405191563822775 7.338761082137607
45.84221793252985 43.777201519411875 54.15778206747015 38.222798480588125
27.8704502207459 91.81901022003511 36.1295497792541 86.18098977996489
24.62698864895409 42.105012917603396 15.37301135104591 45.894987082396604
55.01973065588487 32.44375360287788 64.98026934411513 31.556246397122127
79.75805846097143 25.05779933938841 78.24194153902857 34.94220066061159
87.7259913518755 27.40522639219583 96.2740086481245 32.59477360780417
58.76126289815581 22.470800396889388 63.23873710184419 13.529199603110612
75.99777161248576 70.14926121207976 66.00222838751424 69.85073878792024
86.65221425997103 47.53083836924336 95.34778574002897 52.46916163075664
59.57850494978453 80.6254872589302 64.42149505021547 89.3745127410698
57.192891158697435 51.37539252138096 66.80710884130256 48.62460747861904
28.470687763744372 64.68692921324869 33.52931223625563 73.31307078675131
74.14791106768058 91.10677351726889 79.85208893231942 82.89322648273111
14.99983297816656 13.000125260926755 9.00016702183344 4.9998747390732445
5.426855527175849 68.71293485914029 10.57314447282415 77.28706514085971
43.94427299404006 57.04240824932041 50.05572700595994 64.95759175067958
14.964500088330459 54.5947595085132 5.035499911669541 53.4052404914868
47.98823364001155 32.657180583022 38.01176635998845 33.342819416978
87.70324056127198 75.44127189897374 92.29675943872802 66.55872810102626
89.03265306612354 96.04305082216204 96.96734693387646 89.95694917783796
13.762425199181024 41.8102636928567 20.237574800818976 34.1897363071433
40.41095701110413 89.64554502141337 31.589042988895873 94.35445497858663
40.226223505297234 5.486962668873483 49.773776494702766 2.513037331126517
14.318756068455004 68.51959243156172 5.681243931544996 63.48040756843828
17.95693392655137 18.345167160411126 8.043066073448632 19.654832839588874
35.71107649292701 4.168988077750721 38.28892350707299 13.831011922249278
23.003283581945134 30.81882318707697 32.996716418054866 31.18117681292303
58.9598645558541 37.030418601256834 65.0401354441459 44.969581398743166
89.14446221136139 33.3570505586498 92.85553778863861 42.6429494413502
62.11590056667873 58.14861423360713 69.88409943332127 51.85138576639287
2.78692535178112 96.69258277654288 11.21307464821888 91.30741722345712
37.61202408241895 69.2634880312795 32.38797591758105 60.736511968720514
88.38891769446388 2.5416644780120015 95.61108230553612 9.458335521987998
68.33560658819984 80.72474545288102 61.66439341180016 73.27525454711898
80.11629550590189 20.927885074105422 89.88370449409811 23.072114925894578
68.7567445552832 7.057597984982482 67.2432554447168 16.942402015017517
83.11264911475175 86.12537058357847 80.88735088524825 95.87462941642153
2.032676952951703 40.97569957204286 7.967323047048297 49.02430042795714
84.1050163318174 81.8763653376687 81.8949836681826 72.1236346623313
28.533416515065085 73.89093985364686 19.466583484934915 78.10906014635314
47.51694762043405 54.785899423678295 56.48305237956595 59.214100576321705
13.236391785793165 49.48077757338132 22.763608214206833 52.51922242661868
83.86939556037262 40.905299874457974 78.13060443962738 49.094700125542026
78.07932620409224 57.897047053840126 85.92067379590776 64.10295294615987
19.64800410273036 12.241234993716237 14.351995897269639 3.7587650062837623
29.04711181071181 47.908360632504 30.95288818928819 38.091639367496
6.154046436648624 28.804903571322946 13.845953563351376 35.195096428677054
16.071289396942806 91.99949175635719 15.928710603057196 82.00050824364281
4.036764527289105 57.394778022189996 13.963235472710895 58.605221977810004
33.55142733777445 82.62040696515606 40.44857266222555 75.37959303484394
60.93154725132827 92.1754748591361 51.06845274867173 93.8245251408639
2.041742889902559 24.644737489345992 11.958257110097442 23.355262510654008
42.95174047354473 47.03574381952546 37.04825952645527 38.96425618047454
52.05383369793019 13.60569611727564 55.94616630206981 4.39430388272436
51.22555488052848 27.93965937660956 52.77444511947152 18.06034062339044
34.5123438266361 24.97368111194394 33.4876561733639 15.026318888056062
73.122610315745 16.100486196152833 82.877389684255 13.899513803847166
69.54783997369347 35.383013526045296 76.45216002630653 42.616986473954704
9.809777127107875 15.135837580947953 4.190222872892125 6.864162419052048
73.74941213545695 7.6329646419576775 82.25058786454305 2.3670353580423225
25.321781937146227 13.010365105047622 24.678218062853773 22.989634894952378
48.99899821454852 82.89991578076099 39.00100178545148 83.10008421923901
67.94820876358531 25.28220474229939 58.05179123641469 26.71779525770061
