85.49083511753263 8.83957595303076 94.50916488246737 13.16042404696924
68.1500242323304 39.89175972906939 73.8499757676696 48.10824027093061
17.03637136809455 2.9521076022373567 24.96362863190545 9.047892397762643
40.464392269371594 9.464539920304482 47.535607730628406 16.53546007969552
24.933437364032212 78.05079835920141 31.066562635967788 85.94920164079859
63.51023994359683 46.22709575055757 66.48976005640317 55.77290424944243
34.24152967201565 69.46476056014296 43.75847032798435 72.53523943985704
46.61044212563651 78.01519863359417 47.38955787436349 87.98480136640583
82.19210302756673 50.6273650512729 91.80789697243327 53.3726349487271
2.7182690403986705 27.00794354334788 3.2817309596013295 36.99205645665212
37.70519820440591 46.170560248835656 40.29480179559409 55.829439751164344
70.06229007405452 51.08871706223483 71.93770992594548 60.91128293776517
89.44560445939935 79.24775268916265 92.55439554060065 88.75224731083735
65.97607107683493 25.10596592162396 68.02392892316507 34.89403407837604
14.008753264834931 18.704270345240726 23.99124673516507 19.295729654759274
55.9611720075603 79.05248096740911 64.0388279924397 84.94751903259089
17.674639091273853 64.49176296788686 26.325360908726147 69.50823703211314
32.21114724378267 46.33095236514194 35.78885275621733 55.66904763485806
41.756709727091526 19.005922523317434 42.243290272908474 28.994077476682566
22.862205230575135 30.10715476996966 29.137794769424865 37.89284523003034
51.00591835163645 44.41484587176617 54.99408164836355 53.58515412823383
2.8350094346459223 83.13761406482003 5.164990565354078 92.86238593517997
20.609115758833383 57.608319506983705 29.390884241166617 62.391680493016295
70.67550137778258 18.49027657570807 79.32449862221742 23.50972342429193
85.1939605101799 86.06539765119311 86.8060394898201 95.93460234880689
51.5074594246318 57.22796451910932 54.4925405753682 66.77203548089068
65.06836389562811 68.17600647207902 74.93163610437189 69.82399352792098
63.90617955909178 11.000880305006913 64.09382044090822 20.999119694993087
46.993263525549146 29.009003038399214 55.006736474450854 34.990996961600786
18.139130296144856 40.82869913252691 27.860869703855144 43.17130086747309
59.55624639712213 30.019730655884874 60.44375360287787 39.98026934411513
78.12967505253755 33.83446927024081 85.87032494746245 40.16553072975919
88.311415381427 31.293761376011766 91.688584618573 40.706238623988234
71.30121841578026 76.63562564624017 78.69878158421974 83.36437435375983
78.2558188022919 44.42115714419928 87.7441811977081 47.57884285580072
52.54364313537657 90.73264835212453 61.45635686462343 95.26735164787547
12.146356825933822 29.814182320506532 19.85364317406618 36.18581767949347
33.28261867768356 80.34279951126607 42.71738132231644 83.65720048873393
25.140428604992508 73.82332423462326 34.85957139500749 76.17667576537674
52.97547045945944 15.01851521936885 59.02452954054056 22.98148478063115
69.07667237407013 87.94362777947151 74.92332762592987 96.05637222052849
92.87416712781142 25.128398585280234 95.12583287218858 34.87160141471976
26.19382133880441 88.75762371106323 33.806178661195595 95.24237628893677
9.077982179182005 8.120374755051865 18.922017820817995 9.879625244948135
10.194349869451719 72.61951935081969 19.80565013054828 75.38048064918031
37.255253527524005 35.422856724350446 46.744746472475995 38.577143275649554
45.18960143050636 51.066111659293185 46.81039856949364 60.933888340706815
8.123534272393414 47.841992168677926 15.876465727606586 54.158007831322074
16.09154280482414 45.04760934321765 25.90845719517586 46.95239065678235
80.162659733843 64.73503393349223 89.837340266157 67.26496606650777
