86.49083511753263 7.839575953030759 95.50916488246737 12.16042404696924
67.1500242323304 39.89175972906939 72.8499757676696 48.10824027093061
17.03637136809455 2.9521076022373567 24.96362863190545 9.047892397762643
40.464392269371594 9.464539920304482 47.535607730628406 16.53546007969552
24.933437364032212 78.05079835920141 31.066562635967788 85.94920164079859
63.51023994359683 46.22709575055757 66.48976005640317 55.77290424944243
34.24152967201565 67.46476056014296 43.75847032798435 70.53523943985704
43.75067216557351 78.19975413631943 50.24932783442649 85.80024586368057
83.19210302756673 50.6273650512729 92.80789697243327 53.3726349487271
2.7182690403986705 26.00794354334788 3.2817309596013295 35.99205645665212
37.70519820440591 46.170560248835656 40.29480179559409 55.829439751164344
70.06229007405452 51.08871706223483 71.93770992594548 60.91128293776517
90.44560445939935 79.24775268916265 93.55439554060065 88.75224731083735
64.2634224008453 26.815368230799187 69.7365775991547 35.18463176920081
15.008753264834931 19.704270345240726 24.99124673516507 20.295729654759274
55.9611720075603 78.05248096740911 64.0388279924397 83.94751903259089
17.674639091273853 64.49176296788686 26.325360908726147 69.50823703211314
31.963394670174374 46.433574841243335 36.036605329825626 55.566425158756665
41.756709727091526 20.005922523317434 42.243290272908474 29.994077476682566
22.862205230575135 30.10715476996966 29.137794769424865 37.89284523003034
51.00591835163645 44.41484587176617 54.99408164836355 53.58515412823383
2.8350094346459223 83.13761406482003 5.164990565354078 92.86238593517997
20.609115758833383 57.608319506983705 29.390884241166617 62.391680493016295
70.67550137778258 17.49027657570807 79.32449862221742 22.50972342429193
81.94075322754364 89.08066520585551 90.05924677245636 94.91933479414449
51.5074594246318 57.22796451910932 54.4925405753682 66.77203548089068
65.06836389562811 67.17600647207902 74.93163610437189 68.82399352792098
63.90617955909178 11.000880305006913 64.09382044090822 20.999119694993087
46.993263525549146 29.009003038399214 55.006736474450854 34.990996961600786
19.139130296144856 40.82869913252691 28.860869703855144 43.17130086747309
59.55624639712213 29.019730655884874 60.44375360287787 38.98026934411513
78.12967505253755 34.83446927024081 85.87032494746245 41.16553072975919
87.86619638949614 31.478177120695605 92.13380361050386 40.521822879304395
74.76353837966397 74.00559453967661 75.23646162033603 83.99440546032339
78.2558188022919 43.42115714419928 87.7441811977081 46.57884285580072
52.245620116090315 91.45213956718479 61.754379883909685 94.54786043281521
12.146356825933822 29.814182320506532 19.85364317406618 36.18581767949347
33.28261867768356 80.34279951126607 42.71738132231644 83.65720048873393
25.140428604992508 73.82332423462326 34.85957139500749 76.17667576537674
53.97547045945944 15.01851521936885 60.02452954054056 22.98148478063115
68.07667237407013 87.94362777947151 73.92332762592987 96.05637222052849
91.87416712781142 24.128398585280234 94.12583287218858 33.87160141471976
25.015918997195406 90.60133151932672 34.984081002804594 91.39866848067328
9.077982179182005 9.120374755051865 18.922017820817995 10.879625244948135
12.578039433011497 70.6257449763471 17.421960566988503 79.3742550236529
38.255253527524005 36.422856724350446 47.744746472475995 39.577143275649554
45.18960143050636 51.066111659293185 46.81039856949364 60.933888340706815
8.123534272393414 46.841992168677926 15.876465727606586 53.158007831322074
16.09154280482414 45.04760934321765 25.90845719517586 46.95239065678235
80.162659733843 63.73503393349223 89.837340266157 66.26496606650777
