82.49083511753263 10.83957595303076 91.50916488246737 15.16042404696924
68.89175972906939 42.15002423233039 77.10824027093061 47.84997576766961
21.03637136809455 6.952107602237357 28.96362863190545 13.047892397762643
44.99989559502411 8.00000000109004 45.00010440497589 17.99999999890996
24.933437364032212 78.05079835920141 31.066562635967788 85.94920164079859
59.678466477488705 49.571627601041634 64.3215335225113 58.428372398958366
35.549675144339346 66.72083158167524 44.450324855660654 71.27916841832476
45.75067216557351 79.19975413631943 52.24932783442649 86.80024586368057
81.19210302756673 54.6273650512729 90.80789697243327 57.3726349487271
4.7182690403986705 24.00794354334788 5.2817309596013295 33.99205645665212
36.70519820440591 44.170560248835656 39.29480179559409 53.829439751164344
69.19025957780244 54.86413748295847 74.80974042219756 63.13586251704153
92.44560445939935 76.24775268916265 95.55439554060065 85.75224731083735
65.2634224008453 25.815368230799187 70.7365775991547 34.18463176920081
15.261543142711325 15.679768031267802 22.738456857288675 22.320231968732198
61.22832803412126 73.05990664287842 62.77167196587874 82.94009335712158
17.674639091273853 60.491762967886864 26.325360908726147 65.50823703211314
31.963394670174374 47.433574841243335 36.036605329825626 56.566425158756665
38.00592252331743 22.75670972709153 47.99407747668257 23.24329027290847
22.862205230575135 28.10715476996966 29.137794769424865 35.89284523003034
51.16783507893788 46.347777767342855 54.83216492106212 55.652222232657145
3.738001203707933 85.38554666126836 12.261998796292067 90.61445333873164
25.608319506983705 55.60911575883338 30.391680493016295 64.39088424116662
72.49027657570807 11.675501377782577 77.50972342429193 20.324498622217423
79.06539765119311 89.1939605101799 88.93460234880689 90.8060394898201
50.68104691343832 63.570275789360466 55.31895308656168 72.42972421063953
65.93015525700748 68.09545807950097 74.06984474299252 73.90454192049903
65.90617955909178 8.000880305006913 66.09382044090822 17.999119694993087
50.281763702544595 32.05185523443205 51.718236297455405 41.94814476556795
21.139130296144856 39.82869913252691 30.860869703855144 42.17130086747309
61.55624639712213 29.019730655884874 62.44375360287787 38.98026934411513
79.50163522932095 31.024898739186707 80.49836477067905 40.97510126081329
87.311415381427 29.293761376011766 90.688584618573 38.706238623988234
68.30121841578026 75.63562564624017 75.69878158421974 82.36437435375983
81.2558188022919 47.42115714419928 90.7441811977081 50.57884285580072
56.73264835212453 87.54364313537657 61.26735164787547 96.45635686462343
14.527776064138378 27.02234949455073 15.472223935861622 36.97765050544927
33.836125380916705 78.49248997417786 38.163874619083295 87.50751002582214
25.140428604992508 70.82332423462326 34.85957139500749 73.17667576537674
53.97547045945944 16.01851521936885 60.02452954054056 23.98148478063115
66.07667237407013 87.94362777947151 71.92332762592987 96.05637222052849
91.35134166282094 23.759173546006405 96.64865833717906 32.24082645399359
27.015918997195406 93.60133151932672 36.984081002804594 94.39866848067328
8.897618846172858 3.1415967973842664 17.102381153827142 8.858403202615733
14.578039433011496 67.6257449763471 19.421960566988503 76.3742550236529
36.255253527524005 38.422856724350446 45.744746472475995 41.577143275649554
45.18960143050636 48.066111659293185 46.81039856949364 57.933888340706815
6.025876044404079 49.4919735495402 15.974123955595921 50.5080264504598
17.09154280482414 46.04760934321765 26.90845719517586 47.95239065678235
85.47394997849216 62.68501781129513 90.52605002150784 71.31498218870487
