74.83957595303076 2.4908351175326224 79.16042404696924 11.509164882467378
69.1500242323304 40.89175972906939 74.8499757676696 49.10824027093061
25.042105933489605 10.352476699059386 34.95789406651039 11.647523300940614
43.46453992030448 12.464392269371592 50.53546007969552 19.535607730628406
25.375879974344393 72.03910550469216 26.624120025655607 81.96089449530784
61.678466477488705 43.571627601041634 66.3215335225113 52.428372398958366
38.46476056014296 60.24152967201565 41.53523943985704 69.75847032798434
40.199754136319434 76.75067216557352 47.800245863680566 83.24932783442648
83.57090292788475 48.62970396720759 88.42909707211525 57.37029603279241
6.7182690403986705 31.00794354334788 7.2817309596013295 40.99205645665212
37.70519820440591 44.170560248835656 40.29480179559409 53.829439751164344
60.864137482958476 55.190259577802436 69.13586251704153 60.809740422197564
88.73877732803622 75.54053007322652 93.26122267196378 84.45946992677348
67.2634224008453 26.815368230799187 72.7365775991547 35.18463176920081
20.704270345240726 15.008753264834931 21.295729654759274 24.99124673516507
51.22832803412126 76.05990664287842 52.77167196587874 85.94009335712158
17.491762967886864 57.67463909127385 22.508237032113136 66.32536090872614
28.963394670174374 45.433574841243335 33.036605329825626 54.566425158756665
42.64068615223706 18.29662174869645 49.35931384776294 25.70337825130355
27.862205230575135 21.10715476996966 34.137794769424865 28.89284523003034
52.16783507893788 43.347777767342855 55.83216492106212 52.652222232657145
4.38554666126837 80.73800120370794 9.61445333873163 89.26199879629206
25.609115758833383 55.608319506983705 34.39088424116662 60.391680493016295
71.49027657570807 9.675501377782577 76.50972342429193 18.324498622217423
80.94075322754364 81.08066520585551 89.05924677245636 86.91933479414449
57.5074594246318 63.22796451910932 60.4925405753682 72.77203548089068
76.17600647207902 63.06836389562811 77.82399352792098 72.93163610437189
58.531429633687274 7.3987474937270505 65.46857036631273 14.60125250627295
47.05185523443205 36.281763702544595 56.94814476556795 37.718236297455405
15.734611283739873 40.391080856139695 24.265388716260127 45.608919143860305
53.16463659286981 27.79219895641162 60.83536340713019 34.20780104358838
78.50163522932095 29.024898739186707 79.49836477067905 38.97510126081329
88.86619638949614 36.478177120695605 93.13380361050386 45.521822879304395
71.76353837966397 70.00559453967661 72.23646162033603 79.99440546032339
87.76176779368751 44.52894681415827 92.23823220631249 53.47105318584173
59.45213956718479 81.24562011609031 62.54786043281521 90.75437988390969
10.52777606413838 28.02234949455073 11.47222393586162 37.97765050544927
30.8361253809167 74.49248997417786 35.163874619083295 83.50751002582214
28.73172869997427 64.39579952588579 37.26827130002573 69.60420047411421
57.32333046043995 12.045999764409412 58.67666953956005 21.954000235590588
67.94362777947151 89.07667237407013 76.05637222052849 94.92332762592987
93.87416712781142 28.128398585280234 96.12583287218858 37.87160141471976
25.015918997195406 94.60133151932672 34.984081002804594 95.39866848067328
5.1203747550518655 3.077982179182004 6.8796252449481345 12.922017820817995
8.62574497634709 77.5780394330115 17.37425502365291 82.4219605669885
38.760166299415836 33.529748889186706 43.239833700584164 42.470251110813294
45.18960143050636 57.066111659293185 46.81039856949364 66.93388834070682
4.123534272393416 44.841992168677926 11.876465727606584 51.158007831322074
11.855754740377737 44.20263852387676 20.144245259622263 49.79736147612324
85.68501781129514 62.47394997849216 94.31498218870486 67.52605002150784
