75.28388844026864 8.339189427969512 84.71611155973136 11.660810572030488
64.1500242323304 36.89175972906939 69.8499757676696 45.10824027093061
23.042105933489605 10.352476699059387 32.95789406651039 11.647523300940613
48.99989559502411 11.00000000109004 49.00010440497589 20.99999999890996
21.375879974344393 80.03910550469216 22.624120025655607 89.96089449530784
58.678466477488705 38.571627601041634 63.321533522511295 47.428372398958366
37.72083158167524 61.549675144339346 42.27916841832476 70.45032485566065
40.75067216557351 87.19975413631943 47.24932783442649 94.80024586368057
80.19210302756673 53.6273650512729 89.80789697243327 56.3726349487271
3.0079435433478805 36.71826904039867 12.992056456652119 37.28173095960133
36.50063353257692 43.66950727266272 41.49936646742308 52.33049272733728
58.08871706223483 60.06229007405452 67.91128293776518 61.93770992594548
86.54053007322653 78.73877732803622 95.45946992677347 83.26122267196378
67.2634224008453 22.815368230799187 72.7365775991547 31.184631769200813
16.704270345240726 19.00875326483493 17.295729654759274 28.99124673516507
51.05248096740912 77.9611720075603 56.94751903259088 86.0388279924397
18.715099384590953 56.167916556130116 21.284900615409047 65.83208344386989
27.33095236514194 49.21114724378267 36.66904763485806 52.78885275621733
40.756709727091526 18.005922523317434 41.243290272908474 27.994077476682566
24.10715476996966 19.862205230575135 31.89284523003034 26.137794769424865
46.41484587176617 44.00591835163646 55.58515412823383 47.99408164836354
6.835009434645922 73.13761406482003 9.164990565354078 82.86238593517997
22.609115758833383 53.608319506983705 31.390884241166617 58.391680493016295
68.71676015121773 11.167475246778631 71.28323984878227 20.83252475322137
70.08066520585551 75.94075322754364 75.91933479414449 84.05924677245636
52.22796451910932 65.50745942463179 61.77203548089068 68.49254057536821
73.93015525700748 59.09545807950097 82.06984474299252 64.90454192049903
56.39874749372705 6.531429633687274 63.60125250627295 13.468570366312726
45.993263525549146 36.009003038399214 54.006736474450854 41.990996961600786
16.3910808561397 39.73461128373987 21.6089191438603 48.26538871626013
52.01973065588487 29.556246397122127 61.98026934411513 30.443753602877873
78.50163522932095 27.024898739186707 79.49836477067905 36.97510126081329
85.4781771206956 29.866196389496135 94.5218228793044 34.13380361050386
67.30121841578026 66.63562564624017 74.69878158421974 73.36437435375983
85.2558188022919 48.42115714419928 94.7441811977081 51.57884285580072
61.45213956718479 78.24562011609031 64.54786043281521 87.75437988390969
8.81418232050653 26.14635682593382 15.18581767949347 33.85364317406618
25.28261867768356 76.34279951126607 34.71738132231644 79.65720048873393
30.82332423462326 63.14042860499251 33.176675765376736 72.85957139500749
53.01851521936885 15.975470459459435 60.98148478063115 22.024529540540563
72.07667237407013 85.94362777947151 77.92332762592987 94.05637222052849
87.12839858528024 24.874167127811422 96.87160141471976 27.125832872188578
27.75762371106324 83.19382133880441 34.24237628893676 90.80617866119559
7.141596797384266 5.897618846172858 12.858403202615733 14.102381153827142
14.61951935081969 74.19434986945171 17.38048064918031 83.80565013054829
38.422856724350446 33.255253527524005 41.577143275649554 42.744746472475995
42.066111659293185 59.18960143050636 51.933888340706815 60.81039856949364
3.025876044404079 53.491973549540205 12.974123955595921 54.508026450459795
7.091542804824139 49.04760934321765 16.90845719517586 50.95239065678235
89.47394997849216 63.68501781129513 94.52605002150784 72.31498218870487
