81.28388844026864 11.339189427969508 90.71611155973136 14.660810572030492
68.89175972906939 42.15002423233039 77.10824027093061 47.84997576766961
22.03637136809455 7.952107602237357 29.96362863190545 14.047892397762643
45.99989559502411 9.00000000109004 46.00010440497589 18.99999999890996
25.375879974344393 75.03910550469216 26.624120025655607 84.96089449530784
56.22709575055757 51.51023994359683 65.77290424944243 54.48976005640317
34.549675144339346 66.72083158167524 43.450324855660654 71.27916841832476
43.75067216557351 78.19975413631943 50.24932783442649 85.80024586368057
81.62970396720759 53.570902927884745 90.37029603279241 58.429097072115255
3.7182690403986705 25.00794354334788 4.2817309596013295 34.99205645665212
37.70519820440591 43.170560248835656 40.29480179559409 52.829439751164344
71.06229007405452 55.08871706223483 72.93770992594548 64.91128293776518
90.73877732803622 74.54053007322652 95.26122267196378 83.45946992677348
65.2634224008453 24.815368230799187 70.7365775991547 33.18463176920081
12.008753264834931 17.704270345240726 21.99124673516507 18.295729654759274
61.22832803412126 73.05990664287842 62.77167196587874 82.94009335712158
16.167916556130116 61.71509938459096 25.832083443869884 64.28490061540904
29.963394670174374 46.433574841243335 34.036605329825626 55.566425158756665
38.296621748696445 20.64068615223706 45.703378251303555 27.35931384776294
25.466098699167844 26.02858678030384 26.533901300832156 35.97141321969616
48.00591835163645 46.41484587176617 51.99408164836355 55.58515412823383
2.738001203707933 86.38554666126836 11.261998796292067 91.61445333873164
26.608319506983705 54.60911575883338 31.391680493016295 63.39088424116662
72.16747524677864 13.716760151217727 81.83252475322136 16.283239848782273
79.06539765119311 92.1939605101799 88.93460234880689 93.8060394898201
48.570275789360466 66.68104691343832 57.429724210639534 71.31895308656168
64.93015525700748 67.09545807950097 73.06984474299252 72.90454192049903
60.531429633687274 10.39874749372705 67.46857036631273 17.60125250627295
46.993263525549146 34.009003038399214 55.006736474450854 39.990996961600786
21.139130296144856 38.82869913252691 30.860869703855144 41.17130086747309
58.792198956411625 31.164636592869808 65.20780104358838 38.83536340713019
80.50163522932095 30.024898739186707 81.49836477067905 39.97510126081329
85.86619638949614 30.478177120695605 90.13380361050386 39.521822879304395
68.00559453967661 78.76353837966397 77.99440546032339 79.23646162033603
82.2558188022919 47.42115714419928 91.7441811977081 50.57884285580072
56.73264835212453 85.54364313537657 61.26735164787547 94.45635686462343
10.022349494550731 31.52777606413838 19.97765050544927 32.47222393586162
35.34279951126607 77.28261867768356 38.65720048873393 86.71738132231644
26.140428604992508 69.82332423462326 35.85957139500749 72.17667576537674
51.045999764409416 18.323330460439944 60.954000235590584 19.676669539560056
63.943627779471505 87.07667237407013 72.05637222052849 92.92332762592987
90.35134166282094 22.759173546006405 95.64865833717906 31.240826453993595
29.015918997195406 93.60133151932672 38.984081002804594 94.39866848067328
8.897618846172858 3.1415967973842664 17.102381153827142 8.858403202615733
15.578039433011496 68.6257449763471 20.421960566988503 77.3742550236529
38.760166299415836 35.529748889186706 43.239833700584164 44.470251110813294
44.18960143050636 51.066111659293185 45.81039856949364 60.933888340706815
7.841992168677926 46.123534272393414 14.158007831322074 53.876465727606586
17.855754740377737 44.20263852387676 26.144245259622263 49.79736147612324
84.47394997849216 60.68501781129513 89.52605002150784 69.31498218870487
