77.33918942796952 3.2838884402686404 80.66081057203048 12.71611155973136
64.1500242323304 36.89175972906939 69.8499757676696 45.10824027093061
26.03637136809455 7.952107602237357 33.96362863190545 14.047892397762643
45.46453992030448 12.464392269371592 52.53546007969552 19.535607730628406
21.375879974344393 75.03910550469216 22.624120025655607 84.96089449530784
57.51023994359683 36.22709575055757 60.48976005640317 45.77290424944243
41.72083158167524 59.549675144339346 46.27916841832476 68.45032485566065
45.61044212563651 83.01519863359417 46.38955787436349 92.98480136640583
81.6273650512729 49.19210302756673 84.3726349487271 58.80789697243327
6.7182690403986705 31.00794354334788 7.2817309596013295 40.99205645665212
35.66950727266272 46.50063353257692 44.33049272733728 51.49936646742308
55.864137482958476 59.190259577802436 64.13586251704153 64.80974042219756
86.54053007322653 79.73877732803622 95.45946992677347 84.26122267196378
65.2634224008453 20.815368230799187 70.7365775991547 29.184631769200813
14.261543142711323 20.679768031267805 21.738456857288675 27.320231968732195
52.05248096740912 77.9611720075603 57.94751903259088 86.0388279924397
18.167916556130116 57.71509938459096 27.832083443869884 60.28490061540904
27.433574841243335 48.963394670174374 36.566425158756665 53.036605329825626
38.296621748696445 19.64068615223706 45.703378251303555 26.35931384776294
27.466098699167844 17.02858678030384 28.533901300832156 26.97141321969616
46.41484587176617 46.00591835163645 55.58515412823383 49.99408164836355
2.1376140648200312 78.83500943464593 11.862385935179969 81.16499056535407
24.20400248262253 53.586349472709344 33.79599751737747 56.413650527290656
69.71676015121773 11.167475246778631 72.28323984878227 20.83252475322137
74.94075322754364 80.08066520585551 83.05924677245636 85.91933479414449
55.68104691343832 65.57027578936047 60.31895308656168 74.42972421063953
72.93015525700748 63.09545807950097 81.06984474299252 68.90454192049903
64.90617955909178 4.000880305006912 65.09382044090822 13.999119694993087
45.993263525549146 38.009003038399214 54.006736474450854 43.990996961600786
13.13913029614486 40.8286991325269 22.86086970385514 43.1713008674731
56.01973065588487 28.556246397122127 65.98026934411513 29.443753602877873
74.83446927024082 28.129675052537543 81.16553072975918 35.87032494746246
89.311415381427 31.293761376011766 92.688584618573 40.706238623988234
70.76353837966397 67.00559453967661 71.23646162033603 76.99440546032339
87.76176779368751 41.52894681415827 92.23823220631249 50.47105318584173
60.73264835212453 78.54364313537657 65.26735164787547 87.45635686462343
11.52777606413838 26.02234949455073 12.47222393586162 35.97765050544927
31.342799511266072 73.28261867768356 34.65720048873393 82.71738132231644
27.140428604992508 67.82332423462326 36.85957139500749 70.17667576537674
54.97547045945944 13.01851521936885 61.02452954054056 20.98148478063115
69.07667237407013 85.94362777947151 74.92332762592987 94.05637222052849
93.87416712781142 23.128398585280234 96.12583287218858 32.87160141471976
26.75762371106324 84.19382133880441 33.24237628893676 91.80617866119559
6.141596797384266 8.897618846172858 11.858403202615733 17.102381153827142
14.61951935081969 74.19434986945171 17.38048064918031 83.80565013054829
38.760166299415836 32.529748889186706 43.239833700584164 41.470251110813294
45.0842524206218 55.938175772716136 50.9157475793782 64.06182422728386
5.025876044404079 53.491973549540205 14.974123955595921 54.508026450459795
9.09154280482414 49.04760934321765 18.90845719517586 50.95239065678235
87.162659733843 62.73503393349223 96.837340266157 65.26496606650777
