74.83957595303076 3.4908351175326224 79.16042404696924 12.509164882467378
68.11027263721782 39.07979825414479 69.88972736278218 48.92020174585521
29.03637136809455 6.952107602237357 36.96362863190545 13.047892397762643
48.99989559502411 11.00000000109004 49.00010440497589 20.99999999890996
25.375879974344393 71.03910550469216 26.624120025655607 80.96089449530784
61.51023994359683 42.22709575055757 64.48976005640317 51.77290424944243
38.72083158167524 60.549675144339346 43.27916841832476 69.45032485566065
41.75067216557351 79.19975413631943 48.24932783442649 86.80024586368057
85.6273650512729 47.19210302756673 88.3726349487271 56.80789697243327
5.7182690403986705 30.00794354334788 6.2817309596013295 39.99205645665212
33.66950727266272 45.50063353257692 42.33049272733728 50.49936646742308
60.08871706223483 59.06229007405452 69.91128293776518 60.93770992594548
90.44560445939935 73.24775268916265 93.55439554060065 82.75224731083735
66.2634224008453 24.815368230799187 71.7365775991547 33.18463176920081
18.704270345240726 18.00875326483493 19.295729654759274 27.99124673516507
51.22832803412126 77.05990664287842 52.77167196587874 86.94009335712158
18.491762967886864 57.67463909127385 23.508237032113136 66.32536090872614
27.963394670174374 44.433574841243335 32.036605329825626 53.566425158756665
39.64068615223706 17.29662174869645 46.35931384776294 24.70337825130355
28.10715476996966 20.862205230575135 35.89284523003034 27.137794769424865
48.41484587176617 45.00591835163645 57.58515412823383 48.99408164836355
4.835009434645922 80.13761406482003 7.164990565354078 89.86238593517997
24.609115758833383 56.608319506983705 33.39088424116662 61.391680493016295
69.67550137778258 13.49027657570807 78.32449862221742 18.50972342429193
80.94075322754364 81.08066520585551 89.05924677245636 86.91933479414449
56.5074594246318 65.22796451910932 59.4925405753682 74.77203548089068
75.09545807950097 64.93015525700748 80.90454192049903 73.06984474299252
62.90617955909178 2.0008803050069117 63.09382044090822 11.999119694993087
47.993263525549146 32.009003038399214 56.006736474450854 37.990996961600786
15.734611283739873 41.391080856139695 24.265388716260127 46.608919143860305
54.792198956411625 27.164636592869808 61.207801043588375 34.83536340713019
78.50163522932095 28.024898739186707 79.49836477067905 37.97510126081329
89.311415381427 33.293761376011766 92.688584618573 42.706238623988234
68.30121841578026 68.63562564624017 75.69878158421974 75.36437435375983
87.76176779368751 42.52894681415827 92.23823220631249 51.47105318584173
57.73264835212453 80.54364313537657 62.26735164787547 89.45635686462343
11.52777606413838 27.02234949455073 12.47222393586162 36.97765050544927
30.342799511266072 75.28261867768356 33.65720048873393 84.71738132231644
28.140428604992508 65.82332423462326 37.85957139500749 68.17667576537674
54.045999764409416 19.323330460439944 63.954000235590584 20.676669539560056
66.94362777947151 89.07667237407013 75.05637222052849 94.92332762592987
93.87416712781142 29.128398585280234 96.12583287218858 38.87160141471976
23.015918997195406 93.60133151932672 32.984081002804594 94.39866848067328
5.1203747550518655 5.077982179182004 6.8796252449481345 14.922017820817995
9.19434986945172 79.61951935081969 18.80565013054828 82.38048064918031
38.760166299415836 32.529748889186706 43.239833700584164 41.470251110813294
45.18960143050636 57.066111659293185 46.81039856949364 66.93388834070682
6.123534272393416 44.841992168677926 13.876465727606584 51.158007831322074
11.855754740377737 44.20263852387676 20.144245259622263 49.79736147612324
85.162659733843 64.73503393349223 94.837340266157 67.26496606650777
