72.83957595303076 2.4908351175326224 77.16042404696924 11.509164882467378
68.11027263721782 35.07979825414479 69.88972736278218 44.92020174585521
33.35247669905939 5.042105933489606 34.64752330094061 14.957894066510395
48.99989559502411 11.00000000109004 49.00010440497589 20.99999999890996
23.375879974344393 74.03910550469216 24.624120025655607 83.96089449530784
60.51023994359683 42.22709575055757 63.48976005640317 51.77290424944243
38.72083158167524 60.549675144339346 43.27916841832476 69.45032485566065
40.75067216557351 80.19975413631943 47.24932783442649 87.80024586368057
85.6273650512729 47.19210302756673 88.3726349487271 56.80789697243327
5.7182690403986705 30.00794354334788 6.2817309596013295 39.99205645665212
34.66950727266272 45.50063353257692 43.33049272733728 50.49936646742308
59.08871706223483 61.06229007405452 68.91128293776518 62.93770992594548
91.44560445939935 74.24775268916265 94.55439554060065 83.75224731083735
66.2634224008453 24.815368230799187 71.7365775991547 33.18463176920081
19.704270345240726 17.00875326483493 20.295729654759274 26.99124673516507
47.9611720075603 81.05248096740911 56.0388279924397 86.94751903259089
18.491762967886864 57.67463909127385 23.508237032113136 66.32536090872614
28.963394670174374 43.433574841243335 33.036605329825626 52.566425158756665
39.64068615223706 17.29662174869645 46.35931384776294 24.70337825130355
30.466098699167844 19.02858678030384 31.533901300832156 28.97141321969616
50.16783507893788 42.347777767342855 53.83216492106212 51.652222232657145
4.835009434645922 80.13761406482003 7.164990565354078 89.86238593517997
23.20400248262253 57.586349472709344 32.79599751737747 60.413650527290656
68.67550137778258 13.49027657570807 77.32449862221742 18.50972342429193
79.94075322754364 81.08066520585551 88.05924677245636 86.91933479414449
57.5074594246318 65.22796451910932 60.4925405753682 74.77203548089068
75.09545807950097 64.93015525700748 80.90454192049903 73.06984474299252
63.90617955909178 2.0008803050069117 64.09382044090822 11.999119694993087
47.993263525549146 32.009003038399214 56.006736474450854 37.990996961600786
15.734611283739873 41.391080856139695 24.265388716260127 46.608919143860305
54.792198956411625 26.164636592869808 61.207801043588375 33.83536340713019
78.50163522932095 26.024898739186707 79.49836477067905 35.97510126081329
88.86619638949614 33.478177120695605 93.13380361050386 42.521822879304395
68.30121841578026 68.63562564624017 75.69878158421974 75.36437435375983
87.76176779368751 42.52894681415827 92.23823220631249 51.47105318584173
59.45213956718479 80.24562011609031 62.54786043281521 89.75437988390969
10.52777606413838 29.02234949455073 11.47222393586162 38.97765050544927
29.8361253809167 75.49248997417786 34.163874619083295 84.50751002582214
28.140428604992508 66.82332423462326 37.85957139500749 69.17667576537674
54.045999764409416 18.323330460439944 63.954000235590584 19.676669539560056
68.07667237407013 87.94362777947151 73.92332762592987 96.05637222052849
93.87416712781142 27.128398585280234 96.12583287218858 36.87160141471976
24.015918997195406 92.60133151932672 33.984081002804594 93.39866848067328
7.1203747550518655 6.077982179182004 8.879625244948135 15.922017820817995
9.19434986945172 78.61951935081969 18.80565013054828 81.38048064918031
40.760166299415836 32.529748889186706 45.239833700584164 41.470251110813294
46.18960143050636 58.066111659293185 47.81039856949364 67.93388834070682
6.123534272393416 46.841992168677926 13.876465727606584 53.158007831322074
10.855754740377737 44.20263852387676 19.144245259622263 49.79736147612324
86.162659733843 64.73503393349223 95.837340266157 67.26496606650777
