73.33918942796952 3.2838884402686404 76.66081057203048 12.71611155973136
64.89175972906939 37.15002423233039 73.10824027093061 42.84997576766961
32.35247669905939 5.042105933489606 33.64752330094061 14.957894066510395
48.99989559502411 11.00000000109004 49.00010440497589 20.99999999890996
22.375879974344393 75.03910550469216 23.624120025655607 84.96089449530784
60.51023994359683 42.22709575055757 63.48976005640317 51.77290424944243
38.72083158167524 60.549675144339346 43.27916841832476 69.45032485566065
40.015198633594174 84.61044212563651 49.984801366405826 85.38955787436349
85.6273650512729 46.19210302756673 88.3726349487271 55.80789697243327
4.7182690403986705 29.00794354334788 5.2817309596013295 38.99205645665212
34.66950727266272 45.50063353257692 43.33049272733728 50.49936646742308
58.08871706223483 61.06229007405452 67.91128293776518 62.93770992594548
92.44560445939935 74.24775268916265 95.55439554060065 83.75224731083735
65.2634224008453 24.815368230799187 70.7365775991547 33.18463176920081
19.704270345240726 17.00875326483493 20.295729654759274 26.99124673516507
53.22832803412126 78.05990664287842 54.77167196587874 87.94009335712158
15.167916556130114 58.71509938459096 24.832083443869884 61.28490061540904
28.963394670174374 45.433574841243335 33.036605329825626 54.566425158756665
41.756709727091526 16.005922523317434 42.243290272908474 25.994077476682566
26.02858678030384 24.466098699167844 35.97141321969616 25.533901300832156
46.41484587176617 46.00591835163645 55.58515412823383 49.99408164836355
4.835009434645922 81.13761406482003 7.164990565354078 90.86238593517997
27.586349472709344 52.20400248262253 30.413650527290656 61.79599751737747
68.67550137778258 14.490276575708068 77.32449862221742 19.50972342429193
82.1939605101799 81.06539765119311 83.8060394898201 90.93460234880689
57.5074594246318 65.22796451910932 60.4925405753682 74.77203548089068
74.09545807950097 65.93015525700748 79.90454192049903 74.06984474299252
63.90617955909178 3.0008803050069117 64.09382044090822 12.999119694993087
46.993263525549146 32.009003038399214 55.006736474450854 37.990996961600786
15.13913029614486 41.8286991325269 24.86086970385514 44.1713008674731
57.55624639712213 25.019730655884874 58.44375360287787 34.98026934411513
74.83446927024082 29.129675052537543 81.16553072975918 36.87032494746246
88.86619638949614 30.478177120695605 93.13380361050386 39.521822879304395
68.30121841578026 69.63562564624017 75.69878158421974 76.36437435375983
87.76176779368751 41.52894681415827 92.23823220631249 50.47105318584173
60.45213956718479 79.24562011609031 63.54786043281521 88.75437988390969
10.52777606413838 30.02234949455073 11.47222393586162 39.97765050544927
27.28261867768356 76.34279951126607 36.71738132231644 79.65720048873393
28.140428604992508 66.82332423462326 37.85957139500749 69.17667576537674
54.045999764409416 16.323330460439944 63.954000235590584 17.676669539560056
68.07667237407013 87.94362777947151 73.92332762592987 96.05637222052849
93.87416712781142 25.128398585280234 96.12583287218858 34.87160141471976
28.601331519326717 86.0159189971954 29.398668480673283 95.9840810028046
6.1203747550518655 6.077982179182004 7.8796252449481345 15.922017820817995
11.578039433011497 75.6257449763471 16.421960566988503 84.3742550236529
40.760166299415836 32.529748889186706 45.239833700584164 41.470251110813294
44.0842524206218 58.938175772716136 49.9157475793782 67.06182422728386
6.123534272393416 45.841992168677926 13.876465727606584 52.158007831322074
10.855754740377737 44.20263852387676 19.144245259622263 49.79736147612324
85.68501781129514 62.47394997849216 94.31498218870486 67.52605002150784
