79.33918942796952 6.283888440268641 82.66081057203048 15.71611155973136
69.11027263721782 39.07979825414479 70.88972736278218 48.92020174585521
22.95210760223736 4.036371368094548 29.04789239776264 11.963628631905452
42.46453992030448 14.464392269371592 49.53546007969552 21.535607730628406
21.933437364032212 74.05079835920141 28.066562635967788 81.94920164079859
61.678466477488705 45.571627601041634 66.3215335225113 54.428372398958366
37.46476056014296 61.24152967201565 40.53523943985704 70.75847032798434
44.61044212563651 75.01519863359417 45.38955787436349 84.98480136640583
82.57090292788475 48.62970396720759 87.42909707211525 57.37029603279241
3.7182690403986705 29.00794354334788 4.2817309596013295 38.99205645665212
36.70519820440591 44.170560248835656 39.29480179559409 53.829439751164344
65.08871706223482 59.06229007405452 74.91128293776518 60.93770992594548
84.54053007322652 77.73877732803622 93.45946992677348 82.26122267196378
66.2634224008453 24.815368230799187 71.7365775991547 33.18463176920081
15.261543142711325 13.679768031267802 22.738456857288675 20.320231968732198
51.22832803412126 74.05990664287842 52.77167196587874 83.94009335712158
17.715099384590953 54.167916556130116 20.284900615409047 63.832083443869884
31.21114724378267 45.33095236514194 34.78885275621733 54.66904763485806
38.64068615223706 17.29662174869645 45.35931384776294 24.70337825130355
22.02858678030384 26.466098699167844 31.97141321969616 27.533901300832156
52.16783507893788 40.347777767342855 55.83216492106212 49.652222232657145
2.738001203707933 85.38554666126836 11.261998796292067 90.61445333873164
28.586349472709344 54.20400248262253 31.413650527290656 63.79599751737747
72.49027657570807 7.675501377782578 77.50972342429193 16.324498622217423
84.08066520585551 84.94075322754364 89.91933479414449 93.05924677245636
52.68104691343832 63.570275789360466 57.31895308656168 72.42972421063953
73.09545807950097 65.93015525700748 78.90454192049903 74.06984474299252
57.00088030500691 13.906179559091782 66.99911969499308 14.093820440908218
49.993263525549146 33.009003038399214 58.006736474450854 38.990996961600786
15.734611283739873 40.391080856139695 24.265388716260127 45.608919143860305
54.792198956411625 28.164636592869808 61.207801043588375 35.83536340713019
81.50163522932095 30.024898739186707 82.49836477067905 39.97510126081329
88.86619638949614 35.478177120695605 93.13380361050386 44.521822879304395
68.00559453967661 78.76353837966397 77.99440546032339 79.23646162033603
85.76176779368751 44.52894681415827 90.23823220631249 53.47105318584173
55.24562011609031 90.45213956718479 64.75437988390969 93.54786043281521
9.146356825933822 27.81418232050653 16.85364317406618 34.18581767949347
29.28261867768356 76.34279951126607 38.71738132231644 79.65720048873393
26.140428604992508 68.82332423462326 35.85957139500749 71.17667576537674
52.045999764409416 17.323330460439944 61.954000235590584 18.676669539560056
73.19881648377255 85.0646069079226 74.80118351622745 94.9353930920774
92.87416712781142 23.128398585280234 95.12583287218858 32.87160141471976
25.015918997195406 94.60133151932672 34.984081002804594 95.39866848067328
4.141596797384266 3.8976188461728576 9.858403202615733 12.102381153827142
14.619519350819692 74.19434986945171 17.38048064918031 83.80565013054829
36.255253527524005 38.422856724350446 45.744746472475995 41.577143275649554
46.18960143050636 55.066111659293185 47.81039856949364 64.93388834070682
7.4919735495402024 43.02587604440408 8.508026450459798 52.97412395559592
11.855754740377737 43.20263852387676 20.144245259622263 48.79736147612324
84.68501781129514 60.47394997849216 93.31498218870486 65.52605002150784
