75.49083511753263 6.839575953030758 84.50916488246737 11.160424046969242
65.1500242323304 37.89175972906939 70.8499757676696 46.10824027093061
23.042105933489605 11.352476699059387 32.95789406651039 12.647523300940613
49.99989559502411 10.00000000109004 50.00010440497589 19.99999999890996
22.375879974344393 80.03910550469216 23.624120025655607 89.96089449530784
58.678466477488705 38.571627601041634 63.321533522511295 47.428372398958366
34.549675144339346 62.72083158167524 43.450324855660654 67.27916841832476
41.199754136319434 87.7506721655735 48.800245863680566 94.2493278344265
79.19210302756673 52.6273650512729 88.80789697243327 55.3726349487271
6.7182690403986705 32.00794354334788 7.2817309596013295 41.99205645665212
35.50063353257692 42.66950727266272 40.49936646742308 51.33049272733728
58.08871706223483 60.06229007405452 67.91128293776518 61.93770992594548
89.44560445939935 76.24775268916265 92.55439554060065 85.75224731083735
66.2634224008453 22.815368230799187 71.7365775991547 31.184631769200813
13.261543142711323 21.679768031267805 20.738456857288675 28.320231968732195
51.05248096740912 77.9611720075603 56.94751903259088 86.0388279924397
18.715099384590953 56.167916556130116 21.284900615409047 65.83208344386989
26.33095236514194 49.21114724378267 35.66904763485806 52.78885275621733
40.756709727091526 18.005922523317434 41.243290272908474 27.994077476682566
28.466098699167844 19.02858678030384 29.533901300832156 28.97141321969616
47.41484587176617 45.00591835163646 56.58515412823383 48.99408164836354
6.835009434645922 73.13761406482003 9.164990565354078 82.86238593517997
22.609115758833383 53.608319506983705 31.390884241166617 58.391680493016295
69.71676015121773 12.167475246778631 72.28323984878227 21.83252475322137
70.06539765119311 80.1939605101799 79.93460234880689 81.8060394898201
51.22796451910932 65.50745942463179 60.77203548089068 68.49254057536821
73.06836389562811 62.176006472079024 82.93163610437189 63.823993527920976
57.39874749372705 6.531429633687274 64.60125250627294 13.468570366312726
45.993263525549146 36.009003038399214 54.006736474450854 41.990996961600786
16.3910808561397 39.73461128373987 21.6089191438603 48.26538871626013
52.01973065588487 31.556246397122127 61.98026934411513 32.44375360287788
75.83446927024082 27.129675052537543 82.16553072975918 34.87032494746246
85.4781771206956 31.866196389496135 94.5218228793044 36.13380361050386
67.30121841578026 66.63562564624017 74.69878158421974 73.36437435375983
88.76176779368751 45.52894681415827 93.23823220631249 54.47105318584173
61.45213956718479 78.24562011609031 64.54786043281521 87.75437988390969
8.81418232050653 26.14635682593382 15.18581767949347 33.85364317406618
26.28261867768356 76.34279951126607 35.71738132231644 79.65720048873393
28.73172869997427 66.39579952588579 37.26827130002573 71.60420047411421
56.32333046043995 14.045999764409414 57.67666953956005 23.954000235590584
73.19881648377255 85.0646069079226 74.80118351622745 94.9353930920774
87.12839858528024 25.874167127811422 96.87160141471976 28.125832872188578
27.75762371106324 81.19382133880441 34.24237628893676 88.80617866119559
7.141596797384266 5.897618846172858 12.858403202615733 14.102381153827142
14.61951935081969 75.19434986945171 17.38048064918031 84.80565013054829
35.529748889186706 35.760166299415836 44.470251110813294 40.239833700584164
43.066111659293185 59.18960143050636 52.933888340706815 60.81039856949364
5.025876044404079 53.491973549540205 14.974123955595921 54.508026450459795
8.09154280482414 49.04760934321765 17.90845719517586 50.95239065678235
90.73503393349223 63.162659733843 93.26496606650777 72.837340266157
