87.33918942796952 5.283888440268641 90.66081057203048 14.71611155973136
67.89175972906939 42.15002423233039 76.10824027093061 47.84997576766961
18.95210760223736 7.036371368094548 25.04789239776264 14.963628631905452
43.99989559502411 10.00000000109004 44.00010440497589 19.99999999890996
24.933437364032212 79.05079835920141 31.066562635967788 86.94920164079859
63.51023994359683 45.22709575055757 66.48976005640317 54.77290424944243
33.24152967201565 65.46476056014296 42.75847032798435 68.53523943985704
43.199754136319434 73.75067216557352 50.800245863680566 80.24932783442648
86.57090292788475 52.62970396720759 91.42909707211525 61.37029603279241
6.7182690403986705 22.00794354334788 7.2817309596013295 31.99205645665212
39.70519820440591 49.170560248835656 42.29480179559409 58.829439751164344
72.19025957780244 51.86413748295847 77.80974042219756 60.13586251704153
91.73877732803622 82.54053007322652 96.26122267196378 91.45946992677348
63.81536823079919 26.263422400845304 72.18463176920082 31.736577599154696
12.008753264834931 20.704270345240726 21.99124673516507 21.295729654759274
60.22832803412126 77.05990664287842 61.77167196587874 86.94009335712158
22.674639091273853 64.49176296788686 31.325360908726147 69.50823703211314
30.963394670174374 45.433574841243335 35.036605329825626 54.566425158756665
36.296621748696445 20.64068615223706 43.703378251303555 27.35931384776294
21.10715476996966 29.862205230575135 28.89284523003034 36.137794769424865
53.16783507893788 42.347777767342855 56.83216492106212 51.652222232657145
3.3855466612683696 82.73800120370794 8.61445333873163 91.26199879629206
25.608319506983705 52.60911575883338 30.391680493016295 61.39088424116662
73.71676015121773 17.167475246778633 76.28323984878227 26.832524753221367
83.06539765119311 95.1939605101799 92.93460234880689 96.8060394898201
51.5074594246318 54.22796451910932 54.4925405753682 63.77203548089068
69.06836389562811 67.17600647207902 78.93163610437189 68.82399352792098
62.39874749372705 11.531429633687274 69.60125250627294 18.468570366312726
50.281763702544595 23.051855234432047 51.718236297455405 32.94814476556795
17.139130296144856 40.82869913252691 26.860869703855144 43.17130086747309
56.792198956411625 31.164636592869808 63.207801043588375 38.83536340713019
77.12967505253755 32.83446927024081 84.87032494746245 39.16553072975919
86.311415381427 30.293761376011766 89.688584618573 39.706238623988234
70.63562564624017 73.30121841578026 77.36437435375983 80.69878158421974
78.2558188022919 44.42115714419928 87.7441811977081 47.57884285580072
54.73264835212453 83.54364313537657 59.26735164787547 92.45635686462343
12.146356825933822 30.814182320506532 19.85364317406618 37.18581767949347
31.28261867768356 80.34279951126607 40.71738132231644 83.65720048873393
26.140428604992508 73.82332423462326 35.85957139500749 76.17667576537674
56.32333046043995 12.045999764409412 57.67666953956005 21.954000235590588
70.19881648377255 83.0646069079226 71.80118351622745 92.9353930920774
87.75917354600641 25.351341662820946 96.24082645399359 30.648658337179054
20.75762371106324 86.19382133880441 27.24237628893676 93.80617866119559
9.897618846172858 10.141596797384267 18.102381153827142 15.858403202615733
11.194349869451719 73.61951935081969 20.80565013054828 76.38048064918031
38.255253527524005 35.422856724350446 47.744746472475995 38.577143275649554
45.18960143050636 51.066111659293185 46.81039856949364 60.933888340706815
10.4919735495402 45.02587604440408 11.5080264504598 54.97412395559592
16.09154280482414 46.04760934321765 25.90845719517586 47.95239065678235
84.68501781129514 66.47394997849216 93.31498218870486 71.52605002150784
