87.83957595303076 6.490835117532621 92.16042404696924 15.50916488246738
66.07979825414479 43.110272637217825 75.92020174585521 44.889727362782175
16.042105933489605 8.352476699059386 25.957894066510395 9.647523300940614
37.000000001090044 13.999895595024105 46.999999998909956 14.000104404975895
23.933437364032212 78.05079835920141 30.066562635967788 85.94920164079859
63.51023994359683 47.22709575055757 66.48976005640317 56.77290424944243
34.46476056014296 61.24152967201565 37.53523943985704 70.75847032798434
45.61044212563651 73.01519863359417 46.38955787436349 82.98480136640583
88.6273650512729 52.19210302756673 91.3726349487271 61.80789697243327
4.7182690403986705 24.00794354334788 5.2817309596013295 33.99205645665212
38.70519820440591 48.170560248835656 41.29480179559409 57.829439751164344
72.06229007405452 51.08871706223483 73.93770992594548 60.91128293776517
87.24775268916265 82.44560445939935 96.75224731083735 85.55439554060065
64.97607107683493 26.10596592162396 67.02392892316507 35.89403407837604
13.008753264834931 18.704270345240726 22.99124673516507 19.295729654759274
59.22832803412126 78.05990664287842 60.77167196587874 87.94009335712158
19.167916556130116 64.71509938459096 28.832083443869884 67.28490061540904
31.21114724378267 46.33095236514194 34.78885275621733 55.66904763485806
40.756709727091526 20.005922523317434 41.243290272908474 29.994077476682566
22.862205230575135 32.10715476996966 29.137794769424865 39.89284523003034
53.16783507893788 44.347777767342855 56.83216492106212 53.652222232657145
2.1376140648200312 84.83500943464593 11.862385935179969 87.16499056535407
24.608319506983705 52.60911575883338 29.391680493016295 61.39088424116662
73.49027657570807 17.675501377782577 78.50972342429193 26.324498622217423
81.06539765119311 93.1939605101799 90.93460234880689 94.8060394898201
50.570275789360466 58.68104691343832 59.429724210639534 63.31895308656168
66.93015525700748 65.09545807950097 75.06984474299252 70.90454192049903
65.90617955909178 8.000880305006913 66.09382044090822 17.999119694993087
46.05185523443205 32.281763702544595 55.94814476556795 33.718236297455405
16.139130296144856 40.82869913252691 25.860869703855144 43.17130086747309
60.55624639712213 27.019730655884874 61.44375360287787 36.98026934411513
77.12967505253755 33.83446927024081 84.87032494746245 40.16553072975919
85.86619638949614 31.478177120695605 90.13380361050386 40.521822879304395
73.76353837966397 75.00559453967661 74.23646162033603 84.99440546032339
79.52894681415826 42.76176779368751 88.47105318584174 47.23823220631249
54.45213956718479 84.24562011609031 57.54786043281521 93.75437988390969
13.527776064138378 27.02234949455073 14.472223935861622 36.97765050544927
32.49248997417786 81.8361253809167 41.50751002582214 86.1638746190833
25.140428604992508 73.82332423462326 34.85957139500749 76.17667576537674
55.32333046043995 12.045999764409414 56.67666953956005 21.954000235590584
68.19881648377255 85.0646069079226 69.80118351622745 94.9353930920774
91.87416712781142 24.128398585280234 94.12583287218858 33.87160141471976
17.015918997195406 90.60133151932672 26.984081002804594 91.39866848067328
9.897618846172858 9.141596797384267 18.102381153827142 14.858403202615733
10.194349869451719 74.61951935081969 19.80565013054828 77.38048064918031
37.529748889186706 34.760166299415836 46.470251110813294 39.239833700584164
44.18960143050636 50.066111659293185 45.81039856949364 59.933888340706815
8.123534272393414 47.841992168677926 15.876465727606586 54.158007831322074
15.09154280482414 46.04760934321765 24.90845719517586 47.95239065678235
82.68501781129514 64.47394997849216 91.31498218870486 69.52605002150784
