75.28388844026864 9.339189427969512 84.71611155973136 12.660810572030488
66.1500242323304 37.89175972906939 71.8499757676696 46.10824027093061
22.042105933489605 10.352476699059384 31.957894066510395 11.647523300940616
47.99989559502411 11.00000000109004 48.00010440497589 20.99999999890996
23.375879974344393 80.03910550469216 24.624120025655607 89.96089449530784
58.678466477488705 38.571627601041634 63.321533522511295 47.428372398958366
37.72083158167524 60.549675144339346 42.27916841832476 69.45032485566065
41.75067216557351 87.19975413631943 48.24932783442649 94.80024586368057
80.19210302756673 53.6273650512729 89.80789697243327 56.3726349487271
4.669296899439492 33.2708691554309 11.330703100560509 40.7291308445691
35.50063353257692 42.66950727266272 40.49936646742308 51.33049272733728
59.08871706223483 61.06229007405452 68.91128293776518 62.93770992594548
89.44560445939935 76.24775268916265 92.55439554060065 85.75224731083735
67.2634224008453 22.815368230799187 72.7365775991547 31.184631769200813
13.261543142711323 21.679768031267805 20.738456857288675 28.320231968732195
51.05248096740912 78.9611720075603 56.94751903259088 87.0388279924397
17.715099384590953 58.167916556130116 20.284900615409047 67.83208344386989
26.433574841243335 48.963394670174374 35.566425158756665 53.036605329825626
38.296621748696445 20.64068615223706 45.703378251303555 27.35931384776294
26.466098699167844 17.02858678030384 27.533901300832156 26.97141321969616
46.41484587176617 46.00591835163646 55.58515412823383 49.99408164836354
5.835009434645922 72.13761406482003 8.164990565354078 81.86238593517997
22.609115758833383 54.608319506983705 31.390884241166617 59.391680493016295
67.49027657570807 10.675501377782577 72.50972342429193 19.324498622217423
72.08066520585551 76.94075322754364 77.91933479414449 85.05924677245636
54.68104691343832 63.570275789360466 59.31895308656168 72.42972421063953
74.06836389562811 61.176006472079024 83.93163610437189 62.823993527920976
56.531429633687274 7.3987474937270505 63.468570366312726 14.60125250627295
44.993263525549146 36.009003038399214 53.006736474450854 41.990996961600786
16.3910808561397 37.73461128373987 21.6089191438603 46.26538871626013
53.01973065588487 30.556246397122127 62.98026934411513 31.443753602877873
77.50163522932095 27.024898739186707 78.49836477067905 36.97510126081329
85.4781771206956 29.866196389496135 94.5218228793044 34.13380361050386
66.00559453967661 69.76353837966397 75.99440546032339 70.23646162033603
85.2558188022919 46.42115714419928 94.7441811977081 49.57884285580072
60.73264835212453 78.54364313537657 65.26735164787547 87.45635686462343
8.81418232050653 26.14635682593382 15.18581767949347 33.85364317406618
27.492489974177857 76.8361253809167 36.50751002582214 81.1638746190833
30.82332423462326 64.14042860499251 33.176675765376736 73.85957139500749
53.01851521936885 15.975470459459435 60.98148478063115 22.024529540540563
70.0646069079226 89.19881648377255 79.9353930920774 90.80118351622745
87.12839858528024 25.874167127811422 96.87160141471976 28.125832872188578
27.75762371106324 82.19382133880441 34.24237628893676 89.80617866119559
8.141596797384267 5.897618846172858 13.858403202615733 14.102381153827142
11.61951935081969 71.19434986945171 14.38048064918031 80.80565013054829
37.76016629941584 32.529748889186706 42.23983370058416 41.470251110813294
44.18960143050636 55.066111659293185 45.81039856949364 64.93388834070682
2.025876044404079 53.491973549540205 11.974123955595921 54.508026450459795
8.09154280482414 47.04760934321765 17.90845719517586 48.95239065678235
88.47394997849216 63.68501781129513 93.52605002150784 72.31498218870487
