84.49083511753263 8.83957595303076 93.50916488246737 13.16042404696924
67.89175972906939 42.15002423233039 76.10824027093061 47.84997576766961
18.95210760223736 6.036371368094548 25.04789239776264 13.963628631905452
41.464392269371594 12.464539920304482 48.535607730628406 19.53546007969552
24.933437364032212 79.05079835920141 31.066562635967788 86.94920164079859
61.678466477488705 45.571627601041634 66.3215335225113 54.428372398958366
33.24152967201565 65.46476056014296 42.75847032798435 68.53523943985704
43.199754136319434 72.75067216557352 50.800245863680566 79.24932783442648
83.19210302756673 55.6273650512729 92.80789697243327 58.3726349487271
6.7182690403986705 22.00794354334788 7.2817309596013295 31.99205645665212
39.70519820440591 49.170560248835656 42.29480179559409 58.829439751164344
72.19025957780244 50.86413748295847 77.80974042219756 59.13586251704153
91.73877732803622 81.54053007322652 96.26122267196378 90.45946992677348
62.81536823079919 27.263422400845304 71.18463176920082 32.73657759915469
14.679768031267802 17.261543142711325 21.320231968732198 24.738456857288675
60.22832803412126 77.05990664287842 61.77167196587874 86.94009335712158
21.674639091273853 64.49176296788686 30.325360908726147 69.50823703211314
31.21114724378267 46.33095236514194 34.78885275621733 55.66904763485806
35.296621748696445 20.64068615223706 42.703378251303555 27.35931384776294
24.466098699167844 28.02858678030384 25.533901300832156 37.97141321969616
52.16783507893788 42.347777767342855 55.83216492106212 51.652222232657145
4.835009434645922 82.13761406482003 7.164990565354078 91.86238593517997
26.586349472709344 53.20400248262253 29.413650527290656 62.79599751737747
73.49027657570807 16.675501377782577 78.50972342429193 25.324498622217423
83.06539765119311 95.1939605101799 92.93460234880689 96.8060394898201
51.5074594246318 54.22796451910932 54.4925405753682 63.77203548089068
69.06836389562811 68.17600647207902 78.93163610437189 69.82399352792098
62.39874749372705 12.531429633687274 69.60125250627294 19.468570366312726
50.281763702544595 24.051855234432047 51.718236297455405 33.94814476556795
17.139130296144856 40.82869913252691 26.860869703855144 43.17130086747309
56.792198956411625 31.164636592869808 63.207801043588375 38.83536340713019
77.12967505253755 31.83446927024081 84.87032494746245 38.16553072975919
85.86619638949614 30.478177120695605 90.13380361050386 39.521822879304395
70.63562564624017 74.30121841578026 77.36437435375983 81.69878158421974
79.2558188022919 44.42115714419928 88.7441811977081 47.57884285580072
54.73264835212453 84.54364313537657 59.26735164787547 93.45635686462343
12.146356825933822 30.814182320506532 19.85364317406618 37.18581767949347
31.28261867768356 80.34279951126607 40.71738132231644 83.65720048873393
26.140428604992508 73.82332423462326 35.85957139500749 76.17667576537674
56.32333046043995 12.045999764409412 57.67666953956005 21.954000235590588
65.94362777947151 85.07667237407013 74.05637222052849 90.92332762592987
87.75917354600641 25.351341662820946 96.24082645399359 30.648658337179054
18.015918997195406 89.60133151932672 27.984081002804594 90.39866848067328
10.897618846172858 9.141596797384267 19.102381153827142 14.858403202615733
11.194349869451719 73.61951935081969 20.80565013054828 76.38048064918031
37.529748889186706 35.760166299415836 46.470251110813294 40.239833700584164
45.18960143050636 51.066111659293185 46.81039856949364 60.933888340706815
7.841992168677926 46.123534272393414 14.158007831322074 53.876465727606586
16.09154280482414 47.04760934321765 25.90845719517586 48.95239065678235
84.68501781129514 66.47394997849216 93.31498218870486 71.52605002150784
