79.33918942796952 4.28388844026864 82.66081057203048 13.71611155973136
64.1500242323304 37.89175972906939 69.8499757676696 46.10824027093061
26.95210760223736 8.036371368094548 33.047892397762645 15.963628631905452
45.46453992030448 11.464392269371592 52.53546007969552 18.535607730628406
21.375879974344393 76.03910550469216 22.624120025655607 85.96089449530784
58.678466477488705 36.571627601041634 63.321533522511295 45.428372398958366
37.549675144339346 61.72083158167524 46.450324855660654 66.27916841832476
41.015198633594174 88.61044212563651 50.984801366405826 89.38955787436349
81.57090292788475 49.62970396720759 86.42909707211525 58.37029603279241
6.7182690403986705 31.00794354334788 7.2817309596013295 40.99205645665212
33.66950727266272 46.50063353257692 42.33049272733728 51.49936646742308
56.864137482958476 58.190259577802436 65.13586251704153 63.809740422197564
88.73877732803622 77.54053007322652 93.26122267196378 86.45946992677348
66.2634224008453 21.815368230799187 71.7365775991547 30.184631769200813
13.261543142711323 21.679768031267805 20.738456857288675 28.320231968732195
53.22832803412126 76.05990664287842 54.77167196587874 85.94009335712158
18.167916556130116 57.71509938459096 27.832083443869884 60.28490061540904
26.433574841243335 48.963394670174374 35.566425158756665 53.036605329825626
36.296621748696445 18.64068615223706 43.703378251303555 25.35931384776294
22.02858678030384 21.466098699167844 31.97141321969616 22.533901300832156
49.00591835163645 42.41484587176617 52.99408164836355 51.58515412823383
6.38554666126837 75.73800120370794 11.61445333873163 84.26199879629206
24.609115758833383 53.608319506983705 33.39088424116662 58.391680493016295
68.71676015121773 12.167475246778631 71.28323984878227 21.83252475322137
78.1939605101799 77.06539765119311 79.8060394898201 86.93460234880689
52.22796451910932 67.50745942463179 61.77203548089068 70.49254057536821
74.06836389562811 64.17600647207902 83.93163610437189 65.82399352792098
62.90617955909178 4.000880305006912 63.09382044090822 13.999119694993087
46.993263525549146 35.009003038399214 55.006736474450854 40.990996961600786
16.3910808561397 38.73461128373987 21.6089191438603 47.26538871626013
55.01973065588487 29.556246397122127 64.98026934411513 30.443753602877873
77.50163522932095 26.024898739186707 78.49836477067905 35.97510126081329
86.29376137601176 33.311415381427004 95.70623862398824 36.688584618572996
67.63562564624017 67.30121841578026 74.36437435375983 74.69878158421974
89.42115714419928 44.255818802291905 92.57884285580072 53.744181197708095
59.73264835212453 78.54364313537657 64.26735164787547 87.45635686462343
8.81418232050653 27.14635682593382 15.18581767949347 34.85364317406618
27.492489974177857 76.8361253809167 36.50751002582214 81.1638746190833
28.140428604992508 69.82332423462326 37.85957139500749 72.17667576537674
54.01851521936885 13.975470459459435 61.98148478063115 20.024529540540563
70.07667237407013 85.94362777947151 75.92332762592987 94.05637222052849
89.35134166282094 22.759173546006405 94.64865833717906 31.240826453993595
28.75762371106324 82.19382133880441 35.24237628893676 89.80617866119559
5.077982179182004 11.120374755051865 14.922017820817995 12.879625244948135
14.61951935081969 74.19434986945171 17.38048064918031 83.80565013054829
38.760166299415836 33.529748889186706 43.239833700584164 42.470251110813294
42.066111659293185 59.18960143050636 51.933888340706815 60.81039856949364
5.025876044404079 53.491973549540205 14.974123955595921 54.508026450459795
9.09154280482414 49.04760934321765 18.90845719517586 50.95239065678235
91.73503393349223 63.162659733843 94.26496606650777 72.837340266157
