81.28388844026864 10.339189427969508 90.71611155973136 13.660810572030492
69.1500242323304 39.89175972906939 74.8499757676696 48.10824027093061
23.03637136809455 4.952107602237357 30.96362863190545 11.047892397762643
46.99989559502411 11.00000000109004 47.00010440497589 20.99999999890996
25.375879974344393 74.03910550469216 26.624120025655607 83.96089449530784
58.51023994359683 48.22709575055757 61.48976005640317 57.77290424944243
35.549675144339346 66.72083158167524 44.450324855660654 71.27916841832476
43.199754136319434 76.75067216557352 50.800245863680566 83.24932783442648
81.62970396720759 53.570902927884745 90.37029603279241 58.429097072115255
2.7182690403986705 25.00794354334788 3.2817309596013295 34.99205645665212
37.70519820440591 43.170560248835656 40.29480179559409 52.829439751164344
68.86413748295847 58.190259577802436 77.13586251704153 63.809740422197564
91.73877732803622 76.54053007322652 96.26122267196378 85.45946992677348
67.2634224008453 21.815368230799187 72.7365775991547 30.184631769200813
13.679768031267802 15.261543142711325 20.320231968732198 22.738456857288675
61.22832803412126 75.05990664287842 62.77167196587874 84.94009335712158
17.674639091273853 59.491762967886864 26.325360908726147 64.50823703211314
29.963394670174374 46.433574841243335 34.036605329825626 55.566425158756665
37.296621748696445 18.64068615223706 44.703378251303555 25.35931384776294
21.10715476996966 26.862205230575135 28.89284523003034 33.137794769424865
48.00591835163645 44.41484587176617 51.99408164836355 53.58515412823383
5.835009434645922 84.13761406482003 8.164990565354078 93.86238593517997
25.608319506983705 54.60911575883338 30.391680493016295 63.39088424116662
72.16747524677864 14.716760151217727 81.83252475322136 17.283239848782273
78.94075322754364 90.08066520585551 87.05924677245636 95.91933479414449
47.570275789360466 65.68104691343832 56.429724210639534 70.31895308656168
64.93015525700748 67.09545807950097 73.06984474299252 72.90454192049903
61.531429633687274 9.39874749372705 68.46857036631273 16.60125250627295
46.05185523443205 37.281763702544595 55.94814476556795 38.718236297455405
21.139130296144856 38.82869913252691 30.860869703855144 41.17130086747309
56.792198956411625 31.164636592869808 63.207801043588375 38.83536340713019
81.50163522932095 28.024898739186707 82.49836477067905 37.97510126081329
86.311415381427 31.293761376011766 89.688584618573 40.706238623988234
69.00559453967661 79.76353837966397 78.99440546032339 80.23646162033603
85.76176779368751 42.52894681415827 90.23823220631249 51.47105318584173
56.73264835212453 85.54364313537657 61.26735164787547 94.45635686462343
10.022349494550731 30.52777606413838 19.97765050544927 31.47222393586162
34.34279951126607 76.28261867768356 37.65720048873393 85.71738132231644
26.140428604992508 69.82332423462326 35.85957139500749 72.17667576537674
53.97547045945944 15.01851521936885 60.02452954054056 22.98148478063115
63.943627779471505 90.07667237407013 72.05637222052849 95.92332762592987
92.87416712781142 22.128398585280234 95.12583287218858 31.871601414719766
26.015918997195406 93.60133151932672 35.984081002804594 94.39866848067328
8.077982179182005 6.120374755051865 17.922017820817995 7.879625244948135
16.578039433011497 69.6257449763471 21.421960566988503 78.3742550236529
39.422856724350446 35.255253527524005 42.577143275649554 44.744746472475995
44.18960143050636 51.066111659293185 45.81039856949364 60.933888340706815
7.025876044404079 48.4919735495402 16.97412395559592 49.5080264504598
17.855754740377737 44.20263852387676 26.144245259622263 49.79736147612324
85.47394997849216 60.68501781129513 90.52605002150784 69.31498218870487
