80.49083511753263 9.83957595303076 89.50916488246737 14.16042404696924
70.1500242323304 35.89175972906939 75.8499757676696 44.10824027093061
23.042105933489605 6.3524766990593875 32.95789406651039 7.6475233009406125
44.99989559502411 12.00000000109004 45.00010440497589 21.99999999890996
21.933437364032212 73.05079835920141 28.066562635967788 80.94920164079859
60.51023994359683 46.22709575055757 63.48976005640317 55.77290424944243
36.549675144339346 65.72083158167524 45.450324855660654 70.27916841832476
43.199754136319434 77.75067216557352 50.800245863680566 84.24932783442648
83.6273650512729 47.19210302756673 86.3726349487271 56.80789697243327
3.7182690403986705 26.00794354334788 4.2817309596013295 35.99205645665212
36.70519820440591 43.170560248835656 39.29480179559409 52.829439751164344
67.08871706223482 62.06229007405452 76.91128293776518 63.93770992594548
87.54053007322652 77.73877732803622 96.45946992677348 82.26122267196378
67.81536823079918 22.263422400845304 76.18463176920082 27.736577599154696
12.008753264834931 17.704270345240726 21.99124673516507 18.295729654759274
53.9611720075603 76.05248096740911 62.0388279924397 81.94751903259089
18.715099384590953 58.167916556130116 21.284900615409047 67.83208344386989
31.21114724378267 46.33095236514194 34.78885275621733 55.66904763485806
40.756709727091526 18.005922523317434 41.243290272908474 27.994077476682566
24.466098699167844 25.02858678030384 25.533901300832156 34.97141321969616
46.347777767342855 47.16783507893788 55.652222232657145 50.83216492106212
2.3855466612683696 82.73800120370794 7.61445333873163 91.26199879629206
26.608319506983705 55.60911575883338 31.391680493016295 64.39088424116662
75.71676015121773 11.167475246778633 78.28323984878227 20.832524753221367
79.06539765119311 93.1939605101799 88.93460234880689 94.8060394898201
51.5074594246318 62.22796451910932 54.4925405753682 71.77203548089068
69.06836389562811 67.17600647207902 78.93163610437189 68.82399352792098
62.531429633687274 10.39874749372705 69.46857036631273 17.60125250627295
47.05185523443205 35.281763702544595 56.94814476556795 36.718236297455405
20.139130296144856 38.82869913252691 29.860869703855144 41.17130086747309
56.792198956411625 30.164636592869808 63.207801043588375 37.83536340713019
80.50163522932095 32.02489873918671 81.49836477067905 41.97510126081329
87.311415381427 31.293761376011766 90.688584618573 40.706238623988234
67.00559453967661 81.76353837966397 76.99440546032339 82.23646162033603
85.76176779368751 42.52894681415827 90.23823220631249 51.47105318584173
55.24562011609031 86.45213956718479 64.75437988390969 89.54786043281521
11.146356825933822 27.81418232050653 18.85364317406618 34.18581767949347
31.492489974177857 76.8361253809167 40.50751002582214 81.1638746190833
25.73172869997427 68.39579952588579 34.26827130002573 73.60420047411421
53.97547045945944 15.01851521936885 60.02452954054056 22.98148478063115
68.07667237407013 86.94362777947151 73.92332762592987 95.05637222052849
91.35134166282094 24.759173546006405 96.64865833717906 33.24082645399359
25.015918997195406 95.60133151932672 34.984081002804594 96.39866848067328
8.141596797384267 4.897618846172858 13.858403202615733 13.102381153827142
14.578039433011496 72.6257449763471 19.421960566988503 81.3742550236529
38.255253527524005 38.422856724350446 47.744746472475995 41.577143275649554
44.18960143050636 51.066111659293185 45.81039856949364 60.933888340706815
4.025876044404079 47.491973549540205 13.974123955595921 48.508026450459795
14.855754740377737 44.20263852387676 23.144245259622263 49.79736147612324
83.162659733843 61.73503393349223 92.837340266157 64.26496606650777
