76.83957595303076 3.4908351175326215 81.16042404696924 12.509164882467378
69.1500242323304 41.89175972906939 74.8499757676696 50.10824027093061
28.352476699059387 4.042105933489606 29.647523300940613 13.957894066510395
42.46453992030448 12.464392269371592 49.53546007969552 19.535607730628406
26.375879974344393 73.03910550469216 27.624120025655607 82.96089449530784
58.571627601041634 47.678466477488705 67.42837239895837 52.321533522511295
39.46476056014296 58.24152967201565 42.53523943985704 67.75847032798434
43.61044212563651 74.01519863359417 44.38955787436349 83.98480136640583
83.57090292788475 46.62970396720759 88.42909707211525 55.37029603279241
5.7182690403986705 31.00794354334788 6.2817309596013295 40.99205645665212
37.70519820440591 43.170560248835656 40.29480179559409 52.829439751164344
62.864137482958476 56.190259577802436 71.13586251704153 61.809740422197564
86.54053007322653 76.73877732803622 95.45946992677347 81.26122267196378
66.2634224008453 24.815368230799187 71.7365775991547 33.18463176920081
16.679768031267805 14.261543142711323 23.320231968732195 21.738456857288675
50.22832803412126 76.05990664287842 51.77167196587874 85.94009335712158
15.674639091273853 60.491762967886864 24.325360908726147 65.50823703211314
31.21114724378267 45.33095236514194 34.78885275621733 54.66904763485806
41.64068615223706 17.29662174869645 48.35931384776294 24.70337825130355
25.02858678030384 25.466098699167844 34.97141321969616 26.533901300832156
51.00591835163645 42.41484587176617 54.99408164836355 51.58515412823383
4.835009434645922 82.13761406482003 7.164990565354078 91.86238593517997
25.20400248262253 58.586349472709344 34.79599751737747 61.413650527290656
72.49027657570807 8.675501377782577 77.50972342429193 17.324498622217423
83.94075322754364 82.08066520585551 92.05924677245636 87.91933479414449
56.68104691343832 65.57027578936047 61.31895308656168 74.42972421063953
72.09545807950097 65.93015525700748 77.90454192049903 74.06984474299252
57.00088030500691 11.906179559091782 66.99911969499308 12.093820440908218
47.993263525549146 35.009003038399214 56.006736474450854 40.990996961600786
15.139130296144858 39.82869913252691 24.860869703855144 42.17130086747309
53.01973065588487 31.556246397122127 62.98026934411513 32.44375360287788
78.50163522932095 29.024898739186707 79.49836477067905 38.97510126081329
89.86619638949614 36.478177120695605 94.13380361050386 45.521822879304395
69.63562564624017 71.30121841578026 76.36437435375983 78.69878158421974
87.76176779368751 44.52894681415827 92.23823220631249 53.47105318584173
56.54364313537657 85.73264835212453 65.45635686462343 90.26735164787547
10.52777606413838 26.02234949455073 11.47222393586162 35.97765050544927
30.8361253809167 73.49248997417786 35.163874619083295 82.50751002582214
28.73172869997427 64.39579952588579 37.26827130002573 69.60420047411421
52.045999764409416 16.323330460439944 61.954000235590584 17.676669539560056
68.94362777947151 87.07667237407013 77.05637222052849 92.92332762592987
91.35134166282094 27.759173546006405 96.64865833717906 36.24082645399359
25.015918997195406 95.60133151932672 34.984081002804594 96.39866848067328
4.141596797384266 4.897618846172858 9.858403202615733 13.102381153827142
11.578039433011497 75.6257449763471 16.421960566988503 84.3742550236529
38.760166299415836 34.529748889186706 43.239833700584164 43.470251110813294
46.0842524206218 56.938175772716136 51.9157475793782 65.06182422728386
5.123534272393416 44.841992168677926 12.876465727606584 51.158007831322074
10.855754740377737 44.20263852387676 19.144245259622263 49.79736147612324
84.162659733843 63.73503393349223 93.837340266157 66.26496606650777
