78.33918942796952 3.2838884402686404 81.66081057203048 12.71611155973136
64.1500242323304 37.89175972906939 69.8499757676696 46.10824027093061
26.95210760223736 8.036371368094548 33.047892397762645 15.963628631905452
48.99989559502411 11.00000000109004 49.00010440497589 20.99999999890996
21.375879974344393 76.03910550469216 22.624120025655607 85.96089449530784
58.678466477488705 37.571627601041634 63.321533522511295 46.428372398958366
37.24152967201565 62.46476056014296 46.75847032798435 65.53523943985704
42.199754136319434 84.75067216557352 49.800245863680566 91.24932783442648
79.19210302756673 52.6273650512729 88.80789697243327 55.3726349487271
6.7182690403986705 31.00794354334788 7.2817309596013295 40.99205645665212
34.66950727266272 46.50063353257692 43.33049272733728 51.49936646742308
56.864137482958476 59.190259577802436 65.13586251704153 64.80974042219756
89.44560445939935 77.24775268916265 92.55439554060065 86.75224731083735
66.2634224008453 21.815368230799187 71.7365775991547 30.184631769200813
13.261543142711323 21.679768031267805 20.738456857288675 28.320231968732195
51.05248096740912 77.9611720075603 56.94751903259088 86.0388279924397
18.167916556130116 58.71509938459096 27.832083443869884 61.28490061540904
26.33095236514194 48.21114724378267 35.66904763485806 51.78885275621733
35.00592252331743 21.75670972709153 44.99407747668257 22.24329027290847
25.862205230575135 18.10715476996966 32.137794769424865 25.89284523003034
46.347777767342855 45.16783507893788 55.652222232657145 48.83216492106212
4.738001203707933 77.38554666126836 13.261998796292067 82.61445333873164
23.609115758833383 53.608319506983705 32.39088424116662 58.391680493016295
68.71676015121773 12.167475246778631 71.28323984878227 21.83252475322137
78.1939605101799 75.06539765119311 79.8060394898201 84.93460234880689
56.68104691343832 64.57027578936047 61.31895308656168 73.42972421063953
73.93015525700748 62.09545807950097 82.06984474299252 67.90454192049903
63.90617955909178 4.000880305006912 64.09382044090822 13.999119694993087
46.993263525549146 35.009003038399214 55.006736474450854 40.990996961600786
16.3910808561397 38.73461128373987 21.6089191438603 47.26538871626013
54.01973065588487 28.556246397122127 63.98026934411513 29.443753602877873
75.83446927024082 28.129675052537543 82.16553072975918 35.87032494746246
87.86619638949614 31.478177120695605 92.13380361050386 40.521822879304395
66.00559453967661 70.76353837966397 75.99440546032339 71.23646162033603
88.76176779368751 43.52894681415827 93.23823220631249 52.47105318584173
59.73264835212453 78.54364313537657 64.26735164787547 87.45635686462343
11.52777606413838 26.02234949455073 12.47222393586162 35.97765050544927
27.492489974177857 76.8361253809167 36.50751002582214 81.1638746190833
30.82332423462326 65.14042860499251 33.17667576537674 74.85957139500749
53.01851521936885 13.975470459459435 60.98148478063115 20.024529540540563
69.07667237407013 85.94362777947151 74.92332762592987 94.05637222052849
91.87416712781142 22.128398585280234 94.12583287218858 31.871601414719766
28.75762371106324 82.19382133880441 35.24237628893676 89.80617866119559
4.077982179182004 11.120374755051865 13.922017820817995 12.879625244948135
14.61951935081969 72.19434986945171 17.38048064918031 81.80565013054829
39.422856724350446 33.255253527524005 42.577143275649554 42.744746472475995
43.066111659293185 59.18960143050636 52.933888340706815 60.81039856949364
5.025876044404079 53.491973549540205 14.974123955595921 54.508026450459795
9.09154280482414 49.04760934321765 18.90845719517586 50.95239065678235
90.73503393349223 62.162659733843 93.26496606650777 71.837340266157
