87.33918942796952 9.28388844026864 90.66081057203048 18.71611155973136
67.89175972906939 42.15002423233039 76.10824027093061 47.84997576766961
19.03637136809455 2.9521076022373567 26.96362863190545 9.047892397762643
38.000000001090044 12.999895595024105 47.999999998909956 13.000104404975895
25.933437364032212 78.05079835920141 32.06656263596779 85.94920164079859
59.678466477488705 45.571627601041634 64.3215335225113 54.428372398958366
37.46476056014296 63.24152967201565 40.53523943985704 72.75847032798434
45.75067216557351 80.19975413631943 52.24932783442649 87.80024586368057
83.19210302756673 53.6273650512729 92.80789697243327 56.3726349487271
2.7182690403986705 26.00794354334788 3.2817309596013295 35.99205645665212
37.70519820440591 44.170560248835656 40.29480179559409 53.829439751164344
69.19025957780244 51.86413748295847 74.80974042219756 60.13586251704153
91.73877732803622 75.54053007322652 96.26122267196378 84.45946992677348
65.2634224008453 25.815368230799187 70.7365775991547 34.18463176920081
13.679768031267802 17.261543142711325 20.320231968732198 24.738456857288675
58.05248096740912 71.9611720075603 63.94751903259088 80.0388279924397
17.674639091273853 61.491762967886864 26.325360908726147 66.50823703211314
31.963394670174374 46.433574841243335 36.036605329825626 55.566425158756665
38.64068615223706 18.29662174869645 45.35931384776294 25.70337825130355
23.862205230575135 30.10715476996966 30.137794769424865 37.89284523003034
52.16783507893788 46.347777767342855 55.83216492106212 55.652222232657145
4.835009434645922 80.13761406482003 7.164990565354078 89.86238593517997
25.608319506983705 56.60911575883338 30.391680493016295 65.39088424116662
71.16747524677864 17.716760151217727 80.83252475322136 20.283239848782273
81.08066520585551 86.94075322754364 86.91933479414449 95.05924677245636
50.5074594246318 62.22796451910932 53.4925405753682 71.77203548089068
66.93015525700748 67.09545807950097 75.06984474299252 72.90454192049903
63.90617955909178 8.000880305006913 64.09382044090822 17.999119694993087
47.009003038399214 31.993263525549146 52.990996961600786 40.006736474450854
19.139130296144856 39.82869913252691 28.860869703855144 42.17130086747309
60.16463659286981 30.79219895641162 67.83536340713019 37.207801043588375
76.12967505253755 33.83446927024081 83.87032494746245 40.16553072975919
88.311415381427 30.293761376011766 91.688584618573 39.706238623988234
68.63562564624017 76.30121841578026 75.36437435375983 83.69878158421974
81.52894681415826 46.76176779368751 90.47105318584174 51.23823220631249
57.245620116090315 92.45213956718479 66.75437988390969 95.54786043281521
13.146356825933822 28.814182320506532 20.85364317406618 35.18581767949347
34.836125380916705 78.49248997417786 39.163874619083295 87.50751002582214
24.140428604992508 70.82332423462326 33.85957139500749 73.17667576537674
57.32333046043995 17.045999764409416 58.67666953956005 26.954000235590584
66.94362777947151 88.07667237407013 75.05637222052849 93.92332762592987
91.35134166282094 26.759173546006405 96.64865833717906 35.24082645399359
28.75762371106324 89.19382133880441 35.24237628893676 96.80617866119559
8.897618846172858 2.1415967973842664 17.102381153827142 7.858403202615733
11.194349869451719 70.61951935081969 20.80565013054828 73.38048064918031
36.529748889186706 36.760166299415836 45.470251110813294 41.239833700584164
44.18960143050636 50.066111659293185 45.81039856949364 59.933888340706815
6.841992168677926 45.123534272393414 13.158007831322074 52.876465727606586
17.855754740377737 44.20263852387676 26.144245259622263 49.79736147612324
86.73503393349223 60.162659733843 89.26496606650777 69.837340266157
