73.49083511753263 6.839575953030758 82.50916488246737 11.160424046969242
65.1500242323304 35.89175972906939 70.8499757676696 44.10824027093061
27.03637136809455 7.952107602237357 34.96362863190545 14.047892397762643
44.46453992030448 12.464392269371592 51.53546007969552 19.535607730628406
20.375879974344393 76.03910550469216 21.624120025655607 85.96089449530784
57.51023994359683 38.22709575055757 60.48976005640317 47.77290424944243
41.72083158167524 60.549675144339346 46.27916841832476 69.45032485566065
45.61044212563651 83.01519863359417 46.38955787436349 92.98480136640583
80.19210302756673 52.6273650512729 89.80789697243327 55.3726349487271
6.7182690403986705 31.00794354334788 7.2817309596013295 40.99205645665212
35.66950727266272 45.50063353257692 44.33049272733728 50.49936646742308
60.06229007405452 57.08871706223483 61.93770992594548 66.91128293776518
89.44560445939935 77.24775268916265 92.55439554060065 86.75224731083735
65.2634224008453 20.815368230799187 70.7365775991547 29.184631769200813
15.261543142711323 19.679768031267805 22.738456857288675 26.320231968732195
53.05248096740912 78.9611720075603 58.94751903259088 87.0388279924397
18.674639091273853 56.491762967886864 27.325360908726147 61.508237032113136
26.33095236514194 49.21114724378267 35.66904763485806 52.78885275621733
38.296621748696445 18.64068615223706 45.703378251303555 25.35931384776294
28.466098699167844 18.02858678030384 29.533901300832156 27.97141321969616
45.347777767342855 46.16783507893788 54.652222232657145 49.83216492106212
4.38554666126837 74.73800120370794 9.61445333873163 83.26199879629206
24.20400248262253 53.586349472709344 33.79599751737747 56.413650527290656
70.71676015121773 12.167475246778631 73.28323984878227 21.83252475322137
74.06539765119311 83.1939605101799 83.93460234880689 84.8060394898201
53.22796451910932 68.50745942463179 62.77203548089068 71.49254057536821
72.93015525700748 64.09545807950097 81.06984474299252 69.90454192049903
64.90617955909178 4.000880305006912 65.09382044090822 13.999119694993087
46.993263525549146 38.009003038399214 55.006736474450854 43.990996961600786
13.13913029614486 41.8286991325269 22.86086970385514 44.1713008674731
55.01973065588487 29.556246397122127 64.98026934411513 30.443753602877873
74.83446927024082 28.129675052537543 81.16553072975918 35.87032494746246
88.311415381427 30.293761376011766 91.688584618573 39.706238623988234
69.76353837966397 67.00559453967661 70.23646162033603 76.99440546032339
87.76176779368751 41.52894681415827 92.23823220631249 50.47105318584173
59.73264835212453 79.54364313537657 64.26735164787547 88.45635686462343
11.52777606413838 25.02234949455073 12.47222393586162 34.97765050544927
27.492489974177857 76.8361253809167 36.50751002582214 81.1638746190833
29.140428604992508 66.82332423462326 38.85957139500749 69.17667576537674
57.32333046043995 11.045999764409414 58.67666953956005 20.954000235590584
69.07667237407013 86.94362777947151 74.92332762592987 95.05637222052849
93.87416712781142 24.128398585280234 96.12583287218858 33.87160141471976
28.601331519326717 83.0159189971954 29.398668480673283 92.9840810028046
6.141596797384266 7.897618846172858 11.858403202615733 16.102381153827142
14.61951935081969 75.19434986945171 17.38048064918031 84.80565013054829
38.760166299415836 33.529748889186706 43.239833700584164 42.470251110813294
44.0842524206218 56.938175772716136 49.9157475793782 65.06182422728386
6.123534272393416 49.841992168677926 13.876465727606584 56.158007831322074
10.09154280482414 46.04760934321765 19.90845719517586 47.95239065678235
87.162659733843 62.73503393349223 96.837340266157 65.26496606650777
