88.33918942796952 5.283888440268641 91.66081057203048 14.71611155973136
66.89175972906939 43.15002423233039 75.10824027093061 48.84997576766961
19.03637136809455 3.9521076022373567 26.96362863190545 10.047892397762643
41.46453992030448 12.464392269371594 48.53546007969552 19.535607730628406
23.933437364032212 80.05079835920141 30.066562635967788 87.94920164079859
61.51023994359683 44.22709575055757 64.48976005640317 53.77290424944243
35.24152967201565 64.46476056014296 44.75847032798435 67.53523943985704
42.75067216557351 73.19975413631943 49.24932783442649 80.80024586368057
90.6273650512729 50.19210302756673 93.3726349487271 59.80789697243327
5.7182690403986705 21.00794354334788 6.2817309596013295 30.99205645665212
37.70519820440591 48.170560248835656 40.29480179559409 57.829439751164344
70.19025957780244 51.86413748295847 75.80974042219756 60.13586251704153
92.44560445939935 82.24775268916265 95.55439554060065 91.75224731083735
62.81536823079919 28.263422400845304 71.18463176920082 33.73657759915469
13.008753264834931 21.704270345240726 22.99124673516507 22.295729654759274
57.05990664287841 78.22832803412126 66.94009335712158 79.77167196587874
22.674639091273853 64.49176296788686 31.325360908726147 69.50823703211314
31.21114724378267 47.33095236514194 34.78885275621733 56.66904763485806
36.64068615223706 21.29662174869645 43.35931384776294 28.70337825130355
21.862205230575135 28.10715476996966 28.137794769424865 35.89284523003034
55.16783507893788 40.347777767342855 58.83216492106212 49.652222232657145
3.3855466612683696 81.73800120370794 8.61445333873163 90.26199879629206
21.609115758833383 54.608319506983705 30.390884241166617 59.391680493016295
72.71676015121773 18.167475246778633 75.28323984878227 27.832524753221367
83.94075322754364 91.08066520585551 92.05924677245636 96.91933479414449
52.570275789360466 54.68104691343832 61.429724210639534 59.31895308656168
69.93015525700748 66.09545807950097 78.06984474299252 71.90454192049903
65.90617955909178 11.000880305006913 66.09382044090822 20.999119694993087
47.281763702544595 25.051855234432047 48.718236297455405 34.94814476556795
17.734611283739873 40.391080856139695 26.265388716260127 45.608919143860305
56.16463659286981 33.79219895641162 63.83536340713019 40.20780104358838
75.12967505253755 31.83446927024081 82.87032494746245 38.16553072975919
85.86619638949614 32.478177120695605 90.13380361050386 41.521822879304395
70.30121841578026 75.63562564624017 77.69878158421974 82.36437435375983
78.76176779368751 41.52894681415827 83.23823220631249 50.47105318584173
53.73264835212453 83.54364313537657 58.26735164787547 92.45635686462343
10.022349494550731 32.52777606413838 19.97765050544927 33.47222393586162
33.28261867768356 80.34279951126607 42.71738132231644 83.65720048873393
27.140428604992508 73.82332423462326 36.85957139500749 76.17667576537674
54.97547045945944 13.01851521936885 61.02452954054056 20.98148478063115
71.07667237407013 85.94362777947151 76.92332762592987 94.05637222052849
89.87416712781142 25.128398585280234 92.12583287218858 34.87160141471976
17.75762371106324 81.19382133880441 24.24237628893676 88.80617866119559
15.077982179182005 12.120374755051865 24.922017820817995 13.879625244948135
9.62574497634709 71.5780394330115 18.37425502365291 76.4219605669885
37.255253527524005 38.422856724350446 46.744746472475995 41.577143275649554
46.18960143050636 50.066111659293185 47.81039856949364 59.933888340706815
7.025876044404079 51.4919735495402 16.97412395559592 52.5080264504598
15.09154280482414 48.04760934321765 24.90845719517586 49.95239065678235
86.162659733843 68.73503393349223 95.837340266157 71.26496606650777
