86.83957595303076 6.490835117532621 91.16042404696924 15.50916488246738
66.89175972906939 43.15002423233039 75.10824027093061 48.84997576766961
19.03637136809455 4.952107602237357 26.96362863190545 11.047892397762643
40.46453992030448 12.464392269371594 47.53546007969552 19.535607730628406
24.933437364032212 80.05079835920141 31.066562635967788 87.94920164079859
62.51023994359683 44.22709575055757 65.48976005640317 53.77290424944243
34.24152967201565 65.46476056014296 43.75847032798435 68.53523943985704
43.75067216557351 73.19975413631943 50.24932783442649 80.80024586368057
88.6273650512729 51.19210302756673 91.3726349487271 60.80789697243327
5.7182690403986705 20.00794354334788 6.2817309596013295 29.99205645665212
38.70519820440591 48.170560248835656 41.29480179559409 57.829439751164344
71.19025957780244 51.86413748295847 76.80974042219756 60.13586251704153
92.44560445939935 83.24775268916265 95.55439554060065 92.75224731083735
67.97607107683493 25.10596592162396 70.02392892316507 34.89403407837604
13.008753264834931 20.704270345240726 22.99124673516507 21.295729654759274
58.05248096740912 76.9611720075603 63.94751903259088 85.0388279924397
23.674639091273853 64.49176296788686 32.32536090872615 69.50823703211314
30.21114724378267 46.33095236514194 33.78885275621733 55.66904763485806
35.64068615223706 21.29662174869645 42.35931384776294 28.70337825130355
21.862205230575135 28.10715476996966 28.137794769424865 35.89284523003034
55.16783507893788 40.347777767342855 58.83216492106212 49.652222232657145
4.835009434645922 82.13761406482003 7.164990565354078 91.86238593517997
22.609115758833383 54.608319506983705 31.390884241166617 59.391680493016295
73.71676015121773 17.167475246778633 76.28323984878227 26.832524753221367
83.94075322754364 91.08066520585551 92.05924677245636 96.91933479414449
54.5074594246318 52.22796451910932 57.4925405753682 61.77203548089068
69.93015525700748 64.09545807950097 78.06984474299252 69.90454192049903
65.90617955909178 11.000880305006913 66.09382044090822 20.999119694993087
48.281763702544595 24.051855234432047 49.718236297455405 33.94814476556795
17.734611283739873 40.391080856139695 26.265388716260127 45.608919143860305
55.16463659286981 33.79219895641162 62.83536340713019 40.20780104358838
75.12967505253755 31.83446927024081 82.87032494746245 38.16553072975919
85.86619638949614 31.478177120695605 90.13380361050386 40.521822879304395
71.30121841578026 75.63562564624017 78.69878158421974 82.36437435375983
77.2558188022919 44.42115714419928 86.7441811977081 47.57884285580072
55.45213956718479 84.24562011609031 58.54786043281521 93.75437988390969
11.146356825933822 29.814182320506532 18.85364317406618 36.18581767949347
32.49248997417786 79.8361253809167 41.50751002582214 84.1638746190833
26.140428604992508 73.82332423462326 35.85957139500749 76.17667576537674
54.01851521936885 13.975470459459435 61.98148478063115 20.024529540540563
70.07667237407013 85.94362777947151 75.92332762592987 94.05637222052849
90.87416712781142 25.128398585280234 93.12583287218858 34.87160141471976
20.75762371106324 82.19382133880441 27.24237628893676 89.80617866119559
11.077982179182005 13.120374755051865 20.922017820817995 14.879625244948135
11.62574497634709 71.5780394330115 20.37425502365291 76.4219605669885
38.255253527524005 38.422856724350446 47.744746472475995 41.577143275649554
44.18960143050636 50.066111659293185 45.81039856949364 59.933888340706815
8.025876044404079 51.4919735495402 17.97412395559592 52.5080264504598
16.09154280482414 48.04760934321765 25.90845719517586 49.95239065678235
85.162659733843 68.73503393349223 94.837340266157 71.26496606650777
