75.28388844026864 7.339189427969512 84.71611155973136 10.660810572030488
64.1500242323304 37.89175972906939 69.8499757676696 46.10824027093061
22.042105933489605 11.352476699059387 31.957894066510395 12.647523300940613
48.99989559502411 11.00000000109004 49.00010440497589 20.99999999890996
22.375879974344393 80.03910550469216 23.624120025655607 89.96089449530784
58.678466477488705 38.571627601041634 63.321533522511295 47.428372398958366
37.72083158167524 61.549675144339346 42.27916841832476 70.45032485566065
43.61044212563651 86.01519863359417 44.38955787436349 95.98480136640583
79.19210302756673 52.6273650512729 88.80789697243327 55.3726349487271
4.669296899439492 33.2708691554309 11.330703100560509 40.7291308445691
35.50063353257692 43.66950727266272 40.49936646742308 52.33049272733728
58.08871706223483 60.06229007405452 67.91128293776518 61.93770992594548
86.54053007322653 78.73877732803622 95.45946992677347 83.26122267196378
67.2634224008453 22.815368230799187 72.7365775991547 31.184631769200813
13.261543142711323 20.679768031267805 20.738456857288675 27.320231968732195
51.05248096740912 77.9611720075603 56.94751903259088 86.0388279924397
18.715099384590953 56.167916556130116 21.284900615409047 65.83208344386989
26.33095236514194 49.21114724378267 35.66904763485806 52.78885275621733
40.756709727091526 18.005922523317434 41.243290272908474 27.994077476682566
25.10715476996966 19.862205230575135 32.89284523003034 26.137794769424865
46.41484587176617 44.00591835163646 55.58515412823383 47.99408164836354
5.38554666126837 73.73800120370794 10.61445333873163 82.26199879629206
22.609115758833383 54.608319506983705 31.390884241166617 59.391680493016295
68.71676015121773 11.167475246778631 71.28323984878227 20.83252475322137
72.08066520585551 76.94075322754364 77.91933479414449 85.05924677245636
52.22796451910932 65.50745942463179 61.77203548089068 68.49254057536821
73.93015525700748 60.09545807950097 82.06984474299252 65.90454192049903
57.39874749372705 6.531429633687274 64.60125250627294 13.468570366312726
45.993263525549146 36.009003038399214 54.006736474450854 41.990996961600786
16.3910808561397 39.73461128373987 21.6089191438603 48.26538871626013
52.01973065588487 31.556246397122127 61.98026934411513 32.44375360287788
75.83446927024082 27.129675052537543 82.16553072975918 34.87032494746246
85.4781771206956 29.866196389496135 94.5218228793044 34.13380361050386
67.30121841578026 66.63562564624017 74.69878158421974 73.36437435375983
84.2558188022919 48.42115714419928 93.7441811977081 51.57884285580072
61.45213956718479 78.24562011609031 64.54786043281521 87.75437988390969
8.81418232050653 26.14635682593382 15.18581767949347 33.85364317406618
26.28261867768356 76.34279951126607 35.71738132231644 79.65720048873393
27.73172869997427 65.39579952588579 36.26827130002573 70.60420047411421
53.01851521936885 16.975470459459437 60.98148478063115 23.024529540540563
71.07667237407013 85.94362777947151 76.92332762592987 94.05637222052849
87.12839858528024 24.874167127811422 96.87160141471976 27.125832872188578
26.75762371106324 82.19382133880441 33.24237628893676 89.80617866119559
7.141596797384266 5.897618846172858 12.858403202615733 14.102381153827142
14.61951935081969 75.19434986945171 17.38048064918031 84.80565013054829
38.422856724350446 33.255253527524005 41.577143275649554 42.744746472475995
43.066111659293185 59.18960143050636 52.933888340706815 60.81039856949364
4.025876044404079 53.491973549540205 13.974123955595921 54.508026450459795
8.09154280482414 49.04760934321765 17.90845719517586 50.95239065678235
89.47394997849216 63.68501781129513 94.52605002150784 72.31498218870487
