84.49083511753263 8.83957595303076 93.50916488246737 13.16042404696924
69.1500242323304 39.89175972906939 74.8499757676696 48.10824027093061
18.03637136809455 2.9521076022373567 25.96362863190545 9.047892397762643
42.464392269371594 11.464539920304482 49.535607730628406 18.53546007969552
23.933437364032212 78.05079835920141 30.066562635967788 85.94920164079859
61.51023994359683 46.22709575055757 64.48976005640317 55.77290424944243
37.72083158167524 65.54967514433935 42.27916841832476 74.45032485566065
48.61044212563651 77.01519863359417 49.38955787436349 86.98480136640583
83.19210302756673 52.6273650512729 92.80789697243327 55.3726349487271
2.7182690403986705 29.00794354334788 3.2817309596013295 38.99205645665212
37.70519820440591 43.170560248835656 40.29480179559409 52.829439751164344
69.19025957780244 50.86413748295847 74.80974042219756 59.13586251704153
92.44560445939935 76.24775268916265 95.55439554060065 85.75224731083735
65.2634224008453 25.815368230799187 70.7365775991547 34.18463176920081
15.008753264834931 17.704270345240726 24.99124673516507 18.295729654759274
55.05990664287841 77.22832803412126 64.94009335712158 78.77167196587874
16.167916556130116 63.71509938459096 25.832083443869884 66.28490061540904
32.21114724378267 46.33095236514194 35.78885275621733 55.66904763485806
38.64068615223706 20.29662174869645 45.35931384776294 27.70337825130355
22.862205230575135 30.10715476996966 29.137794769424865 37.89284523003034
51.00591835163645 46.41484587176617 54.99408164836355 55.58515412823383
2.8350094346459223 81.13761406482003 5.164990565354078 90.86238593517997
23.20400248262253 58.586349472709344 32.79599751737747 61.413650527290656
72.49027657570807 16.675501377782577 77.50972342429193 25.324498622217423
83.1939605101799 87.06539765119311 84.8060394898201 96.93460234880689
50.5074594246318 58.22796451910932 53.4925405753682 67.77203548089068
66.06836389562811 66.17600647207902 75.93163610437189 67.82399352792098
59.39874749372705 10.531429633687274 66.60125250627294 17.468570366312726
45.05185523443205 34.281763702544595 54.94814476556795 35.718236297455405
18.139130296144856 39.82869913252691 27.860869703855144 42.17130086747309
61.55624639712213 30.019730655884874 62.44375360287787 39.98026934411513
76.12967505253755 34.83446927024081 83.87032494746245 41.16553072975919
86.86619638949614 29.478177120695605 91.13380361050386 38.521822879304395
70.63562564624017 77.30121841578026 77.36437435375983 84.69878158421974
78.2558188022919 45.42115714419928 87.7441811977081 48.57884285580072
54.245620116090315 91.45213956718479 63.754379883909685 94.54786043281521
12.146356825933822 27.814182320506532 19.85364317406618 34.18581767949347
37.836125380916705 78.49248997417786 42.163874619083295 87.50751002582214
25.140428604992508 72.82332423462326 34.85957139500749 75.17667576537674
52.97547045945944 16.01851521936885 59.02452954054056 23.98148478063115
67.19881648377255 87.0646069079226 68.80118351622745 96.9353930920774
90.35134166282094 25.759173546006405 95.64865833717906 34.24082645399359
28.19382133880441 89.75762371106323 35.806178661195595 96.24237628893677
8.897618846172858 2.1415967973842664 17.102381153827142 7.858403202615733
10.62574497634709 70.5780394330115 19.37425502365291 75.4219605669885
36.529748889186706 36.760166299415836 45.470251110813294 41.239833700584164
44.18960143050636 51.066111659293185 45.81039856949364 60.933888340706815
7.123534272393415 46.841992168677926 14.876465727606586 53.158007831322074
16.09154280482414 45.04760934321765 25.90845719517586 46.95239065678235
84.47394997849216 60.68501781129513 89.52605002150784 69.31498218870487
