81.28388844026864 11.339189427969508 90.71611155973136 14.660810572030492
72.11027263721782 39.07979825414479 73.88972736278218 48.92020174585521
22.03637136809455 7.952107602237357 29.96362863190545 14.047892397762643
46.99989559502411 9.00000000109004 47.00010440497589 18.99999999890996
25.375879974344393 74.03910550469216 26.624120025655607 83.96089449530784
56.22709575055757 51.51023994359683 65.77290424944243 54.48976005640317
34.549675144339346 66.72083158167524 43.450324855660654 71.27916841832476
43.75067216557351 78.19975413631943 50.24932783442649 85.80024586368057
81.19210302756673 54.6273650512729 90.80789697243327 57.3726349487271
3.7182690403986705 25.00794354334788 4.2817309596013295 34.99205645665212
37.70519820440591 43.170560248835656 40.29480179559409 52.829439751164344
71.06229007405452 55.08871706223483 72.93770992594548 64.91128293776518
90.73877732803622 75.54053007322652 95.26122267196378 84.45946992677348
65.2634224008453 24.815368230799187 70.7365775991547 33.18463176920081
11.008753264834931 17.704270345240726 20.99124673516507 18.295729654759274
61.22832803412126 73.05990664287842 62.77167196587874 82.94009335712158
16.167916556130116 61.71509938459096 25.832083443869884 64.28490061540904
29.963394670174374 46.433574841243335 34.036605329825626 55.566425158756665
37.296621748696445 20.64068615223706 44.703378251303555 27.35931384776294
22.10715476996966 27.862205230575135 29.89284523003034 34.137794769424865
48.00591835163645 46.41484587176617 51.99408164836355 55.58515412823383
2.738001203707933 86.38554666126836 11.261998796292067 91.61445333873164
25.608319506983705 54.60911575883338 30.391680493016295 63.39088424116662
72.16747524677864 14.716760151217727 81.83252475322136 17.283239848782273
78.06539765119311 92.1939605101799 87.93460234880689 93.8060394898201
48.570275789360466 66.68104691343832 57.429724210639534 71.31895308656168
64.93015525700748 66.09545807950097 73.06984474299252 71.90454192049903
61.531429633687274 10.39874749372705 68.46857036631273 17.60125250627295
46.05185523443205 37.281763702544595 55.94814476556795 38.718236297455405
21.139130296144856 38.82869913252691 30.860869703855144 41.17130086747309
59.55624639712213 30.019730655884874 60.44375360287787 39.98026934411513
80.50163522932095 30.024898739186707 81.49836477067905 39.97510126081329
85.86619638949614 30.478177120695605 90.13380361050386 39.521822879304395
68.00559453967661 78.76353837966397 77.99440546032339 79.23646162033603
82.2558188022919 47.42115714419928 91.7441811977081 50.57884285580072
56.73264835212453 85.54364313537657 61.26735164787547 94.45635686462343
10.022349494550731 31.52777606413838 19.97765050544927 32.47222393586162
35.34279951126607 77.28261867768356 38.65720048873393 86.71738132231644
26.140428604992508 69.82332423462326 35.85957139500749 72.17667576537674
52.97547045945944 15.01851521936885 59.02452954054056 22.98148478063115
63.943627779471505 87.07667237407013 72.05637222052849 92.92332762592987
90.35134166282094 22.759173546006405 95.64865833717906 31.240826453993595
28.015918997195406 93.60133151932672 37.984081002804594 94.39866848067328
8.897618846172858 3.1415967973842664 17.102381153827142 8.858403202615733
15.578039433011496 68.6257449763471 20.421960566988503 77.3742550236529
38.760166299415836 35.529748889186706 43.239833700584164 44.470251110813294
44.18960143050636 51.066111659293185 45.81039856949364 60.933888340706815
7.841992168677926 46.123534272393414 14.158007831322074 53.876465727606586
17.855754740377737 44.20263852387676 26.144245259622263 49.79736147612324
84.47394997849216 60.68501781129513 89.52605002150784 69.31498218870487
