75.49083511753263 8.839575953030758 84.50916488246737 13.160424046969242
66.1500242323304 37.89175972906939 71.8499757676696 46.10824027093061
22.042105933489605 10.352476699059384 31.957894066510395 11.647523300940616
47.99989559502411 11.00000000109004 48.00010440497589 20.99999999890996
20.933437364032212 81.05079835920141 27.066562635967788 88.94920164079859
58.678466477488705 38.571627601041634 63.321533522511295 47.428372398958366
37.72083158167524 60.549675144339346 42.27916841832476 69.45032485566065
41.75067216557351 87.19975413631943 48.24932783442649 94.80024586368057
80.19210302756673 53.6273650512729 89.80789697243327 56.3726349487271
3.669296899439492 33.2708691554309 10.330703100560509 40.7291308445691
34.50063353257692 42.66950727266272 39.49936646742308 51.33049272733728
59.08871706223483 61.06229007405452 68.91128293776518 62.93770992594548
88.44560445939935 76.24775268916265 91.55439554060065 85.75224731083735
68.2634224008453 22.815368230799187 73.7365775991547 31.184631769200813
13.261543142711323 22.679768031267805 20.738456857288675 29.320231968732195
51.05248096740912 78.9611720075603 56.94751903259088 87.0388279924397
16.491762967886864 58.67463909127385 21.508237032113136 67.32536090872615
26.433574841243335 48.963394670174374 35.566425158756665 53.036605329825626
38.296621748696445 21.64068615223706 45.703378251303555 28.35931384776294
27.466098699167844 17.02858678030384 28.533901300832156 26.97141321969616
46.41484587176617 46.00591835163646 55.58515412823383 49.99408164836354
5.835009434645922 71.13761406482003 8.164990565354078 80.86238593517997
22.609115758833383 53.608319506983705 31.390884241166617 58.391680493016295
67.49027657570807 10.675501377782577 72.50972342429193 19.324498622217423
73.08066520585551 76.94075322754364 78.91933479414449 85.05924677245636
53.68104691343832 64.57027578936047 58.31895308656168 73.42972421063953
73.93015525700748 60.09545807950097 82.06984474299252 65.90454192049903
56.531429633687274 7.3987474937270505 63.468570366312726 14.60125250627295
45.993263525549146 37.009003038399214 54.006736474450854 42.990996961600786
17.3910808561397 37.73461128373987 22.6089191438603 46.26538871626013
53.01973065588487 30.556246397122127 62.98026934411513 31.443753602877873
77.50163522932095 28.024898739186707 78.49836477067905 37.97510126081329
85.4781771206956 29.86619638949614 94.5218228793044 34.13380361050386
66.00559453967661 69.76353837966397 75.99440546032339 70.23646162033603
85.52894681415826 45.76176779368751 94.47105318584174 50.23823220631249
60.73264835212453 79.54364313537657 65.26735164787547 88.45635686462343
8.81418232050653 26.14635682593382 15.18581767949347 33.85364317406618
26.492489974177857 76.8361253809167 35.50751002582214 81.1638746190833
28.395799525885792 64.73172869997427 33.60420047411421 73.26827130002573
53.01851521936885 15.975470459459435 60.98148478063115 22.024529540540563
72.07667237407013 85.94362777947151 77.92332762592987 94.05637222052849
87.12839858528024 25.874167127811422 96.87160141471976 28.125832872188578
27.75762371106324 82.19382133880441 34.24237628893676 89.80617866119559
8.141596797384267 4.897618846172858 13.858403202615733 13.102381153827142
11.61951935081969 72.19434986945171 14.38048064918031 81.80565013054829
37.76016629941584 34.529748889186706 42.23983370058416 43.470251110813294
43.0842524206218 55.938175772716136 48.9157475793782 64.06182422728386
3.025876044404079 53.491973549540205 12.974123955595921 54.508026450459795
8.09154280482414 48.04760934321765 17.90845719517586 49.95239065678235
88.47394997849216 63.68501781129513 93.52605002150784 72.31498218870487
