84.28388844026864 6.339189427969509 93.71611155973136 9.66081057203049
68.11027263721782 42.07979825414479 69.88972736278218 51.92020174585521
19.042105933489605 4.352476699059387 28.957894066510395 5.647523300940613
38.000000001090044 13.999895595024107 47.999999998909956 14.000104404975893
25.933437364032212 80.05079835920141 32.06656263596779 87.94920164079859
60.678466477488705 44.571627601041634 65.3215335225113 53.428372398958366
36.24152967201565 66.46476056014296 45.75847032798435 69.53523943985704
41.015198633594174 77.61044212563651 50.984801366405826 78.38955787436349
88.57090292788475 50.62970396720759 93.42909707211525 59.37029603279241
3.7182690403986705 23.00794354334788 4.2817309596013295 32.99205645665212
35.70519820440591 48.170560248835656 38.29480179559409 57.829439751164344
68.08871706223482 58.06229007405452 77.91128293776518 59.93770992594548
91.44560445939935 83.24775268916265 94.55439554060065 92.75224731083735
59.81536823079919 29.263422400845304 68.18463176920082 34.73657759915469
14.008753264834931 21.704270345240726 23.99124673516507 22.295729654759274
60.22832803412126 74.05990664287842 61.77167196587874 83.94009335712158
23.674639091273853 62.491762967886864 32.32536090872615 67.50823703211314
29.21114724378267 43.33095236514194 32.78885275621733 52.66904763485806
34.296621748696445 22.64068615223706 41.703378251303555 29.35931384776294
27.466098699167844 29.02858678030384 28.533901300832156 38.97141321969616
55.00591835163646 42.41484587176617 58.99408164836354 51.58515412823383
6.835009434645922 80.13761406482003 9.164990565354078 89.86238593517997
20.20400248262253 56.586349472709344 29.79599751737747 59.413650527290656
71.71676015121773 18.167475246778633 74.28323984878227 27.832524753221367
80.94075322754364 91.08066520585551 89.05924677245636 96.91933479414449
54.5074594246318 53.22796451910932 57.4925405753682 62.77203548089068
70.06836389562811 72.17600647207902 79.93163610437189 73.82399352792098
66.90617955909178 10.000880305006913 67.09382044090822 19.999119694993087
48.281763702544595 26.051855234432047 49.718236297455405 35.94814476556795
15.139130296144858 41.82869913252691 24.860869703855144 44.17130086747309
56.16463659286981 32.79219895641162 63.83536340713019 39.20780104358838
74.12967505253755 32.83446927024081 81.87032494746245 39.16553072975919
84.86619638949614 32.478177120695605 89.13380361050386 41.521822879304395
70.00559453967661 79.76353837966397 79.99440546032339 80.23646162033603
76.76176779368751 41.52894681415827 81.23823220631249 50.47105318584173
55.45213956718479 82.24562011609031 58.54786043281521 91.75437988390969
10.022349494550731 31.52777606413838 19.97765050544927 32.47222393586162
33.49248997417786 79.8361253809167 42.50751002582214 84.1638746190833
27.140428604992508 73.82332423462326 36.85957139500749 76.17667576537674
51.97547045945944 16.01851521936885 58.02452954054056 23.98148478063115
69.94362777947151 88.07667237407013 78.05637222052849 93.92332762592987
86.35134166282094 26.759173546006405 91.64865833717906 35.24082645399359
18.75762371106324 85.19382133880441 25.24237628893676 92.80617866119559
15.897618846172858 8.141596797384267 24.102381153827142 13.858403202615733
13.619519350819692 69.19434986945171 16.38048064918031 78.80565013054829
37.529748889186706 36.760166299415836 46.470251110813294 41.239833700584164
41.938175772716136 52.0842524206218 50.061824227283864 57.9157475793782
5.025876044404079 51.4919735495402 14.974123955595921 52.5080264504598
14.855754740377737 46.20263852387676 23.144245259622263 51.79736147612324
86.162659733843 68.73503393349223 95.837340266157 71.26496606650777
