85.83957595303076 6.490835117532621 90.16042404696924 15.50916488246738
68.1500242323304 39.89175972906939 73.8499757676696 48.10824027093061
18.03637136809455 3.9521076022373567 25.96362863190545 10.047892397762643
38.46453992030448 11.464392269371592 45.53546007969552 18.535607730628406
23.933437364032212 78.05079835920141 30.066562635967788 85.94920164079859
64.51023994359683 48.22709575055757 67.48976005640317 57.77290424944243
31.241529672015652 66.46476056014296 40.75847032798435 69.53523943985704
43.75067216557351 75.19975413631943 50.24932783442649 82.80024586368057
84.19210302756673 54.6273650512729 93.80789697243327 57.3726349487271
2.7182690403986705 24.00794354334788 3.2817309596013295 33.99205645665212
38.70519820440591 48.170560248835656 41.29480179559409 57.829439751164344
71.06229007405452 52.08871706223483 72.93770992594548 61.91128293776517
87.24775268916265 83.44560445939935 96.75224731083735 86.55439554060065
64.97607107683493 26.10596592162396 67.02392892316507 35.89403407837604
15.008753264834931 18.704270345240726 24.99124673516507 19.295729654759274
55.9611720075603 81.05248096740911 64.0388279924397 86.94751903259089
19.167916556130116 67.71509938459096 28.832083443869884 70.28490061540904
31.21114724378267 46.33095236514194 34.78885275621733 55.66904763485806
40.756709727091526 20.005922523317434 41.243290272908474 29.994077476682566
21.862205230575135 31.10715476996966 28.137794769424865 38.89284523003034
50.41484587176617 46.00591835163645 59.58515412823383 49.99408164836355
4.38554666126837 83.73800120370794 9.61445333873163 92.26199879629206
21.20400248262253 55.586349472709344 30.79599751737747 58.413650527290656
72.49027657570807 16.675501377782577 77.50972342429193 25.324498622217423
82.06539765119311 93.1939605101799 91.93460234880689 94.8060394898201
51.570275789360466 60.68104691343832 60.429724210639534 65.31895308656168
66.06836389562811 67.17600647207902 75.93163610437189 68.82399352792098
66.90617955909178 9.000880305006913 67.09382044090822 18.999119694993087
45.05185523443205 32.281763702544595 54.94814476556795 33.718236297455405
15.139130296144858 40.82869913252691 24.860869703855144 43.17130086747309
58.55624639712213 27.019730655884874 59.44375360287787 36.98026934411513
77.12967505253755 33.83446927024081 84.87032494746245 40.16553072975919
85.86619638949614 30.478177120695605 90.13380361050386 39.521822879304395
73.76353837966397 76.00559453967661 74.23646162033603 85.99440546032339
80.52894681415826 43.76176779368751 89.47105318584174 48.23823220631249
54.73264835212453 85.54364313537657 59.26735164787547 94.45635686462343
10.146356825933822 29.814182320506532 17.85364317406618 36.18581767949347
32.49248997417786 80.8361253809167 41.50751002582214 85.1638746190833
25.140428604992508 73.82332423462326 34.85957139500749 76.17667576537674
52.97547045945944 13.01851521936885 59.02452954054056 20.98148478063115
69.19881648377255 85.0646069079226 70.80118351622745 94.9353930920774
91.87416712781142 25.128398585280234 94.12583287218858 34.87160141471976
21.015918997195406 90.60133151932672 30.984081002804594 91.39866848067328
9.897618846172858 9.141596797384267 18.102381153827142 14.858403202615733
10.62574497634709 72.5780394330115 19.37425502365291 77.4219605669885
39.255253527524005 37.422856724350446 48.744746472475995 40.577143275649554
44.18960143050636 50.066111659293185 45.81039856949364 59.933888340706815
8.123534272393414 47.841992168677926 15.876465727606586 54.158007831322074
17.09154280482414 46.04760934321765 26.90845719517586 47.95239065678235
83.162659733843 65.73503393349223 92.837340266157 68.26496606650777
