86.28388844026864 10.339189427969508 95.71611155973136 13.660810572030492
68.1500242323304 39.89175972906939 73.8499757676696 48.10824027093061
20.03637136809455 3.9521076022373567 27.96362863190545 10.047892397762643
38.464392269371594 10.464539920304482 45.535607730628406 17.53546007969552
23.933437364032212 78.05079835920141 30.066562635967788 85.94920164079859
64.51023994359683 48.22709575055757 67.48976005640317 57.77290424944243
31.241529672015652 65.46476056014296 40.75847032798435 68.53523943985704
43.199754136319434 74.75067216557352 50.800245863680566 81.24932783442648
84.19210302756673 51.6273650512729 93.80789697243327 54.3726349487271
2.7182690403986705 23.00794354334788 3.2817309596013295 32.99205645665212
38.70519820440591 48.170560248835656 41.29480179559409 57.829439751164344
71.06229007405452 51.08871706223483 72.93770992594548 60.91128293776517
89.73877732803622 81.54053007322652 94.26122267196378 90.45946992677348
64.97607107683493 26.10596592162396 67.02392892316507 35.89403407837604
16.00875326483493 18.704270345240726 25.99124673516507 19.295729654759274
55.9611720075603 81.05248096740911 64.0388279924397 86.94751903259089
19.167916556130116 66.71509938459096 28.832083443869884 69.28490061540904
32.21114724378267 46.33095236514194 35.78885275621733 55.66904763485806
40.756709727091526 19.005922523317434 41.243290272908474 28.994077476682566
21.862205230575135 30.10715476996966 28.137794769424865 37.89284523003034
49.41484587176617 46.00591835163645 58.58515412823383 49.99408164836355
4.835009434645922 83.13761406482003 7.164990565354078 92.86238593517997
24.586349472709344 52.20400248262253 27.413650527290656 61.79599751737747
72.49027657570807 16.675501377782577 77.50972342429193 25.324498622217423
80.94075322754364 91.08066520585551 89.05924677245636 96.91933479414449
51.570275789360466 59.68104691343832 60.429724210639534 64.31895308656168
68.09545807950097 64.93015525700748 73.90454192049903 73.06984474299252
64.90617955909178 10.000880305006913 65.09382044090822 19.999119694993087
48.009003038399214 28.993263525549146 53.990996961600786 37.006736474450854
15.139130296144858 39.82869913252691 24.860869703855144 42.17130086747309
60.55624639712213 26.019730655884874 61.44375360287787 35.98026934411513
76.12967505253755 33.83446927024081 83.87032494746245 40.16553072975919
83.4781771206956 33.86619638949614 92.5218228793044 38.13380361050386
70.30121841578026 77.63562564624017 77.69878158421974 84.36437435375983
81.52894681415826 43.76176779368751 90.47105318584174 48.23823220631249
55.73264835212453 86.54364313537657 60.26735164787547 95.45635686462343
12.146356825933822 28.814182320506532 19.85364317406618 35.18581767949347
32.49248997417786 79.8361253809167 41.50751002582214 84.1638746190833
26.140428604992508 73.82332423462326 35.85957139500749 76.17667576537674
53.01851521936885 13.975470459459435 60.98148478063115 20.024529540540563
69.19881648377255 86.0646069079226 70.80118351622745 95.9353930920774
90.35134166282094 23.759173546006405 95.64865833717906 32.24082645399359
21.015918997195406 90.60133151932672 30.984081002804594 91.39866848067328
9.077982179182005 11.120374755051865 18.922017820817995 12.879625244948135
11.194349869451719 72.61951935081969 20.80565013054828 75.38048064918031
39.255253527524005 37.422856724350446 48.744746472475995 40.577143275649554
44.18960143050636 50.066111659293185 45.81039856949364 59.933888340706815
10.123534272393414 46.841992168677926 17.876465727606586 53.158007831322074
17.09154280482414 46.04760934321765 26.90845719517586 47.95239065678235
85.47394997849216 62.68501781129513 90.52605002150784 71.31498218870486
