81.28388844026864 12.33918942796951 90.71611155973136 15.66081057203049
72.11027263721782 37.07979825414479 73.88972736278218 46.92020174585521
24.95210760223736 3.0363713680945477 31.04789239776264 10.963628631905452
47.99989559502411 11.00000000109004 48.00010440497589 20.99999999890996
21.933437364032212 74.05079835920141 28.066562635967788 81.94920164079859
60.51023994359683 46.22709575055757 63.48976005640317 55.77290424944243
36.46476056014296 64.24152967201566 39.53523943985704 73.75847032798434
43.199754136319434 77.75067216557352 50.800245863680566 84.24932783442648
82.57090292788475 47.62970396720759 87.42909707211525 56.37029603279241
3.7182690403986705 27.00794354334788 4.2817309596013295 36.99205645665212
36.70519820440591 44.170560248835656 39.29480179559409 53.829439751164344
66.08871706223482 62.06229007405452 75.91128293776518 63.93770992594548
87.54053007322652 77.73877732803622 96.45946992677348 82.26122267196378
67.81536823079918 22.263422400845304 76.18463176920082 27.736577599154696
12.008753264834931 18.704270345240726 21.99124673516507 19.295729654759274
51.9611720075603 76.05248096740911 60.0388279924397 81.94751903259089
18.715099384590953 57.167916556130116 21.284900615409047 66.83208344386989
31.21114724378267 46.33095236514194 34.78885275621733 55.66904763485806
40.756709727091526 16.005922523317434 41.243290272908474 25.994077476682566
21.10715476996966 26.862205230575135 28.89284523003034 33.137794769424865
45.347777767342855 47.16783507893788 54.652222232657145 50.83216492106212
3.8350094346459223 83.13761406482003 6.164990565354078 92.86238593517997
27.586349472709344 55.20400248262253 30.413650527290656 64.79599751737747
75.71676015121773 10.167475246778633 78.28323984878227 19.832524753221367
79.06539765119311 93.1939605101799 88.93460234880689 94.8060394898201
52.68104691343832 62.570275789360466 57.31895308656168 71.42972421063953
70.06836389562811 67.17600647207902 79.93163610437189 68.82399352792098
61.00088030500691 13.906179559091782 70.99911969499308 14.093820440908218
46.993263525549146 34.009003038399214 55.006736474450854 39.990996961600786
18.734611283739873 38.391080856139695 27.265388716260127 43.608919143860305
55.792198956411625 30.164636592869808 62.207801043588375 37.83536340713019
80.50163522932095 32.02489873918671 81.49836477067905 41.97510126081329
87.86619638949614 31.478177120695605 92.13380361050386 40.521822879304395
68.63562564624017 78.30121841578026 75.36437435375983 85.69878158421974
85.76176779368751 42.52894681415827 90.23823220631249 51.47105318584173
55.54364313537657 89.73264835212453 64.45635686462343 94.26735164787547
10.022349494550731 30.52777606413838 19.97765050544927 31.47222393586162
31.492489974177857 76.8361253809167 40.50751002582214 81.1638746190833
25.73172869997427 68.39579952588579 34.26827130002573 73.60420047411421
55.32333046043995 14.045999764409414 56.67666953956005 23.954000235590584
70.19881648377255 87.0646069079226 71.80118351622745 96.9353930920774
90.35134166282094 25.759173546006405 95.64865833717906 34.24082645399359
25.015918997195406 95.60133151932672 34.984081002804594 96.39866848067328
8.141596797384267 3.8976188461728576 13.858403202615733 12.102381153827142
15.619519350819692 71.19434986945171 18.380480649180306 80.80565013054829
38.255253527524005 38.422856724350446 47.744746472475995 41.577143275649554
43.18960143050636 51.066111659293185 44.81039856949364 60.933888340706815
4.025876044404079 48.491973549540205 13.974123955595921 49.508026450459795
14.855754740377737 44.20263852387676 23.144245259622263 49.79736147612324
83.162659733843 59.73503393349223 92.837340266157 62.26496606650777
