86.28388844026864 10.33918942796951 95.71611155973136 13.66081057203049
66.89175972906939 41.15002423233039 75.10824027093061 46.84997576766961
17.95210760223736 5.036371368094548 24.04789239776264 12.963628631905452
37.000000001090044 13.999895595024105 46.999999998909956 14.000104404975895
23.933437364032212 79.05079835920141 30.066562635967788 86.94920164079859
59.571627601041634 48.678466477488705 68.42837239895837 53.321533522511295
34.72083158167524 61.549675144339346 39.27916841832476 70.45032485566065
42.015198633594174 75.61044212563651 51.984801366405826 76.38955787436349
83.19210302756673 54.6273650512729 92.80789697243327 57.3726349487271
5.7182690403986705 23.00794354334788 6.2817309596013295 32.99205645665212
38.70519820440591 48.170560248835656 41.29480179559409 57.829439751164344
72.19025957780244 50.86413748295847 77.80974042219756 59.13586251704153
86.54053007322653 80.73877732803622 95.45946992677347 85.26122267196378
64.97607107683493 26.10596592162396 67.02392892316507 35.89403407837604
13.008753264834931 19.704270345240726 22.99124673516507 20.295729654759274
59.22832803412126 77.05990664287842 60.77167196587874 86.94009335712158
21.674639091273853 63.491762967886864 30.325360908726147 68.50823703211314
32.21114724378267 46.33095236514194 35.78885275621733 55.66904763485806
38.756709727091526 19.005922523317434 39.243290272908474 28.994077476682566
21.862205230575135 31.10715476996966 28.137794769424865 38.89284523003034
52.16783507893788 43.347777767342855 55.83216492106212 52.652222232657145
5.38554666126837 81.73800120370794 10.61445333873163 90.26199879629206
25.586349472709344 53.20400248262253 28.413650527290656 62.79599751737747
74.71676015121773 17.167475246778633 77.28323984878227 26.832524753221367
80.06539765119311 95.1939605101799 89.93460234880689 96.8060394898201
52.5074594246318 57.22796451910932 55.4925405753682 66.77203548089068
68.06836389562811 67.17600647207902 77.93163610437189 68.82399352792098
65.90617955909178 9.000880305006913 66.09382044090822 18.999119694993087
50.281763702544595 24.051855234432047 51.718236297455405 33.94814476556795
17.139130296144856 40.82869913252691 26.860869703855144 43.17130086747309
58.55624639712213 28.019730655884874 59.44375360287787 37.98026934411513
77.12967505253755 32.83446927024081 84.87032494746245 39.16553072975919
86.311415381427 30.293761376011766 89.688584618573 39.706238623988234
70.63562564624017 76.30121841578026 77.36437435375983 83.69878158421974
80.52894681415826 42.76176779368751 89.47105318584174 47.23823220631249
54.73264835212453 84.54364313537657 59.26735164787547 93.45635686462343
10.146356825933822 29.814182320506532 17.85364317406618 36.18581767949347
32.49248997417786 80.8361253809167 41.50751002582214 85.1638746190833
25.140428604992508 73.82332423462326 34.85957139500749 76.17667576537674
53.97547045945944 12.01851521936885 60.02452954054056 19.98148478063115
65.0646069079226 88.19881648377255 74.9353930920774 89.80118351622745
87.75917354600641 26.351341662820946 96.24082645399359 31.648658337179054
17.015918997195406 89.60133151932672 26.984081002804594 90.39866848067328
10.897618846172858 9.141596797384267 19.102381153827142 14.858403202615733
10.62574497634709 73.5780394330115 19.37425502365291 78.4219605669885
35.529748889186706 35.760166299415836 44.470251110813294 40.239833700584164
44.18960143050636 50.066111659293185 45.81039856949364 59.933888340706815
10.4919735495402 46.02587604440408 11.5080264504598 55.97412395559592
16.09154280482414 46.04760934321765 25.90845719517586 47.95239065678235
83.162659733843 66.73503393349223 92.837340266157 69.26496606650777
