83.83957595303076 6.490835117532621 88.16042404696924 15.50916488246738
69.1500242323304 37.89175972906939 74.8499757676696 46.10824027093061
24.03637136809455 4.952107602237357 31.96362863190545 11.047892397762643
45.99989559502411 13.00000000109004 46.00010440497589 22.99999999890996
25.375879974344393 74.03910550469216 26.624120025655607 83.96089449530784
60.51023994359683 46.22709575055757 63.48976005640317 55.77290424944243
38.46476056014296 64.24152967201566 41.53523943985704 73.75847032798434
44.199754136319434 77.75067216557352 51.800245863680566 84.24932783442648
83.6273650512729 48.19210302756673 86.3726349487271 57.80789697243327
2.7182690403986705 27.00794354334788 3.2817309596013295 36.99205645665212
37.70519820440591 43.170560248835656 40.29480179559409 52.829439751164344
68.08871706223482 60.06229007405452 77.91128293776518 61.93770992594548
91.73877732803622 76.54053007322652 96.26122267196378 85.45946992677348
69.2634224008453 21.815368230799187 74.7365775991547 30.184631769200813
14.679768031267802 14.261543142711325 21.320231968732198 21.738456857288675
54.9611720075603 77.05248096740911 63.0388279924397 82.94751903259089
16.674639091273853 60.491762967886864 25.325360908726147 65.50823703211314
31.21114724378267 47.33095236514194 34.78885275621733 56.66904763485806
41.756709727091526 18.005922523317434 42.243290272908474 27.994077476682566
22.10715476996966 27.862205230575135 29.89284523003034 34.137794769424865
48.347777767342855 47.16783507893788 57.652222232657145 50.83216492106212
6.835009434645922 83.13761406482003 9.164990565354078 92.86238593517997
26.608319506983705 56.60911575883338 31.391680493016295 65.39088424116662
71.67550137778258 13.49027657570807 80.32449862221742 18.50972342429193
78.94075322754364 90.08066520585551 87.05924677245636 95.91933479414449
49.68104691343832 63.570275789360466 54.31895308656168 72.42972421063953
66.06836389562811 69.17600647207902 75.93163610437189 70.82399352792098
61.531429633687274 9.39874749372705 68.46857036631273 16.60125250627295
49.009003038399214 33.993263525549146 54.990996961600786 42.006736474450854
18.734611283739873 37.391080856139695 27.265388716260127 42.608919143860305
55.792198956411625 32.16463659286981 62.207801043588375 39.83536340713019
81.50163522932095 30.024898739186707 82.49836477067905 39.97510126081329
86.311415381427 31.293761376011766 89.688584618573 40.706238623988234
68.00559453967661 80.76353837966397 77.99440546032339 81.23646162033603
85.76176779368751 42.52894681415827 90.23823220631249 51.47105318584173
56.73264835212453 85.54364313537657 61.26735164787547 94.45635686462343
9.022349494550731 30.52777606413838 18.97765050544927 31.47222393586162
34.34279951126607 76.28261867768356 37.65720048873393 85.71738132231644
26.140428604992508 69.82332423462326 35.85957139500749 72.17667576537674
53.045999764409416 17.323330460439944 62.954000235590584 18.676669539560056
63.943627779471505 90.07667237407013 72.05637222052849 95.92332762592987
92.87416712781142 22.128398585280234 95.12583287218858 31.871601414719766
26.015918997195406 94.60133151932672 35.984081002804594 95.39866848067328
7.077982179182004 6.120374755051865 16.922017820817995 7.879625244948135
15.578039433011496 70.6257449763471 20.421960566988503 79.3742550236529
40.422856724350446 35.255253527524005 43.577143275649554 44.744746472475995
44.18960143050636 51.066111659293185 45.81039856949364 60.933888340706815
8.123534272393414 44.841992168677926 15.876465727606586 51.158007831322074
17.855754740377737 44.20263852387676 26.144245259622263 49.79736147612324
83.162659733843 63.73503393349223 92.837340266157 66.26496606650777
