73.33918942796952 3.2838884402686404 76.66081057203048 12.71611155973136
64.89175972906939 37.15002423233039 73.10824027093061 42.84997576766961
32.35247669905939 5.042105933489606 33.64752330094061 14.957894066510395
48.99989559502411 11.00000000109004 49.00010440497589 20.99999999890996
22.375879974344393 74.03910550469216 23.624120025655607 83.96089449530784
60.51023994359683 42.22709575055757 63.48976005640317 51.77290424944243
38.72083158167524 60.549675144339346 43.27916841832476 69.45032485566065
40.75067216557351 81.19975413631943 47.24932783442649 88.80024586368057
85.6273650512729 47.19210302756673 88.3726349487271 56.80789697243327
5.7182690403986705 31.00794354334788 6.2817309596013295 40.99205645665212
37.70519820440591 43.170560248835656 40.29480179559409 52.829439751164344
58.08871706223483 61.06229007405452 67.91128293776518 62.93770992594548
90.73877732803622 74.54053007322652 95.26122267196378 83.45946992677348
66.97607107683493 24.10596592162396 69.02392892316507 33.89403407837604
14.261543142711323 19.679768031267805 21.738456857288675 26.320231968732195
49.9611720075603 80.05248096740911 58.0388279924397 85.94751903259089
15.167916556130114 58.71509938459096 24.832083443869884 61.28490061540904
28.963394670174374 43.433574841243335 33.036605329825626 52.566425158756665
41.756709727091526 15.005922523317434 42.243290272908474 24.994077476682566
26.02858678030384 24.466098699167844 35.97141321969616 25.533901300832156
49.16783507893788 42.347777767342855 52.83216492106212 51.652222232657145
4.835009434645922 81.13761406482003 7.164990565354078 90.86238593517997
24.20400248262253 56.586349472709344 33.79599751737747 59.413650527290656
68.67550137778258 13.490276575708068 77.32449862221742 18.50972342429193
82.1939605101799 80.06539765119311 83.8060394898201 89.93460234880689
57.5074594246318 65.22796451910932 60.4925405753682 74.77203548089068
74.09545807950097 64.93015525700748 79.90454192049903 73.06984474299252
63.90617955909178 3.0008803050069117 64.09382044090822 12.999119694993087
47.993263525549146 32.009003038399214 56.006736474450854 37.990996961600786
15.13913029614486 41.8286991325269 24.86086970385514 44.1713008674731
55.792198956411625 26.164636592869808 62.207801043588375 33.83536340713019
76.12967505253755 28.83446927024081 83.87032494746245 35.16553072975919
88.86619638949614 31.478177120695605 93.13380361050386 40.521822879304395
68.30121841578026 69.63562564624017 75.69878158421974 76.36437435375983
87.76176779368751 40.52894681415827 92.23823220631249 49.47105318584173
60.45213956718479 79.24562011609031 63.54786043281521 88.75437988390969
10.52777606413838 30.02234949455073 11.47222393586162 39.97765050544927
27.28261867768356 76.34279951126607 36.71738132231644 79.65720048873393
28.140428604992508 66.82332423462326 37.85957139500749 69.17667576537674
54.045999764409416 18.323330460439944 63.954000235590584 19.676669539560056
68.07667237407013 87.94362777947151 73.92332762592987 96.05637222052849
93.87416712781142 27.128398585280234 96.12583287218858 36.87160141471976
24.75762371106324 88.19382133880441 31.24237628893676 95.80617866119559
6.1203747550518655 6.077982179182004 7.8796252449481345 15.922017820817995
9.19434986945172 78.61951935081969 18.80565013054828 81.38048064918031
40.760166299415836 32.529748889186706 45.239833700584164 41.470251110813294
44.0842524206218 58.938175772716136 49.9157475793782 67.06182422728386
6.123534272393416 45.841992168677926 13.876465727606584 52.158007831322074
10.855754740377737 44.20263852387676 19.144245259622263 49.79736147612324
85.68501781129514 63.47394997849216 94.31498218870486 68.52605002150784
