76.83957595303076 4.4908351175326215 81.16042404696924 13.509164882467378
67.07979825414479 45.110272637217825 76.92020174585521 46.889727362782175
25.03637136809455 6.952107602237358 32.96362863190545 13.047892397762642
42.46453992030448 12.464392269371592 49.53546007969552 19.535607730628406
23.933437364032212 74.05079835920141 30.066562635967788 81.94920164079859
58.22709575055757 47.51023994359683 67.77290424944243 50.48976005640317
40.46476056014296 58.24152967201565 43.53523943985704 67.75847032798434
43.61044212563651 74.01519863359417 44.38955787436349 83.98480136640583
83.57090292788475 46.62970396720759 88.42909707211525 55.37029603279241
4.7182690403986705 30.00794354334788 5.2817309596013295 39.99205645665212
36.50063353257692 43.66950727266272 41.49936646742308 52.33049272733728
63.08871706223483 59.06229007405452 72.91128293776518 60.93770992594548
85.54053007322653 77.73877732803622 94.45946992677347 82.26122267196378
66.2634224008453 24.815368230799187 71.7365775991547 33.18463176920081
16.00875326483493 17.704270345240726 25.99124673516507 18.295729654759274
50.22832803412126 76.05990664287842 51.77167196587874 85.94009335712158
18.715099384590953 58.167916556130116 21.284900615409047 67.83208344386989
29.963394670174374 45.433574841243335 34.036605329825626 54.566425158756665
41.64068615223706 17.29662174869645 48.35931384776294 24.70337825130355
25.02858678030384 26.466098699167844 34.97141321969616 27.533901300832156
50.00591835163645 42.41484587176617 53.99408164836355 51.58515412823383
5.835009434645922 82.13761406482003 8.164990565354078 91.86238593517997
27.608319506983705 54.60911575883338 32.391680493016295 63.39088424116662
72.49027657570807 8.675501377782577 77.50972342429193 17.324498622217423
83.94075322754364 85.08066520585551 92.05924677245636 90.91933479414449
57.5074594246318 65.22796451910932 60.4925405753682 74.77203548089068
72.09545807950097 65.93015525700748 77.90454192049903 74.06984474299252
56.00088030500691 11.906179559091782 65.99911969499308 12.093820440908218
47.993263525549146 35.009003038399214 56.006736474450854 40.990996961600786
16.139130296144856 40.82869913252691 25.860869703855144 43.17130086747309
53.01973065588487 31.556246397122127 62.98026934411513 32.44375360287788
78.50163522932095 30.024898739186707 79.49836477067905 39.97510126081329
87.4781771206956 38.86619638949614 96.5218228793044 43.13380361050386
69.63562564624017 71.30121841578026 76.36437435375983 78.69878158421974
87.76176779368751 44.52894681415827 92.23823220631249 53.47105318584173
56.54364313537657 86.73264835212453 65.45635686462343 91.26735164787547
11.52777606413838 26.02234949455073 12.47222393586162 35.97765050544927
30.8361253809167 73.49248997417786 35.163874619083295 82.50751002582214
27.140428604992508 66.82332423462326 36.85957139500749 69.17667576537674
52.045999764409416 16.323330460439944 61.954000235590584 17.676669539560056
66.94362777947151 87.07667237407013 75.05637222052849 92.92332762592987
91.35134166282094 28.759173546006405 96.64865833717906 37.24082645399359
26.015918997195406 95.60133151932672 35.984081002804594 96.39866848067328
4.141596797384266 4.897618846172858 9.858403202615733 13.102381153827142
11.578039433011497 76.6257449763471 16.421960566988503 85.3742550236529
38.760166299415836 34.529748889186706 43.239833700584164 43.470251110813294
46.0842524206218 55.938175772716136 51.9157475793782 64.06182422728386
5.123534272393416 44.841992168677926 12.876465727606584 51.158007831322074
10.855754740377737 44.20263852387676 19.144245259622263 49.79736147612324
84.47394997849216 58.68501781129513 89.52605002150784 67.31498218870487
