79.33918942796952 3.2838884402686404 82.66081057203048 12.71611155973136
64.1500242323304 37.89175972906939 69.8499757676696 46.10824027093061
26.95210760223736 8.036371368094548 33.047892397762645 15.963628631905452
45.46453992030448 11.464392269371592 52.53546007969552 18.535607730628406
21.375879974344393 76.03910550469216 22.624120025655607 85.96089449530784
58.678466477488705 36.571627601041634 63.321533522511295 45.428372398958366
37.549675144339346 61.72083158167524 46.450324855660654 66.27916841832476
42.199754136319434 85.75067216557352 49.800245863680566 92.24932783442648
79.19210302756673 52.6273650512729 88.80789697243327 55.3726349487271
6.7182690403986705 31.00794354334788 7.2817309596013295 40.99205645665212
33.66950727266272 46.50063353257692 42.33049272733728 51.49936646742308
56.864137482958476 59.190259577802436 65.13586251704153 64.80974042219756
89.44560445939935 77.24775268916265 92.55439554060065 86.75224731083735
66.2634224008453 21.815368230799187 71.7365775991547 30.184631769200813
13.261543142711323 21.679768031267805 20.738456857288675 28.320231968732195
51.05248096740912 76.9611720075603 56.94751903259088 85.0388279924397
18.167916556130116 57.71509938459096 27.832083443869884 60.28490061540904
26.33095236514194 49.21114724378267 35.66904763485806 52.78885275621733
36.296621748696445 18.64068615223706 43.703378251303555 25.35931384776294
25.862205230575135 18.10715476996966 32.137794769424865 25.89284523003034
46.347777767342855 45.16783507893788 55.652222232657145 48.83216492106212
6.38554666126837 75.73800120370794 11.61445333873163 84.26199879629206
24.609115758833383 53.608319506983705 33.39088424116662 58.391680493016295
68.71676015121773 12.167475246778631 71.28323984878227 21.83252475322137
74.94075322754364 79.08066520585551 83.05924677245636 84.91933479414449
56.68104691343832 64.57027578936047 61.31895308656168 73.42972421063953
73.06836389562811 64.17600647207902 82.93163610437189 65.82399352792098
62.90617955909178 4.000880305006912 63.09382044090822 13.999119694993087
46.993263525549146 35.009003038399214 55.006736474450854 40.990996961600786
16.3910808561397 38.73461128373987 21.6089191438603 47.26538871626013
55.01973065588487 29.556246397122127 64.98026934411513 30.443753602877873
75.83446927024082 28.129675052537543 82.16553072975918 35.87032494746246
88.86619638949614 31.478177120695605 93.13380361050386 40.521822879304395
66.00559453967661 70.76353837966397 75.99440546032339 71.23646162033603
88.76176779368751 44.52894681415827 93.23823220631249 53.47105318584173
59.73264835212453 78.54364313537657 64.26735164787547 87.45635686462343
11.52777606413838 26.02234949455073 12.47222393586162 35.97765050544927
27.492489974177857 76.8361253809167 36.50751002582214 81.1638746190833
30.82332423462326 65.14042860499251 33.17667576537674 74.85957139500749
54.01851521936885 13.975470459459435 61.98148478063115 20.024529540540563
69.07667237407013 85.94362777947151 74.92332762592987 94.05637222052849
91.87416712781142 22.128398585280234 94.12583287218858 31.871601414719766
28.75762371106324 82.19382133880441 35.24237628893676 89.80617866119559
5.077982179182004 11.120374755051865 14.922017820817995 12.879625244948135
14.61951935081969 74.19434986945171 17.38048064918031 83.80565013054829
38.760166299415836 33.529748889186706 43.239833700584164 42.470251110813294
43.066111659293185 59.18960143050636 52.933888340706815 60.81039856949364
5.025876044404079 53.491973549540205 14.974123955595921 54.508026450459795
9.09154280482414 49.04760934321765 18.90845719517586 50.95239065678235
91.73503393349223 63.162659733843 94.26496606650777 72.837340266157
