80.33918942796952 4.28388844026864 83.66081057203048 13.71611155973136
64.1500242323304 37.89175972906939 69.8499757676696 46.10824027093061
25.042105933489605 11.352476699059387 34.95789406651039 12.647523300940613
48.99989559502411 10.00000000109004 49.00010440497589 19.99999999890996
22.375879974344393 78.03910550469216 23.624120025655607 87.96089449530784
58.678466477488705 37.571627601041634 63.321533522511295 46.428372398958366
37.24152967201565 62.46476056014296 46.75847032798435 65.53523943985704
42.199754136319434 86.7506721655735 49.800245863680566 93.2493278344265
81.57090292788475 49.62970396720759 86.42909707211525 58.37029603279241
3.270869155430905 33.669296899439495 10.729130844569095 40.330703100560505
33.66950727266272 46.50063353257692 42.33049272733728 51.49936646742308
56.864137482958476 58.190259577802436 65.13586251704153 63.809740422197564
88.73877732803622 77.54053007322652 93.26122267196378 86.45946992677348
66.2634224008453 21.815368230799187 71.7365775991547 30.184631769200813
16.704270345240726 20.00875326483493 17.295729654759274 29.99124673516507
50.05248096740912 76.9611720075603 55.94751903259088 85.0388279924397
18.167916556130116 57.71509938459096 27.832083443869884 60.28490061540904
26.33095236514194 49.21114724378267 35.66904763485806 52.78885275621733
36.296621748696445 18.64068615223706 43.703378251303555 25.35931384776294
22.02858678030384 23.466098699167844 31.97141321969616 24.533901300832156
50.00591835163645 43.41484587176617 53.99408164836355 52.58515412823383
6.38554666126837 74.73800120370794 11.61445333873163 83.26199879629206
24.609115758833383 53.608319506983705 33.39088424116662 58.391680493016295
68.71676015121773 12.167475246778631 71.28323984878227 21.83252475322137
73.06539765119311 80.1939605101799 82.93460234880689 81.8060394898201
52.22796451910932 66.50745942463179 61.77203548089068 69.49254057536821
75.09545807950097 60.930155257007485 80.90454192049903 69.06984474299252
62.90617955909178 5.000880305006912 63.09382044090822 14.999119694993087
46.993263525549146 35.009003038399214 55.006736474450854 40.990996961600786
16.3910808561397 38.73461128373987 21.6089191438603 47.26538871626013
54.01973065588487 31.556246397122127 63.98026934411513 32.44375360287788
75.83446927024082 26.129675052537543 82.16553072975918 33.87032494746246
86.4781771206956 31.866196389496135 95.5218228793044 36.13380361050386
66.00559453967661 70.76353837966397 75.99440546032339 71.23646162033603
87.76176779368751 44.52894681415827 92.23823220631249 53.47105318584173
59.73264835212453 78.54364313537657 64.26735164787547 87.45635686462343
8.81418232050653 27.14635682593382 15.18581767949347 34.85364317406618
27.492489974177857 76.8361253809167 36.50751002582214 81.1638746190833
27.73172869997427 68.39579952588579 36.26827130002573 73.60420047411421
53.01851521936885 14.975470459459435 60.98148478063115 21.024529540540563
71.07667237407013 86.94362777947151 76.92332762592987 95.05637222052849
87.12839858528024 25.874167127811422 96.87160141471976 28.125832872188578
27.75762371106324 82.19382133880441 34.24237628893676 89.80617866119559
7.141596797384266 6.897618846172858 12.858403202615733 15.102381153827142
14.61951935081969 73.19434986945171 17.38048064918031 82.80565013054829
38.760166299415836 33.529748889186706 43.239833700584164 42.470251110813294
42.066111659293185 59.18960143050636 51.933888340706815 60.81039856949364
5.025876044404079 53.491973549540205 14.974123955595921 54.508026450459795
9.09154280482414 49.04760934321765 18.90845719517586 50.95239065678235
92.73503393349223 63.162659733843 95.26496606650777 72.837340266157
