73.49083511753263 3.839575953030758 82.50916488246737 8.160424046969242
66.1500242323304 38.89175972906939 71.8499757676696 47.10824027093061
19.95210760223736 2.0363713680945477 26.04789239776264 9.963628631905452
49.99989559502411 16.00000000109004 50.00010440497589 25.99999999890996
18.05079835920141 82.93343736403222 25.94920164079859 89.06656263596778
63.678466477488705 43.571627601041634 68.3215335225113 52.428372398958366
35.72083158167524 55.549675144339346 40.27916841832476 64.45032485566065
40.015198633594174 93.61044212563651 49.984801366405826 94.38955787436349
82.57090292788475 52.62970396720759 87.42909707211525 61.37029603279241
2.669296899439492 33.2708691554309 9.330703100560509 40.7291308445691
38.70519820440591 47.170560248835656 41.29480179559409 56.829439751164344
60.190259577802436 62.86413748295847 65.80974042219756 71.13586251704153
91.73877732803622 77.54053007322652 96.26122267196378 86.45946992677348
65.2634224008453 20.815368230799187 70.7365775991547 29.184631769200813
16.261543142711325 22.679768031267805 23.738456857288675 29.320231968732195
52.9611720075603 77.05248096740911 61.0388279924397 82.94751903259089
12.167916556130114 65.71509938459096 21.832083443869884 68.28490061540904
20.33095236514194 50.21114724378267 29.66904763485806 53.78885275621733
41.756709727091526 20.005922523317434 42.243290272908474 29.994077476682566
28.466098699167844 24.02858678030384 29.533901300832156 33.97141321969616
38.347777767342855 42.16783507893788 47.652222232657145 45.83216492106212
8.38554666126837 85.73800120370794 13.61445333873163 94.26199879629206
17.20400248262253 57.586349472709344 26.79599751737747 60.413650527290656
64.49027657570807 3.6755013777825782 69.50972342429193 12.324498622217423
75.94075322754364 87.08066520585551 84.05924677245636 92.91933479414449
55.5074594246318 62.22796451910932 58.4925405753682 71.77203548089068
74.06836389562811 62.176006472079024 83.93163610437189 63.823993527920976
55.531429633687274 6.3987474937270505 62.468570366312726 13.60125250627295
47.05185523443205 38.281763702544595 56.94814476556795 39.718236297455405
23.734611283739873 41.391080856139695 32.26538871626013 46.608919143860305
48.01973065588487 33.55624639712212 57.98026934411513 34.44375360287788
75.12967505253755 20.83446927024081 82.87032494746245 27.16553072975919
91.86619638949614 35.478177120695605 96.13380361050386 44.521822879304395
69.00559453967661 66.76353837966397 78.99440546032339 67.23646162033603
91.76176779368751 45.52894681415827 96.23823220631249 54.47105318584173
66.73264835212453 77.54364313537657 71.26735164787547 86.45635686462343
10.81418232050653 23.14635682593382 17.185817679493468 30.85364317406618
28.492489974177857 77.8361253809167 37.50751002582214 82.1638746190833
26.395799525885796 64.73172869997427 31.604200474114204 73.26827130002573
56.32333046043995 18.045999764409416 57.67666953956005 27.954000235590584
65.94362777947151 91.07667237407013 74.05637222052849 96.92332762592987
85.35134166282094 22.759173546006405 90.64865833717906 31.240826453993595
26.75762371106324 83.19382133880441 33.24237628893676 90.80617866119559
5.897618846172858 2.141596797384266 14.102381153827142 7.858403202615734
10.578039433011497 79.6257449763471 15.421960566988503 88.3742550236529
34.76016629941584 28.529748889186706 39.23983370058416 37.470251110813294
47.18960143050636 58.066111659293185 48.81039856949364 67.93388834070682
5.123534272393416 47.841992168677926 12.876465727606584 54.158007831322074
6.855754740377738 44.20263852387676 15.144245259622263 49.79736147612324
91.73503393349223 59.162659733843 94.26496606650777 68.837340266157
10.170832318869339 72.70418384501384 19.829167681130663 75.29581615498616
66.04835074852704 56.30633603929041 75.95164925147296 57.69366396070959
88.03265306612354 88.95694917783796 95.96734693387646 95.04305082216204
87.04191719987726 6.3539234200753825 96.95808280012274 7.6460765799246175
42.22532229181178 82.51593369995459 51.77467770818822 85.48406630004541
29.78030135033049 2.317809979517241 38.21969864966951 7.682190020482759
81.85659309730434 33.00205697708955 82.14340690269566 42.99794302291045
58.068234311287235 55.91111370085252 65.93176568871276 62.08888629914748
73.68109560517266 8.480661827316334 82.31890439482734 13.519338172683666
6.6924123997174405 12.25035144760778 13.30758760028256 19.74964855239222
2.234299025744477 85.83455907243878 7.765700974255523 94.16544092756122
84.84446146454484 75.48849763136847 89.15553853545516 84.51150236863153
24.228350975068416 34.71752172395115 31.771649024931584 41.28247827604885
18.316153965475394 93.25026106951118 27.683846034524606 96.74973893048882
76.66439341180016 74.27525454711898 83.33560658819984 81.72474545288102
4.695798159643411 26.247367564204545 11.304201840356589 33.752632435795455
27.384801836233777 17.076475654126295 36.61519816376622 20.923524345873705
19.668704665932577 14.576758873251938 24.331295334067423 23.42324112674806
36.26148616211875 75.40422852256098 45.73851383788125 78.59577147743902
4.504828648200313 53.66708874714031 9.495171351799687 62.33291125285969
42.00000512384785 72.99284189604633 51.99999487615215 73.00715810395367
76.75352321835085 38.006078775540416 77.24647678164915 47.993921224459584
47.118462998796694 50.91383498733883 52.881537001203306 59.08616501266117
64.3136576960329 26.78294355907859 69.6863423039671 35.21705644092141
45.91906131052475 3.06200345458576 52.08093868947525 10.93799654541424
