76.28388844026864 8.339189427969512 85.71611155973136 11.660810572030488
65.1500242323304 35.89175972906939 70.8499757676696 44.10824027093061
21.95210760223736 5.036371368094548 28.04789239776264 12.963628631905452
47.99989559502411 12.00000000109004 48.00010440497589 21.99999999890996
21.933437364032212 82.05079835920141 28.066562635967788 89.94920164079859
59.51023994359683 38.22709575055757 62.48976005640317 47.77290424944243
37.46476056014296 60.24152967201565 40.53523943985704 69.75847032798434
43.75067216557351 89.19975413631943 50.24932783442649 96.80024586368057
78.19210302756673 52.6273650512729 87.80789697243327 55.3726349487271
3.669296899439492 34.2708691554309 10.330703100560509 41.7291308445691
35.50063353257692 45.66950727266272 40.49936646742308 54.33049272733728
60.08871706223483 62.06229007405452 69.91128293776518 63.93770992594548
87.73877732803622 76.54053007322652 92.26122267196378 85.45946992677348
67.2634224008453 19.815368230799187 72.7365775991547 28.184631769200813
12.261543142711323 23.679768031267805 19.738456857288675 30.320231968732195
49.05990664287841 80.22832803412126 58.94009335712159 81.77167196587874
16.491762967886864 58.67463909127385 21.508237032113136 67.32536090872615
26.33095236514194 51.21114724378267 35.66904763485806 54.78885275621733
43.756709727091526 21.005922523317434 44.243290272908474 30.994077476682566
26.466098699167844 18.02858678030384 27.533901300832156 27.97141321969616
48.41484587176617 47.00591835163646 57.58515412823383 50.99408164836354
5.38554666126837 77.73800120370794 10.61445333873163 86.26199879629206
19.609115758833383 54.608319506983705 28.390884241166617 59.391680493016295
67.49027657570807 10.675501377782577 72.50972342429193 19.324498622217423
75.08066520585551 81.94075322754364 80.91933479414449 90.05924677245636
55.5074594246318 62.22796451910932 58.4925405753682 71.77203548089068
74.06836389562811 62.176006472079024 83.93163610437189 63.823993527920976
62.90617955909178 7.000880305006912 63.09382044090822 16.999119694993087
44.05185523443205 40.281763702544595 53.94814476556795 41.718236297455405
15.734611283739873 41.391080856139695 24.265388716260127 46.608919143860305
53.01973065588487 31.556246397122127 62.98026934411513 32.44375360287788
77.50163522932095 28.024898739186707 78.49836477067905 37.97510126081329
89.86619638949614 29.478177120695605 94.13380361050386 38.521822879304395
71.00559453967661 68.76353837966397 80.99440546032339 69.23646162033603
87.2558188022919 46.42115714419928 96.7441811977081 49.57884285580072
63.73264835212453 79.54364313537657 68.26735164787547 88.45635686462343
8.81418232050653 26.14635682593382 15.18581767949347 33.85364317406618
25.28261867768356 77.34279951126607 34.71738132231644 80.65720048873393
26.395799525885792 66.73172869997427 31.604200474114208 75.26827130002573
52.97547045945944 20.01851521936885 59.02452954054056 27.98148478063115
64.0646069079226 94.19881648377255 73.9353930920774 95.80118351622745
85.75917354600641 21.351341662820946 94.24082645399359 26.648658337179054
29.75762371106324 83.19382133880441 36.24237628893676 90.80617866119559
12.120374755051865 2.077982179182004 13.879625244948135 11.922017820817995
10.61951935081969 72.19434986945171 13.38048064918031 81.80565013054829
36.422856724350446 30.255253527524005 39.577143275649554 39.744746472475995
45.0842524206218 56.938175772716136 50.9157475793782 65.06182422728386
3.025876044404079 50.491973549540205 12.974123955595921 51.508026450459795
6.091542804824139 46.04760934321765 15.90845719517586 47.95239065678235
91.73503393349223 57.162659733843 94.26496606650777 66.837340266157
11.668982394823804 66.50154317554738 20.331017605176196 71.49845682445262
62.04835074852704 52.30633603929041 71.95164925147296 53.69366396070959
85.03265306612354 86.95694917783796 92.96734693387646 93.04305082216204
89.35392342007538 3.0419171998772647 90.64607657992462 12.958082800122735
42.22532229181178 82.51593369995459 51.77467770818822 85.48406630004541
33.78030135033049 6.317809979517241 42.21969864966951 11.682190020482759
83.56732458988108 34.364516603150975 90.43267541011892 41.635483396849025
56.0356493710332 57.40399426791601 65.9643506289668 58.59600573208399
73.68109560517266 12.480661827316334 82.31890439482734 17.519338172683668
5.009780460008803 16.68741570306548 14.990219539991198 17.31258429693452
3.234299025744477 85.83455907243878 8.765700974255523 94.16544092756122
79.84446146454484 73.48849763136847 84.15553853545516 82.51150236863153
24.228350975068416 35.71752172395115 31.771649024931584 42.28247827604885
21.316153965475394 92.25026106951118 30.683846034524606 95.74973893048882
65.00757719418745 74.7248372699607 74.99242280581255 75.2751627300393
4.695798159643411 28.247367564204545 11.304201840356589 35.752632435795455
33.09669919062592 16.376424973136483 36.90330080937408 25.623575026863517
19.52077094412085 16.223821464785587 22.47922905587915 25.776178535214413
36.52098389956667 73.77774556540908 45.47901610043333 78.22225443459092
3.1718164877434507 57.70052165390338 12.82818351225655 60.29947834609662
46.4695312610209 69.45940817332874 53.5304687389791 76.54059182667126
73.64304984118236 39.29447903376405 80.35695015881764 46.70552096623595
46.118462998796694 50.91383498733883 51.881537001203306 59.08616501266117
64.3136576960329 26.78294355907859 69.6863423039671 35.21705644092141
45.91906131052475 2.06200345458576 52.08093868947525 9.93799654541424
