76.49083511753263 7.839575953030758 85.50916488246737 12.160424046969242
65.1500242323304 36.89175972906939 70.8499757676696 45.10824027093061
22.042105933489605 10.352476699059384 31.957894066510395 11.647523300940616
47.99989559502411 11.00000000109004 48.00010440497589 20.99999999890996
20.933437364032212 80.05079835920141 27.066562635967788 87.94920164079859
57.678466477488705 38.571627601041634 62.321533522511295 47.428372398958366
37.72083158167524 60.549675144339346 42.27916841832476 69.45032485566065
40.75067216557351 87.19975413631943 47.24932783442649 94.80024586368057
83.57090292788475 50.62970396720759 88.42909707211525 59.37029603279241
3.669296899439492 34.2708691554309 10.330703100560509 41.7291308445691
34.50063353257692 42.66950727266272 39.49936646742308 51.33049272733728
59.08871706223483 61.06229007405452 68.91128293776518 62.93770992594548
88.44560445939935 76.24775268916265 91.55439554060065 85.75224731083735
68.2634224008453 22.815368230799187 73.7365775991547 31.184631769200813
12.261543142711323 22.679768031267805 19.738456857288675 29.320231968732195
51.05248096740912 78.9611720075603 56.94751903259088 87.0388279924397
16.491762967886864 58.67463909127385 21.508237032113136 67.32536090872615
26.433574841243335 48.963394670174374 35.566425158756665 53.036605329825626
39.296621748696445 19.64068615223706 46.703378251303555 26.35931384776294
28.466098699167844 17.02858678030384 29.533901300832156 26.97141321969616
46.41484587176617 46.00591835163646 55.58515412823383 49.99408164836354
5.835009434645922 70.13761406482003 8.164990565354078 79.86238593517997
22.609115758833383 53.608319506983705 31.390884241166617 58.391680493016295
68.71676015121773 10.167475246778631 71.28323984878227 19.83252475322137
74.08066520585551 77.94075322754364 79.91933479414449 86.05924677245636
54.5074594246318 64.22796451910932 57.4925405753682 73.77203548089068
73.93015525700748 60.09545807950097 82.06984474299252 65.90454192049903
57.531429633687274 7.3987474937270505 64.46857036631273 14.60125250627295
45.993263525549146 38.009003038399214 54.006736474450854 43.990996961600786
18.828699132526904 37.139130296144856 21.171300867473096 46.860869703855144
54.792198956411625 27.164636592869808 61.207801043588375 34.83536340713019
77.50163522932095 28.024898739186707 78.49836477067905 37.97510126081329
85.4781771206956 29.86619638949614 94.5218228793044 34.13380361050386
66.00559453967661 68.76353837966397 75.99440546032339 69.23646162033603
85.52894681415826 43.76176779368751 94.47105318584174 48.23823220631249
62.45213956718479 78.24562011609031 65.54786043281521 87.75437988390969
8.81418232050653 26.14635682593382 15.18581767949347 33.85364317406618
26.492489974177857 76.8361253809167 35.50751002582214 81.1638746190833
26.140428604992508 67.82332423462326 35.85957139500749 70.17667576537674
53.01851521936885 15.975470459459435 60.98148478063115 22.024529540540563
70.0646069079226 89.19881648377255 79.9353930920774 90.80118351622745
87.12839858528024 25.874167127811422 96.87160141471976 28.125832872188578
27.75762371106324 82.19382133880441 34.24237628893676 89.80617866119559
10.120374755051865 3.077982179182004 11.879625244948135 12.922017820817995
10.578039433011497 72.6257449763471 15.421960566988503 81.3742550236529
37.76016629941584 34.529748889186706 42.23983370058416 43.470251110813294
43.0842524206218 55.938175772716136 48.9157475793782 64.06182422728386
4.025876044404079 52.491973549540205 13.974123955595921 53.508026450459795
8.09154280482414 48.04760934321765 17.90845719517586 49.95239065678235
87.47394997849216 65.68501781129513 92.52605002150784 74.31498218870487
10.668982394823802 66.50154317554738 19.3310176051762 71.49845682445262
60.04835074852704 52.30633603929041 69.95164925147296 53.69366396070959
87.03265306612354 88.95694917783796 94.96734693387646 95.04305082216204
89.35392342007538 8.041917199877265 90.64607657992462 17.958082800122735
40.57439967006732 81.67318635905241 49.42560032993268 86.32681364094759
37.31780997951724 8.78030135033049 42.68219002048276 17.21969864966951
85.56732458988108 34.364516603150975 92.43267541011892 41.635483396849025
58.0356493710332 56.40399426791601 67.9643506289668 57.59600573208399
73.68109560517266 12.480661827316334 82.31890439482734 17.519338172683668
5.009780460008803 17.68741570306548 14.990219539991198 18.31258429693452
2.09894255985916 89.01023438711981 11.901057440140839 90.98976561288019
78.84446146454484 73.48849763136847 83.15553853545516 82.51150236863153
23.654104046306916 31.01197875012358 24.345895953693084 40.988021249876425
19.450768443899197 89.92527297000866 28.549231556100803 94.07472702999134
61.66439341180016 71.27525454711898 68.33560658819984 78.72474545288102
6.695798159643411 30.247367564204545 13.304201840356589 37.752632435795455
33.07647565412629 19.384801836233777 36.92352434587371 28.615198163766223
21.52077094412085 15.223821464785587 24.47922905587915 24.776178535214413
36.26148616211875 75.40422852256098 45.73851383788125 78.59577147743902
2.1718164877434507 59.70052165390338 11.82818351225655 62.29947834609662
45.4695312610209 66.45940817332874 52.5304687389791 73.54059182667126
73.64304984118236 39.29447903376405 80.35695015881764 46.70552096623595
44.118462998796694 49.91383498733883 49.881537001203306 58.08616501266117
64.3136576960329 25.78294355907859 69.6863423039671 34.21705644092141
51.39396857819634 2.0368632987004442 52.60603142180366 11.963136701299556
