76.28388844026864 7.339189427969512 85.71611155973136 10.660810572030488
65.1500242323304 35.89175972906939 70.8499757676696 44.10824027093061
23.352476699059387 4.042105933489606 24.647523300940613 13.957894066510395
46.99989559502411 13.00000000109004 47.00010440497589 22.99999999890996
18.933437364032212 83.05079835920141 25.066562635967788 90.94920164079859
61.678466477488705 38.571627601041634 66.3215335225113 47.428372398958366
37.72083158167524 61.549675144339346 42.27916841832476 70.45032485566065
46.015198633594174 93.61044212563651 55.984801366405826 94.38955787436349
78.19210302756673 52.6273650512729 87.80789697243327 55.3726349487271
3.669296899439492 34.2708691554309 10.330703100560509 41.7291308445691
37.70519820440591 43.170560248835656 40.29480179559409 52.829439751164344
59.08871706223483 63.06229007405452 68.91128293776518 64.93770992594547
91.73877732803622 76.54053007322652 96.26122267196378 85.45946992677348
67.2634224008453 20.815368230799187 72.7365775991547 29.184631769200813
15.261543142711323 24.679768031267805 22.738456857288675 31.320231968732195
50.05990664287841 80.22832803412126 59.94009335712159 81.77167196587874
16.715099384590953 58.167916556130116 19.284900615409047 67.83208344386989
22.33095236514194 51.21114724378267 31.66904763485806 54.78885275621733
40.296621748696445 22.64068615223706 47.703378251303555 29.35931384776294
27.466098699167844 21.02858678030384 28.533901300832156 30.97141321969616
48.41484587176617 46.00591835163646 57.58515412823383 49.99408164836354
5.38554666126837 77.73800120370794 10.61445333873163 86.26199879629206
18.609115758833383 54.608319506983705 27.390884241166617 59.391680493016295
67.71676015121773 7.167475246778631 70.28323984878227 16.83252475322137
72.94075322754364 83.08066520585551 81.05924677245636 88.91933479414449
54.68104691343832 63.570275789360466 59.31895308656168 72.42972421063953
73.06836389562811 62.176006472079024 82.93163610437189 63.823993527920976
62.90617955909178 4.000880305006912 63.09382044090822 13.999119694993087
43.993263525549146 37.009003038399214 52.006736474450854 42.990996961600786
16.139130296144856 40.82869913252691 25.860869703855144 43.17130086747309
52.01973065588487 32.55624639712212 61.98026934411513 33.44375360287788
77.50163522932095 28.024898739186707 78.49836477067905 37.97510126081329
88.86619638949614 30.478177120695605 93.13380361050386 39.521822879304395
74.00559453967661 67.76353837966397 83.99440546032339 68.23646162033603
86.2558188022919 47.42115714419928 95.7441811977081 50.57884285580072
66.45213956718479 81.24562011609031 69.54786043281521 90.75437988390969
8.81418232050653 25.14635682593382 15.18581767949347 32.85364317406618
27.492489974177857 77.8361253809167 36.50751002582214 82.1638746190833
26.395799525885792 65.73172869997427 31.604200474114208 74.26827130002573
53.97547045945944 21.01851521936885 60.02452954054056 28.98148478063115
63.06460690792259 95.19881648377255 72.9353930920774 96.80118351622745
84.12839858528024 21.874167127811422 93.87160141471976 24.125832872188578
26.75762371106324 83.19382133880441 33.24237628893676 90.80617866119559
7.897618846172858 4.141596797384267 16.102381153827142 9.858403202615733
10.61951935081969 73.19434986945171 13.38048064918031 82.80565013054829
36.422856724350446 27.255253527524005 39.577143275649554 36.744746472475995
44.0842524206218 57.938175772716136 49.9157475793782 66.06182422728386
2.1235342723934156 47.841992168677926 9.876465727606584 54.158007831322074
7.091542804824139 46.04760934321765 16.90845719517586 47.95239065678235
93.73503393349223 55.162659733843 96.26496606650777 64.837340266157
7.668982394823803 66.50154317554738 16.331017605176196 71.49845682445262
63.04835074852704 52.30633603929041 72.95164925147296 53.69366396070959
85.04290020789023 90.34642395158238 94.95709979210977 91.65357604841762
85.04191719987726 5.353923420075382 94.95808280012274 6.646076579924618
41.22532229181178 82.51593369995459 50.77467770818822 85.48406630004541
35.31780997951724 3.7803013503304888 40.68219002048276 12.21969864966951
82.56732458988108 35.364516603150975 89.43267541011892 42.635483396849025
57.0356493710332 56.40399426791601 66.9643506289668 57.59600573208399
74.16463230911445 11.72751452112795 83.83536769088555 14.27248547887205
2.0097804600088027 19.68741570306548 11.990219539991198 20.31258429693452
4.0102343871198025 87.09894255985915 5.9897656128801975 96.90105744014085
80.33408199733074 73.28569016627222 83.66591800266926 82.71430983372778
22.01197875012358 36.65410404630691 31.98802124987642 37.34589595369309
19.316153965475394 93.25026106951118 28.683846034524606 96.74973893048882
67.00757719418745 75.7248372699607 76.99242280581255 76.2751627300393
4.695798159643411 27.247367564204545 11.304201840356589 34.752632435795455
32.07647565412629 13.384801836233777 35.92352434587371 22.615198163766223
17.668704665932577 13.576758873251938 22.331295334067423 22.42324112674806
36.26148616211875 74.40422852256098 45.73851383788125 77.59577147743902
2.1718164877434507 58.70052165390338 11.82818351225655 61.29947834609662
46.4695312610209 68.45940817332874 53.5304687389791 75.54059182667126
73.64304984118236 40.29447903376405 80.35695015881764 47.70552096623595
45.118462998796694 50.91383498733883 50.881537001203306 59.08616501266117
64.3136576960329 26.78294355907859 69.6863423039671 35.21705644092141
44.036863298700446 7.393968578196341 53.963136701299554 8.606031421803658
