77.28388844026864 7.339189427969512 86.71611155973136 10.660810572030488
65.1500242323304 35.89175972906939 70.8499757676696 44.10824027093061
24.352476699059387 5.042105933489606 25.647523300940613 14.957894066510395
47.99989559502411 12.00000000109004 48.00010440497589 21.99999999890996
20.933437364032212 82.05079835920141 27.066562635967788 89.94920164079859
60.51023994359683 38.22709575055757 63.48976005640317 47.77290424944243
37.72083158167524 60.549675144339346 42.27916841832476 69.45032485566065
45.75067216557351 89.19975413631943 52.24932783442649 96.80024586368057
78.62970396720759 51.570902927884745 87.37029603279241 56.429097072115255
2.669296899439492 34.2708691554309 9.330703100560509 41.7291308445691
36.50063353257692 45.66950727266272 41.49936646742308 54.33049272733728
60.08871706223483 62.06229007405452 69.91128293776518 63.93770992594548
89.73877732803622 76.54053007322652 94.26122267196378 85.45946992677348
66.2634224008453 20.815368230799187 71.7365775991547 29.184631769200813
11.261543142711323 22.679768031267805 18.738456857288675 29.320231968732195
49.05990664287841 80.22832803412126 58.94009335712159 81.77167196587874
16.491762967886864 58.67463909127385 21.508237032113136 67.32536090872615
24.433574841243335 50.963394670174374 33.566425158756665 55.036605329825626
40.64068615223706 21.29662174869645 47.35931384776294 28.70337825130355
26.466098699167844 20.02858678030384 27.533901300832156 29.97141321969616
48.347777767342855 47.16783507893788 57.652222232657145 50.83216492106212
5.38554666126837 76.73800120370794 10.61445333873163 85.26199879629206
19.609115758833383 55.608319506983705 28.390884241166617 60.391680493016295
67.49027657570807 11.675501377782577 72.50972342429193 20.324498622217423
74.08066520585551 81.94075322754364 79.91933479414449 90.05924677245636
54.5074594246318 62.22796451910932 57.4925405753682 71.77203548089068
74.06836389562811 62.176006472079024 83.93163610437189 63.823993527920976
62.90617955909178 5.000880305006912 63.09382044090822 14.999119694993087
44.05185523443205 40.281763702544595 53.94814476556795 41.718236297455405
16.734611283739873 41.391080856139695 25.265388716260127 46.608919143860305
53.01973065588487 31.556246397122127 62.98026934411513 32.44375360287788
77.50163522932095 28.024898739186707 78.49836477067905 37.97510126081329
90.86619638949614 28.478177120695605 95.13380361050386 37.521822879304395
73.00559453967661 67.76353837966397 82.99440546032339 68.23646162033603
87.2558188022919 47.42115714419928 96.7441811977081 50.57884285580072
64.73264835212453 80.54364313537657 69.26735164787547 89.45635686462343
8.81418232050653 26.14635682593382 15.18581767949347 33.85364317406618
26.28261867768356 77.34279951126607 35.71738132231644 80.65720048873393
27.395799525885792 66.73172869997427 32.60420047411421 75.26827130002573
53.97547045945944 20.01851521936885 60.02452954054056 27.98148478063115
64.0646069079226 94.19881648377255 73.9353930920774 95.80118351622745
85.12839858528024 21.874167127811422 94.87160141471976 24.125832872188578
28.75762371106324 84.19382133880441 35.24237628893676 91.80617866119559
8.897618846172858 5.141596797384267 17.102381153827142 10.858403202615733
9.578039433011497 72.6257449763471 14.421960566988503 81.3742550236529
35.422856724350446 30.255253527524005 38.577143275649554 39.744746472475995
45.0842524206218 56.938175772716136 50.9157475793782 65.06182422728386
3.025876044404079 50.491973549540205 12.974123955595921 51.508026450459795
7.091542804824139 46.04760934321765 16.90845719517586 47.95239065678235
92.73503393349223 56.162659733843 95.26496606650777 65.837340266157
11.668982394823804 66.50154317554738 20.331017605176196 71.49845682445262
62.04835074852704 52.30633603929041 71.95164925147296 53.69366396070959
87.34642395158238 85.04290020789023 88.65357604841762 94.95709979210977
86.95095116117933 3.037260899518318 93.04904883882067 10.962739100481683
42.22532229181178 82.51593369995459 51.77467770818822 85.48406630004541
36.91281722216922 4.119627718340728 39.08718277783078 13.880372281659273
83.56732458988108 35.364516603150975 90.43267541011892 42.635483396849025
57.0356493710332 57.40399426791601 66.9643506289668 58.59600573208399
73.16463230911445 12.72751452112795 82.83536769088555 15.27248547887205
5.009780460008803 17.68741570306548 14.990219539991198 18.31258429693452
5.234299025744477 87.83455907243878 10.765700974255523 96.16544092756122
80.33408199733074 72.28569016627222 83.66591800266926 81.71430983372778
24.228350975068416 34.71752172395115 31.771649024931584 41.28247827604885
21.316153965475394 92.25026106951118 30.683846034524606 95.74973893048882
67.00757719418745 75.7248372699607 76.99242280581255 76.2751627300393
4.695798159643411 28.247367564204545 11.304201840356589 35.752632435795455
33.07647565412629 16.384801836233777 36.92352434587371 25.615198163766223
19.52077094412085 16.223821464785587 22.47922905587915 25.776178535214413
36.52098389956667 73.77774556540908 45.47901610043333 78.22225443459092
2.1718164877434507 56.70052165390338 11.82818351225655 59.29947834609662
46.4695312610209 69.45940817332874 53.5304687389791 76.54059182667126
73.64304984118236 39.29447903376405 80.35695015881764 46.70552096623595
46.118462998796694 50.91383498733883 51.881537001203306 59.08616501266117
64.3136576960329 26.78294355907859 69.6863423039671 35.21705644092141
45.91906131052475 2.06200345458576 52.08093868947525 9.93799654541424
