71.28388844026864 4.339189427969512 80.71611155973136 7.660810572030488
65.1500242323304 36.89175972906939 70.8499757676696 45.10824027093061
18.042105933489605 9.352476699059387 27.957894066510395 10.647523300940613
46.99989559502411 13.00000000109004 47.00010440497589 22.99999999890996
17.933437364032212 82.05079835920141 24.066562635967788 89.94920164079859
61.678466477488705 39.571627601041634 66.3215335225113 48.428372398958366
38.46476056014296 61.24152967201565 41.53523943985704 70.75847032798434
45.015198633594174 93.61044212563651 54.984801366405826 94.38955787436349
78.62970396720759 53.570902927884745 87.37029603279241 58.429097072115255
3.669296899439492 34.2708691554309 10.330703100560509 41.7291308445691
36.50063353257692 43.66950727266272 41.49936646742308 52.33049272733728
59.864137482958476 62.190259577802436 68.13586251704153 67.80974042219756
90.73877732803622 75.54053007322652 95.26122267196378 84.45946992677348
66.2634224008453 20.815368230799187 71.7365775991547 29.184631769200813
15.261543142711323 23.679768031267805 22.738456857288675 30.320231968732195
50.05990664287841 80.22832803412126 59.94009335712159 81.77167196587874
16.715099384590953 58.167916556130116 19.284900615409047 67.83208344386989
21.433574841243335 50.963394670174374 30.566425158756665 55.036605329825626
40.296621748696445 22.64068615223706 47.703378251303555 29.35931384776294
27.466098699167844 20.02858678030384 28.533901300832156 29.97141321969616
48.41484587176617 46.00591835163646 57.58515412823383 49.99408164836354
6.835009434645922 77.13761406482003 9.164990565354078 86.86238593517997
18.609115758833383 54.608319506983705 27.390884241166617 59.391680493016295
66.71676015121773 7.167475246778631 69.28323984878227 16.83252475322137
72.94075322754364 83.08066520585551 81.05924677245636 88.91933479414449
53.68104691343832 62.570275789360466 58.31895308656168 71.42972421063953
74.06836389562811 61.176006472079024 83.93163610437189 62.823993527920976
56.39874749372705 8.531429633687274 63.60125250627295 15.468570366312726
44.993263525549146 37.009003038399214 53.006736474450854 42.990996961600786
18.139130296144856 41.82869913252691 27.860869703855144 44.17130086747309
52.01973065588487 32.55624639712212 61.98026934411513 33.44375360287788
75.50163522932095 26.024898739186707 76.49836477067905 35.97510126081329
91.311415381427 33.293761376011766 94.688584618573 42.706238623988234
74.00559453967661 67.76353837966397 83.99440546032339 68.23646162033603
87.2558188022919 47.42115714419928 96.7441811977081 50.57884285580072
67.73264835212453 82.54364313537657 72.26735164787547 91.45635686462343
8.81418232050653 25.14635682593382 15.18581767949347 32.85364317406618
26.28261867768356 77.34279951126607 35.71738132231644 80.65720048873393
23.73172869997427 67.39579952588579 32.26827130002573 72.60420047411421
52.97547045945944 20.01851521936885 59.02452954054056 27.98148478063115
65.0646069079226 95.19881648377255 74.9353930920774 96.80118351622745
88.87416712781142 16.128398585280234 91.12583287218858 25.871601414719766
26.75762371106324 85.19382133880441 33.24237628893676 92.80617866119559
10.120374755051865 2.077982179182004 11.879625244948135 11.922017820817995
10.61951935081969 74.19434986945171 13.38048064918031 83.80565013054829
36.422856724350446 27.255253527524005 39.577143275649554 36.744746472475995
45.0842524206218 58.938175772716136 50.9157475793782 67.06182422728386
3.1235342723934156 47.841992168677926 10.876465727606584 54.158007831322074
8.09154280482414 46.04760934321765 17.90845719517586 47.95239065678235
91.73503393349223 58.162659733843 94.26496606650777 67.837340266157
9.668982394823804 67.50154317554738 18.331017605176196 72.49845682445262
63.04835074852704 52.30633603929041 72.95164925147296 53.69366396070959
89.34642395158238 85.04290020789023 90.65357604841762 94.95709979210977
86.04191719987726 5.353923420075382 95.95808280012274 6.646076579924618
42.22532229181178 82.51593369995459 51.77467770818822 85.48406630004541
35.91281722216922 2.1196277183407277 38.08718277783078 11.880372281659273
82.56732458988108 34.364516603150975 89.43267541011892 41.635483396849025
56.0356493710332 57.40399426791601 65.9643506289668 58.59600573208399
74.68109560517266 12.480661827316334 83.31890439482734 17.519338172683668
3.0097804600088027 18.68741570306548 12.990219539991198 19.31258429693452
5.0102343871198025 87.09894255985915 6.9897656128801975 96.90105744014085
81.84446146454484 73.48849763136847 86.15553853545516 82.51150236863153
24.228350975068416 34.71752172395115 31.771649024931584 41.28247827604885
19.316153965475394 93.25026106951118 28.683846034524606 96.74973893048882
73.66439341180016 73.27525454711898 80.33560658819984 80.72474545288102
4.695798159643411 28.247367564204545 11.304201840356589 35.752632435795455
32.07647565412629 12.384801836233777 35.92352434587371 21.615198163766223
18.668704665932577 14.576758873251938 23.331295334067423 23.42324112674806
36.52098389956667 73.77774556540908 45.47901610043333 78.22225443459092
3.667088747140311 57.50482864820031 12.332911252859688 62.49517135179969
45.4695312610209 68.45940817332874 52.5304687389791 75.54059182667126
74.64304984118236 41.29447903376405 81.35695015881764 48.70552096623595
46.118462998796694 49.91383498733883 51.881537001203306 58.08616501266117
64.3136576960329 26.78294355907859 69.6863423039671 35.21705644092141
44.06200345458576 4.919061310524743 51.93799654541424 11.080938689475257
