74.28388844026864 6.339189427969512 83.71611155973136 9.660810572030488
65.1500242323304 36.89175972906939 70.8499757676696 45.10824027093061
20.95210760223736 5.036371368094548 27.04789239776264 12.963628631905452
47.99989559502411 13.00000000109004 48.00010440497589 22.99999999890996
17.933437364032212 82.05079835920141 24.066562635967788 89.94920164079859
60.678466477488705 39.571627601041634 65.3215335225113 48.428372398958366
36.72083158167524 61.549675144339346 41.27916841832476 70.45032485566065
45.015198633594174 93.61044212563651 54.984801366405826 94.38955787436349
77.19210302756673 54.6273650512729 86.80789697243327 57.3726349487271
3.669296899439492 33.2708691554309 10.330703100560509 40.7291308445691
37.50063353257692 43.66950727266272 42.49936646742308 52.33049272733728
59.864137482958476 62.190259577802436 68.13586251704153 67.80974042219756
91.44560445939935 76.24775268916265 94.55439554060065 85.75224731083735
66.2634224008453 20.815368230799187 71.7365775991547 29.184631769200813
15.261543142711323 23.679768031267805 22.738456857288675 30.320231968732195
50.05990664287841 80.22832803412126 59.94009335712159 81.77167196587874
16.715099384590953 58.167916556130116 19.284900615409047 67.83208344386989
21.433574841243335 50.963394670174374 30.566425158756665 55.036605329825626
40.296621748696445 23.64068615223706 47.703378251303555 30.35931384776294
27.466098699167844 21.02858678030384 28.533901300832156 30.97141321969616
48.347777767342855 46.16783507893788 57.652222232657145 49.83216492106212
6.835009434645922 77.13761406482003 9.164990565354078 86.86238593517997
18.609115758833383 54.608319506983705 27.390884241166617 59.391680493016295
67.71676015121773 7.167475246778631 70.28323984878227 16.83252475322137
72.94075322754364 83.08066520585551 81.05924677245636 88.91933479414449
55.5074594246318 63.22796451910932 58.4925405753682 72.77203548089068
73.06836389562811 62.176006472079024 82.93163610437189 63.823993527920976
57.39874749372705 7.531429633687274 64.60125250627294 14.468570366312726
43.993263525549146 35.009003038399214 52.006736474450854 40.990996961600786
16.139130296144856 40.82869913252691 25.860869703855144 43.17130086747309
52.01973065588487 32.55624639712212 61.98026934411513 33.44375360287788
76.50163522932095 25.024898739186707 77.49836477067905 34.97510126081329
90.86619638949614 30.478177120695605 95.13380361050386 39.521822879304395
74.00559453967661 67.76353837966397 83.99440546032339 68.23646162033603
86.52894681415826 46.76176779368751 95.47105318584174 51.23823220631249
66.45213956718479 81.24562011609031 69.54786043281521 90.75437988390969
8.81418232050653 25.14635682593382 15.18581767949347 32.85364317406618
27.492489974177857 75.8361253809167 36.50751002582214 80.1638746190833
23.73172869997427 68.39579952588579 32.26827130002573 73.60420047411421
53.97547045945944 21.01851521936885 60.02452954054056 28.98148478063115
65.0646069079226 95.19881648377255 74.9353930920774 96.80118351622745
87.35134166282094 17.759173546006405 92.64865833717906 26.240826453993595
26.75762371106324 83.19382133880441 33.24237628893676 90.80617866119559
6.077982179182004 6.120374755051865 15.922017820817995 7.879625244948135
10.61951935081969 74.19434986945171 13.38048064918031 83.80565013054829
35.422856724350446 27.255253527524005 38.577143275649554 36.744746472475995
44.0842524206218 58.938175772716136 49.9157475793782 67.06182422728386
2.1235342723934156 47.841992168677926 9.876465727606584 54.158007831322074
7.091542804824139 46.04760934321765 16.90845719517586 47.95239065678235
92.73503393349223 56.162659733843 95.26496606650777 65.837340266157
8.668982394823804 67.50154317554738 17.331017605176196 72.49845682445262
63.04835074852704 52.30633603929041 72.95164925147296 53.69366396070959
89.34642395158238 85.04290020789023 90.65357604841762 94.95709979210977
89.03726089951832 2.9509511611793373 96.96273910048168 9.049048838820664
43.22532229181178 82.51593369995459 52.77467770818822 85.48406630004541
35.31780997951724 2.7803013503304888 40.68219002048276 11.21969864966951
81.56732458988108 34.364516603150975 88.43267541011892 41.635483396849025
57.0356493710332 56.40399426791601 66.9643506289668 57.59600573208399
73.68109560517266 10.480661827316334 82.31890439482734 15.519338172683666
2.0097804600088027 19.68741570306548 11.990219539991198 20.31258429693452
5.0102343871198025 87.09894255985915 6.9897656128801975 96.90105744014085
81.84446146454484 73.48849763136847 86.15553853545516 82.51150236863153
24.228350975068416 34.71752172395115 31.771649024931584 41.28247827604885
19.316153965475394 93.25026106951118 28.683846034524606 96.74973893048882
69.66439341180016 72.27525454711898 76.33560658819984 79.72474545288102
4.695798159643411 27.247367564204545 11.304201840356589 34.752632435795455
32.07647565412629 13.384801836233777 35.92352434587371 22.615198163766223
18.668704665932577 14.576758873251938 23.331295334067423 23.42324112674806
37.52098389956667 73.77774556540908 46.47901610043333 78.22225443459092
3.667088747140311 58.50482864820031 12.332911252859688 63.49517135179969
45.4695312610209 68.45940817332874 52.5304687389791 75.54059182667126
73.64304984118236 40.29447903376405 80.35695015881764 47.70552096623595
46.118462998796694 49.91383498733883 51.881537001203306 58.08616501266117
64.3136576960329 26.78294355907859 69.6863423039671 35.21705644092141
45.06200345458576 4.919061310524743 52.93799654541424 11.080938689475257
