71.49083511753263 3.839575953030758 80.50916488246737 8.160424046969242
65.1500242323304 35.89175972906939 70.8499757676696 44.10824027093061
18.042105933489605 8.352476699059387 27.957894066510395 9.647523300940613
46.99989559502411 13.00000000109004 47.00010440497589 22.99999999890996
20.933437364032212 82.05079835920141 27.066562635967788 89.94920164079859
62.678466477488705 39.571627601041634 67.3215335225113 48.428372398958366
38.46476056014296 61.24152967201565 41.53523943985704 70.75847032798434
46.75067216557351 89.19975413631943 53.24932783442649 96.80024586368057
78.62970396720759 53.570902927884745 87.37029603279241 58.429097072115255
3.669296899439492 33.2708691554309 10.330703100560509 40.7291308445691
36.50063353257692 43.66950727266272 41.49936646742308 52.33049272733728
60.864137482958476 63.190259577802436 69.13586251704153 68.80974042219756
90.73877732803622 74.54053007322652 95.26122267196378 83.45946992677348
66.2634224008453 20.815368230799187 71.7365775991547 29.184631769200813
15.261543142711323 23.679768031267805 22.738456857288675 30.320231968732195
52.05990664287841 81.22832803412126 61.94009335712159 82.77167196587874
16.715099384590953 58.167916556130116 19.284900615409047 67.83208344386989
21.433574841243335 50.963394670174374 30.566425158756665 55.036605329825626
40.296621748696445 22.64068615223706 47.703378251303555 29.35931384776294
28.466098699167844 21.02858678030384 29.533901300832156 30.97141321969616
46.41484587176617 43.00591835163646 55.58515412823383 46.99408164836354
5.835009434645922 78.13761406482003 8.164990565354078 87.86238593517997
19.609115758833383 54.608319506983705 28.390884241166617 59.391680493016295
65.49027657570807 6.675501377782578 70.50972342429193 15.324498622217423
73.94075322754364 84.08066520585551 82.05924677245636 89.91933479414449
54.5074594246318 62.22796451910932 57.4925405753682 71.77203548089068
73.06836389562811 61.176006472079024 82.93163610437189 62.823993527920976
57.531429633687274 9.39874749372705 64.46857036631273 16.60125250627295
46.05185523443205 38.281763702544595 55.94814476556795 39.718236297455405
21.391080856139695 39.73461128373987 26.608919143860305 48.26538871626013
51.01973065588487 34.55624639712212 60.98026934411513 35.44375360287788
75.50163522932095 25.024898739186707 76.49836477067905 34.97510126081329
90.86619638949614 35.478177120695605 95.13380361050386 44.521822879304395
73.00559453967661 66.76353837966397 82.99440546032339 67.23646162033603
85.52894681415826 47.76176779368751 94.47105318584174 52.23823220631249
67.45213956718479 80.24562011609031 70.54786043281521 89.75437988390969
7.81418232050653 24.14635682593382 14.18581767949347 31.85364317406618
26.492489974177857 75.8361253809167 35.50751002582214 80.1638746190833
23.73172869997427 67.39579952588579 32.26827130002573 72.60420047411421
52.045999764409416 23.323330460439944 61.954000235590584 24.676669539560056
66.0646069079226 95.19881648377255 75.9353930920774 96.80118351622745
87.12839858528024 20.874167127811422 96.87160141471976 23.125832872188578
31.601331519326717 84.0159189971954 32.39866848067328 93.9840810028046
9.141596797384267 3.8976188461728576 14.858403202615733 12.102381153827142
11.61951935081969 76.19434986945171 14.38048064918031 85.80565013054829
34.76016629941584 29.529748889186706 39.23983370058416 38.470251110813294
45.0842524206218 58.938175772716136 50.9157475793782 67.06182422728386
2.1235342723934156 48.841992168677926 9.876465727606584 55.158007831322074
7.091542804824139 45.04760934321765 16.90845719517586 46.95239065678235
93.73503393349223 59.162659733843 96.26496606650777 68.837340266157
13.70418384501384 65.17083231886934 16.29581615498616 74.82916768113066
64.04835074852704 52.30633603929041 73.95164925147296 53.69366396070959
84.95694917783796 87.03265306612354 91.04305082216204 94.96734693387646
86.04191719987726 10.353923420075382 95.95808280012274 11.646076579924618
42.57439967006732 81.67318635905241 51.42560032993268 86.32681364094759
35.91281722216922 2.1196277183407277 38.08718277783078 11.880372281659273
81.56732458988108 33.364516603150975 88.43267541011892 40.635483396849025
59.068234311287235 54.91111370085252 66.93176568871276 61.08888629914748
73.68109560517266 11.480661827316334 82.31890439482734 16.519338172683668
5.009780460008803 18.68741570306548 14.990219539991198 19.31258429693452
3.234299025744477 87.83455907243878 8.765700974255523 96.16544092756122
81.84446146454484 72.48849763136847 86.15553853545516 81.51150236863153
22.228350975068416 34.71752172395115 29.771649024931584 41.28247827604885
18.316153965475394 92.25026106951118 27.683846034524606 95.74973893048882
77.7248372699607 72.00757719418745 78.2751627300393 81.99242280581255
5.695798159643411 28.247367564204545 12.304201840356589 35.752632435795455
29.384801836233777 15.076475654126293 38.61519816376622 18.923524345873705
18.52077094412085 14.223821464785587 21.47922905587915 23.776178535214413
36.52098389956667 72.77774556540908 45.47901610043333 77.22225443459092
2.1718164877434507 58.70052165390338 11.82818351225655 61.29947834609662
45.4695312610209 68.45940817332874 52.5304687389791 75.54059182667126
74.64304984118236 40.29447903376405 81.35695015881764 47.70552096623595
45.118462998796694 47.91383498733883 50.881537001203306 56.08616501266117
65.3136576960329 27.78294355907859 70.6863423039671 36.21705644092141
44.06200345458576 4.919061310524743 51.93799654541424 11.080938689475257
