74.28388844026864 8.339189427969512 83.71611155973136 11.660810572030488
65.1500242323304 35.89175972906939 70.8499757676696 44.10824027093061
25.352476699059387 4.042105933489606 26.647523300940613 13.957894066510395
46.99989559502411 11.00000000109004 47.00010440497589 20.99999999890996
19.933437364032212 81.05079835920141 26.066562635967788 88.94920164079859
56.678466477488705 38.571627601041634 61.321533522511295 47.428372398958366
36.72083158167524 62.549675144339346 41.27916841832476 71.45032485566065
41.015198633594174 89.61044212563651 50.984801366405826 90.38955787436349
80.19210302756673 53.6273650512729 89.80789697243327 56.3726349487271
3.669296899439492 34.2708691554309 10.330703100560509 41.7291308445691
36.70519820440591 43.170560248835656 39.29480179559409 52.829439751164344
59.08871706223483 61.06229007405452 68.91128293776518 62.93770992594548
88.73877732803622 76.54053007322652 93.26122267196378 85.45946992677348
68.2634224008453 21.815368230799187 73.7365775991547 30.184631769200813
13.261543142711323 22.679768031267805 20.738456857288675 29.320231968732195
50.9611720075603 78.05248096740911 59.0388279924397 83.94751903259089
17.491762967886864 59.67463909127385 22.508237032113136 68.32536090872615
26.433574841243335 50.963394670174374 35.566425158756665 55.036605329825626
39.296621748696445 19.64068615223706 46.703378251303555 26.35931384776294
26.466098699167844 18.02858678030384 27.533901300832156 27.97141321969616
46.41484587176617 46.00591835163646 55.58515412823383 49.99408164836354
4.38554666126837 70.73800120370794 9.61445333873163 79.26199879629206
20.609115758833383 54.608319506983705 29.390884241166617 59.391680493016295
67.49027657570807 10.675501377782577 72.50972342429193 19.324498622217423
77.1939605101799 79.06539765119311 78.8060394898201 88.93460234880689
54.5074594246318 62.22796451910932 57.4925405753682 71.77203548089068
73.06836389562811 62.176006472079024 82.93163610437189 63.823993527920976
59.90617955909178 7.000880305006912 60.09382044090822 16.999119694993087
43.993263525549146 38.009003038399214 52.006736474450854 43.990996961600786
19.828699132526904 38.139130296144856 22.171300867473096 47.860869703855144
53.01973065588487 31.556246397122127 62.98026934411513 32.44375360287788
78.50163522932095 29.024898739186707 79.49836477067905 38.97510126081329
87.29376137601176 32.311415381427004 96.70623862398824 35.688584618572996
73.00559453967661 67.76353837966397 82.99440546032339 68.23646162033603
87.2558188022919 46.42115714419928 96.7441811977081 49.57884285580072
64.45213956718479 78.24562011609031 67.54786043281521 87.75437988390969
7.81418232050653 26.14635682593382 14.18581767949347 33.85364317406618
26.28261867768356 77.34279951126607 35.71738132231644 80.65720048873393
27.395799525885792 66.73172869997427 32.60420047411421 75.26827130002573
53.97547045945944 19.01851521936885 60.02452954054056 26.98148478063115
68.0646069079226 94.19881648377255 77.9353930920774 95.80118351622745
84.12839858528024 23.874167127811422 93.87160141471976 26.125832872188578
27.75762371106324 82.19382133880441 34.24237628893676 89.80617866119559
8.077982179182005 8.120374755051865 17.922017820817995 9.879625244948135
12.61951935081969 73.19434986945171 15.38048064918031 82.80565013054829
37.422856724350446 32.255253527524005 40.577143275649554 41.744746472475995
44.0842524206218 56.938175772716136 49.9157475793782 65.06182422728386
4.025876044404079 51.491973549540205 13.974123955595921 52.508026450459795
7.091542804824139 47.04760934321765 16.90845719517586 48.95239065678235
91.73503393349223 61.162659733843 94.26496606650777 70.837340266157
14.70418384501384 64.17083231886934 17.29581615498616 73.82916768113066
62.04835074852704 52.30633603929041 71.95164925147296 53.69366396070959
84.03265306612354 86.95694917783796 91.96734693387646 93.04305082216204
87.35392342007538 6.041917199877265 88.64607657992462 15.958082800122735
40.22532229181178 82.51593369995459 49.77467770818822 85.48406630004541
37.31780997951724 5.780301350330489 42.68219002048276 14.21969864966951
83.56732458988108 34.364516603150975 90.43267541011892 41.635483396849025
55.0356493710332 56.40399426791601 64.9643506289668 57.59600573208399
73.68109560517266 12.480661827316334 82.31890439482734 17.519338172683668
3.0097804600088027 17.68741570306548 12.990219539991198 18.31258429693452
2.09894255985916 91.01023438711981 11.901057440140839 92.98976561288019
79.33408199733074 72.28569016627222 82.66591800266926 81.71430983372778
23.228350975068416 32.71752172395115 30.771649024931584 39.28247827604885
20.316153965475394 92.25026106951118 29.683846034524606 95.74973893048882
63.00757719418744 73.7248372699607 72.99242280581255 74.2751627300393
4.695798159643411 29.247367564204545 11.304201840356589 36.752632435795455
34.09669919062592 18.376424973136483 37.90330080937408 27.623575026863517
19.52077094412085 15.223821464785587 22.47922905587915 24.776178535214413
36.52098389956667 73.77774556540908 45.47901610043333 78.22225443459092
2.1718164877434507 55.70052165390338 11.82818351225655 58.29947834609662
46.4695312610209 67.45940817332874 53.5304687389791 74.54059182667126
72.64304984118236 39.29447903376405 79.35695015881764 46.70552096623595
46.118462998796694 50.91383498733883 51.881537001203306 59.08616501266117
64.3136576960329 25.78294355907859 69.6863423039671 34.21705644092141
46.06200345458576 3.9190613105247434 53.93799654541424 10.080938689475257
