72.49083511753263 3.839575953030758 81.50916488246737 8.160424046969242
65.1500242323304 35.89175972906939 70.8499757676696 44.10824027093061
18.042105933489605 8.352476699059387 27.957894066510395 9.647523300940613
46.99989559502411 13.00000000109004 47.00010440497589 22.99999999890996
19.05079835920141 83.93343736403222 26.94920164079859 90.06656263596778
62.678466477488705 39.571627601041634 67.3215335225113 48.428372398958366
38.46476056014296 60.24152967201565 41.53523943985704 69.75847032798434
46.75067216557351 89.19975413631943 53.24932783442649 96.80024586368057
79.62970396720759 53.570902927884745 88.37029603279241 58.429097072115255
2.669296899439492 32.2708691554309 9.330703100560509 39.7291308445691
35.50063353257692 43.66950727266272 40.49936646742308 52.33049272733728
59.864137482958476 62.190259577802436 68.13586251704153 67.80974042219756
90.73877732803622 75.54053007322652 95.26122267196378 84.45946992677348
66.2634224008453 21.815368230799187 71.7365775991547 30.184631769200813
14.261543142711323 23.679768031267805 21.738456857288675 30.320231968732195
52.05990664287841 80.22832803412126 61.94009335712159 81.77167196587874
16.715099384590953 59.167916556130116 19.284900615409047 68.83208344386989
22.433574841243335 51.963394670174374 31.566425158756665 56.036605329825626
40.296621748696445 22.64068615223706 47.703378251303555 29.35931384776294
28.466098699167844 25.02858678030384 29.533901300832156 34.97141321969616
44.41484587176617 42.00591835163646 53.58515412823383 45.99408164836354
5.38554666126837 80.73800120370794 10.61445333873163 89.26199879629206
18.609115758833383 54.608319506983705 27.390884241166617 59.391680493016295
66.49027657570807 6.675501377782578 71.50972342429193 15.324498622217423
72.94075322754364 85.08066520585551 81.05924677245636 90.91933479414449
55.5074594246318 64.22796451910932 58.4925405753682 73.77203548089068
74.06836389562811 60.176006472079024 83.93163610437189 61.823993527920976
56.531429633687274 10.39874749372705 63.468570366312726 17.60125250627295
46.05185523443205 38.281763702544595 55.94814476556795 39.718236297455405
21.391080856139695 39.73461128373987 26.608919143860305 48.26538871626013
49.01973065588487 34.55624639712212 58.98026934411513 35.44375360287788
75.50163522932095 24.024898739186707 76.49836477067905 33.97510126081329
91.86619638949614 34.478177120695605 96.13380361050386 43.521822879304395
73.00559453967661 67.76353837966397 82.99440546032339 68.23646162033603
85.52894681415826 47.76176779368751 94.47105318584174 52.23823220631249
67.45213956718479 81.24562011609031 70.54786043281521 90.75437988390969
8.81418232050653 24.14635682593382 15.18581767949347 31.85364317406618
28.492489974177857 76.8361253809167 37.50751002582214 81.1638746190833
23.73172869997427 67.39579952588579 32.26827130002573 72.60420047411421
53.97547045945944 18.01851521936885 60.02452954054056 25.98148478063115
66.0646069079226 95.19881648377255 75.9353930920774 96.80118351622745
87.75917354600641 21.351341662820946 96.24082645399359 26.648658337179054
31.601331519326717 84.0159189971954 32.39866848067328 93.9840810028046
9.141596797384267 2.8976188461728576 14.858403202615733 11.102381153827142
11.61951935081969 77.19434986945171 14.38048064918031 86.80565013054829
35.422856724350446 26.255253527524005 38.577143275649554 35.744746472475995
45.0842524206218 59.938175772716136 50.9157475793782 68.06182422728386
2.1235342723934156 47.841992168677926 9.876465727606584 54.158007831322074
6.855754740377738 43.20263852387676 15.144245259622263 48.79736147612324
93.73503393349223 59.162659733843 96.26496606650777 68.837340266157
11.501543175547386 66.6689823948238 16.498456824452614 75.3310176051762
64.04835074852704 52.30633603929041 73.95164925147296 53.69366396070959
86.03265306612354 87.95694917783796 93.96734693387646 94.04305082216204
88.03726089951832 7.950951161179337 95.96273910048168 14.049048838820664
42.57439967006732 81.67318635905241 51.42560032993268 86.32681364094759
36.91281722216922 3.1196277183407277 39.08718277783078 12.880372281659273
81.56732458988108 32.364516603150975 88.43267541011892 39.635483396849025
60.068234311287235 55.91111370085252 67.93176568871276 62.08888629914748
74.68109560517266 10.480661827316334 83.31890439482734 15.519338172683666
5.009780460008803 17.68741570306548 14.990219539991198 18.31258429693452
2.234299025744477 86.83455907243878 7.765700974255523 95.16544092756122
81.84446146454484 72.48849763136847 86.15553853545516 81.51150236863153
22.228350975068416 34.71752172395115 29.771649024931584 41.28247827604885
18.316153965475394 92.25026106951118 27.683846034524606 95.74973893048882
77.7248372699607 73.00757719418745 78.2751627300393 82.99242280581255
5.695798159643411 28.247367564204545 12.304201840356589 35.752632435795455
32.09669919062591 11.376424973136485 35.90330080937409 20.623575026863513
18.52077094412085 13.223821464785587 21.47922905587915 22.776178535214413
36.52098389956667 73.77774556540908 45.47901610043333 78.22225443459092
2.1718164877434507 59.70052165390338 11.82818351225655 62.29947834609662
45.4695312610209 68.45940817332874 52.5304687389791 75.54059182667126
78.75352321835085 38.006078775540416 79.24647678164915 47.993921224459584
45.118462998796694 48.91383498733883 50.881537001203306 57.08616501266117
65.3136576960329 27.78294355907859 70.6863423039671 36.21705644092141
44.06200345458576 4.919061310524743 51.93799654541424 11.080938689475257
