77.28388844026864 7.339189427969512 86.71611155973136 10.660810572030488
65.1500242323304 35.89175972906939 70.8499757676696 44.10824027093061
25.352476699059387 5.042105933489606 26.647523300940613 14.957894066510395
46.99989559502411 13.00000000109004 47.00010440497589 22.99999999890996
19.933437364032212 83.05079835920141 26.066562635967788 90.94920164079859
59.678466477488705 38.571627601041634 64.3215335225113 47.428372398958366
38.72083158167524 60.549675144339346 43.27916841832476 69.45032485566065
44.015198633594174 93.61044212563651 53.984801366405826 94.38955787436349
78.19210302756673 51.6273650512729 87.80789697243327 54.3726349487271
3.669296899439492 34.2708691554309 10.330703100560509 41.7291308445691
36.50063353257692 44.66950727266272 41.49936646742308 53.33049272733728
59.08871706223483 62.06229007405452 68.91128293776518 63.93770992594548
88.73877732803622 76.54053007322652 93.26122267196378 85.45946992677348
67.2634224008453 19.815368230799187 72.7365775991547 28.184631769200813
14.261543142711323 23.679768031267805 21.738456857288675 30.320231968732195
50.05990664287841 80.22832803412126 59.94009335712159 81.77167196587874
16.715099384590953 58.167916556130116 19.284900615409047 67.83208344386989
22.433574841243335 50.963394670174374 31.566425158756665 55.036605329825626
40.296621748696445 22.64068615223706 47.703378251303555 29.35931384776294
27.466098699167844 22.02858678030384 28.533901300832156 31.97141321969616
47.41484587176617 47.00591835163646 56.58515412823383 50.99408164836354
5.38554666126837 77.73800120370794 10.61445333873163 86.26199879629206
18.609115758833383 54.608319506983705 27.390884241166617 59.391680493016295
68.71676015121773 8.167475246778631 71.28323984878227 17.83252475322137
73.08066520585551 82.94075322754364 78.91933479414449 91.05924677245636
54.5074594246318 61.22796451910932 57.4925405753682 70.77203548089068
73.06836389562811 62.176006472079024 82.93163610437189 63.823993527920976
62.90617955909178 3.0008803050069117 63.09382044090822 12.999119694993087
43.993263525549146 38.009003038399214 52.006736474450854 43.990996961600786
16.734611283739873 38.391080856139695 25.265388716260127 43.608919143860305
53.01973065588487 31.556246397122127 62.98026934411513 32.44375360287788
78.50163522932095 28.024898739186707 79.49836477067905 37.97510126081329
88.86619638949614 29.478177120695605 93.13380361050386 38.521822879304395
75.00559453967661 67.76353837966397 84.99440546032339 68.23646162033603
85.2558188022919 46.42115714419928 94.7441811977081 49.57884285580072
65.73264835212453 82.54364313537657 70.26735164787547 91.45635686462343
8.81418232050653 25.14635682593382 15.18581767949347 32.85364317406618
27.28261867768356 78.34279951126607 36.71738132231644 81.65720048873393
26.395799525885792 66.73172869997427 31.604200474114208 75.26827130002573
54.97547045945944 20.01851521936885 61.02452954054056 27.98148478063115
61.06460690792259 95.19881648377255 70.9353930920774 96.80118351622745
85.75917354600641 20.351341662820946 94.24082645399359 25.648658337179054
27.75762371106324 84.19382133880441 34.24237628893676 91.80617866119559
12.120374755051865 2.077982179182004 13.879625244948135 11.922017820817995
10.61951935081969 73.19434986945171 13.38048064918031 82.80565013054829
36.422856724350446 29.255253527524005 39.577143275649554 38.744746472475995
44.0842524206218 56.938175772716136 49.9157475793782 65.06182422728386
2.1235342723934156 47.841992168677926 9.876465727606584 54.158007831322074
7.091542804824139 46.04760934321765 16.90845719517586 47.95239065678235
91.47394997849216 56.68501781129513 96.52605002150784 65.31498218870487
7.668982394823803 66.50154317554738 16.331017605176196 71.49845682445262
62.04835074852704 52.30633603929041 71.95164925147296 53.69366396070959
87.34642395158238 85.04290020789023 88.65357604841762 94.95709979210977
85.95095116117933 3.037260899518318 92.04904883882067 10.962739100481683
41.22532229181178 83.51593369995459 50.77467770818822 86.48406630004541
34.31780997951724 3.7803013503304888 39.68219002048276 12.21969864966951
84.56732458988108 35.364516603150975 91.43267541011892 42.635483396849025
57.0356493710332 56.40399426791601 66.9643506289668 57.59600573208399
75.16463230911445 11.72751452112795 84.83536769088555 14.27248547887205
2.0097804600088027 16.68741570306548 11.990219539991198 17.31258429693452
4.0102343871198025 87.09894255985915 5.9897656128801975 96.90105744014085
80.33408199733074 72.28569016627222 83.66591800266926 81.71430983372778
24.228350975068416 35.71752172395115 31.771649024931584 42.28247827604885
20.316153965475394 93.25026106951118 29.683846034524606 96.74973893048882
67.00757719418745 75.7248372699607 76.99242280581255 76.2751627300393
4.695798159643411 27.247367564204545 11.304201840356589 34.752632435795455
32.09669919062592 14.376424973136483 35.90330080937408 23.623575026863517
18.52077094412085 14.223821464785587 21.47922905587915 23.776178535214413
36.52098389956667 72.77774556540908 45.47901610043333 77.22225443459092
2.1718164877434507 58.70052165390338 11.82818351225655 61.29947834609662
47.4695312610209 68.45940817332874 54.5304687389791 75.54059182667126
73.64304984118236 40.29447903376405 80.35695015881764 47.70552096623595
45.118462998796694 50.91383498733883 50.881537001203306 59.08616501266117
66.3136576960329 26.78294355907859 71.6863423039671 35.21705644092141
45.91906131052475 3.06200345458576 52.08093868947525 10.93799654541424
