70.28388844026864 2.339189427969511 79.71611155973136 5.660810572030488
65.1500242323304 35.89175972906939 70.8499757676696 44.10824027093061
19.95210760223736 3.0363713680945477 26.04789239776264 10.963628631905452
45.99989559502411 14.00000000109004 46.00010440497589 23.99999999890996
19.05079835920141 84.93343736403222 26.94920164079859 91.06656263596778
62.678466477488705 39.571627601041634 67.3215335225113 48.428372398958366
36.72083158167524 58.549675144339346 41.27916841832476 67.45032485566065
45.015198633594174 93.61044212563651 54.984801366405826 94.38955787436349
79.62970396720759 54.570902927884745 88.37029603279241 59.429097072115255
2.669296899439492 32.2708691554309 9.330703100560509 39.7291308445691
37.50063353257692 45.66950727266272 42.49936646742308 54.33049272733728
60.190259577802436 61.86413748295847 65.80974042219756 70.13586251704153
93.44560445939935 75.24775268916265 96.55439554060065 84.75224731083735
66.2634224008453 21.815368230799187 71.7365775991547 30.184631769200813
17.261543142711325 24.679768031267805 24.738456857288675 31.320231968732195
54.05248096740912 77.9611720075603 59.94751903259088 86.0388279924397
15.715099384590953 60.167916556130116 18.284900615409047 69.83208344386989
22.33095236514194 52.21114724378267 31.66904763485806 55.78885275621733
41.756709727091526 20.005922523317434 42.243290272908474 29.994077476682566
29.466098699167844 23.02858678030384 30.533901300832156 32.97141321969616
41.347777767342855 43.16783507893788 50.652222232657145 46.83216492106212
6.835009434645922 81.13761406482003 9.164990565354078 90.86238593517997
16.609115758833383 55.608319506983705 25.390884241166617 60.391680493016295
66.49027657570807 5.675501377782578 71.50972342429193 14.324498622217423
75.94075322754364 85.08066520585551 84.05924677245636 90.91933479414449
53.68104691343832 63.570275789360466 58.31895308656168 72.42972421063953
74.06836389562811 60.176006472079024 83.93163610437189 61.823993527920976
55.00088030500691 14.906179559091782 64.99911969499308 15.093820440908218
48.05185523443205 39.281763702544595 57.94814476556795 40.718236297455405
21.391080856139695 40.73461128373987 26.608919143860305 49.26538871626013
49.01973065588487 34.55624639712212 58.98026934411513 35.44375360287788
75.50163522932095 21.024898739186707 76.49836477067905 30.975101260813293
91.86619638949614 34.478177120695605 96.13380361050386 43.521822879304395
71.00559453967661 66.76353837966397 80.99440546032339 67.23646162033603
89.42115714419928 44.255818802291905 92.57884285580072 53.744181197708095
69.45213956718479 80.24562011609031 72.54786043281521 89.75437988390969
8.81418232050653 24.14635682593382 15.18581767949347 31.85364317406618
27.28261867768356 78.34279951126607 36.71738132231644 81.65720048873393
22.73172869997427 67.39579952588579 31.26827130002573 72.60420047411421
52.01851521936885 18.975470459459437 59.98148478063115 25.024529540540563
69.0646069079226 95.19881648377255 78.9353930920774 96.80118351622745
89.87416712781142 20.128398585280234 92.12583287218858 29.871601414719766
30.601331519326717 85.0159189971954 31.398668480673283 94.9840810028046
10.120374755051865 2.077982179182004 11.879625244948135 11.922017820817995
12.61951935081969 77.19434986945171 15.38048064918031 86.80565013054829
34.422856724350446 28.255253527524005 37.577143275649554 37.744746472475995
48.18960143050636 59.066111659293185 49.81039856949364 68.93388834070682
4.123534272393416 47.841992168677926 11.876465727606584 54.158007831322074
5.855754740377738 43.20263852387676 14.144245259622263 48.79736147612324
93.73503393349223 61.162659733843 96.26496606650777 70.837340266157
11.501543175547386 66.6689823948238 16.498456824452614 75.3310176051762
65.04835074852704 52.30633603929041 74.95164925147296 53.69366396070959
91.34642395158238 87.04290020789023 92.65357604841762 96.95709979210977
90.35392342007538 5.041917199877265 91.64607657992462 14.958082800122735
43.22532229181178 84.51593369995459 52.77467770818822 87.48406630004541
32.78030135033049 5.317809979517241 41.21969864966951 10.682190020482759
80.36451660315097 33.56732458988108 87.63548339684903 40.43267541011892
57.0356493710332 57.40399426791601 66.9643506289668 58.59600573208399
74.68109560517266 9.480661827316334 83.31890439482734 14.519338172683666
3.0097804600088027 18.68741570306548 12.990219539991198 19.31258429693452
2.234299025744477 87.83455907243878 7.765700974255523 96.16544092756122
83.84446146454484 73.48849763136847 88.15553853545516 82.51150236863153
22.228350975068416 35.71752172395115 29.771649024931584 42.28247827604885
18.316153965475394 93.25026106951118 27.683846034524606 96.74973893048882
76.66439341180016 74.27525454711898 83.33560658819984 81.72474545288102
4.695798159643411 28.247367564204545 11.304201840356589 35.752632435795455
30.076475654126295 10.384801836233775 33.92352434587371 19.615198163766223
16.223821464785587 15.520770944120853 25.776178535214413 18.47922905587915
35.26148616211875 75.40422852256098 44.73851383788125 78.59577147743902
2.667088747140311 53.50482864820031 11.332911252859688 58.49517135179969
43.00000512384785 72.99284189604633 52.99999487615215 73.00715810395367
76.64304984118236 39.29447903376405 83.35695015881764 46.70552096623595
47.118462998796694 49.91383498733883 52.881537001203306 58.08616501266117
64.3136576960329 26.78294355907859 69.6863423039671 35.21705644092141
43.06200345458576 4.919061310524743 50.93799654541424 11.080938689475257
