71.28388844026864 2.339189427969511 80.71611155973136 5.660810572030488
65.1500242323304 35.89175972906939 70.8499757676696 44.10824027093061
17.042105933489605 6.352476699059387 26.957894066510395 7.647523300940613
46.99989559502411 15.00000000109004 47.00010440497589 24.99999999890996
20.05079835920141 83.93343736403222 27.94920164079859 90.06656263596778
62.678466477488705 39.571627601041634 67.3215335225113 48.428372398958366
33.549675144339346 59.72083158167524 42.450324855660654 64.27916841832476
44.015198633594174 95.61044212563651 53.984801366405826 96.38955787436349
79.19210302756673 53.6273650512729 88.80789697243327 56.3726349487271
2.669296899439492 32.2708691554309 9.330703100560509 39.7291308445691
38.70519820440591 47.170560248835656 41.29480179559409 56.829439751164344
60.190259577802436 62.86413748295847 65.80974042219756 71.13586251704153
93.44560445939935 78.24775268916265 96.55439554060065 87.75224731083735
66.2634224008453 21.815368230799187 71.7365775991547 30.184631769200813
17.261543142711325 23.679768031267805 24.738456857288675 30.320231968732195
54.05248096740912 77.9611720075603 59.94751903259088 86.0388279924397
15.715099384590953 60.167916556130116 18.284900615409047 69.83208344386989
23.33095236514194 52.21114724378267 32.66904763485806 55.78885275621733
41.756709727091526 20.005922523317434 42.243290272908474 29.994077476682566
28.466098699167844 21.02858678030384 29.533901300832156 30.97141321969616
41.41484587176617 43.00591835163646 50.58515412823383 46.99408164836354
7.835009434645922 82.13761406482003 10.164990565354078 91.86238593517997
16.609115758833383 55.608319506983705 25.390884241166617 60.391680493016295
65.49027657570807 6.675501377782578 70.50972342429193 15.324498622217423
74.94075322754364 84.08066520585551 83.05924677245636 89.91933479414449
54.68104691343832 62.570275789360466 59.31895308656168 71.42972421063953
75.06836389562811 60.176006472079024 84.93163610437189 61.823993527920976
57.39874749372705 10.531429633687274 64.60125250627294 17.468570366312726
48.05185523443205 39.281763702544595 57.94814476556795 40.718236297455405
22.391080856139695 40.73461128373987 27.608919143860305 49.26538871626013
50.01973065588487 34.55624639712212 59.98026934411513 35.44375360287788
75.50163522932095 19.024898739186707 76.49836477067905 28.975101260813293
91.311415381427 37.293761376011766 94.688584618573 46.706238623988234
71.00559453967661 68.76353837966397 80.99440546032339 69.23646162033603
89.42115714419928 44.255818802291905 92.57884285580072 53.744181197708095
68.73264835212453 81.54364313537657 73.26735164787547 90.45635686462343
8.81418232050653 25.14635682593382 15.18581767949347 32.85364317406618
26.492489974177857 77.8361253809167 35.50751002582214 82.1638746190833
26.82332423462326 64.14042860499251 29.17667576537674 73.85957139500749
51.045999764409416 22.323330460439944 60.954000235590584 23.676669539560056
69.0646069079226 95.19881648377255 78.9353930920774 96.80118351622745
86.12839858528024 23.874167127811422 95.87160141471976 26.125832872188578
29.75762371106324 85.19382133880441 36.24237628893676 92.80617866119559
10.120374755051865 2.077982179182004 11.879625244948135 11.922017820817995
11.61951935081969 78.19434986945171 14.38048064918031 87.80565013054829
33.76016629941584 27.529748889186706 38.23983370058416 36.470251110813294
46.0842524206218 59.938175772716136 51.9157475793782 68.06182422728386
5.123534272393416 47.841992168677926 12.876465727606584 54.158007831322074
5.855754740377738 43.20263852387676 14.144245259622263 48.79736147612324
92.73503393349223 61.162659733843 95.26496606650777 70.837340266157
11.501543175547386 66.6689823948238 16.498456824452614 75.3310176051762
63.04835074852704 53.30633603929041 72.95164925147296 54.69366396070959
86.95694917783796 87.03265306612354 93.04305082216204 94.96734693387646
90.35392342007538 6.041917199877265 91.64607657992462 15.958082800122735
44.22532229181178 84.51593369995459 53.77467770818822 87.48406630004541
33.31780997951724 2.7803013503304888 38.68219002048276 11.21969864966951
80.36451660315097 32.56732458988108 87.63548339684903 39.43267541011892
58.068234311287235 55.91111370085252 65.93176568871276 62.08888629914748
73.68109560517266 10.480661827316334 82.31890439482734 15.519338172683666
4.6924123997174405 13.25035144760778 11.30758760028256 20.74964855239222
2.234299025744477 87.83455907243878 7.765700974255523 96.16544092756122
83.84446146454484 73.48849763136847 88.15553853545516 82.51150236863153
23.228350975068416 34.71752172395115 30.771649024931584 41.28247827604885
18.316153965475394 93.25026106951118 27.683846034524606 96.74973893048882
75.66439341180016 74.27525454711898 82.33560658819984 81.72474545288102
4.695798159643411 27.247367564204545 11.304201840356589 34.752632435795455
31.096699190625916 11.376424973136485 34.90330080937409 20.623575026863513
20.52077094412085 11.223821464785587 23.47922905587915 20.776178535214413
36.52098389956667 74.77774556540908 45.47901610043333 79.22225443459092
2.1718164877434507 55.70052165390338 11.82818351225655 58.29947834609662
42.00000512384785 72.99284189604633 51.99999487615215 73.00715810395367
76.75352321835085 38.006078775540416 77.24647678164915 47.993921224459584
47.118462998796694 49.91383498733883 52.881537001203306 58.08616501266117
64.3136576960329 26.78294355907859 69.6863423039671 35.21705644092141
44.06200345458576 4.919061310524743 51.93799654541424 11.080938689475257
