74.28388844026864 8.339189427969512 83.71611155973136 11.660810572030488
65.1500242323304 35.89175972906939 70.8499757676696 44.10824027093061
25.95210760223736 5.036371368094548 32.047892397762645 12.963628631905452
47.99989559502411 11.00000000109004 48.00010440497589 20.99999999890996
20.933437364032212 81.05079835920141 27.066562635967788 88.94920164079859
57.51023994359683 38.22709575055757 60.48976005640317 47.77290424944243
38.46476056014296 60.24152967201565 41.53523943985704 69.75847032798434
41.199754136319434 87.7506721655735 48.800245863680566 94.2493278344265
82.62970396720759 52.570902927884745 91.37029603279241 57.429097072115255
5.669296899439492 34.2708691554309 12.330703100560509 41.7291308445691
36.70519820440591 43.170560248835656 39.29480179559409 52.829439751164344
58.08871706223483 61.06229007405452 67.91128293776518 62.93770992594548
86.73877732803622 76.54053007322652 91.26122267196378 85.45946992677348
68.2634224008453 21.815368230799187 73.7365775991547 30.184631769200813
12.261543142711323 22.679768031267805 19.738456857288675 29.320231968732195
51.05248096740912 79.9611720075603 56.94751903259088 88.0388279924397
18.715099384590953 57.167916556130116 21.284900615409047 66.83208344386989
26.33095236514194 51.21114724378267 35.66904763485806 54.78885275621733
39.296621748696445 19.64068615223706 46.703378251303555 26.35931384776294
27.466098699167844 17.02858678030384 28.533901300832156 26.97141321969616
46.41484587176617 45.00591835163646 55.58515412823383 48.99408164836354
4.38554666126837 69.73800120370794 9.61445333873163 78.26199879629206
20.609115758833383 53.608319506983705 29.390884241166617 58.391680493016295
67.49027657570807 10.675501377782577 72.50972342429193 19.324498622217423
74.08066520585551 79.94075322754364 79.91933479414449 88.05924677245636
54.5074594246318 64.22796451910932 57.4925405753682 73.77203548089068
73.06836389562811 61.176006472079024 82.93163610437189 62.823993527920976
60.90617955909178 7.000880305006912 61.09382044090822 16.999119694993087
45.993263525549146 35.009003038399214 54.006736474450854 40.990996961600786
18.3910808561397 37.73461128373987 23.6089191438603 46.26538871626013
54.792198956411625 27.164636592869808 61.207801043588375 34.83536340713019
78.50163522932095 28.024898739186707 79.49836477067905 37.97510126081329
87.29376137601176 31.311415381427004 96.70623862398824 34.688584618572996
70.00559453967661 66.76353837966397 79.99440546032339 67.23646162033603
86.2558188022919 45.42115714419928 95.7441811977081 48.57884285580072
62.45213956718479 78.24562011609031 65.54786043281521 87.75437988390969
8.81418232050653 25.14635682593382 15.18581767949347 32.85364317406618
26.492489974177857 76.8361253809167 35.50751002582214 81.1638746190833
27.395799525885792 66.73172869997427 32.60420047411421 75.26827130002573
53.97547045945944 16.01851521936885 60.02452954054056 23.98148478063115
68.94362777947151 91.07667237407013 77.05637222052849 96.92332762592987
86.12839858528024 25.874167127811422 95.87160141471976 28.125832872188578
27.75762371106324 82.19382133880441 34.24237628893676 89.80617866119559
8.077982179182005 7.120374755051865 17.922017820817995 8.879625244948135
12.61951935081969 73.19434986945171 15.38048064918031 82.80565013054829
37.422856724350446 32.255253527524005 40.577143275649554 41.744746472475995
44.0842524206218 56.938175772716136 49.9157475793782 65.06182422728386
4.025876044404079 51.491973549540205 13.974123955595921 52.508026450459795
7.091542804824139 47.04760934321765 16.90845719517586 48.95239065678235
90.73503393349223 62.162659733843 93.26496606650777 71.837340266157
14.70418384501384 64.17083231886934 17.29581615498616 73.82916768113066
60.04835074852704 52.30633603929041 69.95164925147296 53.69366396070959
85.03265306612354 87.95694917783796 92.96734693387646 94.04305082216204
88.35392342007538 7.041917199877265 89.64607657992462 16.958082800122735
40.22532229181178 82.51593369995459 49.77467770818822 85.48406630004541
38.31780997951724 7.780301350330489 43.68219002048276 16.21969864966951
83.56732458988108 34.364516603150975 90.43267541011892 41.635483396849025
57.0356493710332 56.40399426791601 66.9643506289668 57.59600573208399
73.68109560517266 12.480661827316334 82.31890439482734 17.519338172683668
4.009780460008803 16.68741570306548 13.990219539991198 17.31258429693452
2.8345590724387835 87.23429902574448 11.165440927561217 92.76570097425552
80.33408199733074 74.28569016627222 83.66591800266926 83.71430983372778
25.654104046306916 31.01197875012358 26.345895953693084 40.988021249876425
21.450768443899197 90.92527297000866 30.549231556100803 95.07472702999134
61.66439341180016 70.27525454711898 68.33560658819984 77.72474545288102
6.695798159643411 29.247367564204545 13.304201840356589 36.752632435795455
34.09669919062592 18.376424973136483 37.90330080937408 27.623575026863517
20.52077094412085 15.223821464785587 23.47922905587915 24.776178535214413
36.52098389956667 73.77774556540908 45.47901610043333 78.22225443459092
2.1718164877434507 55.70052165390338 11.82818351225655 58.29947834609662
46.4695312610209 67.45940817332874 53.5304687389791 74.54059182667126
73.64304984118236 39.29447903376405 80.35695015881764 46.70552096623595
44.118462998796694 49.91383498733883 49.881537001203306 58.08616501266117
64.3136576960329 25.78294355907859 69.6863423039671 34.21705644092141
47.91906131052474 4.06200345458576 54.08093868947526 11.93799654541424
