73.49083511753263 3.839575953030758 82.50916488246737 8.160424046969242
66.1500242323304 37.89175972906939 71.8499757676696 46.10824027093061
19.95210760223736 2.0363713680945477 26.04789239776264 9.963628631905452
47.99989559502411 17.00000000109004 48.00010440497589 26.99999999890996
18.05079835920141 82.93343736403222 25.94920164079859 89.06656263596778
63.678466477488705 42.571627601041634 68.3215335225113 51.428372398958366
35.72083158167524 57.549675144339346 40.27916841832476 66.45032485566065
41.015198633594174 94.61044212563651 50.984801366405826 95.38955787436349
82.57090292788475 52.62970396720759 87.42909707211525 61.37029603279241
2.669296899439492 33.2708691554309 9.330703100560509 40.7291308445691
37.50063353257692 46.66950727266272 42.49936646742308 55.33049272733728
60.190259577802436 62.86413748295847 65.80974042219756 71.13586251704153
92.44560445939935 76.24775268916265 95.55439554060065 85.75224731083735
65.2634224008453 19.815368230799187 70.7365775991547 28.184631769200813
16.261543142711325 22.679768031267805 23.738456857288675 29.320231968732195
53.9611720075603 77.05248096740911 62.0388279924397 82.94751903259089
11.167916556130114 66.71509938459096 20.832083443869884 69.28490061540904
20.433574841243335 49.963394670174374 29.566425158756665 54.036605329825626
40.756709727091526 19.005922523317434 41.243290272908474 28.994077476682566
29.466098699167844 24.02858678030384 30.533901300832156 33.97141321969616
38.41484587176617 42.00591835163646 47.58515412823383 45.99408164836354
7.38554666126837 85.73800120370794 12.61445333873163 94.26199879629206
17.20400248262253 57.586349472709344 26.79599751737747 60.413650527290656
64.49027657570807 3.6755013777825782 69.50972342429193 12.324498622217423
75.94075322754364 87.08066520585551 84.05924677245636 92.91933479414449
55.5074594246318 62.22796451910932 58.4925405753682 71.77203548089068
74.06836389562811 63.176006472079024 83.93163610437189 64.82399352792098
53.531429633687274 6.3987474937270505 60.468570366312726 13.60125250627295
47.05185523443205 38.281763702544595 56.94814476556795 39.718236297455405
22.734611283739873 41.391080856139695 31.265388716260127 46.608919143860305
49.01973065588487 32.55624639712212 58.98026934411513 33.44375360287788
77.50163522932095 19.024898739186707 78.49836477067905 28.975101260813293
91.86619638949614 35.478177120695605 96.13380361050386 44.521822879304395
70.00559453967661 67.76353837966397 79.99440546032339 68.23646162033603
90.76176779368751 45.52894681415827 95.23823220631249 54.47105318584173
66.73264835212453 77.54364313537657 71.26735164787547 86.45635686462343
10.81418232050653 24.14635682593382 17.185817679493468 31.85364317406618
28.492489974177857 77.8361253809167 37.50751002582214 82.1638746190833
25.140428604992508 66.82332423462326 34.85957139500749 69.17667576537674
58.32333046043995 18.045999764409416 59.67666953956005 27.954000235590584
64.0646069079226 94.19881648377255 73.9353930920774 95.80118351622745
85.35134166282094 20.759173546006405 90.64865833717906 29.240826453993595
27.75762371106324 84.19382133880441 34.24237628893676 91.80617866119559
5.897618846172858 2.141596797384266 14.102381153827142 7.858403202615734
11.578039433011497 79.6257449763471 16.421960566988503 88.3742550236529
34.76016629941584 27.529748889186706 39.23983370058416 36.470251110813294
47.18960143050636 58.066111659293185 48.81039856949364 67.93388834070682
4.123534272393416 47.841992168677926 11.876465727606584 54.158007831322074
6.855754740377738 44.20263852387676 15.144245259622263 49.79736147612324
91.73503393349223 59.162659733843 94.26496606650777 68.837340266157
10.170832318869339 71.70418384501384 19.829167681130663 74.29581615498616
67.04835074852704 56.30633603929041 76.95164925147296 57.69366396070959
87.03265306612354 89.95694917783796 94.96734693387646 96.04305082216204
86.04191719987726 5.3539234200753825 95.95808280012274 6.6460765799246175
42.22532229181178 82.51593369995459 51.77467770818822 85.48406630004541
29.119627718340727 3.912817222169214 38.88037228165927 6.087182777830786
81.85659309730434 32.00205697708955 82.14340690269566 41.99794302291045
58.068234311287235 55.91111370085252 65.93176568871276 62.08888629914748
73.68109560517266 8.480661827316334 82.31890439482734 13.519338172683666
6.6924123997174405 12.25035144760778 13.30758760028256 19.74964855239222
2.234299025744477 85.83455907243878 7.765700974255523 94.16544092756122
84.84446146454484 73.48849763136847 89.15553853545516 82.51150236863153
24.228350975068416 34.71752172395115 31.771649024931584 41.28247827604885
18.316153965475394 93.25026106951118 27.683846034524606 96.74973893048882
76.66439341180016 75.27525454711898 83.33560658819984 82.72474545288102
5.695798159643411 25.247367564204545 12.304201840356589 32.752632435795455
27.384801836233777 18.076475654126295 36.61519816376622 21.923524345873705
19.668704665932577 14.576758873251938 24.331295334067423 23.42324112674806
36.26148616211875 75.40422852256098 45.73851383788125 78.59577147743902
2.667088747140311 56.50482864820031 11.332911252859688 61.49517135179969
42.00000512384785 72.99284189604633 51.99999487615215 73.00715810395367
77.75352321835085 36.006078775540416 78.24647678164915 45.993921224459584
47.118462998796694 50.91383498733883 52.881537001203306 59.08616501266117
64.3136576960329 26.78294355907859 69.6863423039671 35.21705644092141
45.91906131052475 4.06200345458576 52.08093868947525 11.93799654541424
