72.28388844026864 5.339189427969511 81.71611155973136 8.660810572030488
69.1500242323304 40.89175972906939 74.8499757676696 49.10824027093061
29.352476699059387 6.042105933489606 30.647523300940613 15.957894066510395
42.46453992030448 12.464392269371592 49.53546007969552 19.535607730628406
25.375879974344393 73.03910550469216 26.624120025655607 82.96089449530784
58.571627601041634 47.678466477488705 67.42837239895837 52.321533522511295
38.46476056014296 60.24152967201565 41.53523943985704 69.75847032798434
43.61044212563651 74.01519863359417 44.38955787436349 83.98480136640583
83.57090292788475 46.62970396720759 88.42909707211525 55.37029603279241
5.7182690403986705 31.00794354334788 6.2817309596013295 40.99205645665212
38.70519820440591 44.170560248835656 41.29480179559409 53.829439751164344
61.864137482958476 56.190259577802436 70.13586251704153 61.809740422197564
87.73877732803622 73.54053007322652 92.26122267196378 82.45946992677348
68.97607107683493 26.10596592162396 71.02392892316507 35.89403407837604
19.704270345240726 13.008753264834931 20.295729654759274 22.99124673516507
50.22832803412126 76.05990664287842 51.77167196587874 85.94009335712158
15.167916556130114 59.71509938459096 24.832083443869884 62.28490061540904
29.963394670174374 45.433574841243335 34.036605329825626 54.566425158756665
42.64068615223706 19.29662174869645 49.35931384776294 26.70337825130355
26.862205230575135 21.10715476996966 33.137794769424865 28.89284523003034
51.16783507893788 42.347777767342855 54.83216492106212 51.652222232657145
4.38554666126837 80.73800120370794 9.61445333873163 89.26199879629206
25.609115758833383 57.608319506983705 34.39088424116662 62.391680493016295
71.49027657570807 9.675501377782577 76.50972342429193 18.324498622217423
81.94075322754364 81.08066520585551 90.05924677245636 86.91933479414449
56.68104691343832 64.57027578936047 61.31895308656168 73.42972421063953
74.09545807950097 65.93015525700748 79.90454192049903 74.06984474299252
59.531429633687274 8.39874749372705 66.46857036631273 15.60125250627295
47.993263525549146 34.009003038399214 56.006736474450854 39.990996961600786
15.139130296144858 38.82869913252691 24.860869703855144 41.17130086747309
52.01973065588487 31.556246397122127 61.98026934411513 32.44375360287788
76.83446927024082 32.12967505253754 83.16553072975918 39.87032494746246
88.86619638949614 36.478177120695605 93.13380361050386 45.521822879304395
70.63562564624017 71.30121841578026 77.36437435375983 78.69878158421974
87.76176779368751 44.52894681415827 92.23823220631249 53.47105318584173
60.45213956718479 82.24562011609031 63.54786043281521 91.75437988390969
10.52777606413838 27.02234949455073 11.47222393586162 36.97765050544927
31.342799511266072 73.28261867768356 34.65720048873393 82.71738132231644
28.73172869997427 64.39579952588579 37.26827130002573 69.60420047411421
52.045999764409416 16.323330460439944 61.954000235590584 17.676669539560056
68.94362777947151 89.07667237407013 77.05637222052849 94.92332762592987
93.87416712781142 27.128398585280234 96.12583287218858 36.87160141471976
24.015918997195406 94.60133151932672 33.984081002804594 95.39866848067328
5.1203747550518655 3.077982179182004 6.8796252449481345 12.922017820817995
7.1943498694517185 77.61951935081969 16.80565013054828 80.38048064918031
38.760166299415836 33.529748889186706 43.239833700584164 42.470251110813294
44.0842524206218 57.938175772716136 49.9157475793782 66.06182422728386
5.123534272393416 44.841992168677926 12.876465727606584 51.158007831322074
10.855754740377737 44.20263852387676 19.144245259622263 49.79736147612324
84.162659733843 63.73503393349223 93.837340266157 66.26496606650777
