81.83957595303076 8.490835117532622 86.16042404696924 17.509164882467378
67.1500242323304 36.89175972906939 72.8499757676696 45.10824027093061
22.95210760223736 3.0363713680945477 29.04789239776264 10.963628631905452
43.46453992030448 14.464392269371592 50.53546007969552 21.535607730628406
24.375879974344393 73.03910550469216 25.624120025655607 82.96089449530784
57.571627601041634 47.678466477488705 66.42837239895837 52.321533522511295
36.72083158167524 63.549675144339346 41.27916841832476 72.45032485566065
45.61044212563651 75.01519863359417 46.38955787436349 84.98480136640583
82.57090292788475 48.62970396720759 87.42909707211525 57.37029603279241
3.7182690403986705 30.00794354334788 4.2817309596013295 39.99205645665212
36.70519820440591 46.170560248835656 39.29480179559409 55.829439751164344
66.08871706223482 61.06229007405452 75.91128293776518 62.93770992594548
85.54053007322652 79.73877732803622 94.45946992677348 84.26122267196378
69.97607107683493 23.10596592162396 72.02392892316507 32.89403407837604
14.008753264834931 18.704270345240726 23.99124673516507 19.295729654759274
51.9611720075603 75.05248096740911 60.0388279924397 80.94751903259089
15.491762967886864 53.67463909127385 20.508237032113136 62.32536090872615
30.963394670174374 46.433574841243335 35.036605329825626 55.566425158756665
36.64068615223706 15.296621748696447 43.35931384776294 22.70337825130355
25.466098699167844 24.02858678030384 26.533901300832156 33.97141321969616
47.41484587176617 48.00591835163645 56.58515412823383 51.99408164836355
2.738001203707933 86.38554666126836 11.261998796292067 91.61445333873164
29.586349472709344 54.20400248262253 32.413650527290656 63.79599751737747
74.49027657570807 5.675501377782578 79.50972342429193 14.324498622217423
79.06539765119311 89.1939605101799 88.93460234880689 90.8060394898201
50.570275789360466 67.68104691343832 59.429724210639534 72.31895308656168
71.06836389562811 69.17600647207902 80.93163610437189 70.82399352792098
61.39874749372705 9.531429633687274 68.60125250627294 16.468570366312726
49.993263525549146 32.009003038399214 58.006736474450854 37.990996961600786
16.734611283739873 38.391080856139695 25.265388716260127 43.608919143860305
55.792198956411625 27.164636592869808 62.207801043588375 34.83536340713019
77.12967505253755 31.83446927024081 84.87032494746245 38.16553072975919
87.86619638949614 33.478177120695605 92.13380361050386 42.521822879304395
67.00559453967661 79.76353837966397 76.99440546032339 80.23646162033603
85.76176779368751 44.52894681415827 90.23823220631249 53.47105318584173
55.73264835212453 87.54364313537657 60.26735164787547 96.45635686462343
10.146356825933822 27.81418232050653 17.85364317406618 34.18581767949347
29.492489974177857 75.8361253809167 38.50751002582214 80.1638746190833
25.73172869997427 68.39579952588579 34.26827130002573 73.60420047411421
53.045999764409416 18.323330460439944 62.954000235590584 19.676669539560056
73.19881648377255 85.0646069079226 74.80118351622745 94.9353930920774
91.35134166282094 25.759173546006405 96.64865833717906 34.24082645399359
25.015918997195406 94.60133151932672 34.984081002804594 95.39866848067328
9.120374755051865 3.077982179182004 10.879625244948135 12.922017820817995
15.578039433011496 72.6257449763471 20.421960566988503 81.3742550236529
40.760166299415836 35.529748889186706 45.239833700584164 44.470251110813294
43.18960143050636 54.066111659293185 44.81039856949364 63.933888340706815
7.4919735495402024 44.02587604440408 8.508026450459798 53.97412395559592
12.855754740377737 46.20263852387676 21.144245259622263 51.79736147612324
84.162659733843 60.73503393349223 93.837340266157 63.26496606650777
