85.28388844026864 9.33918942796951 94.71611155973136 12.66081057203049
67.89175972906939 42.15002423233039 76.10824027093061 47.84997576766961
17.95210760223736 6.036371368094548 24.04789239776264 13.963628631905452
39.464392269371594 11.464539920304482 46.535607730628406 18.53546007969552
23.933437364032212 79.05079835920141 30.066562635967788 86.94920164079859
60.678466477488705 46.571627601041634 65.3215335225113 55.428372398958366
33.549675144339346 63.72083158167524 42.450324855660654 68.27916841832476
43.75067216557351 72.19975413631943 50.24932783442649 79.80024586368057
83.19210302756673 55.6273650512729 92.80789697243327 58.3726349487271
6.7182690403986705 23.00794354334788 7.2817309596013295 32.99205645665212
38.70519820440591 49.170560248835656 41.29480179559409 58.829439751164344
72.19025957780244 50.86413748295847 77.80974042219756 59.13586251704153
91.73877732803622 78.54053007322652 96.26122267196378 87.45946992677348
64.97607107683493 25.10596592162396 67.02392892316507 34.89403407837604
14.679768031267802 17.261543142711325 21.320231968732198 24.738456857288675
59.22832803412126 77.05990664287842 60.77167196587874 86.94009335712158
21.674639091273853 64.49176296788686 30.325360908726147 69.50823703211314
32.21114724378267 46.33095236514194 35.78885275621733 55.66904763485806
35.296621748696445 20.64068615223706 42.703378251303555 27.35931384776294
24.466098699167844 28.02858678030384 25.533901300832156 37.97141321969616
52.16783507893788 42.347777767342855 55.83216492106212 51.652222232657145
4.38554666126837 82.73800120370794 9.61445333873163 91.26199879629206
26.586349472709344 53.20400248262253 29.413650527290656 62.79599751737747
73.49027657570807 16.675501377782577 78.50972342429193 25.324498622217423
82.06539765119311 95.1939605101799 91.93460234880689 96.8060394898201
52.5074594246318 55.22796451910932 55.4925405753682 64.77203548089068
69.06836389562811 68.17600647207902 78.93163610437189 69.82399352792098
62.39874749372705 12.531429633687274 69.60125250627294 19.468570366312726
50.281763702544595 25.051855234432047 51.718236297455405 34.94814476556795
17.139130296144856 40.82869913252691 26.860869703855144 43.17130086747309
59.55624639712213 30.019730655884874 60.44375360287787 39.98026934411513
77.12967505253755 31.83446927024081 84.87032494746245 38.16553072975919
85.86619638949614 30.478177120695605 90.13380361050386 39.521822879304395
73.76353837966397 73.00559453967661 74.23646162033603 82.99440546032339
79.52894681415826 43.76176779368751 88.47105318584174 48.23823220631249
54.73264835212453 84.54364313537657 59.26735164787547 93.45635686462343
12.146356825933822 29.814182320506532 19.85364317406618 36.18581767949347
32.49248997417786 81.8361253809167 41.50751002582214 86.1638746190833
25.140428604992508 74.82332423462326 34.85957139500749 77.17667576537674
57.32333046043995 11.045999764409412 58.67666953956005 20.954000235590588
65.0646069079226 87.19881648377255 74.9353930920774 88.80118351622745
87.75917354600641 26.351341662820946 96.24082645399359 31.648658337179054
18.015918997195406 89.60133151932672 27.984081002804594 90.39866848067328
10.897618846172858 9.141596797384267 19.102381153827142 14.858403202615733
10.194349869451719 73.61951935081969 19.80565013054828 76.38048064918031
37.529748889186706 35.760166299415836 46.470251110813294 40.239833700584164
44.18960143050636 51.066111659293185 45.81039856949364 60.933888340706815
7.841992168677926 46.123534272393414 14.158007831322074 53.876465727606586
16.09154280482414 46.04760934321765 25.90845719517586 47.95239065678235
83.68501781129514 66.47394997849216 92.31498218870486 71.52605002150784
