81.49083511753263 11.83957595303076 90.50916488246737 16.16042404696924
72.11027263721782 40.07979825414479 73.88972736278218 49.92020174585521
21.03637136809455 7.952107602237357 28.96362863190545 14.047892397762643
44.99989559502411 8.00000000109004 45.00010440497589 17.99999999890996
24.933437364032212 77.05079835920141 31.066562635967788 84.94920164079859
59.678466477488705 49.571627601041634 64.3215335225113 58.428372398958366
34.549675144339346 66.72083158167524 43.450324855660654 71.27916841832476
45.75067216557351 79.19975413631943 52.24932783442649 86.80024586368057
81.62970396720759 54.570902927884745 90.37029603279241 59.429097072115255
4.7182690403986705 25.00794354334788 5.2817309596013295 34.99205645665212
37.70519820440591 43.170560248835656 40.29480179559409 52.829439751164344
69.19025957780244 54.86413748295847 74.80974042219756 63.13586251704153
91.73877732803622 76.54053007322652 96.26122267196378 85.45946992677348
64.2634224008453 25.815368230799187 69.7365775991547 34.18463176920081
13.008753264834931 18.704270345240726 22.99124673516507 19.295729654759274
62.22832803412126 73.05990664287842 63.77167196587874 82.94009335712158
17.674639091273853 60.491762967886864 26.325360908726147 65.50823703211314
31.963394670174374 47.433574841243335 36.036605329825626 56.566425158756665
39.296621748696445 19.64068615223706 46.703378251303555 26.35931384776294
25.466098699167844 26.02858678030384 26.533901300832156 35.97141321969616
49.00591835163645 47.41484587176617 52.99408164836355 56.58515412823383
2.1376140648200304 86.83500943464593 11.862385935179969 89.16499056535407
25.608319506983705 54.60911575883338 30.391680493016295 63.39088424116662
71.16747524677864 13.716760151217727 80.83252475322136 16.283239848782273
79.06539765119311 90.1939605101799 88.93460234880689 91.8060394898201
48.570275789360466 66.68104691343832 57.429724210639534 71.31895308656168
65.93015525700748 66.09545807950097 74.06984474299252 71.90454192049903
64.90617955909178 9.000880305006913 65.09382044090822 18.999119694993087
50.281763702544595 32.05185523443205 51.718236297455405 41.94814476556795
21.139130296144856 39.82869913252691 30.860869703855144 42.17130086747309
61.55624639712213 29.019730655884874 62.44375360287787 38.98026934411513
77.12967505253755 31.83446927024081 84.87032494746245 38.16553072975919
85.86619638949614 30.478177120695605 90.13380361050386 39.521822879304395
69.30121841578026 75.63562564624017 76.69878158421974 82.36437435375983
81.2558188022919 47.42115714419928 90.7441811977081 50.57884285580072
54.245620116090315 90.45213956718479 63.754379883909685 93.54786043281521
13.527776064138378 27.02234949455073 14.472223935861622 36.97765050544927
34.34279951126607 77.28261867768356 37.65720048873393 86.71738132231644
26.140428604992508 69.82332423462326 35.85957139500749 72.17667576537674
51.045999764409416 19.323330460439944 60.954000235590584 20.676669539560056
66.07667237407013 86.94362777947151 71.92332762592987 95.05637222052849
91.35134166282094 21.759173546006405 96.64865833717906 30.240826453993595
27.015918997195406 93.60133151932672 36.984081002804594 94.39866848067328
8.897618846172858 3.1415967973842664 17.102381153827142 8.858403202615733
14.578039433011496 67.6257449763471 19.421960566988503 76.3742550236529
36.255253527524005 38.422856724350446 45.744746472475995 41.577143275649554
44.18960143050636 49.066111659293185 45.81039856949364 58.933888340706815
6.025876044404079 49.4919735495402 15.974123955595921 50.5080264504598
18.855754740377737 44.20263852387676 27.144245259622263 49.79736147612324
84.47394997849216 62.68501781129513 89.52605002150784 71.31498218870487
