87.33918942796952 7.283888440268641 90.66081057203048 16.71611155973136
68.1500242323304 39.89175972906939 73.8499757676696 48.10824027093061
17.03637136809455 2.9521076022373567 24.96362863190545 9.047892397762643
41.464392269371594 9.464539920304482 48.535607730628406 16.53546007969552
24.933437364032212 78.05079835920141 31.066562635967788 85.94920164079859
62.51023994359683 46.22709575055757 65.48976005640317 55.77290424944243
37.46476056014296 66.24152967201566 40.53523943985704 75.75847032798434
47.61044212563651 78.01519863359417 48.38955787436349 87.98480136640583
84.19210302756673 52.6273650512729 93.80789697243327 55.3726349487271
2.7182690403986705 28.00794354334788 3.2817309596013295 37.99205645665212
37.70519820440591 44.170560248835656 40.29480179559409 53.829439751164344
69.19025957780244 50.86413748295847 74.80974042219756 59.13586251704153
88.73877732803622 76.54053007322652 93.26122267196378 85.45946992677348
64.2634224008453 25.815368230799187 69.7365775991547 34.18463176920081
14.008753264834931 17.704270345240726 23.99124673516507 18.295729654759274
55.9611720075603 79.05248096740911 64.0388279924397 84.94751903259089
16.167916556130116 65.71509938459096 25.832083443869884 68.28490061540904
31.963394670174374 47.433574841243335 36.036605329825626 56.566425158756665
41.756709727091526 19.005922523317434 42.243290272908474 28.994077476682566
22.862205230575135 30.10715476996966 29.137794769424865 37.89284523003034
48.41484587176617 48.00591835163645 57.58515412823383 51.99408164836355
3.8350094346459223 84.13761406482003 6.164990565354078 93.86238593517997
22.20400248262253 58.586349472709344 31.79599751737747 61.413650527290656
72.49027657570807 16.675501377782577 77.50972342429193 25.324498622217423
85.1939605101799 87.06539765119311 86.8060394898201 96.93460234880689
51.5074594246318 57.22796451910932 54.4925405753682 66.77203548089068
65.06836389562811 66.17600647207902 74.93163610437189 67.82399352792098
60.39874749372705 11.531429633687274 67.60125250627294 18.468570366312726
47.009003038399214 28.993263525549146 52.990996961600786 37.006736474450854
18.139130296144856 40.82869913252691 27.860869703855144 43.17130086747309
61.55624639712213 30.019730655884874 62.44375360287787 39.98026934411513
78.12967505253755 34.83446927024081 85.87032494746245 41.16553072975919
87.311415381427 32.293761376011766 90.688584618573 41.706238623988234
70.63562564624017 79.30121841578026 77.36437435375983 86.69878158421974
77.2558188022919 44.42115714419928 86.7441811977081 47.57884285580072
53.245620116090315 92.45213956718479 62.754379883909685 95.54786043281521
11.146356825933822 29.814182320506532 18.85364317406618 36.18581767949347
34.28261867768356 80.34279951126607 43.71738132231644 83.65720048873393
25.140428604992508 73.82332423462326 34.85957139500749 76.17667576537674
54.32333046043995 13.045999764409414 55.67666953956005 22.954000235590584
65.94362777947151 89.07667237407013 74.05637222052849 94.92332762592987
91.35134166282094 24.759173546006405 96.64865833717906 33.24082645399359
28.19382133880441 89.75762371106323 35.806178661195595 96.24237628893677
9.077982179182005 8.120374755051865 18.922017820817995 9.879625244948135
11.194349869451719 72.61951935081969 20.80565013054828 75.38048064918031
38.760166299415836 32.529748889186706 43.239833700584164 41.470251110813294
45.18960143050636 51.066111659293185 46.81039856949364 60.933888340706815
7.025876044404079 49.4919735495402 16.97412395559592 50.5080264504598
16.09154280482414 45.04760934321765 25.90845719517586 46.95239065678235
80.162659733843 64.73503393349223 89.837340266157 67.26496606650777
