74.83957595303076 3.4908351175326224 79.16042404696924 12.509164882467378
68.1500242323304 40.89175972906939 73.8499757676696 49.10824027093061
26.03637136809455 5.952107602237357 33.96362863190545 12.047892397762643
44.46453992030448 13.464392269371592 51.53546007969552 20.535607730628406
24.375879974344393 72.03910550469216 25.624120025655607 81.96089449530784
62.51023994359683 42.22709575055757 65.48976005640317 51.77290424944243
38.46476056014296 60.24152967201565 41.53523943985704 69.75847032798434
41.199754136319434 79.75067216557352 48.800245863680566 86.24932783442648
85.6273650512729 48.19210302756673 88.3726349487271 57.80789697243327
5.7182690403986705 31.00794354334788 6.2817309596013295 40.99205645665212
37.70519820440591 44.170560248835656 40.29480179559409 53.829439751164344
61.864137482958476 55.190259577802436 70.13586251704153 60.809740422197564
89.44560445939935 74.24775268916265 92.55439554060065 83.75224731083735
66.2634224008453 26.815368230799187 71.7365775991547 35.18463176920081
20.704270345240726 16.00875326483493 21.295729654759274 25.99124673516507
52.22832803412126 76.05990664287842 53.77167196587874 85.94009335712158
17.491762967886864 57.67463909127385 22.508237032113136 66.32536090872614
29.21114724378267 45.33095236514194 32.78885275621733 54.66904763485806
42.64068615223706 19.29662174869645 49.35931384776294 26.70337825130355
30.466098699167844 21.02858678030384 31.533901300832156 30.97141321969616
51.16783507893788 43.347777767342855 54.83216492106212 52.652222232657145
3.3855466612683696 80.73800120370794 8.61445333873163 89.26199879629206
24.20400248262253 56.586349472709344 33.79599751737747 59.413650527290656
71.49027657570807 7.675501377782578 76.50972342429193 16.324498622217423
81.94075322754364 81.08066520585551 90.05924677245636 86.91933479414449
56.5074594246318 63.22796451910932 59.4925405753682 72.77203548089068
74.09545807950097 62.930155257007485 79.90454192049903 71.06984474299252
62.90617955909178 4.000880305006912 63.09382044090822 13.999119694993087
46.05185523443205 36.281763702544595 55.94814476556795 37.718236297455405
15.734611283739873 41.391080856139695 24.265388716260127 46.608919143860305
54.16463659286981 27.79219895641162 61.83536340713019 34.20780104358838
78.50163522932095 29.024898739186707 79.49836477067905 38.97510126081329
88.86619638949614 33.478177120695605 93.13380361050386 42.521822879304395
71.76353837966397 68.00559453967661 72.23646162033603 77.99440546032339
87.76176779368751 43.52894681415827 92.23823220631249 52.47105318584173
58.45213956718479 81.24562011609031 61.54786043281521 90.75437988390969
11.52777606413838 28.02234949455073 12.47222393586162 37.97765050544927
30.342799511266072 74.28261867768356 33.65720048873393 83.71738132231644
28.73172869997427 64.39579952588579 37.26827130002573 69.60420047411421
57.32333046043995 13.045999764409412 58.67666953956005 22.954000235590588
66.94362777947151 88.07667237407013 75.05637222052849 93.92332762592987
93.87416712781142 28.128398585280234 96.12583287218858 37.87160141471976
23.015918997195406 93.60133151932672 32.984081002804594 94.39866848067328
5.1203747550518655 4.077982179182004 6.8796252449481345 13.922017820817995
7.194349869451719 78.61951935081969 16.80565013054828 81.38048064918031
37.760166299415836 33.529748889186706 42.239833700584164 42.470251110813294
43.0842524206218 57.938175772716136 48.9157475793782 66.06182422728386
4.123534272393416 44.841992168677926 11.876465727606584 51.158007831322074
11.855754740377737 44.20263852387676 20.144245259622263 49.79736147612324
85.68501781129514 62.47394997849216 94.31498218870486 67.52605002150784
