82.83957595303076 8.490835117532622 87.16042404696924 17.509164882467378
66.07979825414479 41.110272637217825 75.92020174585521 42.889727362782175
22.95210760223736 4.036371368094548 29.04789239776264 11.963628631905452
47.99989559502411 10.00000000109004 48.00010440497589 19.99999999890996
23.375879974344393 72.03910550469216 24.624120025655607 81.96089449530784
60.678466477488705 46.571627601041634 65.3215335225113 55.428372398958366
36.72083158167524 63.549675144339346 41.27916841832476 72.45032485566065
45.61044212563651 75.01519863359417 46.38955787436349 84.98480136640583
82.57090292788475 47.62970396720759 87.42909707211525 56.37029603279241
3.7182690403986705 29.00794354334788 4.2817309596013295 38.99205645665212
36.70519820440591 44.170560248835656 39.29480179559409 53.829439751164344
66.86413748295847 59.190259577802436 75.13586251704153 64.80974042219756
87.24775268916265 78.44560445939935 96.75224731083735 81.55439554060065
70.97607107683493 22.10596592162396 73.02392892316507 31.89403407837604
14.008753264834931 19.704270345240726 23.99124673516507 20.295729654759274
52.9611720075603 76.05248096740911 61.0388279924397 81.94751903259089
16.715099384590953 55.167916556130116 19.284900615409047 64.83208344386989
30.963394670174374 46.433574841243335 35.036605329825626 55.566425158756665
37.64068615223706 16.29662174869645 44.35931384776294 23.70337825130355
22.862205230575135 25.10715476996966 29.137794769424865 32.89284523003034
48.00591835163645 45.41484587176617 51.99408164836355 54.58515412823383
3.3855466612683696 83.73800120370794 8.61445333873163 92.26199879629206
28.586349472709344 53.20400248262253 31.413650527290656 62.79599751737747
74.71676015121773 8.167475246778633 77.28323984878227 17.832524753221367
78.94075322754364 89.08066520585551 87.05924677245636 94.91933479414449
51.570275789360466 66.68104691343832 60.429724210639534 71.31895308656168
71.06836389562811 68.17600647207902 80.93163610437189 69.82399352792098
60.00088030500691 13.906179559091782 69.99911969499308 14.093820440908218
48.993263525549146 34.009003038399214 57.006736474450854 39.990996961600786
18.734611283739873 37.391080856139695 27.265388716260127 42.608919143860305
56.792198956411625 29.164636592869808 63.207801043588375 36.83536340713019
80.50163522932095 32.02489873918671 81.49836477067905 41.97510126081329
88.86619638949614 31.478177120695605 93.13380361050386 40.521822879304395
67.63562564624017 76.30121841578026 74.36437435375983 83.69878158421974
85.76176779368751 43.52894681415827 90.23823220631249 52.47105318584173
57.45213956718479 87.24562011609031 60.54786043281521 96.75437988390969
10.146356825933822 25.81418232050653 17.85364317406618 32.18581767949347
30.492489974177857 75.8361253809167 39.50751002582214 80.1638746190833
25.73172869997427 67.39579952588579 34.26827130002573 72.60420047411421
53.97547045945944 15.01851521936885 60.02452954054056 22.98148478063115
69.07667237407013 86.94362777947151 74.92332762592987 95.05637222052849
90.35134166282094 25.759173546006405 95.64865833717906 34.24082645399359
25.015918997195406 94.60133151932672 34.984081002804594 95.39866848067328
7.141596797384266 5.897618846172858 12.858403202615733 14.102381153827142
16.619519350819694 71.19434986945171 19.380480649180306 80.80565013054829
37.529748889186706 36.760166299415836 46.470251110813294 41.239833700584164
43.18960143050636 52.066111659293185 44.81039856949364 61.933888340706815
3.8419921686779253 45.123534272393414 10.158007831322074 52.876465727606586
16.09154280482414 46.04760934321765 25.90845719517586 47.95239065678235
84.162659733843 60.73503393349223 93.837340266157 63.26496606650777
