74.83957595303076 3.4908351175326224 79.16042404696924 12.509164882467378
65.89175972906939 42.15002423233039 74.10824027093061 47.84997576766961
27.03637136809455 5.952107602237357 34.96362863190545 12.047892397762643
44.46453992030448 13.464392269371592 51.53546007969552 20.535607730628406
25.375879974344393 73.03910550469216 26.624120025655607 82.96089449530784
58.571627601041634 44.678466477488705 67.42837239895837 49.321533522511295
37.72083158167524 60.549675144339346 42.27916841832476 69.45032485566065
40.199754136319434 79.75067216557352 47.800245863680566 86.24932783442648
85.6273650512729 48.19210302756673 88.3726349487271 57.80789697243327
5.7182690403986705 31.00794354334788 6.2817309596013295 40.99205645665212
37.70519820440591 43.170560248835656 40.29480179559409 52.829439751164344
62.864137482958476 56.190259577802436 71.13586251704153 61.809740422197564
91.44560445939935 73.24775268916265 94.55439554060065 82.75224731083735
66.2634224008453 26.815368230799187 71.7365775991547 35.18463176920081
17.261543142711325 17.679768031267805 24.738456857288675 24.320231968732195
52.22832803412126 77.05990664287842 53.77167196587874 86.94009335712158
15.167916556130114 60.71509938459096 24.832083443869884 63.28490061540904
28.963394670174374 45.433574841243335 33.036605329825626 54.566425158756665
41.64068615223706 19.29662174869645 48.35931384776294 26.70337825130355
28.10715476996966 21.862205230575135 35.89284523003034 28.137794769424865
48.41484587176617 45.00591835163645 57.58515412823383 48.99408164836355
3.8350094346459223 80.13761406482003 6.164990565354078 89.86238593517997
23.20400248262253 56.586349472709344 32.79599751737747 59.413650527290656
71.49027657570807 7.675501377782578 76.50972342429193 16.324498622217423
85.1939605101799 79.06539765119311 86.8060394898201 88.93460234880689
56.5074594246318 63.22796451910932 59.4925405753682 72.77203548089068
75.09545807950097 63.930155257007485 80.90454192049903 72.06984474299252
62.90617955909178 3.0008803050069117 63.09382044090822 12.999119694993087
46.993263525549146 33.009003038399214 55.006736474450854 38.990996961600786
15.734611283739873 41.391080856139695 24.265388716260127 46.608919143860305
53.16463659286981 26.79219895641162 60.83536340713019 33.20780104358838
77.50163522932095 29.024898739186707 78.49836477067905 38.97510126081329
87.86619638949614 33.478177120695605 92.13380361050386 42.521822879304395
68.63562564624017 69.30121841578026 75.36437435375983 76.69878158421974
87.76176779368751 43.52894681415827 92.23823220631249 52.47105318584173
58.45213956718479 80.24562011609031 61.54786043281521 89.75437988390969
11.52777606413838 28.02234949455073 12.47222393586162 37.97765050544927
30.342799511266072 74.28261867768356 33.65720048873393 83.71738132231644
28.73172869997427 65.39579952588579 37.26827130002573 70.60420047411421
55.01851521936885 16.975470459459437 62.98148478063115 23.024529540540563
65.94362777947151 88.07667237407013 74.05637222052849 93.92332762592987
93.87416712781142 28.128398585280234 96.12583287218858 37.87160141471976
22.015918997195406 93.60133151932672 31.984081002804594 94.39866848067328
2.141596797384266 5.897618846172858 7.858403202615734 14.102381153827142
8.19434986945172 78.61951935081969 17.80565013054828 81.38048064918031
37.760166299415836 33.529748889186706 42.239833700584164 42.470251110813294
43.0842524206218 58.938175772716136 48.9157475793782 67.06182422728386
4.123534272393416 44.841992168677926 11.876465727606584 51.158007831322074
11.855754740377737 44.20263852387676 20.144245259622263 49.79736147612324
85.162659733843 64.73503393349223 94.837340266157 67.26496606650777
