86.33918942796952 9.28388844026864 89.66081057203048 18.71611155973136
71.11027263721782 39.07979825414479 72.88972736278218 48.92020174585521
20.03637136809455 2.9521076022373567 27.96362863190545 9.047892397762643
39.46453992030448 9.464392269371592 46.53546007969552 16.535607730628406
23.933437364032212 78.05079835920141 30.066562635967788 85.94920164079859
59.678466477488705 48.571627601041634 64.3215335225113 57.428372398958366
34.24152967201565 67.46476056014296 43.75847032798435 70.53523943985704
44.015198633594174 83.61044212563651 53.984801366405826 84.38955787436349
82.19210302756673 54.6273650512729 91.80789697243327 57.3726349487271
2.7182690403986705 26.00794354334788 3.2817309596013295 35.99205645665212
37.70519820440591 44.170560248835656 40.29480179559409 53.829439751164344
69.19025957780244 51.86413748295847 74.80974042219756 60.13586251704153
91.73877732803622 75.54053007322652 96.26122267196378 84.45946992677348
65.2634224008453 25.815368230799187 70.7365775991547 34.18463176920081
13.679768031267802 16.261543142711325 20.320231968732198 23.738456857288675
60.22832803412126 71.05990664287842 61.77167196587874 80.94009335712158
17.674639091273853 61.491762967886864 26.325360908726147 66.50823703211314
32.21114724378267 46.33095236514194 35.78885275621733 55.66904763485806
38.296621748696445 19.64068615223706 45.703378251303555 26.35931384776294
22.862205230575135 30.10715476996966 29.137794769424865 37.89284523003034
52.16783507893788 46.347777767342855 55.83216492106212 55.652222232657145
4.835009434645922 80.13761406482003 7.164990565354078 89.86238593517997
25.608319506983705 55.60911575883338 30.391680493016295 64.39088424116662
72.49027657570807 14.675501377782577 77.50972342429193 23.324498622217423
81.08066520585551 85.94075322754364 86.91933479414449 94.05924677245636
50.5074594246318 62.22796451910932 53.4925405753682 71.77203548089068
66.93015525700748 68.09545807950097 75.06984474299252 73.90454192049903
64.90617955909178 8.000880305006913 65.09382044090822 17.999119694993087
50.281763702544595 30.051855234432047 51.718236297455405 39.94814476556795
19.139130296144856 39.82869913252691 28.860869703855144 42.17130086747309
59.16463659286981 30.79219895641162 66.83536340713019 37.207801043588375
78.50163522932095 32.02489873918671 79.49836477067905 41.97510126081329
87.86619638949614 29.478177120695605 92.13380361050386 38.521822879304395
69.63562564624017 76.30121841578026 76.36437435375983 83.69878158421974
81.52894681415826 46.76176779368751 90.47105318584174 51.23823220631249
55.54364313537657 91.73264835212453 64.45635686462343 96.26735164787547
13.146356825933822 28.814182320506532 20.85364317406618 35.18581767949347
33.836125380916705 77.49248997417786 38.163874619083295 86.50751002582214
24.140428604992508 70.82332423462326 33.85957139500749 73.17667576537674
57.32333046043995 16.045999764409416 58.67666953956005 25.954000235590584
66.07667237407013 86.94362777947151 71.92332762592987 95.05637222052849
91.35134166282094 25.759173546006405 96.64865833717906 34.24082645399359
27.015918997195406 92.60133151932672 36.984081002804594 93.39866848067328
8.897618846172858 3.1415967973842664 17.102381153827142 8.858403202615733
14.619519350819692 67.19434986945171 17.380480649180306 76.80565013054829
36.529748889186706 36.760166299415836 45.470251110813294 41.239833700584164
44.18960143050636 49.066111659293185 45.81039856949364 58.933888340706815
7.841992168677926 46.123534272393414 14.158007831322074 53.876465727606586
17.855754740377737 44.20263852387676 26.144245259622263 49.79736147612324
85.47394997849216 60.68501781129513 90.52605002150784 69.31498218870487
