78.33918942796952 5.283888440268641 81.66081057203048 14.71611155973136
66.89175972906939 42.15002423233039 75.10824027093061 47.84997576766961
23.03637136809455 5.952107602237358 30.96362863190545 12.047892397762642
42.46453992030448 13.464392269371592 49.53546007969552 20.535607730628406
22.933437364032212 75.05079835920141 29.066562635967788 82.94920164079859
60.678466477488705 45.571627601041634 65.3215335225113 54.428372398958366
38.72083158167524 60.549675144339346 43.27916841832476 69.45032485566065
44.61044212563651 75.01519863359417 45.38955787436349 84.98480136640583
83.57090292788475 47.62970396720759 88.42909707211525 56.37029603279241
3.7182690403986705 29.00794354334788 4.2817309596013295 38.99205645665212
36.50063353257692 43.66950727266272 41.49936646742308 52.33049272733728
65.08871706223482 60.06229007405452 74.91128293776518 61.93770992594548
85.24775268916265 77.44560445939935 94.75224731083735 80.55439554060065
68.97607107683493 23.10596592162396 71.02392892316507 32.89403407837604
17.261543142711325 14.679768031267802 24.738456857288675 21.320231968732198
49.22832803412126 75.05990664287842 50.77167196587874 84.94009335712158
18.715099384590953 56.167916556130116 21.284900615409047 65.83208344386989
31.21114724378267 45.33095236514194 34.78885275621733 54.66904763485806
37.64068615223706 18.29662174869645 44.35931384776294 25.70337825130355
23.02858678030384 26.466098699167844 32.97141321969616 27.533901300832156
52.00591835163645 41.41484587176617 55.99408164836355 50.58515412823383
2.1376140648200304 87.83500943464593 11.862385935179969 90.16499056535407
29.586349472709344 53.20400248262253 32.413650527290656 62.79599751737747
71.49027657570807 8.675501377782577 76.50972342429193 17.324498622217423
86.1939605101799 84.06539765119311 87.8060394898201 93.93460234880689
53.68104691343832 64.57027578936047 58.31895308656168 73.42972421063953
72.09545807950097 65.93015525700748 77.90454192049903 74.06984474299252
57.00088030500691 12.906179559091782 66.99911969499308 13.093820440908218
49.993263525549146 33.009003038399214 58.006736474450854 38.990996961600786
15.734611283739873 39.391080856139695 24.265388716260127 44.608919143860305
55.792198956411625 29.164636592869808 62.207801043588375 36.83536340713019
81.50163522932095 30.024898739186707 82.49836477067905 39.97510126081329
90.311415381427 35.293761376011766 93.688584618573 44.706238623988234
65.00559453967661 77.76353837966397 74.99440546032339 78.23646162033603
87.76176779368751 44.52894681415827 92.23823220631249 53.47105318584173
56.54364313537657 87.73264835212453 65.45635686462343 92.26735164787547
8.146356825933822 28.81418232050653 15.853643174066178 35.18581767949347
29.28261867768356 76.34279951126607 38.71738132231644 79.65720048873393
26.73172869997427 66.39579952588579 35.26827130002573 71.60420047411421
52.045999764409416 17.323330460439944 61.954000235590584 18.676669539560056
72.19881648377255 85.0646069079226 73.80118351622745 94.9353930920774
92.87416712781142 27.128398585280234 95.12583287218858 36.87160141471976
25.015918997195406 95.60133151932672 34.984081002804594 96.39866848067328
4.141596797384266 3.8976188461728576 9.858403202615733 12.102381153827142
10.194349869451719 78.61951935081969 19.80565013054828 81.38048064918031
38.760166299415836 35.529748889186706 43.239833700584164 44.470251110813294
47.18960143050636 54.066111659293185 48.81039856949364 63.933888340706815
6.123534272393416 44.841992168677926 13.876465727606584 51.158007831322074
10.855754740377737 43.20263852387676 19.144245259622263 48.79736147612324
83.162659733843 61.73503393349223 92.837340266157 64.26496606650777
