84.83957595303076 9.490835117532622 89.16042404696924 18.509164882467378
70.1500242323304 38.89175972906939 75.8499757676696 47.10824027093061
24.95210760223736 4.036371368094548 31.04789239776264 11.963628631905452
47.99989559502411 11.00000000109004 48.00010440497589 20.99999999890996
21.933437364032212 73.05079835920141 28.066562635967788 80.94920164079859
60.51023994359683 46.22709575055757 63.48976005640317 55.77290424944243
35.72083158167524 63.549675144339346 40.27916841832476 72.45032485566065
46.61044212563651 76.01519863359417 47.38955787436349 85.98480136640583
81.57090292788475 47.62970396720759 86.42909707211525 56.37029603279241
3.7182690403986705 27.00794354334788 4.2817309596013295 36.99205645665212
36.70519820440591 44.170560248835656 39.29480179559409 53.829439751164344
66.08871706223482 61.06229007405452 75.91128293776518 62.93770992594548
87.54053007322652 77.73877732803622 96.45946992677348 82.26122267196378
67.81536823079918 22.263422400845304 76.18463176920082 27.736577599154696
12.008753264834931 17.704270345240726 21.99124673516507 18.295729654759274
51.9611720075603 76.05248096740911 60.0388279924397 81.94751903259089
18.715099384590953 57.167916556130116 21.284900615409047 66.83208344386989
30.963394670174374 46.433574841243335 35.036605329825626 55.566425158756665
37.64068615223706 17.29662174869645 44.35931384776294 24.70337825130355
22.10715476996966 26.862205230575135 29.89284523003034 33.137794769424865
45.347777767342855 47.16783507893788 54.652222232657145 50.83216492106212
4.835009434645922 84.13761406482003 7.164990565354078 93.86238593517997
26.608319506983705 54.60911575883338 31.391680493016295 63.39088424116662
75.71676015121773 10.167475246778633 78.28323984878227 19.832524753221367
78.06539765119311 93.1939605101799 87.93460234880689 94.8060394898201
52.68104691343832 62.570275789360466 57.31895308656168 71.42972421063953
70.06836389562811 67.17600647207902 79.93163610437189 68.82399352792098
61.00088030500691 13.906179559091782 70.99911969499308 14.093820440908218
46.993263525549146 34.009003038399214 55.006736474450854 39.990996961600786
18.734611283739873 38.391080856139695 27.265388716260127 43.608919143860305
55.792198956411625 30.164636592869808 62.207801043588375 37.83536340713019
80.50163522932095 32.02489873918671 81.49836477067905 41.97510126081329
88.86619638949614 31.478177120695605 93.13380361050386 40.521822879304395
68.63562564624017 78.30121841578026 75.36437435375983 85.69878158421974
85.76176779368751 42.52894681415827 90.23823220631249 51.47105318584173
54.54364313537657 89.73264835212453 63.45635686462343 94.26735164787547
11.146356825933822 27.81418232050653 18.85364317406618 34.18581767949347
31.28261867768356 76.34279951126607 40.71738132231644 79.65720048873393
25.73172869997427 67.39579952588579 34.26827130002573 72.60420047411421
52.97547045945944 15.01851521936885 59.02452954054056 22.98148478063115
70.19881648377255 87.0646069079226 71.80118351622745 96.9353930920774
90.35134166282094 25.759173546006405 95.64865833717906 34.24082645399359
25.015918997195406 95.60133151932672 34.984081002804594 96.39866848067328
7.897618846172858 6.141596797384267 16.102381153827142 11.858403202615733
15.619519350819692 71.19434986945171 18.380480649180306 80.80565013054829
38.255253527524005 38.422856724350446 47.744746472475995 41.577143275649554
43.18960143050636 51.066111659293185 44.81039856949364 60.933888340706815
4.841992168677925 45.123534272393414 11.158007831322074 52.876465727606586
16.855754740377737 44.20263852387676 25.144245259622263 49.79736147612324
83.162659733843 59.73503393349223 92.837340266157 62.26496606650777
