76.33918942796952 5.28388844026864 79.66081057203048 14.71611155973136
67.11027263721782 35.07979825414479 68.88972736278218 44.92020174585521
30.352476699059387 6.042105933489606 31.647523300940613 15.957894066510395
44.46453992030448 12.464392269371592 51.53546007969552 19.535607730628406
21.375879974344393 76.03910550469216 22.624120025655607 85.96089449530784
58.678466477488705 38.571627601041634 63.321533522511295 47.428372398958366
39.72083158167524 59.549675144339346 44.27916841832476 68.45032485566065
41.199754136319434 81.75067216557352 48.800245863680566 88.24932783442648
84.6273650512729 49.19210302756673 87.3726349487271 58.80789697243327
5.7182690403986705 29.00794354334788 6.2817309596013295 38.99205645665212
33.66950727266272 45.50063353257692 42.33049272733728 50.49936646742308
58.864137482958476 59.190259577802436 67.13586251704153 64.80974042219756
86.24775268916265 79.44560445939935 95.75224731083735 82.55439554060065
65.2634224008453 22.815368230799187 70.7365775991547 31.184631769200813
18.704270345240726 16.00875326483493 19.295729654759274 25.99124673516507
52.05248096740912 79.9611720075603 57.94751903259088 88.0388279924397
17.674639091273853 57.491762967886864 26.325360908726147 62.508237032113136
26.33095236514194 48.21114724378267 35.66904763485806 51.78885275621733
38.296621748696445 17.64068615223706 45.703378251303555 24.35931384776294
23.10715476996966 19.862205230575135 30.89284523003034 26.137794769424865
45.347777767342855 46.16783507893788 54.652222232657145 49.83216492106212
4.835009434645922 76.13761406482003 7.164990565354078 85.86238593517997
25.20400248262253 54.586349472709344 34.79599751737747 57.413650527290656
69.49027657570807 13.675501377782577 74.50972342429193 22.324498622217423
75.94075322754364 80.08066520585551 84.05924677245636 85.91933479414449
56.5074594246318 65.22796451910932 59.4925405753682 74.77203548089068
75.17600647207902 62.06836389562811 76.82399352792098 71.93163610437189
63.90617955909178 4.000880305006912 64.09382044090822 13.999119694993087
46.993263525549146 36.009003038399214 55.006736474450854 41.990996961600786
16.3910808561397 37.73461128373987 21.6089191438603 46.26538871626013
55.792198956411625 26.164636592869808 62.207801043588375 33.83536340713019
74.83446927024082 29.129675052537543 81.16553072975918 36.87032494746246
88.86619638949614 29.478177120695605 93.13380361050386 38.521822879304395
70.76353837966397 67.00559453967661 71.23646162033603 76.99440546032339
89.42115714419928 41.255818802291905 92.57884285580072 50.744181197708095
59.73264835212453 79.54364313537657 64.26735164787547 88.45635686462343
10.52777606413838 27.02234949455073 11.47222393586162 36.97765050544927
28.492489974177857 75.8361253809167 37.50751002582214 80.1638746190833
27.73172869997427 66.39579952588579 36.26827130002573 71.60420047411421
54.97547045945944 12.01851521936885 61.02452954054056 19.98148478063115
71.19881648377255 87.0646069079226 72.80118351622745 96.9353930920774
93.87416712781142 25.128398585280234 96.12583287218858 34.87160141471976
28.601331519326717 84.0159189971954 29.398668480673283 93.9840810028046
6.1203747550518655 6.077982179182004 7.8796252449481345 15.922017820817995
14.61951935081969 75.19434986945171 17.38048064918031 84.80565013054829
38.760166299415836 32.529748889186706 43.239833700584164 41.470251110813294
43.0842524206218 56.938175772716136 48.9157475793782 65.06182422728386
6.123534272393416 48.841992168677926 13.876465727606584 55.158007831322074
9.855754740377737 44.20263852387676 18.144245259622263 49.79736147612324
83.68501781129514 62.47394997849216 92.31498218870486 67.52605002150784
