85.49083511753263 10.83957595303076 94.50916488246737 15.16042404696924
71.11027263721782 40.07979825414479 72.88972736278218 49.92020174585521
18.03637136809455 2.9521076022373567 25.96362863190545 9.047892397762643
41.464392269371594 10.464539920304482 48.535607730628406 17.53546007969552
24.933437364032212 78.05079835920141 31.066562635967788 85.94920164079859
59.51023994359683 45.22709575055757 62.48976005640317 54.77290424944243
37.46476056014296 65.24152967201566 40.53523943985704 74.75847032798434
48.61044212563651 77.01519863359417 49.38955787436349 86.98480136640583
83.19210302756673 53.6273650512729 92.80789697243327 56.3726349487271
3.7182690403986705 28.00794354334788 4.2817309596013295 37.99205645665212
37.70519820440591 44.170560248835656 40.29480179559409 53.829439751164344
68.19025957780244 51.86413748295847 73.80974042219756 60.13586251704153
93.44560445939935 75.24775268916265 96.55439554060065 84.75224731083735
65.97607107683493 25.10596592162396 68.02392892316507 34.89403407837604
13.679768031267802 16.261543142711325 20.320231968732198 23.738456857288675
58.05248096740912 71.9611720075603 63.94751903259088 80.0388279924397
16.674639091273853 62.491762967886864 25.325360908726147 67.50823703211314
32.21114724378267 46.33095236514194 35.78885275621733 55.66904763485806
38.64068615223706 19.29662174869645 45.35931384776294 26.70337825130355
22.862205230575135 30.10715476996966 29.137794769424865 37.89284523003034
52.16783507893788 47.347777767342855 55.83216492106212 56.652222232657145
3.8350094346459223 81.13761406482003 6.164990565354078 90.86238593517997
23.20400248262253 58.586349472709344 32.79599751737747 61.413650527290656
73.49027657570807 15.675501377782577 78.50972342429193 24.324498622217423
82.1939605101799 87.06539765119311 83.8060394898201 96.93460234880689
50.5074594246318 59.22796451910932 53.4925405753682 68.77203548089068
67.06836389562811 69.17600647207902 76.93163610437189 70.82399352792098
59.39874749372705 8.531429633687274 66.60125250627294 15.468570366312726
44.993263525549146 32.009003038399214 53.006736474450854 37.990996961600786
19.139130296144856 39.82869913252691 28.860869703855144 42.17130086747309
58.792198956411625 31.164636592869808 65.20780104358838 38.83536340713019
76.12967505253755 34.83446927024081 83.87032494746245 41.16553072975919
87.311415381427 30.293761376011766 90.688584618573 39.706238623988234
69.63562564624017 78.30121841578026 76.36437435375983 85.69878158421974
79.2558188022919 46.42115714419928 88.7441811977081 49.57884285580072
54.54364313537657 91.73264835212453 63.45635686462343 96.26735164787547
13.146356825933822 27.814182320506532 20.85364317406618 34.18581767949347
35.836125380916705 78.49248997417786 40.163874619083295 87.50751002582214
26.140428604992508 71.82332423462326 35.85957139500749 74.17667576537674
52.97547045945944 17.01851521936885 59.02452954054056 24.98148478063115
63.06460690792259 91.19881648377255 72.9353930920774 92.80118351622745
91.35134166282094 26.759173546006405 96.64865833717906 35.24082645399359
27.015918997195406 92.60133151932672 36.984081002804594 93.39866848067328
8.897618846172858 2.1415967973842664 17.102381153827142 7.858403202615733
9.62574497634709 71.5780394330115 18.37425502365291 76.4219605669885
37.529748889186706 37.760166299415836 46.470251110813294 42.239833700584164
44.18960143050636 51.066111659293185 45.81039856949364 60.933888340706815
10.4919735495402 44.02587604440408 11.5080264504598 53.97412395559592
17.09154280482414 45.04760934321765 26.90845719517586 46.95239065678235
86.73503393349223 62.162659733843 89.26496606650777 71.837340266157
