86.28388844026864 8.339189427969508 95.71611155973136 11.660810572030492
70.11027263721782 38.07979825414479 71.88972736278218 47.92020174585521
19.03637136809455 2.9521076022373567 26.96362863190545 9.047892397762643
38.464392269371594 10.464539920304482 45.535607730628406 17.53546007969552
23.933437364032212 78.05079835920141 30.066562635967788 85.94920164079859
64.51023994359683 46.22709575055757 67.48976005640317 55.77290424944243
34.549675144339346 65.72083158167524 43.450324855660654 70.27916841832476
44.75067216557351 75.19975413631943 51.24932783442649 82.80024586368057
82.19210302756673 52.6273650512729 91.80789697243327 55.3726349487271
3.7182690403986705 25.00794354334788 4.2817309596013295 34.99205645665212
38.70519820440591 46.170560248835656 41.29480179559409 55.829439751164344
72.06229007405452 52.08871706223483 73.93770992594548 61.91128293776517
90.44560445939935 80.24775268916265 93.55439554060065 89.75224731083735
64.97607107683493 25.10596592162396 67.02392892316507 34.89403407837604
17.261543142711325 16.679768031267802 24.738456857288675 23.320231968732198
56.9611720075603 79.05248096740911 65.0388279924397 84.94751903259089
17.674639091273853 64.49176296788686 26.325360908726147 69.50823703211314
31.963394670174374 45.433574841243335 36.036605329825626 54.566425158756665
40.756709727091526 19.005922523317434 41.243290272908474 28.994077476682566
21.862205230575135 31.10715476996966 28.137794769424865 38.89284523003034
49.347777767342855 48.16783507893788 58.652222232657145 51.83216492106212
3.8350094346459223 83.13761406482003 6.164990565354078 92.86238593517997
21.609115758833383 56.608319506983705 30.390884241166617 61.391680493016295
72.49027657570807 16.675501377782577 77.50972342429193 25.324498622217423
80.06539765119311 92.1939605101799 89.93460234880689 93.8060394898201
52.68104691343832 56.570275789360466 57.31895308656168 65.42972421063953
66.06836389562811 68.17600647207902 75.93163610437189 69.82399352792098
64.90617955909178 11.000880305006913 65.09382044090822 20.999119694993087
46.993263525549146 30.009003038399214 55.006736474450854 35.990996961600786
17.139130296144856 40.82869913252691 26.860869703855144 43.17130086747309
60.55624639712213 27.019730655884874 61.44375360287787 36.98026934411513
77.12967505253755 34.83446927024081 84.87032494746245 41.16553072975919
83.4781771206956 33.86619638949614 92.5218228793044 38.13380361050386
73.76353837966397 74.00559453967661 74.23646162033603 83.99440546032339
79.52894681415826 43.76176779368751 88.47105318584174 48.23823220631249
51.245620116090315 90.45213956718479 60.754379883909685 93.54786043281521
12.146356825933822 28.814182320506532 19.85364317406618 35.18581767949347
32.28261867768356 81.34279951126607 41.71738132231644 84.65720048873393
24.140428604992508 73.82332423462326 33.85957139500749 76.17667576537674
56.32333046043995 13.045999764409414 57.67666953956005 22.954000235590584
70.19881648377255 85.0646069079226 71.80118351622745 94.9353930920774
89.35134166282094 24.759173546006405 94.64865833717906 33.24082645399359
25.75762371106324 87.19382133880441 32.24237628893676 94.80617866119559
10.077982179182005 10.120374755051865 19.922017820817995 11.879625244948135
13.578039433011497 68.6257449763471 18.421960566988503 77.3742550236529
41.422856724350446 34.255253527524005 44.577143275649554 43.744746472475995
45.18960143050636 52.066111659293185 46.81039856949364 61.933888340706815
8.841992168677926 45.123534272393414 15.158007831322074 52.876465727606586
16.09154280482414 46.04760934321765 25.90845719517586 47.95239065678235
83.47394997849216 61.68501781129513 88.52605002150784 70.31498218870486
