86.28388844026864 10.33918942796951 95.71611155973136 13.66081057203049
66.89175972906939 42.15002423233039 75.10824027093061 47.84997576766961
17.95210760223736 6.036371368094548 24.04789239776264 13.963628631905452
38.464392269371594 10.464539920304482 45.535607730628406 17.53546007969552
23.933437364032212 79.05079835920141 30.066562635967788 86.94920164079859
61.51023994359683 46.22709575055757 64.48976005640317 55.77290424944243
35.46476056014296 60.24152967201565 38.53523943985704 69.75847032798434
42.015198633594174 75.61044212563651 51.984801366405826 76.38955787436349
83.19210302756673 54.6273650512729 92.80789697243327 57.3726349487271
5.7182690403986705 23.00794354334788 6.2817309596013295 32.99205645665212
38.70519820440591 49.170560248835656 41.29480179559409 58.829439751164344
72.19025957780244 50.86413748295847 77.80974042219756 59.13586251704153
90.73877732803622 78.54053007322652 95.26122267196378 87.45946992677348
64.97607107683493 25.10596592162396 67.02392892316507 34.89403407837604
14.679768031267802 17.261543142711325 21.320231968732198 24.738456857288675
59.22832803412126 77.05990664287842 60.77167196587874 86.94009335712158
21.674639091273853 63.491762967886864 30.325360908726147 68.50823703211314
32.21114724378267 46.33095236514194 35.78885275621733 55.66904763485806
37.756709727091526 19.005922523317434 38.243290272908474 28.994077476682566
22.862205230575135 29.10715476996966 29.137794769424865 36.89284523003034
52.16783507893788 42.347777767342855 55.83216492106212 51.652222232657145
5.38554666126837 81.73800120370794 10.61445333873163 90.26199879629206
25.586349472709344 53.20400248262253 28.413650527290656 62.79599751737747
74.71676015121773 16.167475246778633 77.28323984878227 25.832524753221367
81.06539765119311 95.1939605101799 90.93460234880689 96.8060394898201
52.5074594246318 56.22796451910932 55.4925405753682 65.77203548089068
69.06836389562811 68.17600647207902 78.93163610437189 69.82399352792098
62.39874749372705 10.531429633687274 69.60125250627294 17.468570366312726
50.281763702544595 25.051855234432047 51.718236297455405 34.94814476556795
17.139130296144856 40.82869913252691 26.860869703855144 43.17130086747309
58.55624639712213 30.019730655884874 59.44375360287787 39.98026934411513
77.12967505253755 31.83446927024081 84.87032494746245 38.16553072975919
86.311415381427 30.293761376011766 89.688584618573 39.706238623988234
73.76353837966397 74.00559453967661 74.23646162033603 83.99440546032339
79.52894681415826 42.76176779368751 88.47105318584174 47.23823220631249
54.73264835212453 84.54364313537657 59.26735164787547 93.45635686462343
11.146356825933822 29.814182320506532 18.85364317406618 36.18581767949347
32.49248997417786 81.8361253809167 41.50751002582214 86.1638746190833
25.140428604992508 74.82332423462326 34.85957139500749 77.17667576537674
57.32333046043995 11.045999764409412 58.67666953956005 20.954000235590588
65.0646069079226 87.19881648377255 74.9353930920774 88.80118351622745
91.87416712781142 24.128398585280234 94.12583287218858 33.87160141471976
17.015918997195406 89.60133151932672 26.984081002804594 90.39866848067328
10.897618846172858 9.141596797384267 19.102381153827142 14.858403202615733
10.194349869451719 74.61951935081969 19.80565013054828 77.38048064918031
37.529748889186706 35.760166299415836 46.470251110813294 40.239833700584164
44.18960143050636 51.066111659293185 45.81039856949364 60.933888340706815
7.841992168677926 46.123534272393414 14.158007831322074 53.876465727606586
16.09154280482414 46.04760934321765 25.90845719517586 47.95239065678235
83.68501781129514 64.47394997849216 92.31498218870486 69.52605002150784
