74.49083511753263 4.839575953030759 83.50916488246737 9.16042404696924
69.1500242323304 40.89175972906939 74.8499757676696 49.10824027093061
29.352476699059387 5.042105933489606 30.647523300940613 14.957894066510395
42.46453992030448 12.464392269371592 49.53546007969552 19.535607730628406
25.375879974344393 73.03910550469216 26.624120025655607 82.96089449530784
59.571627601041634 47.678466477488705 68.42837239895837 52.321533522511295
38.46476056014296 59.24152967201565 41.53523943985704 68.75847032798434
42.61044212563651 74.01519863359417 43.38955787436349 83.98480136640583
83.57090292788475 46.62970396720759 88.42909707211525 55.37029603279241
5.7182690403986705 30.00794354334788 6.2817309596013295 39.99205645665212
36.70519820440591 44.170560248835656 39.29480179559409 53.829439751164344
61.864137482958476 56.190259577802436 70.13586251704153 61.809740422197564
87.73877732803622 74.54053007322652 92.26122267196378 83.45946992677348
67.97607107683493 24.10596592162396 70.02392892316507 33.89403407837604
16.679768031267805 14.261543142711323 23.320231968732195 21.738456857288675
50.22832803412126 76.05990664287842 51.77167196587874 85.94009335712158
15.167916556130114 60.71509938459096 24.832083443869884 63.28490061540904
30.963394670174374 45.433574841243335 35.036605329825626 54.566425158756665
41.64068615223706 18.29662174869645 48.35931384776294 25.70337825130355
25.02858678030384 25.466098699167844 34.97141321969616 26.533901300832156
51.00591835163645 42.41484587176617 54.99408164836355 51.58515412823383
3.3855466612683696 80.73800120370794 8.61445333873163 89.26199879629206
25.609115758833383 57.608319506983705 34.39088424116662 62.391680493016295
72.49027657570807 8.675501377782577 77.50972342429193 17.324498622217423
81.94075322754364 81.08066520585551 90.05924677245636 86.91933479414449
56.68104691343832 65.57027578936047 61.31895308656168 74.42972421063953
72.09545807950097 65.93015525700748 77.90454192049903 74.06984474299252
57.00088030500691 11.906179559091782 66.99911969499308 12.093820440908218
47.993263525549146 34.009003038399214 56.006736474450854 39.990996961600786
15.139130296144858 39.82869913252691 24.860869703855144 42.17130086747309
53.01973065588487 31.556246397122127 62.98026934411513 32.44375360287788
75.83446927024082 30.129675052537543 82.16553072975918 37.87032494746246
89.311415381427 35.293761376011766 92.688584618573 44.706238623988234
69.63562564624017 71.30121841578026 76.36437435375983 78.69878158421974
87.76176779368751 44.52894681415827 92.23823220631249 53.47105318584173
56.24562011609031 85.45213956718479 65.75437988390969 88.54786043281521
10.52777606413838 27.02234949455073 11.47222393586162 36.97765050544927
31.342799511266072 73.28261867768356 34.65720048873393 82.71738132231644
28.73172869997427 64.39579952588579 37.26827130002573 69.60420047411421
52.045999764409416 16.323330460439944 61.954000235590584 17.676669539560056
72.19881648377255 86.0646069079226 73.80118351622745 95.9353930920774
93.87416712781142 27.128398585280234 96.12583287218858 36.87160141471976
25.015918997195406 95.60133151932672 34.984081002804594 96.39866848067328
4.141596797384266 3.8976188461728576 9.858403202615733 12.102381153827142
8.194349869451719 78.61951935081969 17.80565013054828 81.38048064918031
38.760166299415836 34.529748889186706 43.239833700584164 43.470251110813294
45.0842524206218 56.938175772716136 50.9157475793782 65.06182422728386
5.123534272393416 45.841992168677926 12.876465727606584 52.158007831322074
10.855754740377737 44.20263852387676 19.144245259622263 49.79736147612324
83.162659733843 63.73503393349223 92.837340266157 66.26496606650777
