75.49083511753263 8.839575953030758 84.50916488246737 13.160424046969242
63.15002423233039 36.89175972906939 68.8499757676696 45.10824027093061
24.95210760223736 7.036371368094548 31.04789239776264 14.963628631905452
48.99989559502411 11.00000000109004 49.00010440497589 20.99999999890996
22.375879974344393 79.03910550469216 23.624120025655607 88.96089449530784
58.678466477488705 38.571627601041634 63.321533522511295 47.428372398958366
37.72083158167524 60.549675144339346 42.27916841832476 69.45032485566065
41.75067216557351 87.19975413631943 48.24932783442649 94.80024586368057
80.19210302756673 53.6273650512729 89.80789697243327 56.3726349487271
3.0079435433478805 36.71826904039867 12.992056456652119 37.28173095960133
34.50063353257692 41.66950727266272 39.49936646742308 50.33049272733728
59.08871706223483 61.06229007405452 68.91128293776518 62.93770992594548
88.73877732803622 76.54053007322652 93.26122267196378 85.45946992677348
67.2634224008453 22.815368230799187 72.7365775991547 31.184631769200813
13.261543142711323 21.679768031267805 20.738456857288675 28.320231968732195
52.05248096740912 78.9611720075603 57.94751903259088 87.0388279924397
18.715099384590953 57.167916556130116 21.284900615409047 66.83208344386989
26.433574841243335 48.963394670174374 35.566425158756665 53.036605329825626
37.296621748696445 19.64068615223706 44.703378251303555 26.35931384776294
26.466098699167844 17.02858678030384 27.533901300832156 26.97141321969616
46.41484587176617 46.00591835163646 55.58515412823383 49.99408164836354
4.38554666126837 72.73800120370794 9.61445333873163 81.26199879629206
22.609115758833383 54.608319506983705 31.390884241166617 59.391680493016295
68.71676015121773 9.167475246778631 71.28323984878227 18.83252475322137
71.08066520585551 76.94075322754364 76.91933479414449 85.05924677245636
55.68104691343832 63.570275789360466 60.31895308656168 72.42972421063953
74.06836389562811 61.176006472079024 83.93163610437189 62.823993527920976
56.531429633687274 7.3987474937270505 63.468570366312726 14.60125250627295
44.993263525549146 35.009003038399214 53.006736474450854 40.990996961600786
16.3910808561397 39.73461128373987 21.6089191438603 48.26538871626013
53.01973065588487 31.556246397122127 62.98026934411513 32.44375360287788
77.50163522932095 27.024898739186707 78.49836477067905 36.97510126081329
85.29376137601176 30.311415381427004 94.70623862398824 33.688584618572996
66.00559453967661 69.76353837966397 75.99440546032339 70.23646162033603
85.52894681415826 45.76176779368751 94.47105318584174 50.23823220631249
60.73264835212453 78.54364313537657 65.26735164787547 87.45635686462343
8.81418232050653 26.14635682593382 15.18581767949347 33.85364317406618
26.492489974177857 75.8361253809167 35.50751002582214 80.1638746190833
30.82332423462326 64.14042860499251 33.176675765376736 73.85957139500749
53.01851521936885 15.975470459459435 60.98148478063115 22.024529540540563
72.07667237407013 85.94362777947151 77.92332762592987 94.05637222052849
87.12839858528024 25.874167127811422 96.87160141471976 28.125832872188578
27.75762371106324 82.19382133880441 34.24237628893676 89.80617866119559
6.077982179182004 8.120374755051865 15.922017820817995 9.879625244948135
12.61951935081969 71.19434986945171 15.38048064918031 80.80565013054829
38.422856724350446 32.255253527524005 41.577143275649554 41.744746472475995
43.0842524206218 54.938175772716136 48.9157475793782 63.061824227283864
2.025876044404079 53.491973549540205 11.974123955595921 54.508026450459795
8.09154280482414 48.04760934321765 17.90845719517586 49.95239065678235
90.73503393349223 63.162659733843 93.26496606650777 72.837340266157
