82.33918942796952 7.283888440268641 85.66081057203048 16.71611155973136
67.1500242323304 37.89175972906939 72.8499757676696 46.10824027093061
22.95210760223736 2.0363713680945477 29.04789239776264 9.963628631905452
42.46453992030448 14.464392269371592 49.53546007969552 21.535607730628406
20.933437364032212 74.05079835920141 27.066562635967788 81.94920164079859
60.678466477488705 45.571627601041634 65.3215335225113 54.428372398958366
37.46476056014296 62.24152967201565 40.53523943985704 71.75847032798434
44.61044212563651 74.01519863359417 45.38955787436349 83.98480136640583
82.57090292788475 48.62970396720759 87.42909707211525 57.37029603279241
2.7182690403986705 29.00794354334788 3.2817309596013295 38.99205645665212
36.70519820440591 45.170560248835656 39.29480179559409 54.829439751164344
64.08871706223482 60.06229007405452 73.91128293776518 61.93770992594548
84.54053007322652 77.73877732803622 93.45946992677348 82.26122267196378
66.2634224008453 24.815368230799187 71.7365775991547 33.18463176920081
14.008753264834931 17.704270345240726 23.99124673516507 18.295729654759274
48.9611720075603 76.05248096740911 57.0388279924397 81.94751903259089
16.491762967886864 53.67463909127385 21.508237032113136 62.32536090872615
31.21114724378267 46.33095236514194 34.78885275621733 55.66904763485806
38.64068615223706 16.29662174869645 45.35931384776294 23.70337825130355
22.02858678030384 27.466098699167844 31.97141321969616 28.533901300832156
51.16783507893788 42.347777767342855 54.83216492106212 51.652222232657145
4.38554666126837 83.73800120370794 9.61445333873163 92.26199879629206
29.586349472709344 55.20400248262253 32.413650527290656 64.79599751737747
72.49027657570807 6.675501377782578 77.50972342429193 15.324498622217423
81.06539765119311 88.1939605101799 90.93460234880689 89.8060394898201
50.22796451910932 67.50745942463179 59.77203548089068 70.49254057536821
71.06836389562811 69.17600647207902 80.93163610437189 70.82399352792098
59.39874749372705 10.531429633687274 66.60125250627294 17.468570366312726
50.993263525549146 33.009003038399214 59.006736474450854 38.990996961600786
16.139130296144856 40.82869913252691 25.860869703855144 43.17130086747309
55.792198956411625 27.164636592869808 62.207801043588375 34.83536340713019
78.12967505253755 31.83446927024081 85.87032494746245 38.16553072975919
88.86619638949614 33.478177120695605 93.13380361050386 42.521822879304395
68.00559453967661 78.76353837966397 77.99440546032339 79.23646162033603
85.76176779368751 44.52894681415827 90.23823220631249 53.47105318584173
54.54364313537657 89.73264835212453 63.45635686462343 94.26735164787547
8.022349494550731 30.52777606413838 17.97765050544927 31.47222393586162
29.492489974177857 75.8361253809167 38.50751002582214 80.1638746190833
26.140428604992508 68.82332423462326 35.85957139500749 71.17667576537674
52.045999764409416 17.323330460439944 61.954000235590584 18.676669539560056
73.19881648377255 85.0646069079226 74.80118351622745 94.9353930920774
92.87416712781142 24.128398585280234 95.12583287218858 33.87160141471976
25.015918997195406 95.60133151932672 34.984081002804594 96.39866848067328
5.141596797384266 3.8976188461728576 10.858403202615733 12.102381153827142
10.194349869451719 76.61951935081969 19.80565013054828 79.38048064918031
37.255253527524005 38.422856724350446 46.744746472475995 41.577143275649554
44.18960143050636 55.066111659293185 45.81039856949364 64.93388834070682
7.4919735495402024 42.02587604440408 8.508026450459798 51.97412395559592
12.855754740377737 44.20263852387676 21.144245259622263 49.79736147612324
84.162659733843 60.73503393349223 93.837340266157 63.26496606650777
