88.33918942796952 6.283888440268641 91.66081057203048 15.71611155973136
67.89175972906939 43.15002423233039 76.10824027093061 48.84997576766961
17.042105933489605 10.352476699059386 26.957894066510395 11.647523300940614
40.46453992030448 10.464392269371594 47.53546007969552 17.535607730628406
24.933437364032212 79.05079835920141 31.066562635967788 86.94920164079859
63.51023994359683 45.22709575055757 66.48976005640317 54.77290424944243
33.24152967201565 65.46476056014296 42.75847032798435 68.53523943985704
46.61044212563651 72.01519863359417 47.38955787436349 81.98480136640583
86.57090292788475 51.62970396720759 91.42909707211525 60.37029603279241
5.7182690403986705 21.00794354334788 6.2817309596013295 30.99205645665212
37.70519820440591 48.170560248835656 40.29480179559409 57.829439751164344
71.19025957780244 51.86413748295847 76.80974042219756 60.13586251704153
92.44560445939935 82.24775268916265 95.55439554060065 91.75224731083735
63.81536823079919 26.263422400845304 72.18463176920082 31.736577599154696
12.008753264834931 21.704270345240726 21.99124673516507 22.295729654759274
58.05248096740912 77.9611720075603 63.94751903259088 86.0388279924397
22.674639091273853 64.49176296788686 31.325360908726147 69.50823703211314
30.963394670174374 46.433574841243335 35.036605329825626 55.566425158756665
35.64068615223706 21.29662174869645 42.35931384776294 28.70337825130355
21.10715476996966 28.862205230575135 28.89284523003034 35.137794769424865
55.16783507893788 41.347777767342855 58.83216492106212 50.652222232657145
3.3855466612683696 82.73800120370794 8.61445333873163 91.26199879629206
22.609115758833383 54.608319506983705 31.390884241166617 59.391680493016295
73.71676015121773 18.167475246778633 76.28323984878227 27.832524753221367
83.94075322754364 91.08066520585551 92.05924677245636 96.91933479414449
52.5074594246318 53.22796451910932 55.4925405753682 62.77203548089068
69.06836389562811 66.17600647207902 78.93163610437189 67.82399352792098
62.39874749372705 12.531429633687274 69.60125250627294 19.468570366312726
49.281763702544595 24.051855234432047 50.718236297455405 33.94814476556795
17.139130296144856 40.82869913252691 26.860869703855144 43.17130086747309
55.16463659286981 33.79219895641162 62.83536340713019 40.20780104358838
76.12967505253755 33.83446927024081 83.87032494746245 40.16553072975919
86.311415381427 31.293761376011766 89.688584618573 40.706238623988234
70.30121841578026 73.63562564624017 77.69878158421974 80.36437435375983
77.2558188022919 44.42115714419928 86.7441811977081 47.57884285580072
54.45213956718479 83.24562011609031 57.54786043281521 92.75437988390969
12.146356825933822 30.814182320506532 19.85364317406618 37.18581767949347
31.28261867768356 80.34279951126607 40.71738132231644 83.65720048873393
26.140428604992508 73.82332423462326 35.85957139500749 76.17667576537674
58.32333046043995 13.045999764409412 59.67666953956005 22.954000235590588
71.19881648377255 84.0646069079226 72.80118351622745 93.9353930920774
90.87416712781142 25.128398585280234 93.12583287218858 34.87160141471976
21.75762371106324 85.19382133880441 28.24237628893676 92.80617866119559
8.897618846172858 10.141596797384267 17.102381153827142 15.858403202615733
12.194349869451719 73.61951935081969 21.80565013054828 76.38048064918031
41.422856724350446 34.255253527524005 44.577143275649554 43.744746472475995
44.18960143050636 51.066111659293185 45.81039856949364 60.933888340706815
8.123534272393414 47.841992168677926 15.876465727606586 54.158007831322074
16.09154280482414 46.04760934321765 25.90845719517586 47.95239065678235
83.68501781129514 66.47394997849216 92.31498218870486 71.52605002150784
