85.49083511753263 8.83957595303076 94.50916488246737 13.16042404696924
68.1500242323304 39.89175972906939 73.8499757676696 48.10824027093061
17.03637136809455 2.9521076022373567 24.96362863190545 9.047892397762643
40.464392269371594 9.464539920304482 47.535607730628406 16.53546007969552
24.933437364032212 78.05079835920141 31.066562635967788 85.94920164079859
63.51023994359683 46.22709575055757 66.48976005640317 55.77290424944243
34.24152967201565 69.46476056014296 43.75847032798435 72.53523943985704
47.61044212563651 78.01519863359417 48.38955787436349 87.98480136640583
83.19210302756673 51.6273650512729 92.80789697243327 54.3726349487271
2.7182690403986705 28.00794354334788 3.2817309596013295 37.99205645665212
37.70519820440591 45.170560248835656 40.29480179559409 54.829439751164344
70.06229007405452 50.08871706223483 71.93770992594548 59.91128293776517
89.44560445939935 76.24775268916265 92.55439554060065 85.75224731083735
65.97607107683493 25.10596592162396 68.02392892316507 34.89403407837604
15.008753264834931 17.704270345240726 24.99124673516507 18.295729654759274
55.9611720075603 79.05248096740911 64.0388279924397 84.94751903259089
17.167916556130116 65.71509938459096 26.832083443869884 68.28490061540904
31.963394670174374 47.433574841243335 36.036605329825626 56.566425158756665
41.756709727091526 19.005922523317434 42.243290272908474 28.994077476682566
22.862205230575135 30.10715476996966 29.137794769424865 37.89284523003034
51.00591835163645 45.41484587176617 54.99408164836355 54.58515412823383
2.8350094346459223 82.13761406482003 5.164990565354078 91.86238593517997
21.20400248262253 58.586349472709344 30.79599751737747 61.413650527290656
69.67550137778258 18.49027657570807 78.32449862221742 23.50972342429193
85.1939605101799 86.06539765119311 86.8060394898201 95.93460234880689
51.5074594246318 57.22796451910932 54.4925405753682 66.77203548089068
67.09545807950097 63.930155257007485 72.90454192049903 72.06984474299252
62.90617955909178 11.000880305006913 63.09382044090822 20.999119694993087
48.009003038399214 27.993263525549146 53.990996961600786 36.006736474450854
18.139130296144856 40.82869913252691 27.860869703855144 43.17130086747309
60.55624639712213 29.019730655884874 61.44375360287787 38.98026934411513
78.12967505253755 34.83446927024081 85.87032494746245 41.16553072975919
86.4781771206956 33.86619638949614 95.5218228793044 38.13380361050386
68.00559453967661 82.76353837966397 77.99440546032339 83.23646162033603
78.2558188022919 44.42115714419928 87.7441811977081 47.57884285580072
51.245620116090315 91.45213956718479 60.754379883909685 94.54786043281521
12.146356825933822 28.814182320506532 19.85364317406618 35.18581767949347
33.28261867768356 80.34279951126607 42.71738132231644 83.65720048873393
25.140428604992508 73.82332423462326 34.85957139500749 76.17667576537674
55.32333046043995 13.045999764409414 56.67666953956005 22.954000235590584
67.07667237407013 87.94362777947151 72.92332762592987 96.05637222052849
91.35134166282094 25.759173546006405 96.64865833717906 34.24082645399359
26.19382133880441 88.75762371106323 33.806178661195595 95.24237628893677
11.141596797384267 4.897618846172858 16.858403202615733 13.102381153827142
11.194349869451719 72.61951935081969 20.80565013054828 75.38048064918031
39.760166299415836 32.529748889186706 44.239833700584164 41.470251110813294
44.18960143050636 51.066111659293185 45.81039856949364 60.933888340706815
9.123534272393414 47.841992168677926 16.876465727606586 54.158007831322074
16.09154280482414 45.04760934321765 25.90845719517586 46.95239065678235
80.162659733843 64.73503393349223 89.837340266157 67.26496606650777
