81.83957595303076 8.490835117532622 86.16042404696924 17.509164882467378
65.07979825414479 41.110272637217825 74.92020174585521 42.889727362782175
23.95210760223736 3.0363713680945477 30.04789239776264 10.963628631905452
43.46453992030448 13.464392269371592 50.53546007969552 20.535607730628406
24.375879974344393 73.03910550469216 25.624120025655607 82.96089449530784
61.51023994359683 45.22709575055757 64.48976005640317 54.77290424944243
36.72083158167524 63.549675144339346 41.27916841832476 72.45032485566065
42.199754136319434 76.75067216557352 49.800245863680566 83.24932783442648
82.57090292788475 48.62970396720759 87.42909707211525 57.37029603279241
3.7182690403986705 28.00794354334788 4.2817309596013295 37.99205645665212
36.70519820440591 46.170560248835656 39.29480179559409 55.829439751164344
66.86413748295847 59.190259577802436 75.13586251704153 64.80974042219756
87.54053007322652 79.73877732803622 96.45946992677348 84.26122267196378
68.2634224008453 22.815368230799187 73.7365775991547 31.184631769200813
14.008753264834931 17.704270345240726 23.99124673516507 18.295729654759274
53.9611720075603 75.05248096740911 62.0388279924397 80.94751903259089
15.491762967886864 52.67463909127385 20.508237032113136 61.32536090872615
30.963394670174374 46.433574841243335 35.036605329825626 55.566425158756665
36.64068615223706 15.296621748696447 43.35931384776294 22.70337825130355
25.466098699167844 24.02858678030384 26.533901300832156 33.97141321969616
46.41484587176617 49.00591835163645 55.58515412823383 52.99408164836355
4.38554666126837 84.73800120370794 9.61445333873163 93.26199879629206
29.586349472709344 53.20400248262253 32.413650527290656 62.79599751737747
75.71676015121773 6.167475246778632 78.28323984878227 15.832524753221367
79.94075322754364 89.08066520585551 88.05924677245636 94.91933479414449
50.570275789360466 67.68104691343832 59.429724210639534 72.31895308656168
71.06836389562811 68.17600647207902 80.93163610437189 69.82399352792098
61.00088030500691 12.906179559091782 70.99911969499308 13.093820440908218
49.993263525549146 33.009003038399214 58.006736474450854 38.990996961600786
17.139130296144856 39.82869913252691 26.860869703855144 42.17130086747309
55.792198956411625 29.164636592869808 62.207801043588375 36.83536340713019
79.50163522932095 30.024898739186707 80.49836477067905 39.97510126081329
87.86619638949614 32.478177120695605 92.13380361050386 41.521822879304395
66.00559453967661 79.76353837966397 75.99440546032339 80.23646162033603
85.76176779368751 44.52894681415827 90.23823220631249 53.47105318584173
56.45213956718479 86.24562011609031 59.54786043281521 95.75437988390969
10.146356825933822 27.81418232050653 17.85364317406618 34.18581767949347
29.492489974177857 75.8361253809167 38.50751002582214 80.1638746190833
25.73172869997427 67.39579952588579 34.26827130002573 72.60420047411421
54.97547045945944 15.01851521936885 61.02452954054056 22.98148478063115
70.07667237407013 85.94362777947151 75.92332762592987 94.05637222052849
91.35134166282094 25.759173546006405 96.64865833717906 34.24082645399359
26.015918997195406 93.60133151932672 35.984081002804594 94.39866848067328
7.141596797384266 4.897618846172858 12.858403202615733 13.102381153827142
17.619519350819694 72.19434986945171 20.380480649180306 81.80565013054829
37.255253527524005 37.422856724350446 46.744746472475995 40.577143275649554
43.18960143050636 52.066111659293185 44.81039856949364 61.933888340706815
7.4919735495402024 44.02587604440408 8.508026450459798 53.97412395559592
12.09154280482414 47.04760934321765 21.90845719517586 48.95239065678235
83.162659733843 60.73503393349223 92.837340266157 63.26496606650777
