84.28388844026864 6.339189427969509 93.71611155973136 9.66081057203049
68.11027263721782 43.07979825414479 69.88972736278218 52.92020174585521
18.042105933489605 4.352476699059387 27.957894066510395 5.647523300940613
39.46453992030448 11.464392269371594 46.53546007969552 18.535607730628406
25.933437364032212 79.05079835920141 32.06656263596779 86.94920164079859
60.678466477488705 44.571627601041634 65.3215335225113 53.428372398958366
36.24152967201565 65.46476056014296 45.75847032798435 68.53523943985704
41.015198633594174 76.61044212563651 50.984801366405826 77.38955787436349
90.57090292788475 50.62970396720759 95.42909707211525 59.37029603279241
2.7182690403986705 22.00794354334788 3.2817309596013295 31.99205645665212
36.70519820440591 48.170560248835656 39.29480179559409 57.829439751164344
69.08871706223482 57.06229007405452 78.91128293776518 58.93770992594548
91.44560445939935 83.24775268916265 94.55439554060065 92.75224731083735
59.81536823079919 29.263422400845304 68.18463176920082 34.73657759915469
15.679768031267802 19.261543142711325 22.320231968732198 26.738456857288675
60.22832803412126 73.05990664287842 61.77167196587874 82.94009335712158
23.674639091273853 62.491762967886864 32.32536090872615 67.50823703211314
29.21114724378267 43.33095236514194 32.78885275621733 52.66904763485806
37.756709727091526 21.005922523317434 38.243290272908474 30.994077476682566
27.466098699167844 29.02858678030384 28.533901300832156 38.97141321969616
55.16783507893788 42.347777767342855 58.83216492106212 51.652222232657145
5.38554666126837 80.73800120370794 10.61445333873163 89.26199879629206
20.20400248262253 56.586349472709344 29.79599751737747 59.413650527290656
72.71676015121773 17.167475246778633 75.28323984878227 26.832524753221367
81.94075322754364 90.08066520585551 90.05924677245636 95.91933479414449
54.5074594246318 52.22796451910932 57.4925405753682 61.77203548089068
70.06836389562811 72.17600647207902 79.93163610437189 73.82399352792098
65.90617955909178 11.000880305006913 66.09382044090822 20.999119694993087
46.009003038399214 26.993263525549146 51.990996961600786 35.006736474450854
15.139130296144858 40.82869913252691 24.860869703855144 43.17130086747309
56.16463659286981 32.79219895641162 63.83536340713019 39.20780104358838
74.12967505253755 32.83446927024081 81.87032494746245 39.16553072975919
85.86619638949614 33.478177120695605 90.13380361050386 42.521822879304395
70.00559453967661 78.76353837966397 79.99440546032339 79.23646162033603
76.76176779368751 41.52894681415827 81.23823220631249 50.47105318584173
54.45213956718479 82.24562011609031 57.54786043281521 91.75437988390969
11.81418232050653 28.14635682593382 18.185817679493468 35.85364317406618
33.49248997417786 79.8361253809167 42.50751002582214 84.1638746190833
27.140428604992508 73.82332423462326 36.85957139500749 76.17667576537674
51.97547045945944 15.01851521936885 58.02452954054056 22.98148478063115
69.94362777947151 87.07667237407013 78.05637222052849 92.92332762592987
86.35134166282094 25.759173546006405 91.64865833717906 34.24082645399359
19.75762371106324 84.19382133880441 26.24237628893676 91.80617866119559
15.897618846172858 8.141596797384267 24.102381153827142 13.858403202615733
13.619519350819692 69.19434986945171 16.38048064918031 78.80565013054829
37.255253527524005 37.422856724350446 46.744746472475995 40.577143275649554
42.938175772716136 53.0842524206218 51.061824227283864 58.9157475793782
5.025876044404079 50.4919735495402 14.974123955595921 51.5080264504598
14.855754740377737 46.20263852387676 23.144245259622263 51.79736147612324
87.162659733843 68.73503393349223 96.837340266157 71.26496606650777
