75.33918942796952 5.28388844026864 78.66081057203048 14.71611155973136
67.11027263721782 35.07979825414479 68.88972736278218 44.92020174585521
32.35247669905939 6.042105933489606 33.64752330094061 15.957894066510395
44.46453992030448 12.464392269371592 51.53546007969552 19.535607730628406
21.375879974344393 75.03910550469216 22.624120025655607 84.96089449530784
59.678466477488705 39.571627601041634 64.3215335225113 48.428372398958366
39.72083158167524 59.549675144339346 44.27916841832476 68.45032485566065
41.199754136319434 81.75067216557352 48.800245863680566 88.24932783442648
81.62970396720759 50.570902927884745 90.37029603279241 55.429097072115255
5.7182690403986705 29.00794354334788 6.2817309596013295 38.99205645665212
34.66950727266272 45.50063353257692 43.33049272733728 50.49936646742308
58.864137482958476 59.190259577802436 67.13586251704153 64.80974042219756
87.24775268916265 78.44560445939935 96.75224731083735 81.55439554060065
65.2634224008453 24.815368230799187 70.7365775991547 33.18463176920081
18.704270345240726 16.00875326483493 19.295729654759274 25.99124673516507
52.05248096740912 78.9611720075603 57.94751903259088 87.0388279924397
17.674639091273853 57.491762967886864 26.325360908726147 62.508237032113136
26.33095236514194 48.21114724378267 35.66904763485806 51.78885275621733
37.00592252331743 20.75670972709153 46.99407747668257 21.24329027290847
24.10715476996966 19.862205230575135 31.89284523003034 26.137794769424865
45.347777767342855 46.16783507893788 54.652222232657145 49.83216492106212
5.835009434645922 76.13761406482003 8.164990565354078 85.86238593517997
25.20400248262253 54.586349472709344 34.79599751737747 57.413650527290656
69.49027657570807 12.675501377782577 74.50972342429193 21.324498622217423
77.06539765119311 82.1939605101799 86.93460234880689 83.8060394898201
53.22796451910932 68.50745942463179 62.77203548089068 71.49254057536821
75.17600647207902 61.06836389562811 76.82399352792098 70.93163610437189
62.90617955909178 4.000880305006912 63.09382044090822 13.999119694993087
46.993263525549146 36.009003038399214 55.006736474450854 41.990996961600786
16.3910808561397 38.73461128373987 21.6089191438603 47.26538871626013
54.01973065588487 30.556246397122127 63.98026934411513 31.443753602877873
75.83446927024082 29.129675052537543 82.16553072975918 36.87032494746246
88.86619638949614 30.478177120695605 93.13380361050386 39.521822879304395
70.76353837966397 67.00559453967661 71.23646162033603 76.99440546032339
89.42115714419928 41.255818802291905 92.57884285580072 50.744181197708095
60.45213956718479 79.24562011609031 63.54786043281521 88.75437988390969
10.52777606413838 28.02234949455073 11.47222393586162 37.97765050544927
28.492489974177857 75.8361253809167 37.50751002582214 80.1638746190833
27.73172869997427 66.39579952588579 36.26827130002573 71.60420047411421
55.97547045945944 12.01851521936885 62.02452954054056 19.98148478063115
70.19881648377255 87.0646069079226 71.80118351622745 96.9353930920774
93.87416712781142 25.128398585280234 96.12583287218858 34.87160141471976
28.601331519326717 84.0159189971954 29.398668480673283 93.9840810028046
6.1203747550518655 5.077982179182004 7.8796252449481345 14.922017820817995
13.61951935081969 75.19434986945171 16.38048064918031 84.80565013054829
38.760166299415836 32.529748889186706 43.239833700584164 41.470251110813294
43.0842524206218 56.938175772716136 48.9157475793782 65.06182422728386
6.123534272393416 47.841992168677926 13.876465727606584 54.158007831322074
9.855754740377737 44.20263852387676 18.144245259622263 49.79736147612324
83.162659733843 63.73503393349223 92.837340266157 66.26496606650777
