86.28388844026864 7.339189427969509 95.71611155973136 10.660810572030492
68.1500242323304 39.89175972906939 73.8499757676696 48.10824027093061
19.03637136809455 2.9521076022373567 26.96362863190545 9.047892397762643
38.464392269371594 10.464539920304482 45.535607730628406 17.53546007969552
23.933437364032212 78.05079835920141 30.066562635967788 85.94920164079859
63.51023994359683 46.22709575055757 66.48976005640317 55.77290424944243
34.24152967201565 67.46476056014296 43.75847032798435 70.53523943985704
43.75067216557351 77.19975413631943 50.24932783442649 84.80024586368057
83.19210302756673 51.6273650512729 92.80789697243327 54.3726349487271
2.7182690403986705 24.00794354334788 3.2817309596013295 33.99205645665212
38.70519820440591 46.170560248835656 41.29480179559409 55.829439751164344
72.06229007405452 53.08871706223483 73.93770992594548 62.91128293776517
87.54053007322652 82.73877732803622 96.45946992677348 87.26122267196378
64.97607107683493 25.10596592162396 67.02392892316507 34.89403407837604
16.261543142711325 16.679768031267802 23.738456857288675 23.320231968732198
56.9611720075603 80.05248096740911 65.0388279924397 85.94751903259089
17.674639091273853 64.49176296788686 26.325360908726147 69.50823703211314
31.963394670174374 45.433574841243335 36.036605329825626 54.566425158756665
40.756709727091526 19.005922523317434 41.243290272908474 28.994077476682566
21.862205230575135 31.10715476996966 28.137794769424865 38.89284523003034
49.347777767342855 48.16783507893788 58.652222232657145 51.83216492106212
2.8350094346459223 82.13761406482003 5.164990565354078 91.86238593517997
23.586349472709344 55.20400248262253 26.413650527290656 64.79599751737747
70.67550137778258 17.49027657570807 79.32449862221742 22.50972342429193
81.94075322754364 89.08066520585551 90.05924677245636 94.91933479414449
52.5074594246318 57.22796451910932 55.4925405753682 66.77203548089068
66.06836389562811 68.17600647207902 75.93163610437189 69.82399352792098
64.90617955909178 10.000880305006913 65.09382044090822 19.999119694993087
46.993263525549146 29.009003038399214 55.006736474450854 34.990996961600786
18.139130296144856 40.82869913252691 27.860869703855144 43.17130086747309
59.55624639712213 28.019730655884874 60.44375360287787 37.98026934411513
77.12967505253755 34.83446927024081 84.87032494746245 41.16553072975919
85.29376137601176 34.311415381427004 94.70623862398824 37.688584618572996
73.76353837966397 74.00559453967661 74.23646162033603 83.99440546032339
78.52894681415826 43.76176779368751 87.47105318584174 48.23823220631249
51.245620116090315 90.45213956718479 60.754379883909685 93.54786043281521
12.146356825933822 29.814182320506532 19.85364317406618 36.18581767949347
33.28261867768356 81.34279951126607 42.71738132231644 84.65720048873393
25.140428604992508 73.82332423462326 34.85957139500749 76.17667576537674
56.32333046043995 13.045999764409414 57.67666953956005 22.954000235590584
70.19881648377255 86.0646069079226 71.80118351622745 95.9353930920774
89.35134166282094 24.759173546006405 94.64865833717906 33.24082645399359
24.015918997195406 90.60133151932672 33.984081002804594 91.39866848067328
9.077982179182005 9.120374755051865 18.922017820817995 10.879625244948135
14.619519350819692 69.19434986945171 17.38048064918031 78.80565013054829
39.255253527524005 35.422856724350446 48.744746472475995 38.577143275649554
45.18960143050636 52.066111659293185 46.81039856949364 61.933888340706815
8.841992168677926 45.123534272393414 15.158007831322074 52.876465727606586
15.09154280482414 45.04760934321765 24.90845719517586 46.95239065678235
80.68501781129514 63.47394997849216 89.31498218870486 68.52605002150784
