83.49083511753263 6.83957595303076 92.50916488246737 11.16042404696924
65.89175972906939 44.15002423233039 74.10824027093061 49.84997576766961
18.042105933489605 5.352476699059387 27.957894066510395 6.647523300940613
41.464392269371594 11.46453992030448 48.535607730628406 18.53546007969552
24.933437364032212 80.05079835920141 31.066562635967788 87.94920164079859
61.51023994359683 44.22709575055757 64.48976005640317 53.77290424944243
35.24152967201565 65.46476056014296 44.75847032798435 68.53523943985704
42.75067216557351 72.19975413631943 49.24932783442649 79.80024586368057
90.57090292788475 49.62970396720759 95.42909707211525 58.37029603279241
2.7182690403986705 22.00794354334788 3.2817309596013295 31.99205645665212
37.70519820440591 49.170560248835656 40.29480179559409 58.829439751164344
69.08871706223482 56.06229007405452 78.91128293776518 57.93770992594548
91.44560445939935 83.24775268916265 94.55439554060065 92.75224731083735
59.81536823079919 29.263422400845304 68.18463176920082 34.73657759915469
13.008753264834931 19.704270345240726 22.99124673516507 20.295729654759274
61.22832803412126 74.05990664287842 62.77167196587874 83.94009335712158
23.674639091273853 64.49176296788686 32.32536090872615 69.50823703211314
30.21114724378267 45.33095236514194 33.78885275621733 54.66904763485806
38.756709727091526 20.005922523317434 39.243290272908474 29.994077476682566
23.862205230575135 28.10715476996966 30.137794769424865 35.89284523003034
55.00591835163646 41.41484587176617 58.99408164836354 50.58515412823383
6.835009434645922 81.13761406482003 9.164990565354078 90.86238593517997
18.609115758833383 54.608319506983705 27.390884241166617 59.391680493016295
72.71676015121773 18.167475246778633 75.28323984878227 27.832524753221367
83.94075322754364 91.08066520585551 92.05924677245636 96.91933479414449
54.5074594246318 52.22796451910932 57.4925405753682 61.77203548089068
70.06836389562811 72.17600647207902 79.93163610437189 73.82399352792098
65.90617955909178 12.000880305006913 66.09382044090822 21.999119694993087
46.281763702544595 27.051855234432047 47.718236297455405 36.94814476556795
16.734611283739873 39.391080856139695 25.265388716260127 44.608919143860305
57.16463659286981 32.79219895641162 64.83536340713019 39.20780104358838
73.12967505253755 31.83446927024081 80.87032494746245 38.16553072975919
85.86619638949614 32.478177120695605 90.13380361050386 41.521822879304395
70.00559453967661 79.76353837966397 79.99440546032339 80.23646162033603
76.76176779368751 41.52894681415827 81.23823220631249 50.47105318584173
54.45213956718479 83.24562011609031 57.54786043281521 92.75437988390969
9.022349494550731 31.52777606413838 18.97765050544927 32.47222393586162
34.28261867768356 80.34279951126607 43.71738132231644 83.65720048873393
28.140428604992508 72.82332423462326 37.85957139500749 75.17667576537674
51.97547045945944 16.01851521936885 58.02452954054056 23.98148478063115
72.19881648377255 85.0646069079226 73.80118351622745 94.9353930920774
89.87416712781142 26.128398585280234 92.12583287218858 35.87160141471976
18.75762371106324 83.19382133880441 25.24237628893676 90.80617866119559
15.897618846172858 10.141596797384267 24.102381153827142 15.858403202615733
10.578039433011497 69.6257449763471 15.421960566988503 78.3742550236529
37.529748889186706 37.760166299415836 46.470251110813294 42.239833700584164
43.938175772716136 52.0842524206218 52.061824227283864 57.9157475793782
7.841992168677926 47.123534272393414 14.158007831322074 54.876465727606586
14.09154280482414 48.04760934321765 23.90845719517586 49.95239065678235
86.162659733843 68.73503393349223 95.837340266157 71.26496606650777
