87.49083511753263 7.839575953030759 96.50916488246737 12.16042404696924
67.1500242323304 39.89175972906939 72.8499757676696 48.10824027093061
17.03637136809455 2.9521076022373567 24.96362863190545 9.047892397762643
39.464392269371594 9.464539920304482 46.535607730628406 16.53546007969552
24.933437364032212 78.05079835920141 31.066562635967788 85.94920164079859
63.51023994359683 46.22709575055757 66.48976005640317 55.77290424944243
34.549675144339346 66.72083158167524 43.450324855660654 71.27916841832476
43.75067216557351 78.19975413631943 50.24932783442649 85.80024586368057
83.19210302756673 50.6273650512729 92.80789697243327 53.3726349487271
2.7182690403986705 26.00794354334788 3.2817309596013295 35.99205645665212
38.70519820440591 46.170560248835656 41.29480179559409 55.829439751164344
71.06229007405452 52.08871706223483 72.93770992594548 61.91128293776517
90.44560445939935 79.24775268916265 93.55439554060065 88.75224731083735
65.97607107683493 26.10596592162396 68.02392892316507 35.89403407837604
16.261543142711325 16.679768031267802 23.738456857288675 23.320231968732198
59.22832803412126 78.05990664287842 60.77167196587874 87.94009335712158
17.674639091273853 64.49176296788686 26.325360908726147 69.50823703211314
32.21114724378267 45.33095236514194 35.78885275621733 54.66904763485806
41.756709727091526 19.005922523317434 42.243290272908474 28.994077476682566
21.862205230575135 30.10715476996966 28.137794769424865 37.89284523003034
51.00591835163645 44.41484587176617 54.99408164836355 53.58515412823383
2.8350094346459223 83.13761406482003 5.164990565354078 92.86238593517997
20.609115758833383 57.608319506983705 29.390884241166617 62.391680493016295
70.67550137778258 17.49027657570807 79.32449862221742 22.50972342429193
81.94075322754364 89.08066520585551 90.05924677245636 94.91933479414449
52.5074594246318 57.22796451910932 55.4925405753682 66.77203548089068
66.06836389562811 67.17600647207902 75.93163610437189 68.82399352792098
64.90617955909178 11.000880305006913 65.09382044090822 20.999119694993087
46.993263525549146 29.009003038399214 55.006736474450854 34.990996961600786
18.139130296144856 40.82869913252691 27.860869703855144 43.17130086747309
59.55624639712213 29.019730655884874 60.44375360287787 38.98026934411513
78.12967505253755 34.83446927024081 85.87032494746245 41.16553072975919
87.86619638949614 31.478177120695605 92.13380361050386 40.521822879304395
73.76353837966397 74.00559453967661 74.23646162033603 83.99440546032339
78.2558188022919 43.42115714419928 87.7441811977081 46.57884285580072
51.245620116090315 91.45213956718479 60.754379883909685 94.54786043281521
12.146356825933822 29.814182320506532 19.85364317406618 36.18581767949347
33.28261867768356 80.34279951126607 42.71738132231644 83.65720048873393
25.140428604992508 73.82332423462326 34.85957139500749 76.17667576537674
56.32333046043995 14.045999764409414 57.67666953956005 23.954000235590584
70.19881648377255 87.0646069079226 71.80118351622745 96.9353930920774
91.87416712781142 24.128398585280234 94.12583287218858 33.87160141471976
24.015918997195406 90.60133151932672 33.984081002804594 91.39866848067328
8.077982179182005 9.120374755051865 17.922017820817995 10.879625244948135
13.578039433011497 70.6257449763471 18.421960566988503 79.3742550236529
38.255253527524005 36.422856724350446 47.744746472475995 39.577143275649554
45.18960143050636 51.066111659293185 46.81039856949364 60.933888340706815
7.025876044404079 49.4919735495402 16.97412395559592 50.5080264504598
16.09154280482414 45.04760934321765 25.90845719517586 46.95239065678235
80.162659733843 63.73503393349223 89.837340266157 66.26496606650777
