75.28388844026864 9.339189427969512 84.71611155973136 12.660810572030488
63.15002423233039 36.89175972906939 68.8499757676696 45.10824027093061
24.95210760223736 7.036371368094548 31.04789239776264 14.963628631905452
48.99989559502411 11.00000000109004 49.00010440497589 20.99999999890996
22.375879974344393 79.03910550469216 23.624120025655607 88.96089449530784
57.678466477488705 38.571627601041634 62.321533522511295 47.428372398958366
37.72083158167524 60.549675144339346 42.27916841832476 69.45032485566065
41.75067216557351 87.19975413631943 48.24932783442649 94.80024586368057
79.19210302756673 54.6273650512729 88.80789697243327 57.3726349487271
3.0079435433478805 36.71826904039867 12.992056456652119 37.28173095960133
34.50063353257692 41.66950727266272 39.49936646742308 50.33049272733728
59.08871706223483 60.06229007405452 68.91128293776518 61.93770992594548
89.44560445939935 76.24775268916265 92.55439554060065 85.75224731083735
67.2634224008453 22.815368230799187 72.7365775991547 31.184631769200813
16.704270345240726 19.00875326483493 17.295729654759274 28.99124673516507
52.05248096740912 77.9611720075603 57.94751903259088 86.0388279924397
18.715099384590953 57.167916556130116 21.284900615409047 66.83208344386989
26.433574841243335 48.963394670174374 35.566425158756665 53.036605329825626
37.296621748696445 19.64068615223706 44.703378251303555 26.35931384776294
26.466098699167844 17.02858678030384 27.533901300832156 26.97141321969616
46.41484587176617 45.00591835163646 55.58515412823383 48.99408164836354
4.38554666126837 72.73800120370794 9.61445333873163 81.26199879629206
22.609115758833383 54.608319506983705 31.390884241166617 59.391680493016295
68.71676015121773 9.167475246778631 71.28323984878227 18.83252475322137
71.08066520585551 76.94075322754364 76.91933479414449 85.05924677245636
55.68104691343832 62.570275789360466 60.31895308656168 71.42972421063953
73.93015525700748 59.09545807950097 82.06984474299252 64.90454192049903
59.90617955909178 6.000880305006912 60.09382044090822 15.999119694993087
44.993263525549146 35.009003038399214 53.006736474450854 40.990996961600786
16.3910808561397 39.73461128373987 21.6089191438603 48.26538871626013
53.01973065588487 31.556246397122127 62.98026934411513 32.44375360287788
77.50163522932095 27.024898739186707 78.49836477067905 36.97510126081329
85.29376137601176 30.311415381427004 94.70623862398824 33.688584618572996
67.30121841578026 66.63562564624017 74.69878158421974 73.36437435375983
85.52894681415826 46.76176779368751 94.47105318584174 51.23823220631249
60.73264835212453 78.54364313537657 65.26735164787547 87.45635686462343
8.81418232050653 26.14635682593382 15.18581767949347 33.85364317406618
26.492489974177857 75.8361253809167 35.50751002582214 80.1638746190833
30.82332423462326 64.14042860499251 33.176675765376736 73.85957139500749
53.01851521936885 15.975470459459435 60.98148478063115 22.024529540540563
71.07667237407013 85.94362777947151 76.92332762592987 94.05637222052849
87.12839858528024 25.874167127811422 96.87160141471976 28.125832872188578
27.75762371106324 82.19382133880441 34.24237628893676 89.80617866119559
8.141596797384267 4.897618846172858 13.858403202615733 13.102381153827142
12.578039433011497 73.6257449763471 17.421960566988503 82.3742550236529
38.422856724350446 32.255253527524005 41.577143275649554 41.744746472475995
42.066111659293185 58.18960143050636 51.933888340706815 59.81039856949364
3.025876044404079 53.491973549540205 12.974123955595921 54.508026450459795
8.09154280482414 49.04760934321765 17.90845719517586 50.95239065678235
89.47394997849216 63.68501781129513 94.52605002150784 72.31498218870487
