74.83957595303076 3.4908351175326224 79.16042404696924 12.509164882467378
65.89175972906939 41.15002423233039 74.10824027093061 46.84997576766961
29.03637136809455 6.952107602237357 36.96362863190545 13.047892397762643
47.99989559502411 11.00000000109004 48.00010440497589 20.99999999890996
25.375879974344393 71.03910550469216 26.624120025655607 80.96089449530784
61.51023994359683 43.22709575055757 64.48976005640317 52.77290424944243
39.72083158167524 60.549675144339346 44.27916841832476 69.45032485566065
41.75067216557351 80.19975413631943 48.24932783442649 87.80024586368057
84.57090292788475 47.62970396720759 89.42909707211525 56.37029603279241
5.7182690403986705 31.00794354334788 6.2817309596013295 40.99205645665212
36.70519820440591 43.170560248835656 39.29480179559409 52.829439751164344
60.08871706223483 58.06229007405452 69.91128293776518 59.93770992594548
90.44560445939935 74.24775268916265 93.55439554060065 83.75224731083735
65.2634224008453 26.815368230799187 70.7365775991547 35.18463176920081
15.261543142711323 18.679768031267805 22.738456857288675 25.320231968732195
52.22832803412126 76.05990664287842 53.77167196587874 85.94009335712158
18.715099384590953 57.167916556130116 21.284900615409047 66.83208344386989
27.963394670174374 44.433574841243335 32.036605329825626 53.566425158756665
42.756709727091526 18.005922523317434 43.243290272908474 27.994077476682566
28.10715476996966 20.862205230575135 35.89284523003034 27.137794769424865
51.00591835163646 42.41484587176617 54.99408164836354 51.58515412823383
4.835009434645922 80.13761406482003 7.164990565354078 89.86238593517997
23.609115758833383 56.608319506983705 32.39088424116662 61.391680493016295
72.71676015121773 9.167475246778633 75.28323984878227 18.832524753221367
84.1939605101799 78.06539765119311 85.8060394898201 87.93460234880689
56.5074594246318 65.22796451910932 59.4925405753682 74.77203548089068
75.09545807950097 64.93015525700748 80.90454192049903 73.06984474299252
62.90617955909178 3.0008803050069117 63.09382044090822 12.999119694993087
47.993263525549146 33.009003038399214 56.006736474450854 38.990996961600786
15.734611283739873 41.391080856139695 24.265388716260127 46.608919143860305
54.792198956411625 27.164636592869808 61.207801043588375 34.83536340713019
78.50163522932095 31.024898739186707 79.49836477067905 40.97510126081329
88.86619638949614 33.478177120695605 93.13380361050386 42.521822879304395
71.76353837966397 68.00559453967661 72.23646162033603 77.99440546032339
87.76176779368751 43.52894681415827 92.23823220631249 52.47105318584173
58.45213956718479 80.24562011609031 61.54786043281521 89.75437988390969
11.52777606413838 28.02234949455073 12.47222393586162 37.97765050544927
30.342799511266072 74.28261867768356 33.65720048873393 83.71738132231644
28.140428604992508 65.82332423462326 37.85957139500749 68.17667576537674
55.01851521936885 16.975470459459437 62.98148478063115 23.024529540540563
66.94362777947151 88.07667237407013 75.05637222052849 93.92332762592987
93.87416712781142 29.128398585280234 96.12583287218858 38.87160141471976
22.015918997195406 93.60133151932672 31.984081002804594 94.39866848067328
5.1203747550518655 6.077982179182004 6.8796252449481345 15.922017820817995
9.19434986945172 78.61951935081969 18.80565013054828 81.38048064918031
38.760166299415836 33.529748889186706 43.239833700584164 42.470251110813294
43.0842524206218 57.938175772716136 48.9157475793782 66.06182422728386
5.123534272393416 44.841992168677926 12.876465727606584 51.158007831322074
11.855754740377737 44.20263852387676 20.144245259622263 49.79736147612324
85.162659733843 64.73503393349223 94.837340266157 67.26496606650777
