73.49083511753263 2.839575953030758 82.50916488246737 7.160424046969242
66.1500242323304 35.89175972906939 71.8499757676696 44.10824027093061
20.95210760223736 4.036371368094548 27.04789239776264 11.963628631905452
45.99989559502411 17.00000000109004 46.00010440497589 26.99999999890996
18.05079835920141 82.93343736403222 25.94920164079859 89.06656263596778
62.678466477488705 42.571627601041634 67.3215335225113 51.428372398958366
36.72083158167524 56.549675144339346 41.27916841832476 65.45032485566065
41.015198633594174 95.61044212563651 50.984801366405826 96.38955787436349
84.6273650512729 55.19210302756673 87.3726349487271 64.80789697243327
2.0079435433478805 36.71826904039867 11.992056456652119 37.28173095960133
37.50063353257692 46.66950727266272 42.49936646742308 55.33049272733728
60.190259577802436 61.86413748295847 65.80974042219756 70.13586251704153
92.44560445939935 76.24775268916265 95.55439554060065 85.75224731083735
66.2634224008453 19.815368230799187 71.7365775991547 28.184631769200813
18.261543142711325 22.679768031267805 25.738456857288675 29.320231968732195
55.22832803412126 76.05990664287842 56.77167196587874 85.94009335712158
7.167916556130114 66.71509938459096 16.832083443869884 69.28490061540904
22.963394670174374 48.433574841243335 27.036605329825626 57.566425158756665
40.756709727091526 20.005922523317434 41.243290272908474 29.994077476682566
29.466098699167844 24.02858678030384 30.533901300832156 33.97141321969616
38.347777767342855 42.16783507893788 47.652222232657145 45.83216492106212
8.38554666126837 84.73800120370794 13.61445333873163 93.26199879629206
17.609115758833383 57.608319506983705 26.390884241166617 62.391680493016295
62.71676015121773 3.167475246778631 65.28323984878227 12.832524753221369
76.06539765119311 91.1939605101799 85.93460234880689 92.8060394898201
54.5074594246318 62.22796451910932 57.4925405753682 71.77203548089068
71.06836389562811 64.17600647207902 80.93163610437189 65.82399352792098
52.531429633687274 6.3987474937270505 59.468570366312726 13.60125250627295
45.05185523443205 40.281763702544595 54.94814476556795 41.718236297455405
24.734611283739873 42.391080856139695 33.26538871626013 47.608919143860305
47.01973065588487 31.556246397122127 56.98026934411513 32.44375360287788
77.50163522932095 18.024898739186707 78.49836477067905 27.975101260813293
93.311415381427 34.293761376011766 96.688584618573 43.706238623988234
70.00559453967661 69.76353837966397 79.99440546032339 70.23646162033603
90.76176779368751 44.52894681415827 95.23823220631249 53.47105318584173
66.54364313537657 74.73264835212453 75.45635686462343 79.26735164787547
10.81418232050653 23.14635682593382 17.185817679493468 30.85364317406618
27.28261867768356 78.34279951126607 36.71738132231644 81.65720048873393
25.140428604992508 66.82332423462326 34.85957139500749 69.17667576537674
52.045999764409416 22.323330460439944 61.954000235590584 23.676669539560056
61.06460690792259 94.19881648377255 70.9353930920774 95.80118351622745
83.75917354600641 21.351341662820946 92.24082645399359 26.648658337179054
30.75762371106324 84.19382133880441 37.24237628893676 91.80617866119559
6.897618846172858 4.141596797384266 15.102381153827142 9.858403202615733
10.578039433011497 78.6257449763471 15.421960566988503 87.3742550236529
34.76016629941584 28.529748889186706 39.23983370058416 37.470251110813294
46.0842524206218 60.938175772716136 51.9157475793782 69.06182422728386
2.8419921686779266 47.123534272393414 9.158007831322074 54.876465727606586
4.855754740377738 41.20263852387676 13.144245259622263 46.79736147612324
90.47394997849216 59.68501781129513 95.52605002150784 68.31498218870487
9.170832318869339 73.70418384501384 18.829167681130663 76.29581615498616
68.04835074852704 56.30633603929041 77.95164925147296 57.69366396070959
89.03265306612354 88.95694917783796 96.96734693387646 95.04305082216204
89.03726089951832 5.950951161179337 96.96273910048168 12.049048838820664
42.57439967006732 84.67318635905241 51.42560032993268 89.32681364094759
25.119627718340727 2.912817222169214 34.88037228165927 5.087182777830786
83.85659309730434 32.00205697708955 84.14340690269566 41.99794302291045
58.068234311287235 53.91111370085252 65.93176568871276 60.08888629914748
73.68109560517266 7.480661827316334 82.31890439482734 12.519338172683666
3.0097804600088027 17.68741570306548 12.990219539991198 18.31258429693452
3.234299025744477 85.83455907243878 8.765700974255523 94.16544092756122
83.84446146454484 72.48849763136847 88.15553853545516 81.51150236863153
23.228350975068416 34.71752172395115 30.771649024931584 41.28247827604885
19.316153965475394 92.25026106951118 28.683846034524606 95.74973893048882
79.7248372699607 75.00757719418745 80.2751627300393 84.99242280581255
4.695798159643411 25.247367564204545 11.304201840356589 32.752632435795455
27.376424973136483 17.096699190625916 36.62357502686351 20.903300809374084
19.668704665932577 11.576758873251938 24.331295334067423 20.42324112674806
35.26148616211875 76.40422852256098 44.73851383788125 79.59577147743902
3.667088747140311 57.50482864820031 12.332911252859688 62.49517135179969
42.45940817332874 70.4695312610209 49.54059182667126 77.5304687389791
76.64304984118236 40.29447903376405 83.35695015881764 47.70552096623595
47.118462998796694 49.91383498733883 52.881537001203306 58.08616501266117
65.3136576960329 26.78294355907859 70.6863423039671 35.21705644092141
44.91906131052475 6.06200345458576 51.08093868947525 13.93799654541424
