72.28388844026864 4.339189427969512 81.71611155973136 7.660810572030488
65.1500242323304 36.89175972906939 70.8499757676696 45.10824027093061
18.03637136809455 5.952107602237358 25.96362863190545 12.047892397762642
46.99989559502411 13.00000000109004 47.00010440497589 22.99999999890996
19.05079835920141 83.93343736403222 26.94920164079859 90.06656263596778
61.678466477488705 39.571627601041634 66.3215335225113 48.428372398958366
38.46476056014296 61.24152967201565 41.53523943985704 70.75847032798434
44.015198633594174 92.61044212563651 53.984801366405826 93.38955787436349
79.62970396720759 54.570902927884745 88.37029603279241 59.429097072115255
2.669296899439492 32.2708691554309 9.330703100560509 39.7291308445691
35.50063353257692 44.66950727266272 40.49936646742308 53.33049272733728
59.864137482958476 64.19025957780244 68.13586251704153 69.80974042219756
91.73877732803622 74.54053007322652 96.26122267196378 83.45946992677348
66.2634224008453 21.815368230799187 71.7365775991547 30.184631769200813
15.261543142711323 23.679768031267805 22.738456857288675 30.320231968732195
52.05990664287841 81.22832803412126 61.94009335712159 82.77167196587874
15.715099384590953 60.167916556130116 18.284900615409047 69.83208344386989
22.433574841243335 51.963394670174374 31.566425158756665 56.036605329825626
42.756709727091526 21.005922523317434 43.243290272908474 30.994077476682566
25.10715476996966 26.862205230575135 32.89284523003034 33.137794769424865
43.347777767342855 42.16783507893788 52.652222232657145 45.83216492106212
7.835009434645922 79.13761406482003 10.164990565354078 88.86238593517997
17.609115758833383 54.608319506983705 26.390884241166617 59.391680493016295
65.49027657570807 4.675501377782578 70.50972342429193 13.324498622217423
73.94075322754364 84.08066520585551 82.05924677245636 89.91933479414449
55.5074594246318 65.22796451910932 58.4925405753682 74.77203548089068
73.06836389562811 60.176006472079024 82.93163610437189 61.823993527920976
55.00088030500691 14.906179559091782 64.99911969499308 15.093820440908218
46.05185523443205 38.281763702544595 55.94814476556795 39.718236297455405
21.391080856139695 40.73461128373987 26.608919143860305 49.26538871626013
50.01973065588487 34.55624639712212 59.98026934411513 35.44375360287788
75.50163522932095 25.024898739186707 76.49836477067905 34.97510126081329
91.86619638949614 35.478177120695605 96.13380361050386 44.521822879304395
72.00559453967661 67.76353837966397 81.99440546032339 68.23646162033603
86.52894681415826 45.76176779368751 95.47105318584174 50.23823220631249
68.45213956718479 81.24562011609031 71.54786043281521 90.75437988390969
7.81418232050653 24.14635682593382 14.18581767949347 31.85364317406618
28.492489974177857 77.8361253809167 37.50751002582214 82.1638746190833
22.73172869997427 68.39579952588579 31.26827130002573 73.60420047411421
51.045999764409416 23.323330460439944 60.954000235590584 24.676669539560056
67.0646069079226 95.19881648377255 76.9353930920774 96.80118351622745
87.12839858528024 23.874167127811422 96.87160141471976 26.125832872188578
30.601331519326717 84.0159189971954 31.398668480673283 93.9840810028046
10.120374755051865 2.077982179182004 11.879625244948135 11.922017820817995
11.61951935081969 76.19434986945171 14.38048064918031 85.80565013054829
35.422856724350446 26.255253527524005 38.577143275649554 35.744746472475995
46.0842524206218 59.938175772716136 51.9157475793782 68.06182422728386
4.123534272393416 47.841992168677926 11.876465727606584 54.158007831322074
6.855754740377738 43.20263852387676 15.144245259622263 48.79736147612324
92.73503393349223 60.162659733843 95.26496606650777 69.837340266157
11.501543175547386 67.6689823948238 16.498456824452614 76.3310176051762
65.04835074852704 52.30633603929041 74.95164925147296 53.69366396070959
86.04290020789023 87.34642395158238 95.95709979210977 88.65357604841762
88.95095116117933 7.0372608995183175 95.04904883882067 14.962739100481683
42.22532229181178 84.51593369995459 51.77467770818822 87.48406630004541
34.78030135033049 6.317809979517241 43.21969864966951 11.682190020482759
80.56732458988108 32.364516603150975 87.43267541011892 39.635483396849025
59.0356493710332 57.40399426791601 68.9643506289668 58.59600573208399
74.16463230911445 10.72751452112795 83.83536769088555 13.27248547887205
4.009780460008803 18.68741570306548 13.990219539991198 19.31258429693452
2.234299025744477 86.83455907243878 7.765700974255523 95.16544092756122
83.33408199733074 72.28569016627222 86.66591800266926 81.71430983372778
22.228350975068416 34.71752172395115 29.771649024931584 41.28247827604885
16.316153965475394 93.25026106951118 25.683846034524606 96.74973893048882
74.66439341180016 74.27525454711898 81.33560658819984 81.72474545288102
5.695798159643411 28.247367564204545 12.304201840356589 35.752632435795455
32.09669919062591 10.376424973136485 35.90330080937409 19.623575026863513
19.52077094412085 12.223821464785587 22.47922905587915 21.776178535214413
36.52098389956667 74.77774556540908 45.47901610043333 79.22225443459092
2.667088747140311 56.50482864820031 11.332911252859688 61.49517135179969
45.4695312610209 68.45940817332874 52.5304687389791 75.54059182667126
79.75352321835085 38.006078775540416 80.24647678164915 47.993921224459584
47.118462998796694 50.91383498733883 52.881537001203306 59.08616501266117
65.3136576960329 27.78294355907859 70.6863423039671 36.21705644092141
44.06200345458576 4.919061310524743 51.93799654541424 11.080938689475257
