74.49083511753263 7.839575953030758 83.50916488246737 12.160424046969242
65.1500242323304 35.89175972906939 70.8499757676696 44.10824027093061
22.95210760223736 5.036371368094548 29.04789239776264 12.963628631905452
47.99989559502411 11.00000000109004 48.00010440497589 20.99999999890996
20.933437364032212 82.05079835920141 27.066562635967788 89.94920164079859
56.22709575055757 41.51023994359683 65.77290424944243 44.48976005640317
36.72083158167524 61.549675144339346 41.27916841832476 70.45032485566065
41.015198633594174 89.61044212563651 50.984801366405826 90.38955787436349
79.19210302756673 52.6273650512729 88.80789697243327 55.3726349487271
3.669296899439492 34.2708691554309 10.330703100560509 41.7291308445691
35.50063353257692 43.66950727266272 40.49936646742308 52.33049272733728
59.08871706223483 61.06229007405452 68.91128293776518 62.93770992594548
88.73877732803622 76.54053007322652 93.26122267196378 85.45946992677348
67.2634224008453 20.815368230799187 72.7365775991547 29.184631769200813
13.261543142711323 22.679768031267805 20.738456857288675 29.320231968732195
49.9611720075603 78.05248096740911 58.0388279924397 83.94751903259089
17.491762967886864 59.67463909127385 22.508237032113136 68.32536090872615
26.433574841243335 50.963394670174374 35.566425158756665 55.036605329825626
40.296621748696445 20.64068615223706 47.703378251303555 27.35931384776294
26.466098699167844 18.02858678030384 27.533901300832156 27.97141321969616
45.41484587176617 46.00591835163646 54.58515412823383 49.99408164836354
4.38554666126837 71.73800120370794 9.61445333873163 80.26199879629206
20.609115758833383 54.608319506983705 29.390884241166617 59.391680493016295
67.49027657570807 10.675501377782577 72.50972342429193 19.324498622217423
76.1939605101799 79.06539765119311 77.8060394898201 88.93460234880689
54.5074594246318 62.22796451910932 57.4925405753682 71.77203548089068
74.06836389562811 62.176006472079024 83.93163610437189 63.823993527920976
60.90617955909178 9.000880305006913 61.09382044090822 18.999119694993087
44.993263525549146 38.009003038399214 53.006736474450854 43.990996961600786
18.3910808561397 36.73461128373987 23.6089191438603 45.26538871626013
53.01973065588487 31.556246397122127 62.98026934411513 32.44375360287788
78.50163522932095 28.024898739186707 79.49836477067905 37.97510126081329
87.29376137601176 32.311415381427004 96.70623862398824 35.688584618572996
74.00559453967661 67.76353837966397 83.99440546032339 68.23646162033603
86.2558188022919 45.42115714419928 95.7441811977081 48.57884285580072
65.45213956718479 79.24562011609031 68.54786043281521 88.75437988390969
7.81418232050653 25.14635682593382 14.18581767949347 32.85364317406618
26.492489974177857 76.8361253809167 35.50751002582214 81.1638746190833
27.395799525885792 66.73172869997427 32.60420047411421 75.26827130002573
52.97547045945944 20.01851521936885 59.02452954054056 27.98148478063115
68.0646069079226 95.19881648377255 77.9353930920774 96.80118351622745
86.35134166282094 20.759173546006405 91.64865833717906 29.240826453993595
27.75762371106324 82.19382133880441 34.24237628893676 89.80617866119559
7.077982179182004 8.120374755051865 16.922017820817995 9.879625244948135
12.61951935081969 73.19434986945171 15.38048064918031 82.80565013054829
37.422856724350446 32.255253527524005 40.577143275649554 41.744746472475995
44.0842524206218 56.938175772716136 49.9157475793782 65.06182422728386
3.025876044404079 51.491973549540205 12.974123955595921 52.508026450459795
7.091542804824139 47.04760934321765 16.90845719517586 48.95239065678235
92.73503393349223 59.162659733843 95.26496606650777 68.837340266157
14.70418384501384 63.17083231886934 17.29581615498616 72.82916768113066
61.04835074852704 51.30633603929041 70.95164925147296 52.69366396070959
84.03265306612354 86.95694917783796 91.96734693387646 93.04305082216204
87.35392342007538 6.041917199877265 88.64607657992462 15.958082800122735
40.22532229181178 82.51593369995459 49.77467770818822 85.48406630004541
33.78030135033049 7.317809979517241 42.21969864966951 12.682190020482759
83.56732458988108 34.364516603150975 90.43267541011892 41.635483396849025
55.0356493710332 56.40399426791601 64.9643506289668 57.59600573208399
74.68109560517266 12.480661827316334 83.31890439482734 17.519338172683668
2.0097804600088027 17.68741570306548 11.990219539991198 18.31258429693452
4.234299025744477 87.83455907243878 9.765700974255523 96.16544092756122
79.33408199733074 73.28569016627222 82.66591800266926 82.71430983372778
24.228350975068416 32.71752172395115 31.771649024931584 39.28247827604885
19.316153965475394 92.25026106951118 28.683846034524606 95.74973893048882
63.00757719418744 73.7248372699607 72.99242280581255 74.2751627300393
4.695798159643411 29.247367564204545 11.304201840356589 36.752632435795455
34.07647565412629 18.384801836233777 37.92352434587371 27.615198163766223
19.52077094412085 15.223821464785587 22.47922905587915 24.776178535214413
36.52098389956667 73.77774556540908 45.47901610043333 78.22225443459092
3.1718164877434507 55.70052165390338 12.82818351225655 58.29947834609662
46.4695312610209 67.45940817332874 53.5304687389791 74.54059182667126
72.64304984118236 39.29447903376405 79.35695015881764 46.70552096623595
46.118462998796694 50.91383498733883 51.881537001203306 59.08616501266117
64.3136576960329 25.78294355907859 69.6863423039671 34.21705644092141
46.06200345458576 3.9190613105247434 53.93799654541424 10.080938689475257
