77.28388844026864 7.339189427969512 86.71611155973136 10.660810572030488
65.1500242323304 35.89175972906939 70.8499757676696 44.10824027093061
25.352476699059387 4.042105933489606 26.647523300940613 13.957894066510395
47.99989559502411 13.00000000109004 48.00010440497589 22.99999999890996
19.933437364032212 82.05079835920141 26.066562635967788 89.94920164079859
61.51023994359683 38.22709575055757 64.48976005640317 47.77290424944243
38.72083158167524 60.549675144339346 43.27916841832476 69.45032485566065
45.75067216557351 89.19975413631943 52.24932783442649 96.80024586368057
78.19210302756673 51.6273650512729 87.80789697243327 54.3726349487271
3.669296899439492 34.2708691554309 10.330703100560509 41.7291308445691
36.50063353257692 44.66950727266272 41.49936646742308 53.33049272733728
59.08871706223483 62.06229007405452 68.91128293776518 63.93770992594548
88.73877732803622 77.54053007322652 93.26122267196378 86.45946992677348
66.2634224008453 20.815368230799187 71.7365775991547 29.184631769200813
12.261543142711323 23.679768031267805 19.738456857288675 30.320231968732195
50.9611720075603 78.05248096740911 59.0388279924397 83.94751903259089
15.491762967886864 58.67463909127385 20.508237032113136 67.32536090872615
23.433574841243335 50.963394670174374 32.566425158756665 55.036605329825626
40.296621748696445 22.64068615223706 47.703378251303555 29.35931384776294
26.466098699167844 22.02858678030384 27.533901300832156 31.97141321969616
48.41484587176617 46.00591835163646 57.58515412823383 49.99408164836354
5.38554666126837 78.73800120370794 10.61445333873163 87.26199879629206
19.609115758833383 54.608319506983705 28.390884241166617 59.391680493016295
68.49027657570807 8.675501377782577 73.50972342429193 17.324498622217423
74.08066520585551 81.94075322754364 79.91933479414449 90.05924677245636
54.5074594246318 61.22796451910932 57.4925405753682 70.77203548089068
72.06836389562811 61.176006472079024 81.93163610437189 62.823993527920976
59.531429633687274 6.3987474937270505 66.46857036631273 13.60125250627295
43.993263525549146 37.009003038399214 52.006736474450854 42.990996961600786
15.734611283739873 38.391080856139695 24.265388716260127 43.608919143860305
53.01973065588487 31.556246397122127 62.98026934411513 32.44375360287788
77.50163522932095 28.024898739186707 78.49836477067905 37.97510126081329
88.86619638949614 29.478177120695605 93.13380361050386 38.521822879304395
75.00559453967661 67.76353837966397 84.99440546032339 68.23646162033603
85.52894681415826 46.76176779368751 94.47105318584174 51.23823220631249
65.73264835212453 81.54364313537657 70.26735164787547 90.45635686462343
8.81418232050653 26.14635682593382 15.18581767949347 33.85364317406618
27.28261867768356 78.34279951126607 36.71738132231644 81.65720048873393
27.395799525885792 66.73172869997427 32.60420047411421 75.26827130002573
54.97547045945944 20.01851521936885 61.02452954054056 27.98148478063115
63.06460690792259 95.19881648377255 72.9353930920774 96.80118351622745
85.75917354600641 20.351341662820946 94.24082645399359 25.648658337179054
27.75762371106324 85.19382133880441 34.24237628893676 92.80617866119559
10.897618846172858 4.141596797384267 19.102381153827142 9.858403202615733
10.61951935081969 73.19434986945171 13.38048064918031 82.80565013054829
35.422856724350446 30.255253527524005 38.577143275649554 39.744746472475995
44.0842524206218 56.938175772716136 49.9157475793782 65.06182422728386
3.1235342723934156 47.841992168677926 10.876465727606584 54.158007831322074
8.09154280482414 46.04760934321765 17.90845719517586 47.95239065678235
91.47394997849216 56.68501781129513 96.52605002150784 65.31498218870487
9.668982394823804 66.50154317554738 18.331017605176196 71.49845682445262
63.04835074852704 52.30633603929041 72.95164925147296 53.69366396070959
87.34642395158238 84.04290020789023 88.65357604841762 93.95709979210977
85.95095116117933 2.037260899518318 92.04904883882067 9.962739100481683
42.57439967006732 82.67318635905241 51.42560032993268 87.32681364094759
36.91281722216922 2.1196277183407277 39.08718277783078 11.880372281659273
83.56732458988108 35.364516603150975 90.43267541011892 42.635483396849025
58.0356493710332 57.40399426791601 67.9643506289668 58.59600573208399
75.16463230911445 11.72751452112795 84.83536769088555 14.27248547887205
3.0097804600088027 17.68741570306548 12.990219539991198 18.31258429693452
2.234299025744477 87.83455907243878 7.765700974255523 96.16544092756122
80.33408199733074 72.28569016627222 83.66591800266926 81.71430983372778
23.228350975068416 35.71752172395115 30.771649024931584 42.28247827604885
20.316153965475394 93.25026106951118 29.683846034524606 96.74973893048882
66.00757719418745 76.7248372699607 75.99242280581255 77.2751627300393
4.695798159643411 28.247367564204545 11.304201840356589 35.752632435795455
32.09669919062592 16.376424973136483 35.90330080937408 25.623575026863517
18.52077094412085 14.223821464785587 21.47922905587915 23.776178535214413
36.52098389956667 72.77774556540908 45.47901610043333 77.22225443459092
2.1718164877434507 57.70052165390338 11.82818351225655 60.29947834609662
47.4695312610209 68.45940817332874 54.5304687389791 75.54059182667126
73.64304984118236 40.29447903376405 80.35695015881764 47.70552096623595
45.118462998796694 50.91383498733883 50.881537001203306 59.08616501266117
65.3136576960329 26.78294355907859 70.6863423039671 35.21705644092141
45.91906131052475 3.06200345458576 52.08093868947525 10.93799654541424
