76.28388844026864 7.339189427969512 85.71611155973136 10.660810572030488
65.1500242323304 35.89175972906939 70.8499757676696 44.10824027093061
24.352476699059387 5.042105933489606 25.647523300940613 14.957894066510395
46.99989559502411 13.00000000109004 47.00010440497589 22.99999999890996
19.933437364032212 83.05079835920141 26.066562635967788 90.94920164079859
61.678466477488705 38.571627601041634 66.3215335225113 47.428372398958366
37.72083158167524 61.549675144339346 42.27916841832476 70.45032485566065
46.015198633594174 93.61044212563651 55.984801366405826 94.38955787436349
78.19210302756673 52.6273650512729 87.80789697243327 55.3726349487271
4.669296899439492 34.2708691554309 11.330703100560509 41.7291308445691
38.70519820440591 44.170560248835656 41.29480179559409 53.829439751164344
59.08871706223483 62.06229007405452 68.91128293776518 63.93770992594548
89.73877732803622 76.54053007322652 94.26122267196378 85.45946992677348
67.2634224008453 20.815368230799187 72.7365775991547 29.184631769200813
15.261543142711323 24.679768031267805 22.738456857288675 31.320231968732195
50.05990664287841 80.22832803412126 59.94009335712159 81.77167196587874
16.715099384590953 58.167916556130116 19.284900615409047 67.83208344386989
22.33095236514194 51.21114724378267 31.66904763485806 54.78885275621733
40.296621748696445 22.64068615223706 47.703378251303555 29.35931384776294
27.466098699167844 21.02858678030384 28.533901300832156 30.97141321969616
48.41484587176617 46.00591835163646 57.58515412823383 49.99408164836354
5.38554666126837 77.73800120370794 10.61445333873163 86.26199879629206
18.609115758833383 54.608319506983705 27.390884241166617 59.391680493016295
68.71676015121773 7.167475246778631 71.28323984878227 16.83252475322137
75.1939605101799 81.06539765119311 76.8060394898201 90.93460234880689
54.68104691343832 63.570275789360466 59.31895308656168 72.42972421063953
73.06836389562811 62.176006472079024 82.93163610437189 63.823993527920976
62.90617955909178 4.000880305006912 63.09382044090822 13.999119694993087
43.993263525549146 37.009003038399214 52.006736474450854 42.990996961600786
16.139130296144856 40.82869913252691 25.860869703855144 43.17130086747309
52.01973065588487 32.55624639712212 61.98026934411513 33.44375360287788
77.50163522932095 28.024898739186707 78.49836477067905 37.97510126081329
89.86619638949614 30.478177120695605 94.13380361050386 39.521822879304395
75.00559453967661 68.76353837966397 84.99440546032339 69.23646162033603
85.2558188022919 46.42115714419928 94.7441811977081 49.57884285580072
67.45213956718479 81.24562011609031 70.54786043281521 90.75437988390969
8.81418232050653 25.14635682593382 15.18581767949347 32.85364317406618
27.492489974177857 77.8361253809167 36.50751002582214 82.1638746190833
26.395799525885792 65.73172869997427 31.604200474114208 74.26827130002573
53.97547045945944 20.01851521936885 60.02452954054056 27.98148478063115
62.06460690792259 95.19881648377255 71.9353930920774 96.80118351622745
85.75917354600641 20.351341662820946 94.24082645399359 25.648658337179054
26.75762371106324 84.19382133880441 33.24237628893676 91.80617866119559
7.897618846172858 4.141596797384267 16.102381153827142 9.858403202615733
10.61951935081969 73.19434986945171 13.38048064918031 82.80565013054829
36.422856724350446 28.255253527524005 39.577143275649554 37.744746472475995
44.0842524206218 57.938175772716136 49.9157475793782 66.06182422728386
2.1235342723934156 47.841992168677926 9.876465727606584 54.158007831322074
7.091542804824139 46.04760934321765 16.90845719517586 47.95239065678235
93.73503393349223 55.162659733843 96.26496606650777 64.837340266157
7.668982394823803 66.50154317554738 16.331017605176196 71.49845682445262
63.04835074852704 52.30633603929041 72.95164925147296 53.69366396070959
85.04290020789023 90.34642395158238 94.95709979210977 91.65357604841762
86.95095116117933 2.037260899518318 93.04904883882067 9.962739100481683
41.22532229181178 83.51593369995459 50.77467770818822 86.48406630004541
34.31780997951724 3.7803013503304888 39.68219002048276 12.21969864966951
83.56732458988108 35.364516603150975 90.43267541011892 42.635483396849025
57.0356493710332 56.40399426791601 66.9643506289668 57.59600573208399
74.16463230911445 11.72751452112795 83.83536769088555 14.27248547887205
2.0097804600088027 17.68741570306548 11.990219539991198 18.31258429693452
4.0102343871198025 87.09894255985915 5.9897656128801975 96.90105744014085
80.33408199733074 73.28569016627222 83.66591800266926 82.71430983372778
23.01197875012358 37.65410404630691 32.988021249876425 38.34589595369309
19.316153965475394 93.25026106951118 28.683846034524606 96.74973893048882
67.00757719418745 75.7248372699607 76.99242280581255 76.2751627300393
4.695798159643411 27.247367564204545 11.304201840356589 34.752632435795455
32.09669919062592 13.376424973136483 35.90330080937408 22.623575026863517
17.668704665932577 13.576758873251938 22.331295334067423 22.42324112674806
37.26148616211875 74.40422852256098 46.73851383788125 77.59577147743902
2.1718164877434507 58.70052165390338 11.82818351225655 61.29947834609662
46.4695312610209 68.45940817332874 53.5304687389791 75.54059182667126
73.64304984118236 40.29447903376405 80.35695015881764 47.70552096623595
45.118462998796694 50.91383498733883 50.881537001203306 59.08616501266117
65.3136576960329 26.78294355907859 70.6863423039671 35.21705644092141
44.036863298700446 7.393968578196341 53.963136701299554 8.606031421803658
