72.28388844026864 3.339189427969511 81.71611155973136 6.660810572030488
65.1500242323304 36.89175972906939 70.8499757676696 45.10824027093061
18.95210760223736 3.0363713680945477 25.04789239776264 10.963628631905452
45.99989559502411 14.00000000109004 46.00010440497589 23.99999999890996
20.05079835920141 83.93343736403222 27.94920164079859 90.06656263596778
62.678466477488705 40.571627601041634 67.3215335225113 49.428372398958366
32.549675144339346 60.72083158167524 41.450324855660654 65.27916841832476
42.015198633594174 95.61044212563651 51.984801366405826 96.38955787436349
79.19210302756673 53.6273650512729 88.80789697243327 56.3726349487271
2.669296899439492 31.270869155430905 9.330703100560509 38.7291308445691
40.70519820440591 47.170560248835656 43.29480179559409 56.829439751164344
60.190259577802436 62.86413748295847 65.80974042219756 71.13586251704153
91.44560445939935 79.24775268916265 94.55439554060065 88.75224731083735
66.2634224008453 20.815368230799187 71.7365775991547 29.184631769200813
17.261543142711325 22.679768031267805 24.738456857288675 29.320231968732195
51.05990664287841 80.22832803412126 60.94009335712159 81.77167196587874
12.674639091273853 62.491762967886864 21.325360908726147 67.50823703211314
22.33095236514194 52.21114724378267 31.66904763485806 55.78885275621733
41.756709727091526 21.005922523317434 42.243290272908474 30.994077476682566
28.466098699167844 23.02858678030384 29.533901300832156 32.97141321969616
41.41484587176617 42.00591835163646 50.58515412823383 45.99408164836354
7.38554666126837 84.73800120370794 12.61445333873163 93.26199879629206
16.609115758833383 55.608319506983705 25.390884241166617 60.391680493016295
66.71676015121773 6.167475246778631 69.28323984878227 15.832524753221369
75.94075322754364 84.08066520585551 84.05924677245636 89.91933479414449
55.5074594246318 62.22796451910932 58.4925405753682 71.77203548089068
75.06836389562811 59.176006472079024 84.93163610437189 60.823993527920976
60.90617955909178 6.000880305006912 61.09382044090822 15.999119694993087
48.05185523443205 39.281763702544595 57.94814476556795 40.718236297455405
23.391080856139695 38.73461128373987 28.608919143860305 47.26538871626013
51.01973065588487 35.55624639712212 60.98026934411513 36.44375360287788
72.12967505253755 21.83446927024081 79.87032494746245 28.16553072975919
91.86619638949614 38.478177120695605 96.13380361050386 47.521822879304395
70.00559453967661 68.76353837966397 79.99440546032339 69.23646162033603
89.42115714419928 45.255818802291905 92.57884285580072 54.744181197708095
69.45213956718479 79.24562011609031 72.54786043281521 88.75437988390969
8.81418232050653 25.14635682593382 15.18581767949347 32.85364317406618
27.492489974177857 76.8361253809167 36.50751002582214 81.1638746190833
25.395799525885796 64.73172869997427 30.604200474114204 73.26827130002573
50.01851521936885 19.975470459459437 57.98148478063115 26.024529540540563
68.0646069079226 93.19881648377255 77.9353930920774 94.80118351622745
88.35134166282094 20.759173546006405 93.64865833717906 29.240826453993595
30.75762371106324 85.19382133880441 37.24237628893676 92.80617866119559
6.897618846172858 4.141596797384266 15.102381153827142 9.858403202615733
11.578039433011497 80.6257449763471 16.421960566988503 89.3742550236529
34.76016629941584 28.529748889186706 39.23983370058416 37.470251110813294
47.0842524206218 59.938175772716136 52.9157475793782 68.06182422728386
5.123534272393416 47.841992168677926 12.876465727606584 54.158007831322074
6.855754740377738 42.20263852387676 15.144245259622263 47.79736147612324
93.73503393349223 59.162659733843 96.26496606650777 68.837340266157
12.70418384501384 68.17083231886934 15.29581615498616 77.82916768113066
63.04835074852704 54.30633603929041 72.95164925147296 55.69366396070959
87.95694917783796 88.03265306612354 94.04305082216204 95.96734693387646
86.03726089951832 7.950951161179337 93.96273910048168 14.049048838820664
45.57439967006732 82.67318635905241 54.42560032993268 87.32681364094759
31.78030135033049 3.317809979517241 40.21969864966951 8.682190020482759
84.85659309730434 32.00205697708955 85.14340690269566 41.99794302291045
58.068234311287235 55.91111370085252 65.93176568871276 62.08888629914748
75.16463230911445 10.72751452112795 84.83536769088555 13.27248547887205
4.6924123997174405 13.25035144760778 11.30758760028256 20.74964855239222
2.234299025744477 86.83455907243878 7.765700974255523 95.16544092756122
84.33408199733074 74.28569016627222 87.66591800266926 83.71430983372778
25.228350975068416 34.71752172395115 32.771649024931584 41.28247827604885
19.316153965475394 93.25026106951118 28.683846034524606 96.74973893048882
75.66439341180016 74.27525454711898 82.33560658819984 81.72474545288102
4.695798159643411 27.247367564204545 11.304201840356589 34.752632435795455
27.376424973136483 16.096699190625916 36.62357502686351 19.903300809374084
19.668704665932577 14.576758873251938 24.331295334067423 23.42324112674806
35.26148616211875 75.40422852256098 44.73851383788125 78.59577147743902
3.1718164877434507 55.70052165390338 12.82818351225655 58.29947834609662
42.00000512384785 72.99284189604633 51.99999487615215 73.00715810395367
73.64304984118236 39.29447903376405 80.35695015881764 46.70552096623595
47.118462998796694 50.91383498733883 52.881537001203306 59.08616501266117
64.3136576960329 26.78294355907859 69.6863423039671 35.21705644092141
43.06200345458576 3.9190613105247434 50.93799654541424 10.080938689475257
