74.49083511753263 2.839575953030758 83.50916488246737 7.160424046969242
63.15002423233039 35.89175972906939 68.8499757676696 44.10824027093061
17.042105933489605 7.352476699059387 26.957894066510395 8.647523300940614
46.99989559502411 17.00000000109004 47.00010440497589 26.99999999890996
16.05079835920141 81.93343736403222 23.94920164079859 88.06656263596778
61.678466477488705 43.571627601041634 66.3215335225113 52.428372398958366
36.72083158167524 55.549675144339346 41.27916841832476 64.45032485566065
42.015198633594174 95.61044212563651 51.984801366405826 96.38955787436349
82.57090292788475 55.62970396720759 87.42909707211525 64.37029603279241
2.669296899439492 33.2708691554309 9.330703100560509 40.7291308445691
40.70519820440591 49.170560248835656 43.29480179559409 58.829439751164344
59.190259577802436 60.86413748295847 64.80974042219756 69.13586251704153
93.44560445939935 73.24775268916265 96.55439554060065 82.75224731083735
69.97607107683493 15.105965921623959 72.02392892316507 24.89403407837604
17.261543142711325 23.679768031267805 24.738456857288675 30.320231968732195
52.05990664287841 81.22832803412126 61.94009335712159 82.77167196587874
7.167916556130114 66.71509938459096 16.832083443869884 69.28490061540904
21.433574841243335 51.963394670174374 30.566425158756665 56.036605329825626
40.756709727091526 21.005922523317434 41.243290272908474 30.994077476682566
29.466098699167844 24.02858678030384 30.533901300832156 33.97141321969616
37.347777767342855 42.16783507893788 46.652222232657145 45.83216492106212
7.38554666126837 84.73800120370794 12.61445333873163 93.26199879629206
16.609115758833383 56.608319506983705 25.390884241166617 61.391680493016295
60.490276575708066 2.6755013777825782 65.50972342429193 11.324498622217423
77.08066520585551 87.94075322754364 82.91933479414449 96.05924677245636
54.68104691343832 62.570275789360466 59.31895308656168 71.42972421063953
71.06836389562811 63.176006472079024 80.93163610437189 64.82399352792098
52.531429633687274 5.3987474937270505 59.468570366312726 12.60125250627295
47.009003038399214 36.993263525549146 52.990996961600786 45.006736474450854
22.734611283739873 41.391080856139695 31.265388716260127 46.608919143860305
48.01973065588487 32.55624639712212 57.98026934411513 33.44375360287788
75.50163522932095 17.024898739186707 76.49836477067905 26.975101260813293
93.311415381427 32.293761376011766 96.688584618573 41.706238623988234
70.00559453967661 69.76353837966397 79.99440546032339 70.23646162033603
92.42115714419928 43.255818802291905 95.57884285580072 52.744181197708095
66.24562011609031 78.45213956718479 75.75437988390969 81.54786043281521
10.81418232050653 24.14635682593382 17.185817679493468 31.85364317406618
30.8361253809167 76.49248997417786 35.163874619083295 85.50751002582214
24.140428604992508 65.82332423462326 33.85957139500749 68.17667576537674
52.01851521936885 18.975470459459437 59.98148478063115 25.024529540540563
62.06460690792259 91.19881648377255 71.9353930920774 92.80118351622745
85.35134166282094 18.759173546006405 90.64865833717906 27.240826453993595
27.75762371106324 84.19382133880441 34.24237628893676 91.80617866119559
10.120374755051865 2.077982179182004 11.879625244948135 11.922017820817995
10.578039433011497 80.6257449763471 15.421960566988503 89.3742550236529
34.76016629941584 29.529748889186706 39.23983370058416 38.470251110813294
48.18960143050636 60.066111659293185 49.81039856949364 69.93388834070682
2.025876044404079 50.4919735495402 11.974123955595921 51.5080264504598
2.855754740377738 41.20263852387676 11.144245259622263 46.79736147612324
89.47394997849216 59.68501781129513 94.52605002150784 68.31498218870487
8.170832318869339 72.70418384501384 17.829167681130663 75.29581615498616
69.04835074852704 57.30633603929041 78.95164925147296 58.69366396070959
92.34642395158238 87.04290020789023 93.65357604841762 96.95709979210977
87.95095116117933 3.037260899518318 94.04904883882067 10.962739100481683
39.57439967006732 83.67318635905241 48.42560032993268 88.32681364094759
24.119627718340727 3.912817222169214 33.88037228165927 6.087182777830786
83.85659309730434 30.002056977089552 84.14340690269566 39.99794302291045
58.068234311287235 54.91111370085252 65.93176568871276 61.08888629914748
72.68109560517266 10.480661827316334 81.31890439482734 15.519338172683666
2.0097804600088027 17.68741570306548 11.990219539991198 18.31258429693452
3.234299025744477 86.83455907243878 8.765700974255523 95.16544092756122
85.33408199733074 71.28569016627222 88.66591800266926 80.71430983372778
24.228350975068416 34.71752172395115 31.771649024931584 41.28247827604885
20.316153965475394 93.25026106951118 29.683846034524606 96.74973893048882
79.7248372699607 75.00757719418745 80.2751627300393 84.99242280581255
2.6957981596434113 25.247367564204545 9.304201840356589 32.752632435795455
27.376424973136483 17.096699190625916 36.62357502686351 20.903300809374084
19.668704665932577 12.576758873251938 24.331295334067423 21.42324112674806
36.52098389956667 75.77774556540908 45.47901610043333 80.22225443459092
5.171816487743451 58.70052165390338 14.82818351225655 61.29947834609662
42.45940817332874 70.4695312610209 49.54059182667126 77.5304687389791
77.75352321835085 40.006078775540416 78.24647678164915 49.993921224459584
47.118462998796694 49.91383498733883 52.881537001203306 58.08616501266117
63.118559934254634 30.91762165370149 72.88144006574537 33.082378346298505
44.91906131052475 7.06200345458576 51.08093868947525 14.93799654541424
