75.28388844026864 8.339189427969512 84.71611155973136 11.660810572030488
66.1500242323304 35.89175972906939 71.8499757676696 44.10824027093061
21.042105933489605 10.352476699059384 30.957894066510395 11.647523300940616
47.99989559502411 11.00000000109004 48.00010440497589 20.99999999890996
20.933437364032212 80.05079835920141 27.066562635967788 87.94920164079859
56.678466477488705 38.571627601041634 61.321533522511295 47.428372398958366
36.72083158167524 60.549675144339346 41.27916841832476 69.45032485566065
40.199754136319434 88.7506721655735 47.800245863680566 95.2493278344265
81.62970396720759 52.570902927884745 90.37029603279241 57.429097072115255
4.669296899439492 34.2708691554309 11.330703100560509 41.7291308445691
34.50063353257692 43.66950727266272 39.49936646742308 52.33049272733728
59.08871706223483 62.06229007405452 68.91128293776518 63.93770992594548
86.73877732803622 75.54053007322652 91.26122267196378 84.45946992677348
68.2634224008453 22.815368230799187 73.7365775991547 31.184631769200813
12.261543142711323 22.679768031267805 19.738456857288675 29.320231968732195
51.05248096740912 79.9611720075603 56.94751903259088 88.0388279924397
15.491762967886864 58.67463909127385 20.508237032113136 67.32536090872615
26.433574841243335 50.963394670174374 35.566425158756665 55.036605329825626
39.296621748696445 19.64068615223706 46.703378251303555 26.35931384776294
28.466098699167844 18.02858678030384 29.533901300832156 27.97141321969616
47.41484587176617 46.00591835163646 56.58515412823383 49.99408164836354
5.835009434645922 70.13761406482003 8.164990565354078 79.86238593517997
22.609115758833383 53.608319506983705 31.390884241166617 58.391680493016295
68.71676015121773 10.167475246778631 71.28323984878227 19.83252475322137
75.1939605101799 77.06539765119311 76.8060394898201 86.93460234880689
54.5074594246318 63.22796451910932 57.4925405753682 72.77203548089068
72.93015525700748 59.09545807950097 81.06984474299252 64.90454192049903
57.39874749372705 8.531429633687274 64.60125250627294 15.468570366312726
45.993263525549146 38.009003038399214 54.006736474450854 43.990996961600786
17.3910808561397 37.73461128373987 22.6089191438603 46.26538871626013
53.01973065588487 30.556246397122127 62.98026934411513 31.443753602877873
78.50163522932095 29.024898739186707 79.49836477067905 38.97510126081329
85.4781771206956 29.86619638949614 94.5218228793044 34.13380361050386
68.00559453967661 68.76353837966397 77.99440546032339 69.23646162033603
84.52894681415826 43.76176779368751 93.47105318584174 48.23823220631249
62.45213956718479 80.24562011609031 65.54786043281521 89.75437988390969
8.81418232050653 25.14635682593382 15.18581767949347 32.85364317406618
26.492489974177857 76.8361253809167 35.50751002582214 81.1638746190833
25.140428604992508 68.82332423462326 34.85957139500749 71.17667576537674
53.01851521936885 15.975470459459435 60.98148478063115 22.024529540540563
69.94362777947151 89.07667237407013 78.05637222052849 94.92332762592987
87.12839858528024 25.874167127811422 96.87160141471976 28.125832872188578
27.75762371106324 82.19382133880441 34.24237628893676 89.80617866119559
10.120374755051865 2.077982179182004 11.879625244948135 11.922017820817995
10.578039433011497 72.6257449763471 15.421960566988503 81.3742550236529
37.76016629941584 34.529748889186706 42.23983370058416 43.470251110813294
43.0842524206218 55.938175772716136 48.9157475793782 64.06182422728386
5.025876044404079 52.491973549540205 14.974123955595921 53.508026450459795
8.09154280482414 47.04760934321765 17.90845719517586 48.95239065678235
86.68501781129514 67.47394997849216 95.31498218870486 72.52605002150784
9.668982394823802 66.50154317554738 18.3310176051762 71.49845682445262
60.04835074852704 52.30633603929041 69.95164925147296 53.69366396070959
86.03265306612354 88.95694917783796 93.96734693387646 95.04305082216204
89.35392342007538 7.041917199877265 90.64607657992462 16.958082800122735
40.57439967006732 81.67318635905241 49.42560032993268 86.32681364094759
38.31780997951724 7.780301350330489 43.68219002048276 16.21969864966951
83.56732458988108 34.364516603150975 90.43267541011892 41.635483396849025
58.0356493710332 56.40399426791601 67.9643506289668 57.59600573208399
73.68109560517266 12.480661827316334 82.31890439482734 17.519338172683668
4.009780460008803 16.68741570306548 13.990219539991198 17.31258429693452
2.09894255985916 89.01023438711981 11.901057440140839 90.98976561288019
79.33408199733074 73.28569016627222 82.66591800266926 82.71430983372778
23.654104046306916 31.01197875012358 24.345895953693084 40.988021249876425
20.450768443899197 89.92527297000866 29.549231556100803 94.07472702999134
61.66439341180016 72.27525454711898 68.33560658819984 79.72474545288102
6.695798159643411 29.247367564204545 13.304201840356589 36.752632435795455
33.07647565412629 18.384801836233777 36.92352434587371 27.615198163766223
21.52077094412085 16.223821464785587 24.47922905587915 25.776178535214413
36.26148616211875 75.40422852256098 45.73851383788125 78.59577147743902
2.1718164877434507 59.70052165390338 11.82818351225655 62.29947834609662
45.4695312610209 66.45940817332874 52.5304687389791 73.54059182667126
73.64304984118236 39.29447903376405 80.35695015881764 46.70552096623595
44.118462998796694 48.91383498733883 49.881537001203306 57.08616501266117
65.3136576960329 26.78294355907859 70.6863423039671 35.21705644092141
51.39396857819634 2.0368632987004442 52.60603142180366 11.963136701299556
