74.49083511753263 3.839575953030758 83.50916488246737 8.160424046969242
67.1500242323304 37.89175972906939 72.8499757676696 46.10824027093061
20.95210760223736 4.036371368094548 27.04789239776264 11.963628631905452
45.99989559502411 18.00000000109004 46.00010440497589 27.99999999890996
17.05079835920141 81.93343736403222 24.94920164079859 88.06656263596778
63.51023994359683 41.22709575055757 66.48976005640317 50.77290424944243
35.72083158167524 56.549675144339346 40.27916841832476 65.45032485566065
43.015198633594174 95.61044212563651 52.984801366405826 96.38955787436349
82.57090292788475 53.62970396720759 87.42909707211525 62.37029603279241
3.669296899439492 32.2708691554309 10.330703100560509 39.7291308445691
37.50063353257692 46.66950727266272 42.49936646742308 55.33049272733728
60.190259577802436 61.86413748295847 65.80974042219756 70.13586251704153
92.44560445939935 75.24775268916265 95.55439554060065 84.75224731083735
66.2634224008453 20.815368230799187 71.7365775991547 29.184631769200813
18.261543142711325 21.679768031267805 25.738456857288675 28.320231968732195
50.9611720075603 81.05248096740911 59.0388279924397 86.94751903259089
9.167916556130114 66.71509938459096 18.832083443869884 69.28490061540904
20.433574841243335 51.963394670174374 29.566425158756665 56.036605329825626
40.756709727091526 17.005922523317434 41.243290272908474 26.994077476682566
29.466098699167844 24.02858678030384 30.533901300832156 33.97141321969616
38.41484587176617 42.00591835163646 47.58515412823383 45.99408164836354
8.38554666126837 84.73800120370794 13.61445333873163 93.26199879629206
17.609115758833383 57.608319506983705 26.390884241166617 62.391680493016295
61.490276575708066 3.6755013777825782 66.50972342429193 12.324498622217423
74.94075322754364 88.08066520585551 83.05924677245636 93.91933479414449
55.5074594246318 62.22796451910932 58.4925405753682 71.77203548089068
74.06836389562811 63.176006472079024 83.93163610437189 64.82399352792098
53.531429633687274 7.3987474937270505 60.468570366312726 14.60125250627295
45.05185523443205 39.281763702544595 54.94814476556795 40.718236297455405
23.734611283739873 42.391080856139695 32.26538871626013 47.608919143860305
47.01973065588487 33.55624639712212 56.98026934411513 34.44375360287788
75.12967505253755 21.83446927024081 82.87032494746245 28.16553072975919
91.86619638949614 35.478177120695605 96.13380361050386 44.521822879304395
70.00559453967661 68.76353837966397 79.99440546032339 69.23646162033603
91.76176779368751 45.52894681415827 96.23823220631249 54.47105318584173
66.54364313537657 77.73264835212453 75.45635686462343 82.26735164787547
10.81418232050653 24.14635682593382 17.185817679493468 31.85364317406618
27.28261867768356 78.34279951126607 36.71738132231644 81.65720048873393
25.140428604992508 66.82332423462326 34.85957139500749 69.17667576537674
58.32333046043995 18.045999764409416 59.67666953956005 27.954000235590584
64.0646069079226 94.19881648377255 73.9353930920774 95.80118351622745
85.75917354600641 21.351341662820946 94.24082645399359 26.648658337179054
27.75762371106324 84.19382133880441 34.24237628893676 91.80617866119559
6.897618846172858 4.141596797384266 15.102381153827142 9.858403202615733
11.578039433011497 80.6257449763471 16.421960566988503 89.3742550236529
34.76016629941584 27.529748889186706 39.23983370058416 36.470251110813294
47.18960143050636 58.066111659293185 48.81039856949364 67.93388834070682
3.8419921686779266 48.123534272393414 10.158007831322074 55.876465727606586
6.855754740377738 43.20263852387676 15.144245259622263 48.79736147612324
90.47394997849216 57.68501781129513 95.52605002150784 66.31498218870487
9.668982394823804 72.50154317554738 18.331017605176196 77.49845682445262
67.04835074852704 56.30633603929041 76.95164925147296 57.69366396070959
89.03265306612354 89.95694917783796 96.96734693387646 96.04305082216204
87.03726089951832 2.9509511611793373 94.96273910048168 9.049048838820664
41.22532229181178 84.51593369995459 50.77467770818822 87.48406630004541
26.119627718340727 2.912817222169214 35.88037228165927 5.087182777830786
82.85659309730434 33.00205697708955 83.14340690269566 42.99794302291045
58.068234311287235 54.91111370085252 65.93176568871276 61.08888629914748
70.68109560517266 9.480661827316334 79.31890439482734 14.519338172683666
2.0097804600088027 16.68741570306548 11.990219539991198 17.31258429693452
3.234299025744477 85.83455907243878 8.765700974255523 94.16544092756122
84.33408199733074 72.28569016627222 87.66591800266926 81.71430983372778
23.228350975068416 34.71752172395115 30.771649024931584 41.28247827604885
18.316153965475394 93.25026106951118 27.683846034524606 96.74973893048882
80.7248372699607 75.00757719418745 81.2751627300393 84.99242280581255
5.695798159643411 26.247367564204545 12.304201840356589 33.752632435795455
27.384801836233777 16.076475654126295 36.61519816376622 19.923524345873705
19.668704665932577 12.576758873251938 24.331295334067423 21.42324112674806
36.52098389956667 75.77774556540908 45.47901610043333 80.22225443459092
3.667088747140311 57.50482864820031 12.332911252859688 62.49517135179969
40.00000512384785 72.99284189604633 49.99999487615215 73.00715810395367
77.75352321835085 38.006078775540416 78.24647678164915 47.993921224459584
47.118462998796694 50.91383498733883 52.881537001203306 59.08616501266117
65.3136576960329 26.78294355907859 70.6863423039671 35.21705644092141
48.39396857819634 3.0368632987004442 49.60603142180366 12.963136701299556
