73.49083511753263 2.839575953030758 82.50916488246737 7.160424046969242
63.15002423233039 35.89175972906939 68.8499757676696 44.10824027093061
18.042105933489605 7.352476699059387 27.957894066510395 8.647523300940614
46.99989559502411 17.00000000109004 47.00010440497589 26.99999999890996
17.05079835920141 81.93343736403222 24.94920164079859 88.06656263596778
61.678466477488705 43.571627601041634 66.3215335225113 52.428372398958366
37.46476056014296 56.24152967201565 40.53523943985704 65.75847032798434
41.015198633594174 95.61044212563651 50.984801366405826 96.38955787436349
82.57090292788475 55.62970396720759 87.42909707211525 64.37029603279241
2.0079435433478805 36.71826904039867 11.992056456652119 37.28173095960133
38.50063353257692 47.66950727266272 43.49936646742308 56.33049272733728
59.190259577802436 61.86413748295847 64.80974042219756 70.13586251704153
92.44560445939935 75.24775268916265 95.55439554060065 84.75224731083735
68.97607107683493 17.10596592162396 71.02392892316507 26.89403407837604
17.261543142711325 23.679768031267805 24.738456857288675 30.320231968732195
55.22832803412126 76.05990664287842 56.77167196587874 85.94009335712158
7.167916556130114 66.71509938459096 16.832083443869884 69.28490061540904
22.963394670174374 48.433574841243335 27.036605329825626 57.566425158756665
40.756709727091526 20.005922523317434 41.243290272908474 29.994077476682566
29.466098699167844 24.02858678030384 30.533901300832156 33.97141321969616
38.347777767342855 42.16783507893788 47.652222232657145 45.83216492106212
8.38554666126837 83.73800120370794 13.61445333873163 92.26199879629206
17.609115758833383 57.608319506983705 26.390884241166617 62.391680493016295
63.71676015121773 3.167475246778631 66.28323984878227 12.832524753221369
76.06539765119311 91.1939605101799 85.93460234880689 92.8060394898201
54.5074594246318 62.22796451910932 57.4925405753682 71.77203548089068
70.06836389562811 64.17600647207902 79.93163610437189 65.82399352792098
52.531429633687274 6.3987474937270505 59.468570366312726 13.60125250627295
47.009003038399214 37.993263525549146 52.990996961600786 46.006736474450854
22.734611283739873 41.391080856139695 31.265388716260127 46.608919143860305
47.01973065588487 31.556246397122127 56.98026934411513 32.44375360287788
77.50163522932095 17.024898739186707 78.49836477067905 26.975101260813293
92.311415381427 31.293761376011766 95.688584618573 40.706238623988234
70.00559453967661 69.76353837966397 79.99440546032339 70.23646162033603
92.42115714419928 44.255818802291905 95.57884285580072 53.744181197708095
66.54364313537657 75.73264835212453 75.45635686462343 80.26735164787547
11.81418232050653 24.14635682593382 18.185817679493468 31.85364317406618
27.28261867768356 78.34279951126607 36.71738132231644 81.65720048873393
23.140428604992508 66.82332423462326 32.85957139500749 69.17667576537674
51.045999764409416 22.323330460439944 60.954000235590584 23.676669539560056
60.06460690792259 94.19881648377255 69.9353930920774 95.80118351622745
86.87416712781142 19.128398585280234 89.12583287218858 28.871601414719766
29.75762371106324 84.19382133880441 36.24237628893676 91.80617866119559
8.141596797384267 2.8976188461728576 13.858403202615733 11.102381153827142
10.578039433011497 78.6257449763471 15.421960566988503 87.3742550236529
34.76016629941584 28.529748889186706 39.23983370058416 37.470251110813294
46.0842524206218 60.938175772716136 51.9157475793782 69.06182422728386
3.8419921686779266 47.123534272393414 10.158007831322074 54.876465727606586
3.855754740377738 41.20263852387676 12.144245259622263 46.79736147612324
89.47394997849216 58.68501781129513 94.52605002150784 67.31498218870487
9.170832318869339 73.70418384501384 18.829167681130663 76.29581615498616
69.04835074852704 56.30633603929041 78.95164925147296 57.69366396070959
89.03265306612354 88.95694917783796 96.96734693387646 95.04305082216204
88.03726089951832 5.950951161179337 95.96273910048168 12.049048838820664
43.57439967006732 84.67318635905241 52.42560032993268 89.32681364094759
25.119627718340727 2.912817222169214 34.88037228165927 5.087182777830786
83.85659309730434 32.00205697708955 84.14340690269566 41.99794302291045
57.068234311287235 53.91111370085252 64.93176568871276 60.08888629914748
72.68109560517266 8.480661827316334 81.31890439482734 13.519338172683666
3.0097804600088027 17.68741570306548 12.990219539991198 18.31258429693452
3.234299025744477 86.83455907243878 8.765700974255523 95.16544092756122
85.33408199733074 73.28569016627222 88.66591800266926 82.71430983372778
25.228350975068416 34.71752172395115 32.771649024931584 41.28247827604885
21.316153965475394 93.25026106951118 30.683846034524606 96.74973893048882
79.7248372699607 75.00757719418745 80.2751627300393 84.99242280581255
3.6957981596434113 25.247367564204545 10.304201840356589 32.752632435795455
27.384801836233777 18.076475654126295 36.61519816376622 21.923524345873705
19.668704665932577 12.576758873251938 24.331295334067423 21.42324112674806
36.52098389956667 75.77774556540908 45.47901610043333 80.22225443459092
3.667088747140311 57.50482864820031 12.332911252859688 62.49517135179969
42.45940817332874 70.4695312610209 49.54059182667126 77.5304687389791
76.64304984118236 40.29447903376405 83.35695015881764 47.70552096623595
48.118462998796694 49.91383498733883 53.881537001203306 58.08616501266117
63.118559934254634 29.91762165370149 72.88144006574537 32.082378346298505
44.91906131052475 6.06200345458576 51.08093868947525 13.93799654541424
