76.28388844026864 6.339189427969512 85.71611155973136 9.660810572030488
65.1500242323304 35.89175972906939 70.8499757676696 44.10824027093061
20.95210760223736 5.036371368094548 27.04789239776264 12.963628631905452
46.99989559502411 13.00000000109004 47.00010440497589 22.99999999890996
18.933437364032212 83.05079835920141 25.066562635967788 90.94920164079859
59.678466477488705 39.571627601041634 64.3215335225113 48.428372398958366
36.72083158167524 61.549675144339346 41.27916841832476 70.45032485566065
46.015198633594174 93.61044212563651 55.984801366405826 94.38955787436349
77.19210302756673 54.6273650512729 86.80789697243327 57.3726349487271
3.669296899439492 33.2708691554309 10.330703100560509 40.7291308445691
37.70519820440591 43.170560248835656 40.29480179559409 52.829439751164344
58.864137482958476 62.190259577802436 67.13586251704153 67.80974042219756
92.44560445939935 76.24775268916265 95.55439554060065 85.75224731083735
66.2634224008453 21.815368230799187 71.7365775991547 30.184631769200813
15.261543142711323 23.679768031267805 22.738456857288675 30.320231968732195
50.05990664287841 80.22832803412126 59.94009335712159 81.77167196587874
16.715099384590953 58.167916556130116 19.284900615409047 67.83208344386989
21.33095236514194 51.21114724378267 30.66904763485806 54.78885275621733
40.296621748696445 22.64068615223706 47.703378251303555 29.35931384776294
27.466098699167844 21.02858678030384 28.533901300832156 30.97141321969616
48.41484587176617 46.00591835163646 57.58515412823383 49.99408164836354
6.835009434645922 77.13761406482003 9.164990565354078 86.86238593517997
18.609115758833383 54.608319506983705 27.390884241166617 59.391680493016295
67.71676015121773 7.167475246778631 70.28323984878227 16.83252475322137
72.94075322754364 83.08066520585551 81.05924677245636 88.91933479414449
53.68104691343832 64.57027578936047 58.31895308656168 73.42972421063953
74.06836389562811 61.176006472079024 83.93163610437189 62.823993527920976
61.90617955909178 4.000880305006912 62.09382044090822 13.999119694993087
43.993263525549146 37.009003038399214 52.006736474450854 42.990996961600786
16.139130296144856 40.82869913252691 25.860869703855144 43.17130086747309
52.01973065588487 32.55624639712212 61.98026934411513 33.44375360287788
76.50163522932095 28.024898739186707 77.49836477067905 37.97510126081329
87.86619638949614 29.478177120695605 92.13380361050386 38.521822879304395
74.00559453967661 67.76353837966397 83.99440546032339 68.23646162033603
86.2558188022919 47.42115714419928 95.7441811977081 50.57884285580072
65.73264835212453 81.54364313537657 70.26735164787547 90.45635686462343
8.81418232050653 25.14635682593382 15.18581767949347 32.85364317406618
27.492489974177857 76.8361253809167 36.50751002582214 81.1638746190833
24.73172869997427 68.39579952588579 33.26827130002573 73.60420047411421
53.97547045945944 21.01851521936885 60.02452954054056 28.98148478063115
64.0646069079226 95.19881648377255 73.9353930920774 96.80118351622745
86.35134166282094 17.759173546006405 91.64865833717906 26.240826453993595
26.75762371106324 84.19382133880441 33.24237628893676 91.80617866119559
6.077982179182004 6.120374755051865 15.922017820817995 7.879625244948135
10.61951935081969 74.19434986945171 13.38048064918031 83.80565013054829
36.422856724350446 27.255253527524005 39.577143275649554 36.744746472475995
44.0842524206218 58.938175772716136 49.9157475793782 67.06182422728386
2.1235342723934156 47.841992168677926 9.876465727606584 54.158007831322074
7.091542804824139 46.04760934321765 16.90845719517586 47.95239065678235
93.73503393349223 55.162659733843 96.26496606650777 64.837340266157
8.668982394823804 66.50154317554738 17.331017605176196 71.49845682445262
63.04835074852704 52.30633603929041 72.95164925147296 53.69366396070959
85.04290020789023 89.34642395158238 94.95709979210977 90.65357604841762
88.03726089951832 2.9509511611793373 95.96273910048168 9.049048838820664
43.22532229181178 82.51593369995459 52.77467770818822 85.48406630004541
36.91281722216922 2.1196277183407277 39.08718277783078 11.880372281659273
82.56732458988108 34.364516603150975 89.43267541011892 41.635483396849025
57.0356493710332 57.40399426791601 66.9643506289668 58.59600573208399
73.16463230911445 11.72751452112795 82.83536769088555 14.27248547887205
2.0097804600088027 19.68741570306548 11.990219539991198 20.31258429693452
2.234299025744477 87.83455907243878 7.765700974255523 96.16544092756122
82.33408199733074 73.28569016627222 85.66591800266926 82.71430983372778
23.228350975068416 34.71752172395115 30.771649024931584 41.28247827604885
19.316153965475394 93.25026106951118 28.683846034524606 96.74973893048882
68.00757719418745 75.7248372699607 77.99242280581255 76.2751627300393
4.695798159643411 27.247367564204545 11.304201840356589 34.752632435795455
32.07647565412629 13.384801836233777 35.92352434587371 22.615198163766223
17.668704665932577 14.576758873251938 22.331295334067423 23.42324112674806
37.26148616211875 74.40422852256098 46.73851383788125 77.59577147743902
3.667088747140311 58.50482864820031 12.332911252859688 63.49517135179969
45.4695312610209 68.45940817332874 52.5304687389791 75.54059182667126
73.64304984118236 40.29447903376405 80.35695015881764 47.70552096623595
46.118462998796694 49.91383498733883 51.881537001203306 58.08616501266117
64.3136576960329 26.78294355907859 69.6863423039671 35.21705644092141
45.06200345458576 4.919061310524743 52.93799654541424 11.080938689475257
