72.28388844026864 2.339189427969511 81.71611155973136 5.660810572030488
66.1500242323304 36.89175972906939 71.8499757676696 45.10824027093061
17.95210760223736 3.0363713680945477 24.04789239776264 10.963628631905452
45.99989559502411 15.00000000109004 46.00010440497589 24.99999999890996
19.05079835920141 84.93343736403222 26.94920164079859 91.06656263596778
62.678466477488705 41.571627601041634 67.3215335225113 50.428372398958366
34.549675144339346 60.72083158167524 43.450324855660654 65.27916841832476
41.015198633594174 95.61044212563651 50.984801366405826 96.38955787436349
80.19210302756673 53.6273650512729 89.80789697243327 56.3726349487271
2.669296899439492 31.270869155430905 9.330703100560509 38.7291308445691
37.50063353257692 47.66950727266272 42.49936646742308 56.33049272733728
60.190259577802436 62.86413748295847 65.80974042219756 71.13586251704153
90.73877732803622 78.54053007322652 95.26122267196378 87.45946992677348
66.2634224008453 20.815368230799187 71.7365775991547 29.184631769200813
17.261543142711325 22.679768031267805 24.738456857288675 29.320231968732195
49.9611720075603 78.05248096740911 58.0388279924397 83.94751903259089
13.674639091273853 62.491762967886864 22.325360908726147 67.50823703211314
21.33095236514194 51.21114724378267 30.66904763485806 54.78885275621733
40.756709727091526 19.005922523317434 41.243290272908474 28.994077476682566
28.466098699167844 23.02858678030384 29.533901300832156 32.97141321969616
40.347777767342855 42.16783507893788 49.652222232657145 45.83216492106212
6.38554666126837 84.73800120370794 11.61445333873163 93.26199879629206
17.609115758833383 55.608319506983705 26.390884241166617 60.391680493016295
66.71676015121773 4.167475246778631 69.28323984878227 13.832524753221369
76.94075322754364 85.08066520585551 85.05924677245636 90.91933479414449
55.5074594246318 62.22796451910932 58.4925405753682 71.77203548089068
75.06836389562811 60.176006472079024 84.93163610437189 61.823993527920976
56.531429633687274 6.3987474937270505 63.468570366312726 13.60125250627295
48.05185523443205 39.281763702544595 57.94814476556795 40.718236297455405
21.391080856139695 39.73461128373987 26.608919143860305 48.26538871626013
51.01973065588487 35.55624639712212 60.98026934411513 36.44375360287788
73.12967505253755 21.83446927024081 80.87032494746245 28.16553072975919
91.86619638949614 37.478177120695605 96.13380361050386 46.521822879304395
70.00559453967661 67.76353837966397 79.99440546032339 68.23646162033603
86.52894681415826 47.76176779368751 95.47105318584174 52.23823220631249
68.73264835212453 78.54364313537657 73.26735164787547 87.45635686462343
9.81418232050653 26.14635682593382 16.185817679493468 33.85364317406618
27.492489974177857 77.8361253809167 36.50751002582214 82.1638746190833
25.395799525885796 64.73172869997427 30.604200474114204 73.26827130002573
50.01851521936885 18.975470459459437 57.98148478063115 25.024529540540563
67.0646069079226 93.19881648377255 76.9353930920774 94.80118351622745
85.12839858528024 23.874167127811422 94.87160141471976 26.125832872188578
29.75762371106324 84.19382133880441 36.24237628893676 91.80617866119559
5.897618846172858 2.141596797384266 14.102381153827142 7.858403202615734
12.61951935081969 80.19434986945171 15.38048064918031 89.80565013054829
35.422856724350446 27.255253527524005 38.577143275649554 36.744746472475995
46.0842524206218 58.938175772716136 51.9157475793782 67.06182422728386
6.123534272393416 47.841992168677926 13.876465727606584 54.158007831322074
5.855754740377738 42.20263852387676 14.144245259622263 47.79736147612324
93.73503393349223 58.162659733843 96.26496606650777 67.837340266157
10.668982394823804 70.50154317554738 19.331017605176196 75.49845682445262
64.04835074852704 54.30633603929041 73.95164925147296 55.69366396070959
87.95694917783796 88.03265306612354 94.04305082216204 95.96734693387646
87.03726089951832 6.950951161179337 94.96273910048168 13.049048838820664
45.57439967006732 83.67318635905241 54.42560032993268 88.32681364094759
29.78030135033049 2.317809979517241 38.21969864966951 7.682190020482759
82.85659309730434 34.00205697708955 83.14340690269566 43.99794302291045
58.068234311287235 55.91111370085252 65.93176568871276 62.08888629914748
74.68109560517266 9.480661827316334 83.31890439482734 14.519338172683666
4.6924123997174405 14.25035144760778 11.30758760028256 21.74964855239222
2.234299025744477 87.83455907243878 7.765700974255523 96.16544092756122
83.84446146454484 74.48849763136847 88.15553853545516 83.51150236863153
25.228350975068416 34.71752172395115 32.771649024931584 41.28247827604885
20.316153965475394 93.25026106951118 29.683846034524606 96.74973893048882
75.66439341180016 73.27525454711898 82.33560658819984 80.72474545288102
4.695798159643411 27.247367564204545 11.304201840356589 34.752632435795455
27.376424973136483 17.096699190625916 36.62357502686351 20.903300809374084
19.668704665932577 14.576758873251938 24.331295334067423 23.42324112674806
35.26148616211875 75.40422852256098 44.73851383788125 78.59577147743902
3.1718164877434507 55.70052165390338 12.82818351225655 58.29947834609662
41.00000512384785 72.99284189604633 50.99999487615215 73.00715810395367
73.64304984118236 40.29447903376405 80.35695015881764 47.70552096623595
47.118462998796694 50.91383498733883 52.881537001203306 59.08616501266117
64.3136576960329 25.78294355907859 69.6863423039671 34.21705644092141
42.06200345458576 3.9190613105247434 49.93799654541424 10.080938689475257
