73.28388844026864 3.339189427969511 82.71611155973136 6.660810572030488
66.1500242323304 38.89175972906939 71.8499757676696 47.10824027093061
16.95210760223736 2.0363713680945477 23.04789239776264 9.963628631905452
45.99989559502411 16.00000000109004 46.00010440497589 25.99999999890996
18.05079835920141 83.93343736403222 25.94920164079859 90.06656263596778
61.678466477488705 41.571627601041634 66.3215335225113 50.428372398958366
33.549675144339346 58.72083158167524 42.450324855660654 63.27916841832476
40.015198633594174 93.61044212563651 49.984801366405826 94.38955787436349
79.19210302756673 52.6273650512729 88.80789697243327 55.3726349487271
3.669296899439492 33.2708691554309 10.330703100560509 40.7291308445691
35.66950727266272 49.50063353257692 44.33049272733728 54.49936646742308
60.190259577802436 62.86413748295847 65.80974042219756 71.13586251704153
90.73877732803622 77.54053007322652 95.26122267196378 86.45946992677348
65.2634224008453 19.815368230799187 70.7365775991547 28.184631769200813
17.261543142711325 22.679768031267805 24.738456857288675 29.320231968732195
49.05990664287841 80.22832803412126 58.94009335712159 81.77167196587874
12.674639091273853 62.491762967886864 21.325360908726147 67.50823703211314
22.33095236514194 50.21114724378267 31.66904763485806 53.78885275621733
40.756709727091526 18.005922523317434 41.243290272908474 27.994077476682566
30.466098699167844 24.02858678030384 31.533901300832156 33.97141321969616
39.41484587176617 42.00591835163646 48.58515412823383 45.99408164836354
6.38554666126837 84.73800120370794 11.61445333873163 93.26199879629206
17.20400248262253 57.586349472709344 26.79599751737747 60.413650527290656
65.49027657570807 4.675501377782578 70.50972342429193 13.324498622217423
76.94075322754364 85.08066520585551 85.05924677245636 90.91933479414449
55.5074594246318 62.22796451910932 58.4925405753682 71.77203548089068
74.06836389562811 62.176006472079024 83.93163610437189 63.823993527920976
57.531429633687274 5.3987474937270505 64.46857036631273 12.60125250627295
46.05185523443205 39.281763702544595 55.94814476556795 40.718236297455405
20.139130296144856 42.82869913252691 29.860869703855144 45.17130086747309
50.01973065588487 34.55624639712212 59.98026934411513 35.44375360287788
73.12967505253755 20.83446927024081 80.87032494746245 27.16553072975919
87.29376137601176 40.311415381427004 96.70623862398824 43.688584618572996
70.00559453967661 66.76353837966397 79.99440546032339 67.23646162033603
86.52894681415826 48.76176779368751 95.47105318584174 53.23823220631249
67.45213956718479 75.24562011609031 70.54786043281521 84.75437988390969
10.81418232050653 26.14635682593382 17.185817679493468 33.85364317406618
27.28261867768356 79.34279951126607 36.71738132231644 82.65720048873393
25.395799525885796 64.73172869997427 30.604200474114204 73.26827130002573
51.97547045945944 19.01851521936885 58.02452954054056 26.98148478063115
67.94362777947151 91.07667237407013 76.05637222052849 96.92332762592987
84.12839858528024 23.874167127811422 93.87160141471976 26.125832872188578
28.75762371106324 85.19382133880441 35.24237628893676 92.80617866119559
4.077982179182004 5.120374755051865 13.922017820817995 6.879625244948135
11.578039433011497 80.6257449763471 16.421960566988503 89.3742550236529
36.422856724350446 28.255253527524005 39.577143275649554 37.744746472475995
45.0842524206218 58.938175772716136 50.9157475793782 67.06182422728386
5.123534272393416 47.841992168677926 12.876465727606584 54.158007831322074
5.855754740377738 43.20263852387676 14.144245259622263 48.79736147612324
93.73503393349223 59.162659733843 96.26496606650777 68.837340266157
11.668982394823804 70.50154317554738 20.331017605176196 75.49845682445262
64.04835074852704 54.30633603929041 73.95164925147296 55.69366396070959
90.34642395158238 87.04290020789023 91.65357604841762 96.95709979210977
87.03726089951832 4.950951161179337 94.96273910048168 11.049048838820664
44.22532229181178 84.51593369995459 53.77467770818822 87.48406630004541
28.78030135033049 2.317809979517241 37.21969864966951 7.682190020482759
82.85659309730434 35.00205697708955 83.14340690269566 44.99794302291045
58.068234311287235 55.91111370085252 65.93176568871276 62.08888629914748
72.68109560517266 8.480661827316334 81.31890439482734 13.519338172683666
4.009780460008803 17.68741570306548 13.990219539991198 18.31258429693452
2.234299025744477 86.83455907243878 7.765700974255523 95.16544092756122
83.84446146454484 74.48849763136847 88.15553853545516 83.51150236863153
24.228350975068416 34.71752172395115 31.771649024931584 41.28247827604885
19.316153965475394 93.25026106951118 28.683846034524606 96.74973893048882
75.66439341180016 75.27525454711898 82.33560658819984 82.72474545288102
4.695798159643411 27.247367564204545 11.304201840356589 34.752632435795455
27.376424973136483 17.096699190625916 36.62357502686351 20.903300809374084
19.668704665932577 14.576758873251938 24.331295334067423 23.42324112674806
35.52098389956667 75.77774556540908 44.47901610043333 80.22225443459092
3.1718164877434507 55.70052165390338 12.82818351225655 58.29947834609662
43.00000512384785 72.99284189604633 52.99999487615215 73.00715810395367
76.75352321835085 38.006078775540416 77.24647678164915 47.993921224459584
47.118462998796694 50.91383498733883 52.881537001203306 59.08616501266117
64.3136576960329 26.78294355907859 69.6863423039671 35.21705644092141
45.39396857819634 2.0368632987004442 46.60603142180366 11.963136701299556
