70.28388844026864 2.339189427969511 79.71611155973136 5.660810572030488
65.1500242323304 35.89175972906939 70.8499757676696 44.10824027093061
18.042105933489605 5.352476699059387 27.957894066510395 6.647523300940613
45.99989559502411 14.00000000109004 46.00010440497589 23.99999999890996
19.05079835920141 84.93343736403222 26.94920164079859 91.06656263596778
62.678466477488705 39.571627601041634 67.3215335225113 48.428372398958366
36.46476056014296 58.24152967201565 39.53523943985704 67.75847032798434
44.015198633594174 93.61044212563651 53.984801366405826 94.38955787436349
79.19210302756673 55.6273650512729 88.80789697243327 58.3726349487271
3.669296899439492 33.2708691554309 10.330703100560509 40.7291308445691
37.50063353257692 45.66950727266272 42.49936646742308 54.33049272733728
60.190259577802436 61.86413748295847 65.80974042219756 70.13586251704153
93.44560445939935 74.24775268916265 96.55439554060065 83.75224731083735
66.2634224008453 21.815368230799187 71.7365775991547 30.184631769200813
17.261543142711325 23.679768031267805 24.738456857288675 30.320231968732195
54.05248096740912 76.9611720075603 59.94751903259088 85.0388279924397
15.715099384590953 60.167916556130116 18.284900615409047 69.83208344386989
22.33095236514194 52.21114724378267 31.66904763485806 55.78885275621733
41.756709727091526 21.005922523317434 42.243290272908474 30.994077476682566
28.466098699167844 23.02858678030384 29.533901300832156 32.97141321969616
41.41484587176617 43.00591835163646 50.58515412823383 46.99408164836354
6.835009434645922 81.13761406482003 9.164990565354078 90.86238593517997
16.609115758833383 55.608319506983705 25.390884241166617 60.391680493016295
66.49027657570807 6.675501377782578 71.50972342429193 15.324498622217423
75.94075322754364 85.08066520585551 84.05924677245636 90.91933479414449
53.68104691343832 62.570275789360466 58.31895308656168 71.42972421063953
74.06836389562811 61.176006472079024 83.93163610437189 62.823993527920976
57.531429633687274 10.39874749372705 64.46857036631273 17.60125250627295
48.05185523443205 39.281763702544595 57.94814476556795 40.718236297455405
21.391080856139695 40.73461128373987 26.608919143860305 49.26538871626013
49.01973065588487 34.55624639712212 58.98026934411513 35.44375360287788
75.50163522932095 20.024898739186707 76.49836477067905 29.975101260813293
91.311415381427 37.293761376011766 94.688584618573 46.706238623988234
71.00559453967661 66.76353837966397 80.99440546032339 67.23646162033603
89.42115714419928 44.255818802291905 92.57884285580072 53.744181197708095
68.73264835212453 81.54364313537657 73.26735164787547 90.45635686462343
8.81418232050653 24.14635682593382 15.18581767949347 31.85364317406618
26.28261867768356 78.34279951126607 35.71738132231644 81.65720048873393
23.73172869997427 67.39579952588579 32.26827130002573 72.60420047411421
51.045999764409416 21.323330460439944 60.954000235590584 22.676669539560056
68.0646069079226 95.19881648377255 77.9353930920774 96.80118351622745
87.12839858528024 23.874167127811422 96.87160141471976 26.125832872188578
30.601331519326717 85.0159189971954 31.398668480673283 94.9840810028046
7.141596797384266 2.8976188461728576 12.858403202615733 11.102381153827142
11.61951935081969 77.19434986945171 14.38048064918031 86.80565013054829
34.422856724350446 28.255253527524005 37.577143275649554 37.744746472475995
46.0842524206218 59.938175772716136 51.9157475793782 68.06182422728386
4.123534272393416 47.841992168677926 11.876465727606584 54.158007831322074
4.855754740377738 43.20263852387676 13.144245259622263 48.79736147612324
93.73503393349223 61.162659733843 96.26496606650777 70.837340266157
10.501543175547386 66.6689823948238 15.498456824452614 75.3310176051762
65.04835074852704 53.30633603929041 74.95164925147296 54.69366396070959
87.95694917783796 87.03265306612354 94.04305082216204 94.96734693387646
89.35392342007538 6.041917199877265 90.64607657992462 15.958082800122735
44.57439967006732 83.67318635905241 53.42560032993268 88.32681364094759
31.78030135033049 5.317809979517241 40.21969864966951 10.682190020482759
80.36451660315097 32.56732458988108 87.63548339684903 39.43267541011892
57.0356493710332 57.40399426791601 66.9643506289668 58.59600573208399
74.68109560517266 9.480661827316334 83.31890439482734 14.519338172683666
3.0097804600088027 17.68741570306548 12.990219539991198 18.31258429693452
2.234299025744477 87.83455907243878 7.765700974255523 96.16544092756122
83.84446146454484 73.48849763136847 88.15553853545516 82.51150236863153
22.228350975068416 35.71752172395115 29.771649024931584 42.28247827604885
17.316153965475394 93.25026106951118 26.683846034524606 96.74973893048882
76.66439341180016 74.27525454711898 83.33560658819984 81.72474545288102
4.695798159643411 28.247367564204545 11.304201840356589 35.752632435795455
31.076475654126295 10.384801836233775 34.92352434587371 19.615198163766223
16.223821464785587 15.520770944120853 25.776178535214413 18.47922905587915
36.52098389956667 74.77774556540908 45.47901610043333 79.22225443459092
2.667088747140311 53.50482864820031 11.332911252859688 58.49517135179969
42.00000512384785 72.99284189604633 51.99999487615215 73.00715810395367
79.75352321835085 38.006078775540416 80.24647678164915 47.993921224459584
47.118462998796694 49.91383498733883 52.881537001203306 58.08616501266117
64.3136576960329 26.78294355907859 69.6863423039671 35.21705644092141
43.06200345458576 5.919061310524743 50.93799654541424 12.080938689475257
