59.91061061588956 31.065506837120186 54.08938938411044 22.934493162879814
56.351537529468764 15.720441873728566 59.648462470531236 6.279558126271434
87.02351538795713 6.484356176899412 96.97648461204287 5.515643823100588
24.91284235690727 42.99924029681016 25.08715764309273 33.00075970318984
11.461771419352312 94.25667804559066 2.5382285806476883 89.74332195440934
50.221858747873036 88.8235619791961 43.778141252126964 81.1764380208039
86.56621446934264 91.68882154126224 95.43378553065736 96.31117845873776
40.04103010413893 60.39973512207068 43.95896989586107 69.60026487792932
44.22929492065374 2.18271636953187 37.77070507934626 9.817283630468129
58.73289699761627 96.6123541825402 49.26710300238373 93.3876458174598
58.85130161129075 35.21031924560746 49.14869838870925 32.78968075439254
34.97084308084906 95.53918370299468 25.029156919150942 94.46081629700532
66.20010521953252 86.14616157437736 63.79989478046749 95.85383842562264
89.81993524337001 55.22615789081373 82.18006475662999 48.77384210918627
77.4065346113271 10.65998933630011 70.5934653886729 3.3400106636998887
44.59820434829837 52.01617012185672 45.40179565170163 61.98382987814328
70.06323227006386 94.7926691495581 79.93676772993614 93.2073308504419
40.34972837606313 29.41694557631246 47.65027162393687 22.58305442368754
96.96494108341649 10.408933135590319 87.03505891658351 11.591066864409681
59.151272931658596 49.779407595987365 68.8487270683414 52.220592404012635
56.60733892764131 59.01544211767442 57.39266107235869 68.98455788232559
3.999093070633689 67.10083547569468 2.000906929366311 76.89916452430532
25.107326236919643 79.08279134365415 18.892673763080357 86.91720865634585
19.895424751047404 34.626809377218486 16.104575248952596 25.373190622781518
24.369450485823307 72.69415801280685 17.630549514176693 65.30584198719315
36.68723901264821 66.62297935102478 29.31276098735179 73.37702064897522
26.419189267282647 46.717545568031 31.580810732717353 55.282454431969
50.81291832974351 3.3402438765875306 47.18708167025649 12.65975612341247
15.895654766932857 92.91912619664005 14.104345233067143 83.08087380335995
94.78905474269582 91.26237094102652 87.21094525730418 84.73762905897348
4.182498295515827 32.99666832720902 3.8175017044841737 23.003331672790978
86.15413617062336 64.80479556117415 93.84586382937664 71.19520443882585
79.5807690245066 84.4897124800095 72.4192309754934 77.5102875199905
58.30374334595937 76.54515092128354 49.69625665404063 71.45484907871646
96.56907890365048 61.747419445774625 93.43092109634952 52.252580554225375
42.63244053931548 75.56410481412232 35.36755946068452 82.43589518587768
63.171654456982004 65.78382674545443 70.82834554301799 72.21617325454557
36.1488602934751 73.11610004606504 29.8511397065249 80.88389995393496
70.34013105727283 56.2835569447973 73.65986894272717 65.7164430552027
96.00473531351457 32.993675845626804 87.99526468648543 27.006324154373193
95.09882237381015 17.000976681547233 94.90117762618985 26.999023318452767
35.34838013499311 57.23897535868054 40.65161986500689 48.76102464131946
56.01661607096605 82.40728935150103 65.98338392903395 81.59271064849897
10.997996560672231 16.002673112320128 19.00200343932777 21.997326887679872
62.87857365028819 12.36632316184621 59.12142634971181 21.63367683815379
86.3976496950661 20.387627598116033 81.6023503049339 11.612372401883968
49.33186431131481 53.286474427338405 52.66813568868519 62.713525572661595
9.030935893942836 78.00009570386933 8.969064106057164 87.99990429613067
73.8317041719911 38.28632608399414 64.1682958280089 35.71367391600586
7.105897932347659 17.080591347263393 8.89410206765234 26.919408652736607
29.393594784594068 36.26508054092611 32.60640521540593 45.73491945907389
27.692981836750878 9.53960519400992 36.307018163249126 4.460394805990082
71.02879148551493 29.569902089575017 66.97120851448507 20.430097910424983
66.7038186998689 31.700744817364267 63.296181300131096 22.299255182635733
70.06925544871737 13.551722958172373 65.93074455128263 4.448277041827627
71.00787461165822 43.71949312473058 80.99212538834178 44.28050687526942
81.86569025609963 24.075512170743625 80.13430974390037 33.92448782925638
11.165440927561315 57.234299025744626 2.834559072438685 62.765700974255374
7.819184729490724 68.85777321973376 14.180815270509276 61.142226780266235
75.71157851548486 58.5544261214991 80.28842148451514 67.4455738785009
72.00353531256107 88.81200897049098 81.99646468743893 89.18799102950902
53.49367809746441 10.228320448609828 50.50632190253559 19.77167955139017
82.13400314895677 81.14981504844796 91.86599685104323 78.85018495155204
19.48221608102508 79.58805952640844 12.51778391897492 72.41194047359156
12.655175433657678 3.175351627882776 3.3448245663423206 6.824648372117224
96.5427757953696 76.02954786403079 95.4572242046304 85.97045213596921
24.217343356525703 51.17263775868812 17.782656643474297 58.82736224131188
90.88552597303635 61.06378379701291 81.11447402696365 58.93621620298709
47.6286875935406 75.5980825233801 52.3713124064594 84.4019174766199
87.85192530723236 73.79218345224197 78.14807469276764 76.20781654775803
39.89350824476348 20.922303341654043 34.10649175523652 29.077696658345957
29.972805356523935 3.4792247258875997 20.027194643476065 4.520775274112401
27.65368272716355 69.41529107253297 32.34631727283645 60.584708927467034
10.516843929069022 49.21389061240043 19.483156070930978 44.78610938759957
35.47712767044654 14.223171151778498 32.52287232955346 23.776828848221502
7.026957872150052 11.481490603142372 16.973042127849947 12.518509396857628
89.56503902471479 41.36667602624433 96.43496097528521 48.63332397375567
33.93154725132827 87.1754748591361 24.068452748671735 88.8245251408639
50.63234707671158 25.564006007818872 43.36765292328842 32.43599399218113
86.98361418175254 33.97827564941142 79.01638581824746 40.02172435058858
74.9046060073052 23.00091008420955 75.0953939926948 32.99908991579045
80.92539111157232 19.860536110831134 71.07460888842768 18.139463889168866
47.76674691593175 47.28810244233945 40.23325308406825 40.71189755766055
55.010505106943 41.32394553887666 64.989494893057 40.67605446112334
38.485240636364935 88.44381291047003 45.514759363635065 95.55618708952997
21.049699055439415 9.93485360098351 28.950300944560585 16.06514639901649
27.356618360401715 28.575708799147172 34.64338163959829 35.42429120085283
9.373391721307105 42.25451865083489 14.626608278692895 33.74548134916511
61.644827566349264 56.292869311654876 68.35517243365074 63.707130688345124
87.9038609142493 2.024219218421448 78.0961390857507 3.975780781578552
