90.99013396917226 7.6860526004040235 81.00986603082774 8.313947399595977
71.92657859242442 47.095477436117775 64.07342140757558 40.904522563882225
41.022346330849814 9.969971379441066 32.977653669150186 4.030028620558934
38.69576211573477 14.04864512700733 37.30423788426523 23.95135487299267
18.926869419225145 86.94618261353516 13.073130580774853 95.05381738646484
26.05358335982353 62.929854123638705 33.94641664017647 69.0701458763613
60.899075317814166 86.99953040493223 51.100924682185834 85.00046959506777
80.66698856403511 57.50500262609407 89.33301143596489 62.49499737390593
7.474025473037281 34.23855045778485 10.525974526962719 43.76144954221515
47.24533110218475 76.00602236185415 46.75466889781525 85.99397763814585
42.88526941184633 43.147170411237894 35.11473058815367 36.852829588762106
67.81950798091745 61.22666372336938 60.18049201908255 54.77333627663062
78.99905797888513 94.90294679940936 69.00094202111487 95.09705320059064
80.57834348270407 39.6458560966728 87.42165651729593 32.3541439033272
89.49189690912776 18.196101581841898 80.50810309087224 13.803898418158102
23.598204348298374 25.016170121856717 24.401795651701626 34.98382987814328
43.013228440764436 96.0175573788199 50.986771559235564 89.9824426211801
35.09005713249712 52.05529843979295 44.90994286750288 53.94470156020705
56.99888322648516 23.10567160434698 47.00111677351484 22.89432839565302
22.434521375795157 14.708343043910894 27.565478624204843 23.291656956089106
56.76869501732925 41.50317924137448 47.23130498267075 38.49682075862552
2.661592228364439 83.8175371962057 5.338407771635561 74.1824628037943
22.101716814393935 58.003405119385434 31.898283185606065 55.996594880614566
74.1316215265709 72.18402706668263 65.8683784734291 77.81597293331737
42.24956391672469 80.94336380260631 43.75043608327531 71.05663619739369
76.31708108743292 62.24778127554758 85.68291891256708 65.75221872445242
62.858483720573936 7.801400169067047 71.14151627942607 2.1985998309329533
52.10461359581799 34.0174438332163 61.89538640418201 31.982556166783702
18.48421418932498 96.55517230714014 25.51578581067502 89.44482769285986
29.091587193228392 36.458495512154265 24.908412806771608 45.541504487845735
51.000907655151664 28.095266613662805 60.999092344848336 27.904733386337195
83.36643743980578 43.04030258157616 84.63356256019422 52.95969741842384
90.98723807768206 34.42301524537529 95.01276192231794 43.57698475462471
70.20944345423602 18.995611417982555 69.79055654576398 9.004388582017445
88.38528394086441 78.40193354570785 79.61471605913559 73.59806645429215
93.50419498808805 62.228986756847235 96.49580501191195 71.77101324315277
54.0634354112185 72.95320022537382 59.9365645887815 81.04679977462618
44.11244165250172 60.14434255366626 51.88755834749828 53.85565744633374
20.62922146470975 65.3070537417901 27.37077853529025 72.6929462582099
65.2971868895816 86.35993676567188 72.7028131104184 79.64006323432812
10.028246003403796 12.893128871845102 7.971753996596203 3.106871128154898
3.438156057917795 61.019235071908135 2.561843942082205 70.98076492809186
41.40564771396281 63.201650856364125 38.59435228603719 72.79834914363587
12.630394744809283 52.11335098461782 3.3696052551907165 55.88664901538218
78.83117270987428 33.71167929172663 69.16882729012572 36.28832070827337
88.01639356946342 91.90229725636941 89.98360643053658 82.09770274363059
93.57900930315591 92.79382784833608 96.42099069684409 83.20617215166392
22.242344966715716 51.468991950120824 17.757655033284284 42.531008049879176
36.808518794414084 96.3704550352954 27.191481205585912 93.6295449647046
51.4078046751374 5.977812452764443 60.5921953248626 2.022187547235557
20.274125349815495 72.59458137164063 11.725874650184505 67.40541862835937
15.998227994268584 19.86689508908439 6.001772005731416 20.13310491091561
24.762598813581818 4.345865266166433 33.23740118641818 9.654134733833567
28.588403719659645 27.6467430528548 37.411596280340355 32.3532569471452
65.0013728036196 13.101300937170052 62.998627196380404 22.898699062829948
86.80052841348245 40.1576853893692 93.19947158651755 47.8423146106308
68.07641162023099 55.870791287624925 77.92358837976901 54.129208712375075
4.246336872145191 89.17340860428175 9.753663127854809 80.82659139571825
40.230497076131805 88.47491707111624 35.769502923868195 79.52508292888376
94.32807974550296 11.01077524252608 93.67192025449704 20.98922475747392
67.7510927688523 70.55792089072565 58.2489072311477 67.44207910927435
87.00145374072963 26.879437593196684 96.99854625927037 27.120562406803316
75.49704212757753 8.0247664252406 74.50295787242247 17.9752335747594
78.9422159895529 79.39263664880606 75.0577840104471 88.60736335119394
2.3206262098984425 40.77851257340297 7.6793737901015575 49.22148742659703
82.4356700503047 91.74898639801025 85.5643299496953 82.25101360198975
20.412648490674957 78.3512833299592 11.587351509325043 73.6487166700408
56.96952978969319 59.041062710392566 65.03047021030682 64.95893728960743
36.45704563868041 44.91156382166768 45.54295436131959 49.08843617833232
96.94042090836031 49.95600137466918 91.05957909163969 58.04399862533082
89.94645923039998 71.04072118077161 96.05354076960002 78.95927881922839
29.530745239008247 13.114792561743137 20.469254760991753 8.885207438256863
27.20501250799212 50.14584670719016 32.794987492007884 41.85415329280984
13.044882030368443 32.94107178144083 20.95511796963156 39.05892821855917
8.707665396032079 90.76304834615706 15.292334603967921 83.23695165384294
9.399101006763289 59.957480128643304 18.60089899323671 56.042519871356696
24.812374710862926 83.8521481041172 31.187625289137074 76.1478518958828
59.76880205180708 93.4971603576294 50.23119794819292 96.5028396423706
4.644306975258094 30.455185995849337 13.355693024741907 25.544814004150663
62.38076441432345 50.41016662208183 53.61923558567655 45.58983337791817
45.13977001173798 18.925444585750075 46.86022998826202 9.074555414249925
53.06740591699494 17.04967800501765 58.93259408300506 8.95032199498235
43.076909332193445 32.999408460470256 42.923090667806555 23.000591539529744
75.57363012553898 25.32534937901039 84.42636987446102 20.67465062098961
74.3998850224241 40.26295112348022 77.6001149775759 49.73704887651978
3.19116613538376 11.996344214391403 2.80883386461624 2.003655785608598
82.00045803325236 3.0676766040007037 91.99954196674764 2.9323233959992963
13.021462965885947 3.4081168128273163 16.978537034114055 12.591883187172684
39.60752003102242 92.94184426865986 30.39247996897758 89.05815573134014
75.38379519935799 30.404649589874975 66.61620480064201 25.595350410125025
