61.68640813197941 12.742865118280015 52.31359186802059 9.257134881719985
65.8239340436165 8.315165519179128 56.176065956383496 5.684834480820871
88.14515581424882 30.184364348434443 95.85484418575118 23.815635651565557
4.759814846350395 7.649684861029604 13.240185153649605 2.350315138970396
7.031345792749419 78.09472640653186 8.96865420725058 87.90527359346814
52.24571538736469 87.6408144292045 43.75428461263531 82.3591855707955
85.91595385583015 74.38165388668956 82.08404614416985 83.61834611331044
58.73255369740304 84.00715787599616 59.26744630259696 93.99284212400384
25.593534519398517 20.617201363207123 30.406465480601483 29.382798636792877
76.87540718950146 80.84069325396214 69.12459281049854 87.15930674603786
85.89058586194798 36.04027396723869 76.10941413805202 33.95972603276131
46.9975070456227 95.84212875831382 37.0024929543773 96.15787124168618
68.2846335986796 68.16784556153847 65.7153664013204 77.83215443846153
77.86823225690897 48.14031341866658 68.13176774309103 45.85968658133342
71.96215270625817 3.614036252818045 62.03784729374184 2.385963747181955
42.81559666141624 43.65462689392244 33.18440333858376 46.34537310607756
83.00001129855073 95.01062945810756 92.99998870144927 94.98937054189244
49.779784474284085 20.273106983885643 42.220215525715915 13.726893016114357
95.99756285521855 10.843905451280886 86.00243714478145 11.156094548719114
41.19058298079277 39.36729950462943 50.80941701920723 36.63270049537057
65.2306608645062 37.52516457201381 60.76933913549379 46.47483542798619
7.310782654669526 67.56600817288998 2.6892173453304737 76.43399182711002
39.165726911200835 70.23472979596981 30.834273088799165 75.76527020403019
22.9830221712243 65.41169168207175 13.016977828775701 64.58830831792825
21.89413050139428 82.07725503750983 16.10586949860572 73.92274496249017
22.00439680871021 86.1001250745051 23.99560319128979 95.8998749254949
22.16556472614664 42.791089572669705 29.83443527385336 49.208910427330295
38.42648397252684 11.358680515799705 31.57351602747316 18.641319484200295
16.809667764673602 92.93400832091399 15.190332235326398 83.06599167908601
95.76199164919487 90.99433198986081 96.23800835080513 81.00566801013919
8.70379261245919 54.950219788923306 7.296207387540811 45.049780211076694
76.2932458588653 60.31285286506736 85.7067541411347 63.68714713493264
62.866652916867736 68.14703504163681 53.133347083132264 65.85296495836319
58.187069678002395 53.14739219909972 51.812930321997605 60.85260780090028
91.81538927192665 76.65879402757555 88.18461072807335 67.34120597242445
50.94387605620489 91.74705390761576 41.05612394379511 90.25294609238424
69.24178636440189 51.352879217191976 60.75821363559811 56.647120782808024
33.57768140114882 54.71566124189842 28.422318598851174 63.28433875810158
81.85957139500745 72.17667576537688 72.14042860499255 69.82332423462312
96.19373850021198 75.99624512944827 95.80626149978802 66.00375487055173
93.72345090530698 17.66294840378986 86.27654909469302 24.33705159621014
20.851543763698736 60.884227507252334 27.148456236301264 53.115772492747666
63.01425570476533 95.62270194469762 72.98574429523467 96.37729805530238
19.05928095849316 13.232344248447436 28.94071904150684 14.767655751552564
73.35474482201586 15.012600265543885 72.64525517798414 24.987399734456115
77.9430657690575 40.247603294284175 68.0569342309425 41.752396705715825
46.79436932609114 74.58083730142158 37.20563067390886 77.41916269857842
3.3796362284162034 53.01443319831397 2.6203637715837966 62.98556680168603
38.74635101110979 29.993562074354834 39.25364898889021 20.006437925645166
13.103867193437097 68.98615408443962 22.896132806562903 71.01384591556038
4.372614276869202 30.10598274311841 13.627385723130798 33.89401725688159
27.957955148058907 9.968118334775149 34.04204485194109 2.0318816652248506
77.19959892460135 13.142191909714718 82.80040107539865 4.857808090285282
78.34473806840467 23.236694947080878 83.65526193159533 14.763305052919122
81.74308423571554 27.417864755178403 72.25691576428446 30.582135244821597
86.84429814262703 58.78031330476025 95.15570185737297 53.21968669523975
63.62564646113523 31.578217367924758 72.37435353886477 36.42178263207524
30.17340860428169 34.753663127854885 21.82659139571831 29.24633687214512
13.21754772463693 57.995265056781804 12.78245227536307 48.004734943218196
51.86812085093561 25.47726948693773 56.13187914906439 34.52273051306227
54.26549068270488 83.18598361124673 59.73450931729512 74.81401638875327
45.948007500986 9.03952758045681 52.051992499014 16.96047241954319
73.95970677350229 65.02990518683563 68.04029322649771 56.97009481316437
33.759106219787505 81.53326709635989 24.240893780212495 78.46673290364011
25.771116696531443 3.5045250025229824 16.228883303468557 6.495474997477018
90.75854330374538 81.00583353663158 91.24145669625462 90.99416646336842
8.809070814079888 38.27307635629397 17.190929185920112 43.72692364370603
66.79941927080596 64.40198953741331 57.200580729194044 61.59801046258668
46.79835213945569 59.00406784069901 47.20164786054431 68.99593215930099
84.95108285085685 89.6976952084909 75.04891714914315 88.3023047915091
16.75802738870752 28.530821237608144 21.24197261129248 37.469178762391856
48.82914291278875 5.295908456590297 39.17085708721125 2.704091543409703
33.590870130256484 62.65757208148008 40.409129869743516 55.34242791851992
6.080966824401226 17.059463673904933 11.919033175598774 8.940536326095067
11.552242443613526 20.715825593434904 20.447757556386474 25.284174406565096
12.169297013149928 15.709919129341966 21.83070298685007 18.290080870658034
89.61513738591871 39.68004145136911 96.38486261408129 32.31995854863089
9.857663124071772 96.18094879260525 2.142336875928228 89.81905120739475
45.31318821226648 22.00981832558199 44.68681178773352 31.99018167441801
82.56125448695504 51.95184045903828 73.43874551304496 56.04815954096172
57.60127322064333 39.03628460584844 56.39872677935667 48.96371539415156
95.99936887991657 46.07944055967628 86.00063112008343 45.92055944032372
48.28049456353884 54.58406004023019 39.71950543646116 49.41593995976981
56.04036445847218 24.365953238937326 65.95963554152782 25.634046761062674
39.73526175097721 84.67617394382819 32.26473824902279 91.32382605617181
56.16608069646168 18.722023409103453 65.83391930353832 21.277976590896547
26.199127515480907 38.60299485062242 35.8008724845191 41.39700514937758
12.677531647049681 28.766549657057137 3.3224683529503185 25.233450342942863
72.8219662337776 77.77624844197574 65.1780337662224 84.22375155802426
96.84607192301051 3.7689082418401254 87.15392807698949 6.231091758159875
