90.84291451038206 9.243454480522253 81.15708548961794 6.756545519477747
57.932610560198945 53.91225381500238 56.067389439801055 44.08774618499762
72.755861135646 35.68155440770776 69.244138864354 26.318445592292242
22.332135283928842 26.791937217777992 31.667864716071158 23.208062782222008
2.462554577871898 73.02896867659904 3.537445422128102 82.97103132340096
25.80043443675376 72.85397182310257 28.19956556324624 63.146028176897424
91.95911323467473 79.00016717555265 92.04088676532527 88.99983282444735
60.288516517704416 72.16887951054801 57.711483482295584 81.83112048945199
19.088072066986086 39.93432541487303 28.911927933013914 38.06567458512697
89.04988914789652 67.93460862921319 96.95011085210348 74.06539137078681
88.46115896194213 44.781737601326135 85.53884103805787 35.218262398673865
73.9975070456227 64.84212875831382 64.0024929543773 65.15787124168618
79.53238049504965 82.97157631023508 78.46761950495035 73.02842368976492
83.52476521097327 30.12755723438077 74.47523478902673 25.87244276561923
66.999997767411 3.0047250275150583 57.000002232589 2.9952749724849417
3.90849953716204 42.12059155843411 6.09150046283796 51.87940844156589
67.95661088698424 85.43660642363508 72.04338911301576 94.56339357636492
8.969752003908754 77.89270774383162 11.030247996091246 68.10729225616838
89.72156614518119 20.64523953778133 80.27843385481881 17.35476046221867
23.87714955450367 60.91074451262588 18.12285044549633 69.08925548737412
56.82559972293367 66.93136746729463 55.17440027706633 57.06863253270537
37.44344063651126 89.37471151729646 30.55655936348874 96.62528848270354
7.681884083521819 28.259664886027704 14.318115916478181 35.7403351139723
91.96561881625344 95.5853458564557 82.03438118374656 94.4146541435443
36.554570512128265 84.93701976498764 27.445429487871735 89.06298023501236
54.21935750860179 71.00481408920348 53.78064249139821 80.99518591079652
16.222151938209958 9.724658182413746 23.777848061790042 16.275341817586256
53.181002356869136 32.74211948898196 44.818997643130864 27.257880511018037
6.817812593917097 68.65784900714873 3.1821874060829036 59.34215099285127
53.84160529225195 22.22371589087626 62.15839470774805 27.77628410912374
9.04978021107671 59.703792612459274 18.95021978892329 58.296207387540726
69.43172288671755 38.252315628018806 72.56827711328245 47.747684371981194
77.92795992628072 59.154298536733386 68.07204007371928 60.845701463266614
83.82488884962957 45.12553063099021 78.17511115037043 36.87446936900979
90.54215202390438 53.090180612229815 81.45784797609562 48.909819387770185
58.588522934164196 90.01368248191554 49.411477065835804 93.98631751808446
51.65875834446657 66.59214328693294 44.34124165553343 73.40785671306706
33.115725246223676 73.46969022223736 28.884274753776324 82.53030977776264
75.98533984999398 69.61739500779262 66.01466015000602 70.38260499220738
80.25278019354833 87.53625925937041 75.74721980645167 96.46374074062959
49.96172201424285 13.051727470238006 58.03827798575715 18.948272529761994
23.63681273407645 84.12917994742774 14.36318726592355 87.87082005257226
83.81815205724537 81.14168388840262 86.18184794275463 90.85831611159738
2.665877448113643 34.98882372111112 3.334122551886357 25.011176278888886
80.95216867991283 2.3100540849526876 71.04783132008717 3.6899459150473124
96.29176612937223 34.00852000647592 95.70823387062777 43.99147999352408
48.25097710652054 88.84097678975654 45.74902289347946 79.15902321024346
42.898690177733414 86.08142744645914 41.101309822266586 95.91857255354086
22.937177352299905 79.20988621582906 13.062822647700097 80.79011378417094
35.15135214252139 80.64569705200842 38.84864785747861 71.35430294799158
44.92005457306654 66.890540845805 35.07994542693346 65.109459154195
12.41381448132943 16.00829159053431 21.58618551867057 19.99170840946569
57.76259881358182 30.345865266166435 66.23740118641818 35.654134733833565
54.72879804450949 37.810291032508204 49.27120195549051 46.189708967491796
95.51616630642246 12.97653543712482 96.48383369357754 3.023464562875181
78.19130615107856 52.85600552454405 75.80869384892144 43.14399447545595
34.08034780245548 37.9384587614837 27.919652197544522 30.0615412385163
19.998092473636895 49.8618999457849 10.001907526363105 50.1381000542151
26.58508113825217 95.9942494717673 17.41491886174783 92.0057505282327
73.8464169337273 54.77026714100934 64.1535830662727 57.22973285899066
15.122781701690283 26.842916176714294 22.877218298309717 33.1570838232857
70.20297892127424 9.589826687863972 79.79702107872576 12.410173312136028
40.06153055466974 34.000378615250746 39.93846944533026 43.999621384749254
23.99650522832418 53.81308958474944 14.00349477167582 54.18691041525056
44.83898492032005 9.884156875900716 39.16101507967995 18.115843124099285
87.27903821770448 61.35302706454989 96.72096178229552 64.64697293545011
37.35128332995928 52.58735150932509 32.64871667004072 61.41264849067491
58.729855925475135 36.16401674631214 61.270144074524865 45.83598325368786
45.86231595522113 15.480010295952232 50.13768404477887 24.519989704047767
95.69403570607913 58.9515971603804 94.30596429392087 49.0484028396196
39.34254688215738 59.71729256694492 42.65745311784262 50.28270743305508
40.89112796935693 2.9622778852822065 31.10887203064307 5.037722114717793
43.959288914066605 32.10950713776052 46.040711085933395 41.89049286223948
5.8685877174862755 9.81627991362626 14.131412282513725 4.183720086373739
11.529884316899548 94.76019474148956 8.470115683100452 85.23980525851044
22.075241339957252 44.13585178335313 31.924758660042748 45.86414821664687
61.615137385918715 83.6800414513691 68.38486261408129 76.3199585486309
84.99754794387894 65.10052062973392 83.00245205612106 74.89947937026608
18.313857076415896 5.743578073887896 27.686142923584104 2.2564219261121035
64.85979930486697 42.131741340600506 67.14020069513303 51.868258659399494
7.622964140775463 40.583068663146896 16.377035859224538 45.416931336853104
94.00782255712804 29.999993880756254 93.99217744287196 20.000006119243746
47.66154724694552 50.011468178516864 48.33845275305448 59.988531821483136
72.99602344733457 19.19937330233329 63.003976552665435 18.80062669766671
4.406588880536079 96.98344112860023 3.593411119463921 87.01655887139977
54.00002782159585 9.0166797837046 63.99997217840415 8.9833202162954
60.00240060730903 14.15492033493005 69.99759939269097 13.84507966506995
27.699329519953583 9.24426114031471 34.30067048004641 16.755738859685287
63.971252602638245 95.46460522904826 54.028747397361755 96.53539477095174
84.94609973362111 23.441327638909687 89.05390026637889 32.558672361090316
