92.3125657104442 14.530173312858397 83.6874342895558 9.469826687141603
55.98000408581855 62.02647773440804 48.01999591418145 55.97352226559196
78.8613975528411 32.17641447845095 71.1386024471589 25.82358552154905
32.169844895465154 40.2140180265838 39.830155104534846 33.7859819734162
6.775951115527875 54.15214435771623 9.224048884472126 63.84785564228377
30.14195247620885 79.9258252554182 31.85804752379115 70.0741747445818
95.263668903404 85.05451554282234 96.736331096596 94.94548445717766
64.78644749002402 65.33003154556833 61.21355250997598 74.66996845443167
28.095735264906388 28.026250849490896 37.90426473509361 29.973749150509104
75.48583681307758 80.6780810431564 80.51416318692242 89.3219189568436
90.62714909903141 36.7278309836035 87.37285090096859 27.272169016396496
87.9866322174166 72.36537532514232 78.0133677825834 71.63462467485768
75.88210912595153 95.63224192351932 72.11789087404847 86.36775807648068
64.99637117654878 27.190460143212775 55.00362882345123 26.809539856787225
73.97211335661768 3.5273412262891073 64.02788664338232 2.4726587737108927
9.742106991977625 32.31330999227571 6.257893008022375 41.68669000772429
60.05341098748546 85.93007570674789 67.94658901251455 92.06992429325211
18.963384937453874 63.906311186857906 17.036615062546126 54.093688813142094
96.84699123443212 22.227467300313215 87.15300876556788 19.772532699686785
24.707075881852774 54.050248117602045 23.292924118147226 63.949751882397955
57.331311398772385 72.71332985819294 60.668688601227615 63.286670141807065
30.22039439553051 84.00485973065634 29.77960560446949 93.99514026934366
21.532052275111234 25.651525091803293 26.467947724888766 34.34847490819671
89.92817897311328 96.84442406938945 80.07182102688672 95.15557593061055
18.864525409758627 85.84397554618744 9.13547459024137 88.15602445381256
43.74029495220971 87.05510734355812 42.25970504779029 96.94489265644188
19.465692807130093 18.892855420079528 28.534307192869907 23.107144579920472
50.51951872465537 17.55147686840281 43.48048127534463 10.448523131597192
14.40493697836013 64.79855729223236 11.59506302163987 55.20144270776765
26.008148836190706 15.285345331792517 35.991851163809294 14.714654668207483
39.126354982769946 65.88304689175031 48.873645017230054 68.11695310824969
69.70832951547798 42.5561000922196 74.29167048452202 51.4438999077804
87.87129160047563 66.16434848651139 80.12870839952437 59.835651513488614
85.4545756083273 34.356037027276585 80.5454243916727 25.643962972723415
95.78884503001302 52.4376937359951 86.21115496998698 49.5623062640049
71.15986067530433 67.49056523904892 66.84013932469567 76.50943476095108
47.71284298314228 72.30253590592751 44.28715701685772 81.69746409407249
25.00290662245761 82.00000084484549 24.99709337754239 91.99999915515451
56.51710233684773 80.85622144836628 47.48289766315227 85.14377855163372
91.9995374388104 79.06801027814295 82.0004625611896 78.93198972185705
51.1673912290563 9.282923406520437 60.8326087709437 6.717076593479563
17.77511313980736 76.72150632429253 10.22488686019264 83.27849367570747
85.87566889631812 85.09634079938246 92.12433110368188 92.90365920061754
7.950801350647212 21.036430525726733 2.049198649352788 12.963569474273267
89.96345565716565 3.3965864276052007 80.03654434283435 4.6034135723948
80.08550472768955 36.93727710670787 85.91449527231045 45.06272289329213
52.346423951582345 76.95709979210977 53.653576048417655 67.04290020789023
40.06979842657225 84.11578754285775 37.93020157342775 93.88421245714225
20.67077790216639 72.78433006717763 11.329222097833611 69.21566993282237
34.598963633932144 81.38577523008415 39.401036366067856 72.61422476991585
26.404057706703917 47.36733515075957 17.595942293296083 42.63266484924043
14.004856261068511 12.22031574481533 23.99514373893149 11.77968425518467
57.47072610213917 18.882058084328907 66.52927389786083 23.117941915671093
58.72879804450949 44.810291032508204 53.27120195549051 53.189708967491796
95.9923056871019 11.900543788534616 94.0076943128981 2.099456211465384
86.92841758331807 60.09314327037683 79.07158241668193 53.90685672962317
23.148614233607056 36.884099433321325 16.851385766392944 29.115900566678672
13.516029115134437 51.146038450554435 4.483970884865562 46.853961549445565
20.89951389413875 93.99737836408323 11.10048610586125 92.00262163591677
72.50302780610313 56.17318673322429 63.49697219389687 51.82681326677571
10.143188800186813 15.896510050137573 15.856811199813187 24.10348994986243
59.070286722457254 12.835420254254544 68.92971327754275 11.164579745745456
42.76543671918644 40.154811303399335 45.23456328081356 49.845188696600665
34.67233903045016 45.780238181966695 25.327660969549843 42.219761818033305
38.932814409621976 9.183089968095747 29.067185590378024 10.816910031904253
91.93298428866086 58.00044913072847 92.06701571133914 67.99955086927153
39.28812516901902 48.428622444131236 30.71187483098098 53.571377555868764
59.01075170864647 34.991958751130426 64.98924829135353 43.008041248869574
49.18282178922871 26.34190346275455 52.81717821077129 35.65809653724545
96.43393798194653 80.98113419090714 95.56606201805347 71.01886580909286
30.570629732414137 63.31962907220666 39.42937026758587 58.68037092779334
36.99999964757845 5.0018772893754 27.00000035242155 4.9981227106246
45.302967570906624 28.048823797036487 46.697032429093376 37.95117620296351
2.024884744858827 2.501774952394419 11.975115255141173 3.498225047605581
4.0302787682837025 91.90506276542499 5.9697212317162975 82.09493723457501
11.782879761365518 42.17245021323453 18.217120238634482 49.82754978676547
48.027528563002576 96.03635812812647 55.972471436997424 89.96364187187353
73.18094879260532 76.14233687592828 66.81905120739468 83.85766312407172
10.521781794321189 9.223861889220384 19.47821820567881 4.776138110779616
70.707753539982 35.23687453750225 77.292246460018 42.76312546249775
2.4355868720864686 31.0411106774819 11.564413127913532 26.9588893225181
94.65902155990828 41.98835982096246 95.34097844009172 32.01164017903754
42.896297214347854 54.46409495363501 47.103702785652146 63.53590504636499
73.2269965721278 21.670674068324278 64.7730034278722 16.329325931675722
4.796229530435527 74.99584603403002 5.203770469564473 65.00415396596998
45.370354879853025 5.888487771074867 54.629645120146975 2.1115122289251333
72.79055573974688 16.485349045596625 77.20944426025312 7.5146509544033755
36.18630282559134 20.64784634264811 45.81369717440866 23.35215365735189
65.91056678887938 96.94145303226178 56.08943321112062 95.05854696773822
81.32777557453832 15.574905551902564 76.67222442546168 24.425094448097436
