95.34459408660923 27.815814234608254 92.65540591339077 18.184185765391746
73.72044187372853 46.64846247053132 64.27955812627147 43.35153752946868
52.99814912458186 12.863965708582045 43.00185087541814 13.136034291417955
39.30150118848986 49.289997392330115 48.69849881151014 52.710002607669885
2.7167931710980113 59.551745670888934 7.283206828901989 68.44825432911107
12.929854123638666 80.94641664017644 19.070145876361334 73.05358335982356
95.1698967809154 73.13879217457186 92.8301032190846 82.86120782542814
70.69014662901313 69.04785928809956 69.30985337098687 78.95214071190044
23.23766756362622 43.058456794031606 24.76233243637378 52.941543205968394
90.02989118316985 87.09501387529909 91.97010881683015 96.90498612470091
78.11242831332076 26.531848035965105 73.88757168667924 17.468151964034895
64.59599882095864 47.96895780496861 55.404001179041366 44.03104219503139
87.88478872329007 82.87404388657909 90.11521127670993 73.12595611342091
61.793798761395976 27.486945073742497 66.20620123860402 18.513054926257503
95.96330437825982 13.395343362934895 86.03669562174018 14.604656637065105
13.738875550936061 53.1616567790231 16.26112444906394 62.8383432209769
47.019964183413975 95.44636673881504 56.980035816586025 94.55363326118496
27.016669907564797 74.98744312420791 20.983330092435203 67.01255687579209
76.81135119109533 6.639522247169917 67.18864880890467 9.360477752830082
24.818326346125527 79.50107789931965 29.181673653874473 88.49892210068035
55.413824496486995 77.74173462691189 58.586175503513005 68.25826537308811
26.071912586722593 91.09835772602995 17.928087413277407 96.90164227397005
25.16815374578617 58.06968238250816 26.83184625421383 67.93031761749184
71.31798944617385 88.4790939837568 62.682010553826146 93.5209060162432
49.57559675695494 89.7452602520276 46.42440324304506 80.2547397479724
60.93121959694976 82.82648247813168 51.06878040305024 81.17351752186832
27.88096559929863 34.471237121614315 32.11903440070137 43.528762878385685
44.93283428607818 45.611306932157156 41.06716571392182 36.388693067842844
12.979261817666266 65.59157082675726 9.020738182333734 56.40842917324273
35.04021341888137 8.632864179548518 44.95978658111863 7.367135820451482
60.79219895641159 36.83536340713016 67.20780104358842 29.164636592869837
62.00225366676946 53.849894741328896 71.99774633323054 54.150105258671104
95.62730053059273 64.89422538246541 86.37269946940727 61.105774617534586
86.99467430462403 33.89788936647377 89.00532569537597 24.10211063352623
93.86610831877569 48.85065678322702 84.13389168122431 51.14934321677298
62.755940477198955 64.15724087903104 65.24405952280105 73.84275912096896
43.568913599049814 86.96898337662695 34.431086400950186 91.03101662337305
32.2283596524063 68.71751175350113 39.7716403475937 75.28248824649887
42.67994818381367 82.76013777779443 33.32005181618633 79.23986222220557
83.99411833120787 77.24245018847887 74.00588166879213 76.75754981152113
68.08967100821359 13.942692522735697 77.91032899178641 12.057307477264303
14.426135083251152 69.62805894849691 9.573864916748848 78.37194105150309
69.18588934169152 84.35068078003675 78.81411065830848 81.64931921996325
7.101953522148497 19.998960439863623 6.898046477851503 10.001039560136377
74.94815214700856 33.60485648116268 71.05184785299144 24.39514351883732
83.04455595069118 56.66601371920536 92.95544404930882 55.33398628079464
74.60636937023628 60.613368505780144 83.39363062976372 65.38663149421986
53.16240765302704 69.22973601798999 44.83759234697296 74.77026398201001
21.00264901705058 81.00198813403397 14.997350982949419 88.99801186596603
39.354302947991556 60.15135214252145 48.645697052008444 63.84864785747855
6.709886810921063 41.44470264260802 11.290113189078937 32.55529735739198
30.604855127598974 27.616158237087248 39.395144872401026 32.38384176291275
30.090845421208186 3.9487893978788886 39.909154578791814 2.0512106021211114
56.7449948497361 49.0065069967668 57.2550051502639 58.9934930032332
96.9321894787218 8.17932531049998 87.0678105212782 9.82067468950002
76.85688117809102 56.86757427873447 79.14311882190898 47.13242572126553
23.717456584580262 30.343727940751286 16.282543415419738 23.656272059248714
16.614900602129673 42.98514778655156 17.385099397870327 33.01485221344844
11.840600530207032 95.25243223647405 2.1593994697929677 92.74756776352595
84.54026931128969 71.09426707488825 75.45973068871031 66.90573292511175
34.97865926315664 35.426797443193934 39.02134073684336 44.573202556806066
82.0333202053029 4.57627408144703 91.9666797946971 3.42372591855297
54.44329051253023 17.707148190296895 45.55670948746977 22.292851809703105
49.96623486034246 48.90575072691826 48.03376513965754 39.09424927308174
25.998500501222445 18.877555158218136 16.001499498777555 19.122444841781864
80.89498366818252 87.12363466233131 83.10501633181748 96.87636533766869
42.07480189628191 70.94279003988561 35.92519810371809 63.05720996011439
42.15245130028718 25.890077080678537 47.84754869971282 34.10992291932146
69.26615078381072 34.674587239038935 76.73384921618928 41.325412760961065
93.53637458014089 43.78098322841047 96.46362541985911 34.21901677158953
29.591702381420095 57.797572075279554 32.4082976185799 48.202427924720446
74.99927088663127 2.914614977419323 65.00072911336873 3.085385022580677
52.78924714762175 27.148806586987288 55.21075285237825 36.85119341301271
6.615054296249827 2.597449027561975 15.384945703750173 7.402550972438025
6.446574454758828 83.78616990367446 3.5534255452411725 74.21383009632554
9.504209667830905 44.81187996463291 18.495790332169094 49.18812003536709
28.07012923812589 95.16550957392023 37.929870761874106 96.83449042607977
64.86201828374269 86.83347601458357 55.137981716257315 89.16652398541643
2.253080573155575 40.943896375309905 3.746919426844425 31.056103624690095
59.194216923394514 15.144709489651712 56.805783076605486 24.85529051034829
23.404038959022408 7.3376894225833835 16.595961040977592 14.662310577416616
83.61711022025094 27.961771354673836 82.38288977974906 18.038228645326164
37.19655579968795 54.61186318596166 46.80344420031205 57.38813681403834
82.686687617277 41.70691883101084 79.313312382723 32.29308116898916
4.145218507760421 54.99789071359147 3.8547814922395784 45.00210928640853
34.22337952290536 20.477801345851404 43.77662047709464 17.522198654148596
49.03969446915515 6.37121622105051 58.96030553084485 7.62878377894949
24.18630282559134 13.647846342648108 33.81369717440866 16.35215365735189
76.99944584878394 96.0744392710676 67.00055415121606 95.9255607289324
91.93324529235008 34.388865363101374 88.06675470764992 43.611134636898626
