95.63286977627591 14.435441338259324 88.36713022372409 7.564558661740676
71.75919258128239 54.29673643727117 64.24080741871761 47.70326356272883
47.91721069385742 10.90611201968311 38.08278930614258 9.09388798031689
40.75531484335095 20.54498567650516 31.244685156649048 17.45501432349484
13.636959706341447 73.75188941914978 8.363040293658553 82.24811058085022
28.63192799269742 64.43309410813055 37.36807200730258 59.566905891869446
77.99626330021532 85.41579528857912 74.00373669978468 94.58420471142088
65.51689899188858 71.0267902284154 64.48310100811142 80.9732097715846
13.888009622364143 13.079487942237241 12.111990377635857 22.920512057762757
77.85445752973907 59.894872448885906 72.14554247026093 68.1051275511141
76.86728293354957 54.096179754231414 71.13271706645043 45.903820245768586
60.76573739570317 88.94101672136634 59.23426260429683 79.05898327863366
88.9460752775282 96.07058461926728 81.0539247224718 89.92941538073272
58.793798761395976 49.4869450737425 63.206201238604024 40.5130549262575
90.85261955272162 17.794975736118236 81.14738044727838 20.205024263881764
39.77792982384889 41.32154458173085 48.22207017615111 46.67845541826915
29.621758082689603 83.58525410995149 38.3782419173104 88.41474589004851
48.73117147968727 66.18816216836727 43.26882852031273 57.81183783163273
61.50201147291986 3.8247085947629986 52.49798852708014 8.175291405237001
13.662513294373284 55.01140272987233 14.337486705626716 64.98859727012767
58.30560873810311 70.99065159064375 57.69439126189689 61.00934840935625
37.9983462945676 77.87141415481322 28.001653705432407 78.12858584518678
19.37774397260428 61.44663042289065 26.62225602739572 54.55336957710935
70.32598606772265 79.57396466205249 65.67401393227735 88.42603533794751
55.240746060264605 80.84360911035746 52.759253939735395 71.15639088964254
72.58113314093177 72.2055431135281 75.41886685906823 81.7944568864719
58.615509027281576 14.195503694822818 61.384490972718424 23.80449630517718
63.97290819514376 16.97953705912788 70.02709180485624 9.02046294087212
5.4814263574183935 78.76381507744124 8.518573642581606 69.23618492255876
39.14284208989871 2.813401063399935 48.85715791010129 5.186598936600065
53.471850318666306 58.12034442094617 62.528149681333694 53.87965557905383
65.0750183928879 66.09750212006897 72.9249816071121 59.90249787993104
95.24043210070263 60.058031100223616 96.75956789929737 69.94196889977638
77.68611251647523 36.99013773834816 78.31388748352477 27.00986226165184
90.13101570770547 63.183138409028466 81.86898429229453 68.81686159097153
94.76643307894315 74.83504525598067 89.23356692105685 83.16495474401933
44.43868610256392 81.01928172816237 43.56131389743608 90.98071827183763
26.805064808769444 60.720757016231964 35.194935191230556 55.279242983768036
15.589245407330008 44.20314983773096 18.410754592669992 53.79685016226904
56.487116296913634 89.58329735464409 49.512883703086366 82.41670264535591
26.05283828190451 16.069187900927776 33.947161718095494 9.930812099072224
23.194000433870656 71.50707644220654 18.805999566129344 80.49292355779346
29.008430298761358 71.70977264485172 38.991569701238646 72.29022735514828
14.487509353427868 33.79494675735542 5.5124906465721315 38.20505324264458
61.0408436540995 35.600185475860485 64.9591563459005 26.39981452413951
79.15047860842446 77.19079693114469 86.84952139157554 70.80920306885531
81.62134621044555 82.68574260771548 88.37865378955445 75.31425739228452
32.99990429613067 50.030935893942775 23.000095703869327 49.969064106057225
29.988374745417527 88.34076003181215 20.011625254582473 87.65923996818785
40.01194841591106 32.008933490446495 45.98805158408894 23.9910665095535
12.523524813263387 50.76223394462838 9.476475186736613 41.23776605537162
17.750250304293864 19.841293804148062 20.249749695706136 10.158706195851938
8.460682702883101 11.531746461784754 15.539317297116899 4.4682535382152455
41.230840277920805 47.71466364135179 48.769159722079195 54.28533635864821
73.2507568205908 35.200976428951456 66.7492431794092 42.799023571048544
87.1053766377254 35.02110829076828 96.8946233622746 32.97889170923172
46.62815764075286 31.426312920027502 55.37184235924714 26.573687079972498
2.3377713560984756 67.71561193647159 5.662228643901525 58.28438806352841
8.461834533606591 95.30786676502511 13.538165466393409 86.69213323497489
87.99247738387604 54.99436907504068 82.00752261612396 63.00563092495932
55.29047358033885 31.235324234798956 48.70952641966115 38.76467576520104
85.35170642287143 24.842109340084168 94.64829357712857 21.157890659915832
69.18415900154206 19.341382021637827 72.81584099845794 28.658617978362173
87.48923535252592 46.66367582395698 82.51076464747408 55.33632417604302
16.312424607269925 27.469586198541265 7.687575392730077 32.530413801458735
96.32946003364006 96.42420794625136 91.67053996635994 87.57579205374864
45.45301197526034 70.27391388319522 36.54698802473966 65.72608611680478
35.47898902787462 34.86447669412812 44.52101097212538 39.13552330587188
74.67968015439246 9.177474157114876 77.32031984560754 18.822525842885124
89.78747761678693 41.16859034592293 96.21252238321307 48.83140965407707
31.250563963360953 32.17619461716412 36.74943603663905 23.82380538283588
33.07978648387141 2.0611022844248676 26.920213516128594 9.938897715575132
20.283487464379498 28.655222791787818 27.716512535620502 35.34477720821218
3.237164833196777 23.005627883117363 2.762835166803223 32.99437211688264
4.419862654991142 94.98234034876621 3.5801373450088576 85.01765965123379
25.000835774307923 45.091416872406306 34.99916422569208 44.908583127593694
18.261367191241057 92.4045818404715 27.738632808758943 95.5954181595285
68.65182288697146 96.83317861329671 59.348177113028534 93.16682138670329
2.0792304894970526 55.61634536051217 5.920769510502947 46.38365463948783
56.52999581599547 42.23984109477043 53.47000418400453 51.76015890522957
9.20770331580725 4.164554857939018 2.7922966841927512 11.835445142060982
86.87428653556418 13.091268374413303 81.12571346443582 4.9087316255866975
15.093850260006711 39.03579321265416 24.90614973999329 40.96420678734584
80.5143541602549 47.77418646879739 83.4856458397451 38.22581353120261
18.38610871488103 23.926657003491595 27.61389128511897 20.073342996508405
7.148190323145545 27.926907780181917 8.851809676854455 18.073092219818083
86.09563926329123 3.0267344842082506 95.90436073670877 4.973265515791749
36.010365105047626 14.678218062853782 45.989634894952374 15.321781937146218
50.99649013243514 95.8126864754528 41.00350986756486 96.1873135245472
91.2284600059078 27.33164358107128 82.7715399940922 32.668356418928724
