96.86366456160006 14.17365659065939 89.13633543839994 7.826343409340611
80.92124038150632 47.05787563060486 75.07875961849368 38.94212436939514
43.9998519154854 4.038481465888804 34.0001480845146 3.961518534111196
42.92402063425375 19.131656293024864 33.07597936574625 20.868343706975136
18.820636075390524 89.77467211288146 11.179363924609476 96.22532788711854
37.130488067860604 76.13483635064799 46.869511932139396 73.86516364935201
73.68881359804666 83.78451883707692 68.31118640195334 92.21548116292308
63.848912428602226 70.11790686389642 70.15108757139777 77.88209313610358
15.980091924735554 15.10512640428679 18.019908075264446 24.89487359571321
66.87540718950146 60.84069325396214 59.124592810498534 67.15930674603787
80.2797430326087 35.77402777414987 73.7202569673913 28.22597222585013
48.529255205255474 66.76039688652102 45.470744794744526 57.23960311347898
77.40037428471358 90.96391468516202 78.59962571528642 81.03608531483798
62.84100053109076 46.875657667471565 69.15899946890924 39.124342332528435
96.19077753289423 18.7271567006296 87.80922246710577 13.272843299370399
29.68280768002708 43.56935447679929 34.31719231997292 52.43064552320071
51.297912024449786 92.29989157105022 60.702087975550214 95.70010842894978
35.60330322713977 64.46643993937356 28.39669677286023 57.53356006062644
68.70472885076673 4.307213409563035 59.29527114923327 7.692786590436965
10.135784546377295 56.13070914154735 7.864215453622706 65.86929085845264
51.37822140722019 57.68613891813633 44.62177859277981 50.31386108186367
30.249673467243905 89.84131348140839 27.750326532756095 80.15868651859161
22.83184625421374 67.93031761749185 21.16815374578626 58.06968238250815
67.17010273417438 82.49548514009234 62.82989726582562 91.50451485990766
54.68326209647243 70.98995762511757 55.31673790352757 61.01004237488243
69.09751254829565 66.92868981865803 74.90248745170435 75.07131018134197
29.271305923122735 7.810223319219158 34.72869407687727 16.18977668078084
50.5165460038678 27.774867981563407 53.4834539961322 18.225132018436593
8.115106895461274 88.99867486466336 7.884893104538725 79.00132513533664
47.88904158610458 12.001231328578426 48.11095841389542 21.998768671421573
68.01274460679302 52.356768332294145 77.98725539320698 51.643231667705855
60.04030258157616 57.63356256019422 69.95969741842384 56.36643743980578
90.67404345597512 63.01063607947793 91.32595654402488 72.98936392052207
73.49526621849925 23.77118213190557 70.50473378150075 14.228817868094433
80.75722378654169 63.05767138515704 79.24277621345831 72.94232861484295
96.42783819184483 85.20820721463153 93.57216180815517 94.79179278536847
58.798383644474164 74.85644488653288 53.201616355525836 83.14355511346712
24.467233438776212 76.11045665708905 33.53276656122379 71.88954334291095
13.012686793215357 63.09844793644823 14.987313206784643 72.90155206355178
59.59280983401923 87.38240065544052 64.40719016598077 78.61759934455948
27.489980038958464 30.335896609190353 22.510019961041536 21.664103390809647
21.134109429718944 79.07554738876509 22.865890570281056 88.92445261123491
44.48061824489497 83.86103096057381 53.51938175510503 88.13896903942619
11.993895141669858 37.24700468417864 2.0061048583301417 36.75299531582136
59.28428371555597 34.69641540233544 62.71571628444403 25.30358459766456
87.32274765227164 82.38789243795111 94.67725234772836 75.61210756204889
83.55753571776951 92.62621561211786 90.44246428223049 85.37378438788214
24.26982130602133 50.60165832011936 15.730178693978669 45.39834167988064
26.632900887815783 93.11951353004716 17.367099112184217 96.88048646995284
40.545654807071145 13.61489962351506 47.454345192928855 6.3851003764849406
15.704168806226852 54.205647520588194 10.295831193773148 45.794352479411806
21.08863491104069 16.620247125068914 24.91136508895931 7.379752874931086
2.0065750134451568 15.256333578857252 11.993424986554842 14.743666421142748
38.46127284870044 50.24265633427082 41.53872715129956 59.75734366572918
65.66826686556203 15.18061343544222 68.33173313443797 24.81938656455778
85.01089996858072 45.329971023715785 94.98910003141928 44.670028976284215
48.99299364332367 38.99473563216743 55.00700635667633 31.005264367832567
2.8397928876175937 65.86352952662747 5.160207112382406 56.136470473372526
12.607156484282042 86.98454350689794 13.392843515717958 77.01545649310206
96.13354882119114 51.18685689257918 87.86645117880886 56.81314310742082
59.44922815158786 39.02022148405966 58.55077184841214 48.97977851594034
88.1594652618858 18.885226324381073 93.8405347381142 27.114773675618927
82.71262471147524 2.008265287142624 83.28737528852476 11.991734712857376
82.20441306518252 54.16180551460878 75.79558693481748 61.83819448539122
19.622621922895966 29.09438551696268 10.377378077104032 32.90561448303732
82.45722420463034 87.97045213596921 83.54277579536966 78.02954786403079
50.83077818267385 77.71020073274858 41.16922181732615 80.28979926725142
37.045271807757956 45.67131850935446 46.954728192242044 44.32868149064554
56.25318346284412 13.570901894639986 65.74681653715588 10.429098105360014
95.4791953304915 57.02719772198631 96.5208046695085 66.97280227801369
41.44236605335185 39.51329484980362 48.55763394664815 32.48670515019638
20.33106535840389 3.501625956500153 11.66893464159611 8.498374043499847
16.720594304858295 39.77432090403985 23.279405695141705 32.22567909596015
7.671550560809543 22.04530325405516 6.328449439190457 31.95469674594484
2.9840253771105596 81.99997448107723 3.0159746228894404 72.00002551892277
24.433964484762903 37.0374787541453 33.5660355152371 32.9625212458547
40.001967781174386 95.85973617864504 49.998032218825614 96.14026382135496
80.98452990693933 96.3930160388933 71.01547009306067 95.6069839611067
2.607213179401924 50.390281452386866 7.392786820598076 41.609718547613134
70.1342625328129 30.104310282452502 63.8657374671871 37.8956897175475
12.827517685019345 2.698050307874587 3.1724823149806545 5.3019496921254134
75.09508329110558 14.999095835023823 74.90491670889442 5.000904164976177
37.50150046998216 31.182544839958453 46.49849953001784 26.817455160041547
84.49787906057462 34.97514989131396 83.50212093942538 25.02485010868604
33.26295112348022 26.60011497757589 42.73704887651978 23.39988502242411
2.407212128700009 30.964735898276928 3.592787871299991 21.035264101723072
87.00586549855355 3.24211687562463 96.99413450144645 2.75788312437537
26.848893536694654 13.134308485925494 29.151106463305346 22.865691514074506
44.9056727566975 89.03336935482267 35.0943272433025 90.96663064517733
96.19693696201362 33.155576238119544 89.80306303798638 40.844423761880456
