56.90135484364172 6.988291807468757 47.09864515635828 5.011708192531243
69.52431216957929 14.761981983341862 66.47568783042071 5.238018016658138
83.28851461351746 10.673889319208852 92.71148538648254 7.326110680791148
21.095820104786117 42.86779665758049 12.904179895213883 37.13220334241951
18.8334607569522 96.27970977608327 9.166539243047803 93.72029022391673
48.9258252554182 74.85804752379124 39.0741747445818 73.14195247620876
84.54027257636984 87.64686997650637 89.45972742363016 96.35313002349363
32.91714422174066 58.06350406446889 39.08285577825934 65.93649593553111
29.979183162043984 26.455779594560422 20.020816837956016 25.544220405439578
53.231543130737876 91.33653557697778 44.768456869262124 96.66346442302222
60.045514899087614 17.061665573618253 51.954485100912386 22.938334426381747
48.894169630837546 88.97671918585978 39.105830369162454 91.02328081414022
60.251899872777415 80.00634938606086 59.748100127222585 89.99365061393914
84.82547029695871 63.30951762613917 75.17452970304129 60.69048237386083
77.07458262961634 9.942961026140313 70.92541737038366 2.0570389738596875
41.60137496953819 59.6225858918996 50.39862503046181 64.3774141081004
66.39333287294698 93.0561332400267 75.60666712705302 96.9438667599733
40.06305595590514 11.791570278292667 49.93694404409486 10.208429721707333
96.53928986449027 11.903610836190987 87.46071013550973 16.096389163809015
63.35096269135331 48.58173630038516 70.64903730864668 55.41826369961484
52.39192988280941 50.01538457180887 51.60807011719059 59.98461542819113
2.5230603714084063 87.0227991209236 3.4769396285915937 96.9772008790764
30.242141948318405 78.19362172308713 23.757858051681595 85.80637827691287
15.732796790898394 33.690140219807105 12.267203209101606 24.309859780192895
32.103551237360826 73.92020021390185 25.896448762639174 66.07979978609815
26.834000134469072 53.137855996210945 29.165999865530928 62.862144003789055
32.954026298072684 44.11062999816168 35.045973701927316 53.88937000183832
44.022597820158055 16.000051066408368 43.977402179841945 25.999948933591632
21.2023282695095 77.99590464994652 20.7976717304905 68.00409535005348
95.66966611757849 90.22763324102901 90.33033388242151 81.77236675897099
3.443753602877784 43.980269344115136 2.556246397122216 34.019730655884864
89.32663087303781 72.607897516719 96.67336912696219 79.392102483281
80.23883049226009 95.99429274231765 79.76116950773991 86.00570725768235
53.065541784243 71.91056180153836 44.934458215757 66.08943819846164
91.89592529428629 57.014847531783815 82.10407470571371 54.985152468216185
58.15986067530434 70.49056523904892 53.84013932469566 79.50943476095108
77.90591449877724 78.12972755497364 86.09408550122276 83.87027244502636
29.951744030745086 89.30701294818704 20.048255969254914 90.69298705181296
66.41858401624287 45.99734486648981 75.58141598375713 50.00265513351019
96.53964244531277 44.09562555546422 87.46035755468723 39.90437444453578
95.47291173181124 22.22186950468148 92.52708826818876 31.77813049531852
39.12475454510992 51.63502475548018 42.87524545489008 42.36497524451982
64.44397641159355 72.94023082315418 73.55602358840645 77.05976917684582
5.08908151040945 14.060383275692866 14.91091848959055 15.939616724307134
59.130578533992995 28.12949774884825 56.869421466007005 37.87050225115175
89.50935226971703 27.772627090419093 92.49064773028297 18.227372909580907
52.5669631852979 35.03224872336418 51.4330368147021 44.96775127663582
8.302801972730837 78.78987852886698 13.697198027269163 87.21012147113302
93.99722831591056 51.166460682029275 84.00277168408944 50.833539317970725
4.102633636900743 18.373986501945815 7.897366363099257 27.626013498054185
20.803448156063546 35.15525601515179 27.196551843936454 42.84474398484821
26.159818355461997 14.254050097833977 35.840181644538 11.745949902166023
76.49536239618824 36.332801231500206 71.50463760381176 27.667198768499794
63.38402008883408 35.96191180383529 64.61597991116592 26.038088196164708
81.10895116474937 22.91591913287335 74.89104883525063 15.084080867126652
35.035006705838356 33.59062813083181 44.964993294161644 32.40937186916819
86.1222316372412 20.127567737528317 83.8777683627588 29.872432262471683
9.224527174103853 65.52211223324284 4.775472825896147 74.47788776675716
16.607156484282044 64.98454350689794 17.392843515717956 55.015456493102064
68.86812085093561 35.47726948693773 73.13187914906439 44.52273051306227
64.04679853846646 85.68249196439369 73.95320146153354 84.31750803560631
61.65386091205803 6.1846174029559435 64.34613908794196 15.815382597044056
54.252732720629524 66.5695392248104 63.747267279370476 63.4304607751896
17.66012178200102 83.2336452502452 12.33987821799898 74.7663547497548
17.985241962124604 3.6161216611059723 8.014758037875396 4.383878338894028
95.28189857451025 61.007953005660994 94.71810142548975 70.992046994339
8.376364567475166 38.270961198906285 11.623635432524834 47.729038801093715
79.99602797357161 66.19925984866487 70.00397202642839 65.80074015133513
46.613793990616614 81.59975067060752 55.386206009383386 86.40024932939248
82.89035350438023 72.04136573891984 73.10964649561977 69.95863426108016
53.749436036639004 12.82380538283585 48.250563963360996 21.17619461716415
39.75586236062332 5.456700545322975 30.24413763937668 8.543299454677026
21.69703242909329 56.951176202963524 20.30296757090671 47.048823797036476
6.010563997338148 63.00790124454048 11.98943600266185 54.99209875545952
33.810687152142 18.637176047973956 24.189312847857998 21.362823952026044
15.019390405764376 10.439918253551777 24.980609594235624 9.560081746448223
76.93507517208967 25.446310786287725 81.06492482791033 34.553689213712275
35.760287624127756 87.83096986913178 30.23971237587224 96.16903013086822
47.48715225536086 44.0237883204091 46.51284774463914 53.9762116795909
65.88741644597725 40.94493579172114 56.11258355402275 43.05506420827886
80.16636889254417 39.002768627370386 79.83363110745583 48.997231372629614
67.8041464085345 20.6142953830758 58.1958535914655 23.3857046169242
31.986937741447623 37.017337807707406 24.013062258552377 30.982662192292594
37.237083947826974 39.5213910345314 46.762916052173026 36.4786089654686
34.188673229740814 79.76367673890483 41.811326770259186 86.23632326109517
23.029161704503146 3.5392278182938326 32.970838295496854 2.4607721817061674
39.19407195403949 19.00376781197518 38.80592804596051 28.99623218802482
2.2995401777808406 59.20803003180586 7.700459822219159 50.79196996819414
58.77624844197576 50.178033766222384 65.22375155802425 57.821966233777616
96.94185859725043 3.760285212786598 87.05814140274957 2.239714787213402
