56.91061061588956 11.065506837120186 51.08938938411044 2.9344931628798134
62.556457015345124 11.297037063918895 57.443542984654876 2.7029629360811054
84.93122244765331 46.55194018402115 89.06877755234669 37.44805981597885
10.62695208179321 7.4241394153528475 19.37304791820679 2.575860584647152
11.853576231716577 83.07339796445375 10.146423768283423 92.92660203554625
40.84896465665485 88.7803517890342 31.151035343345146 91.2196482109658
92.43632146341098 75.69369302275715 83.56367853658902 80.30630697724285
37.05640394110627 65.95831195636461 42.94359605889373 74.04168804363539
17.49733270273591 19.02533161022152 18.50266729726409 28.97466838977848
96.92116980491598 85.11564274685895 87.07883019508402 86.88435725314105
87.2797430326087 16.77402777414987 80.7202569673913 9.225972225850128
41.95362814084137 94.32061186184592 32.04637185915863 95.67938813815408
50.33901272732694 80.01150620219786 49.66098727267306 89.98849379780214
95.84047009713181 26.79831459493029 88.15952990286819 33.20168540506971
80.96215270625817 4.614036252818045 71.03784729374183 3.385963747181955
36.65557224285442 45.823635679504946 27.344427757145578 42.176364320495054
83.66456803685598 91.50921103002497 92.33543196314402 96.49078896997503
39.79157027829258 17.93694404409487 38.20842972170742 8.063055955905131
95.97933491969431 8.454118660168085 86.02066508030569 7.545881339831914
29.018052472553165 33.42449833187699 38.981947527446835 32.57550166812301
67.6861887415556 36.782845740936196 62.31381125844441 45.217154259063804
7.75319075853807 69.31744491071629 4.24680924146193 78.68255508928371
44.38561491854969 55.01489206389752 43.61438508145031 64.98510793610248
16.958449030534045 83.03082861626889 11.041550969465957 74.96917138373111
26.929513988824922 92.83659538247554 17.070486011175078 91.16340461752446
28.18136462031967 79.14267979646772 21.81863537968033 86.85732020353228
33.077104514499126 37.8746999707529 42.922895485500874 36.1253000292471
35.673763966495855 18.01065434646551 36.326236033504145 27.98934565353449
11.875090729775671 65.9031963892259 18.12490927022433 58.09680361077411
92.2303071466167 54.67634335829653 95.7696928533833 45.32365664170347
5.095266613662717 96.99909234484834 4.904733386337283 87.00090765515166
74.1853975544492 69.34089944682442 77.8146024455508 78.65910055317558
63.999585418097396 77.93561329991473 54.000414581902604 78.06438670008527
71.11934699466876 56.09235693456388 64.88065300533124 63.90764306543612
83.44610083987689 72.36080160992833 78.55389916012311 63.63919839007166
56.99017315340483 95.31332395222465 47.00982684659517 94.68667604777535
83.24178636440189 54.352879217191976 74.75821363559811 59.647120782808024
35.48024847164779 52.02708753859717 36.51975152835221 61.97291246140283
67.81554568342116 85.34555556216897 58.184454316578844 82.65444443783103
86.56338519577697 69.74929749853864 83.43661480422303 60.25070250146136
77.79359021826218 12.063380249049096 76.20640978173782 21.936619750950904
22.043612502981794 70.90767999726421 23.956387497018206 61.09232000273579
66.06611165929318 93.18960143050636 75.93388834070682 94.81039856949364
16.358596238126218 12.140599258023196 25.641403761873782 15.859400741976804
66.77746664196012 50.72421829651631 59.222533358039875 57.27578170348369
83.3451145842084 24.526140818458053 74.6548854157916 29.473859181541947
44.50386634867778 85.56692032579976 37.49613365132222 78.43307967420024
12.678899218106496 58.2370756945341 3.321100781893504 61.7629243054659
11.65923996818793 21.988374745417534 12.34076003181207 12.011625254582466
21.42160092333866 79.49214261566581 28.57839907666134 72.50785738433419
2.072078116105814 54.845923108938855 11.927921883894186 53.154076891061145
28.027671680194064 20.02060497428927 33.97232831980593 11.97939502571073
56.29970862224111 18.705069196298346 65.70029137775889 15.294930803701652
72.53872715129968 17.757343665729138 69.46127284870032 8.242656334270862
94.58213524482169 22.743084235715514 91.41786475517831 13.256915764284484
69.21410907100748 42.26604192774254 76.78589092899252 35.73395807225746
60.04902075956996 33.69843006867605 69.95097924043003 32.30156993132395
7.050850279646996 26.99974141821953 6.949149720353004 17.00025858178047
17.955817609607458 75.99980478782714 18.044182390392542 66.00019521217286
52.11514497384444 33.91617685519255 57.88485502615556 42.08382314480745
58.02022148405966 72.55077184841215 67.97977851594034 73.44922815158785
44.320265139592685 17.760704869161355 53.679734860407315 14.239295130838645
77.29285180970318 87.4432905125302 72.70714819029682 78.5567094874698
35.78168519057394 72.27091074769609 28.218314809426065 65.72908925230391
32.98089634095091 3.985743281190717 27.01910365904909 12.014256718809282
88.41739641351705 57.51217094138495 95.58260358648295 64.48782905861505
27.71020073274861 51.16922181732614 30.28979926725139 60.83077818267386
61.699097704991736 68.36402677886561 54.300902295008264 61.6359732211344
49.429098105360005 62.25318346284413 52.570901894639995 71.74681653715587
96.21252238321298 73.83140965407715 89.78747761678702 66.16859034592285
19.99112933259458 42.10283960070237 22.00887066740542 51.89716039929763
47.697820701980376 5.711864671066198 38.302179298019624 2.2881353289338016
43.29100667577896 47.698866014025924 46.70899332422104 38.301133985974076
19.772817710662842 8.670380102665959 28.227182289337158 3.329619897334042
5.035347753699305 40.59348805657862 14.964652246300695 39.40651194342138
2.9085831275936997 25.000835774307923 3.0914168724063003 34.99916422569208
93.24017782602381 40.68006687088782 96.75982217397619 31.31993312911218
23.944972429609546 96.73976190115569 14.055027570390454 95.26023809884431
22.010962526856527 21.09879556876904 23.989037473143473 30.90120443123096
80.32217648827987 43.486279569212044 71.67782351172013 48.513720430787956
55.281641866529725 45.41784142106263 46.718358133470275 50.58215857893737
71.99273216190778 24.730508702456483 62.007267838092226 25.269491297543517
60.80915214821847 50.63176916593521 51.19084785178153 53.36823083406479
48.200612567909054 20.597901473972865 57.799387432090946 23.402098526027135
35.8783563867862 85.90380705918061 26.1216436132138 88.09619294081939
44.390984031941954 25.061709050171793 53.609015968058046 28.938290949828207
10.010851651546481 34.32923966517345 19.98914834845352 33.67076033482655
13.965956008359232 48.58247825971519 4.034043991640767 47.41752174028481
63.91056678887938 88.94145303226178 54.08943321112062 87.05854696773822
95.99193931416045 2.7162009800239955 86.00806068583955 3.2837990199760045
