92.99850732165241 11.12216609753632 83.00149267834759 10.87783390246368
71.98625019984101 40.37055221573412 62.01374980015899 39.62944778426588
45.99098582788803 3.3001007594472505 36.00901417211197 2.6998992405527495
38.37808641828035 15.19366274344473 35.62191358171965 24.80633725655527
18.777933617220437 87.32678354313033 15.222066382779563 96.67321645686967
24.107765851848733 71.86144725455104 31.892234148151267 78.13855274544896
76.76775829340761 85.50614768719502 67.23224170659239 82.49385231280498
71.3619206120582 60.132322407065544 80.6380793879418 63.867677592934456
12.226921753197532 33.32493919497127 15.773078246802468 42.67506080502873
51.89637121795606 78.00107400779606 52.10362878204394 87.99892599220394
58.80610679690588 50.37888993641084 49.19389320309412 47.62111006358916
63.87523929808843 60.15951268118219 56.12476070191157 53.84048731881781
80.90999506300976 96.94443024158474 71.09000493699024 95.05556975841526
82.90912121483531 38.930199528703206 89.09087878516469 31.069800471296798
89.28340102073304 21.57923936376273 80.71659897926696 16.42076063623727
19.454101241338343 28.696698998368227 24.545898758661657 37.30330100163177
53.4106929678518 94.48093019593492 60.5893070321482 87.51906980406508
33.167916556130116 51.71509938459096 42.832083443869884 54.28490061540904
54.99407747668257 22.75670972709157 45.00592252331743 23.24329027290843
20.056771644246645 12.393063538814964 23.943228355753355 21.606936461185036
63.71332985819291 47.66868860122769 54.28667014180709 44.33131139877231
2.0844584220048286 87.61851712814533 5.915541577995171 78.38148287185467
23.233434517364763 67.50991837519462 32.76656548263524 64.49008162480538
65.92512476219962 74.90267928667899 58.07487523780038 81.09732071332101
42.119370842917604 77.99857485708289 41.880629157082396 68.00142514291711
76.06836389562811 68.82399352792098 85.93163610437189 67.17600647207902
56.11062999816168 12.045973701927315 65.88937000183832 9.954026298072685
49.017107851826204 34.41326243437789 58.982892148173796 33.58673756562211
21.39851760661597 95.7365867609156 24.60148239338403 86.2634132390844
33.919718754247896 33.94102939206341 28.0802812457521 42.05897060793659
46.40060979197869 30.961022619542582 55.59939020802131 27.038977380457418
86.10436141070468 44.37327822980737 89.89563858929532 53.62672177019263
96.54538942081503 26.02983396860195 95.45461057918497 35.97016603139805
70.07858361971822 11.616076157688997 73.92141638028178 2.3839238423110025
96.76302445030674 77.52105163810442 87.23697554969326 74.47894836189558
95.1827487674111 62.06724210782326 96.8172512325889 71.93275789217674
51.65651645770011 65.28232360171441 58.34348354229989 72.71767639828559
42.36299267055596 59.87033767718084 51.63700732944404 56.12966232281916
16.75751245733105 62.156837323988334 19.24248754266895 71.84316267601167
75.54058409699235 80.61004731409683 82.45941590300765 73.38995268590317
7.206409781737742 11.936619750950893 8.793590218262258 2.063380249049106
11.86983674102478 58.905609070952764 6.1301632589752195 67.09439092904724
34.39921919626802 56.26317608323856 37.60078080373198 65.73682391676144
11.974123955595921 47.508026450459795 2.025876044404079 46.491973549540205
71.87050225115176 33.13057853399292 62.12949774884824 30.86942146600708
90.10210026168153 96.91871691195252 91.89789973831847 87.08128308804748
95.69380583148298 95.99061570662039 96.30619416851702 86.00938429337961
19.79458880787241 57.995778842397726 20.20541119212759 48.004221157602274
36.952453097040376 96.68790138945577 27.047546902959624 95.31209861054423
56.057516577811626 2.243787317355028 65.94248342218837 3.756212682644972
20.404057706703917 77.36733515075957 11.595942293296082 72.63266484924043
11.6841382749746 18.748956437684477 2.3158617250253997 15.251043562315525
29.530561044287538 2.3995842833660417 36.46943895571246 9.600415716633957
27.673218627983317 25.49421410356562 36.32678137201668 30.50578589643438
60.483833693577694 16.023464562875198 59.516166306422306 25.976535437124802
89.6038219687619 39.33039855295758 96.3961780312381 46.66960144704242
76.28600932671785 56.34757722521425 83.71399067328215 49.65242277478575
6.174211457649263 92.65472837001481 9.825788542350736 83.34527162998519
45.335662131798486 92.81829914696873 42.664337868201514 83.18170085303127
96.77245236854716 13.32470187033687 93.22754763145284 22.67529812966313
72.63084427794713 71.88554535172301 63.36915572205287 68.11445464827699
79.02203995655586 25.531050316266622 88.97796004344414 26.468949683733378
79.01437279876352 4.103976325105376 76.98562720123648 13.896023674894625
82.19755366670886 80.14553141782211 79.80244633329114 89.85446858217789
7.26930386940686 31.05367983600574 8.73069613059314 40.94632016399426
86.8052675931072 91.99620648989868 87.1947324068928 82.00379351010132
19.492019029260767 83.19585178023453 10.507980970739233 78.80414821976547
53.44240757905332 59.9437044656642 62.55759242094668 64.0562955343358
39.5326984552499 47.754289219807376 48.4673015447501 52.245710780192624
96.57677401520544 50.71511544209625 91.42322598479456 59.28488455790375
82.94645923039998 56.04072118077161 89.05354076960002 63.95927881922839
31.094683163808202 9.869419765044086 22.905316836191798 4.130580234955914
24.707043068860962 57.8299339927394 27.292956931139038 48.1700660072606
17.5982352425007 34.20051507298617 20.4017647574993 43.79948492701383
11.522872329553397 94.77682884822148 14.477127670446603 85.22317115177852
5.628917602572295 56.42768174909679 14.371082397427706 51.57231825090321
28.643609005636858 85.45394733118535 37.356390994363146 80.54605266881465
67.44229713764845 87.37362572034583 60.55770286235155 94.62637427965417
9.687819272281724 26.530829384114046 18.312180727718278 21.469170615885954
77.70386306110454 48.69519093389983 68.29613693889546 45.30480906610017
43.21749959815912 16.849504585881157 40.78250040184088 7.1504954141188435
50.4623566130063 15.757694064821166 53.5376433869937 6.242305935178835
38.78034658643193 41.84896334805407 41.21965341356807 32.15103665194593
66.14255929819196 22.185440773897465 75.85744070180804 19.814559226102535
75.2355391475891 35.32168001304855 78.7644608524109 44.67831998695145
2.514459027215685 30.338442816565685 7.485540972784316 21.661557183434315
85.0459715642288 6.67646304967106 94.9540284357712 5.32353695032894
11.941624894964434 8.443346411348584 16.058375105035566 17.556653588651415
38.999445848783935 90.0744392710676 29.000554151216065 89.9255607289324
79.15753451406707 30.7775720988556 70.84246548593293 25.2224279011444
