94.35601685216409 24.95835514110308 95.64398314783591 15.04164485889692
61.777843023605726 46.157353501472414 56.222156976394274 37.842646498527586
59.54212905114403 18.305528990417965 54.45787094885597 9.694471009582035
18.006846863181416 42.73842448073507 27.993153136818584 43.26157551926493
3.1596188040225375 51.002548465727514 2.8403811959774625 60.997451534272486
21.929854123638666 87.94641664017644 28.070145876361334 80.05358335982356
96.58912714913843 71.25925376086515 93.41087285086157 80.74074623913485
67.71185768112667 71.65005782810196 60.288142318873334 78.34994217189804
10.514868858718524 32.79011343152932 19.485131141281478 37.20988656847068
85.46108044896701 70.02912827388249 86.53891955103299 79.97087172611751
86.37146758930258 26.727354671199112 89.62853241069742 17.272645328800888
80.80169653757451 62.39417013346469 71.19830346242549 59.60582986653531
80.6190653813218 81.96152779430378 79.3809346186782 72.03847220569622
68.50675387199631 25.974253764457213 67.49324612800369 16.025746235542787
84.907232147915 14.958682766335968 75.092767852085 13.041317233664032
3.0794533485692313 37.08547114541591 4.920546651430769 46.91452885458409
62.000958330671054 96.09788967418912 71.99904166932895 95.90211032581088
18.221222315169324 58.82409816770637 11.778777684830674 51.17590183229363
71.99627764856919 3.1928980518509453 62.00372235143081 2.8071019481490547
15.17706547075419 69.7773967688994 22.82293452924581 76.2226032311006
62.46262417320566 65.30833191776118 67.53737582679435 56.69166808223882
33.3945880185781 71.01559428862431 32.6054119814219 80.98440571137569
24.34072608748244 52.04365478318209 25.65927391251756 61.95634521681791
81.98944824337417 90.3246632512163 72.01055175662583 89.6753367487837
48.96654228055669 90.57745802916125 39.03345771944331 89.42254197083875
61.94526566225724 85.26220088797866 52.05473433774276 86.73779911202134
18.126747072372396 25.908005667907226 23.873252927627604 34.091994332092774
42.12900801344363 43.899911390250494 35.87099198655637 36.100088609749506
10.987699532059642 84.89645256921864 13.012300467940358 75.10354743078136
28.08739686598222 14.069231259850936 37.91260313401778 15.930768740149064
37.589026243265266 51.35442360619271 46.410973756734734 46.64557639380729
58.34089944682441 55.8146024455508 67.65910055317559 52.1853975544492
91.52182287930442 58.13380361050379 82.47817712069558 53.86619638949621
81.42537905804193 38.966871326404906 82.57462094195807 29.033128673595094
82.9555486293059 46.05837130531861 75.0444513706941 39.94162869468139
55.22130208428579 74.32033421613731 46.77869791571421 79.67966578386269
35.794564161453906 84.33314458436676 32.205435838546094 93.66685541563324
30.92398359326379 59.05815740224325 37.07601640673621 66.94184259775675
47.11511785422691 84.84003609938728 38.88488214577309 79.15996390061272
72.63324832446149 72.7495878715446 67.36675167553851 81.2504121284554
61.089671008213585 9.942692522735697 70.91032899178641 8.057307477264303
19.77511313980736 82.72150632429253 12.22488686019264 89.27849367570747
85.44935902788896 85.69950809425382 90.55064097211104 94.30049190574618
2.491973549540289 29.97412395559593 3.508026450459711 20.02587604440407
81.65268941169029 24.414360856987102 74.34731058830971 17.585639143012898
87.06636172128445 51.18808046285816 96.93363827871555 52.81191953714184
69.015488213402 65.60675421265378 78.984511786598 66.39324578734622
45.32395223444726 65.1784701099234 42.67604776555274 74.8215298900766
27.92263600938234 92.1238409281801 18.07736399061766 93.8761590718199
52.00554626951856 69.7645601264016 61.99445373048144 70.2354398735984
11.35075708466835 28.720169256099652 14.64924291533165 19.279830743900348
12.0545928947026 12.263149565465294 21.9454071052974 13.736850434534706
22.01180917405855 4.343441820391054 31.98819082594145 3.6565581796089464
52.24377843803012 50.3560740235569 43.75622156196988 55.6439259764431
94.89869906282996 11.001372803619528 85.10130093717004 8.998627196380472
75.40754009121886 55.38220842831259 70.59245990878114 46.61779157168741
26.725366850446576 27.191941737487166 21.274633149553424 18.808058262512834
23.92008365892854 71.6166306699492 20.07991634107146 62.3833693300508
12.651886333571403 95.83301760480678 3.3481136664285973 92.16698239519322
94.92759959059462 64.84779848712516 85.07240040940538 63.15220151287484
31.926238637085426 37.00054410347076 32.073761362914574 46.99945589652924
75.49152848421829 8.161870623183766 84.50847151578171 3.8381293768162332
46.26922071691061 16.163774325802724 43.73077928308939 25.836225674197276
53.63958007030441 33.72353439630332 50.36041992969559 24.27646560369668
31.998500501222445 8.877555158218136 22.001499498777555 9.122444841781864
90.59368167916492 85.61712056533455 95.40631832083508 94.38287943466545
54.53238802255926 65.53867699261743 47.46761197744074 58.461323007382575
51.56185628131176 37.21129008558698 54.43814371868824 46.78870991441302
61.745424477387 36.37348384311418 70.25457552261301 41.62651615688582
90.78034728723613 44.93873041492479 89.21965271276387 35.06126958507521
27.591702381420095 74.79757207527956 30.408297618579905 65.20242792472044
50.6352157010966 7.874773427459324 41.3647842989034 4.125226572540676
53.28879198595386 19.301940067148543 56.71120801404614 28.698059932851457
7.142641749375871 4.8142214266172205 16.85735825062413 7.1857785733827795
5.695080753393658 80.70390276679635 2.3049192466063424 71.29609723320365
12.167108001219004 43.78924636172742 19.832891998780994 50.21075363827258
46.00990758413064 94.6853928146353 55.99009241586936 95.3146071853647
66.9952095279509 91.21881903909059 57.004790472049095 90.78118096090941
2.686811787733443 15.990181674418004 3.313188212266557 6.009818325581995
60.872547536486664 22.475185526953506 65.12745246351334 31.524814473046494
7.904606007305208 11.000910084209552 8.095393992694792 20.99908991579045
96.28619488917377 36.76841122362836 89.71380511082623 29.231588776371634
30.066329294260314 50.91354008955155 37.93367070573969 57.08645991044845
72.53942826732009 32.978742178407735 73.46057173267991 23.02125782159226
9.406588880536079 67.98344112860023 8.593411119463921 58.01655887139976
37.01337102541876 31.36541958057402 46.98662897458124 30.63458041942598
41.44027481517679 8.948438097719464 50.55972518482321 13.051561902280536
30.021458005231814 22.4627305980045 39.978541994768186 21.5372694019955
75.88805556808113 83.94790078255372 66.11194443191887 86.05209921744628
77.50060637302141 26.02512379457636 76.49939362697859 35.97487620542364
