53.750551903821275 9.30656323344082 46.249448096178725 2.69343676655918
68.1962775076268 28.93498025885144 69.8037224923732 19.06501974114856
73.61873458986294 69.39654125949988 78.38126541013706 60.60345874050012
2.0274014375344143 3.5227461492590715 11.972598562465585 2.4772538507409285
3.6811203246449917 68.04660973641734 2.3188796753550083 77.95339026358266
51.353336467260306 93.70879151980024 44.646663532739694 86.29120848019976
95.47589639690028 77.77146876974652 86.52410360309972 82.22853123025348
46.53262016451297 75.22016774160367 49.46737983548703 84.77983225839633
9.156900979308631 15.198529336610974 16.84309902069137 8.801470663389026
96.66791302600704 96.39800147640462 89.33208697399296 89.60199852359538
83.24062807638566 10.351024062440414 74.75937192361434 15.648975937559586
39.595998820958634 87.96895780496861 30.404001179041362 84.03104219503139
55.84579362374357 80.12044047139585 62.15420637625643 87.87955952860415
81.18463176920076 40.73657759915477 72.81536823079924 35.26342240084523
71.14782821373018 3.207953956435559 62.852171786269814 8.79204604356444
19.960957838429774 30.948637517078357 12.039042161570226 37.05136248292164
72.05990664287842 95.22832803412128 81.94009335712158 96.77167196587872
48.9624121196913 47.598797524624096 45.0375878803087 38.401202475375904
95.78560230761983 5.733623541515241 88.21439769238017 12.266376458484759
25.026219764712064 30.511380651823163 34.97378023528793 29.488619348176837
77.89969662318424 44.99648030625646 68.10030337681576 43.00351969374354
20.914471948956905 63.889226886957275 13.085528051043095 70.11077311304273
43.47255831736442 54.02238122826891 42.52744168263558 63.97761877173109
27.88565480031854 93.93680802668361 18.11434519968146 96.06319197331639
13.517872859445193 86.85784575114477 4.482127140554807 91.14215424885523
33.83126744528465 91.23926298114861 42.16873255471535 96.76073701885139
41.01960249245192 33.44231286077713 50.98039750754808 32.55768713922287
28.991913998822266 13.284243959236246 19.008086001177734 12.715756040763754
7.245347382077156 76.94272186414148 8.754652617922844 67.05727813585852
82.94040382818176 65.9546012776758 89.05959617181824 58.04539872232419
3.5306037018153367 60.97176625673612 2.4693962981846633 51.02823374326388
79.43172288671755 71.2523156280188 82.56827711328245 80.7476843719812
75.99878686917228 75.11013553736551 66.00121313082772 74.88986446263449
73.8076492521786 49.75935081004073 66.1923507478214 56.24064918995927
90.36437435375986 96.69878158421972 83.63562564624014 89.30121841578028
67.82030971287429 90.67161215303295 58.17969028712571 93.32838784696705
91.79838364447417 46.856444886532884 86.20161635552583 55.143555113467116
39.63058876275692 50.27335422452974 36.36941123724308 59.72664577547026
73.92981447546329 80.83482287792842 64.07018552453671 79.16517712207158
84.12641596271231 72.16154182418485 91.87358403728769 65.83845817581515
63.971753996596114 29.106871128154918 66.0282460034039 38.89312887184508
17.169753753474826 72.29178992019966 26.830246246525174 69.70821007980034
68.01425570476533 85.62270194469762 77.98574429523467 86.37729805530238
3.0289479487860786 7.5372536683186695 12.97105205121392 6.4627463316813305
58.05184785299156 60.39514351883727 61.94815214700844 69.60485648116273
94.46578853290407 33.02174317229263 93.53421146709593 42.97825682770737
43.46128808537279 82.35224780553703 38.53871191462721 73.64775219446297
21.67779674365283 45.612698550117415 14.32220325634717 52.387301449882585
11.269709896674602 29.992720357844586 10.730290103325398 20.007279642155414
24.47962677562576 81.13687292845421 33.52037322437424 76.86312707154579
27.284299069046128 44.00808913948381 26.715700930953872 53.99191086051619
22.08413068195804 20.91336129101998 31.91586931804196 19.08663870898002
73.1365047015903 23.901171548358537 78.8634952984097 32.09882845164147
61.04115286191018 21.944330746820945 52.95884713808982 16.055669253179055
96.56141913062005 21.968380879096713 95.43858086937995 12.031619120903288
86.3570505586498 30.85553778863861 95.6429494413502 27.14446221136139
60.54262165987388 2.243917745193219 57.45737834012612 11.756082254806781
4.918273735718886 22.91495405332429 3.081726264281114 13.08504594667571
2.5250829288838084 87.23049707613188 11.474917071116192 82.76950292386812
47.979249833933885 52.00004305712457 48.020750166066115 61.99995694287543
49.718951817344404 67.16689379863065 52.281048182655596 76.83310620136935
61.38456362140281 14.922952686657078 70.6154363785972 11.077047313342922
76.51729022095272 56.44631606616593 69.48270977904728 63.55368393383407
16.759106219787505 59.53326709635989 7.240893780212496 56.46673290364011
41.74429039487637 5.421485302861019 32.25570960512363 8.578514697138981
95.15170729759774 55.07248546516085 96.84829270240226 64.92751453483915
33.03781315433592 68.3862396976682 42.96218684566408 69.6137603023318
61.491074152802526 37.42055852686008 54.508925847197474 44.57944147313992
53.86231595522113 64.48001029595223 58.13768404477887 73.51998970404777
87.78464672525821 76.82903425403943 94.21535327474179 69.17096574596057
21.743431358863457 57.20595721089415 28.256568641136543 64.79404278910584
37.92436440587256 23.13360794199426 28.075635594127444 24.86639205800574
21.148806586987284 37.21075285237824 30.851193413012716 34.78924714762176
26.013952053022933 3.3732638081113535 35.98604794697707 2.6267361918886465
4.088841031084923 45.93835898356919 13.911158968915078 44.06164101643081
3.9499654924284844 29.091072870453758 2.0500345075715156 38.90892712954624
77.92398111478926 49.89587120697819 86.07601888521074 44.10412879302181
14.840919124096029 92.74879976264336 5.15908087590397 95.25120023735664
16.985456026671894 2.019490532439967 25.014543973328106 7.980509467560033
68.0357438195255 49.04825952645534 59.96425618047449 54.95174047354466
33.946166302069976 49.39430388272443 30.053833697930024 58.60569611727557
89.37688563463638 22.417203371939095 80.62311436536362 17.582796628060905
61.01733780770748 44.01306225855243 54.98266219229252 51.98693774144757
46.85038266056031 10.002239036154391 47.14961733943969 19.997760963845607
31.678319986951514 73.23553914758928 22.321680013048486 76.76446085241072
45.124424649673394 23.89150326870685 54.875575350326606 26.10849673129315
33.37145399871611 15.108819967851034 42.62854600128389 18.891180032148966
40.271836161246384 38.40165132988896 31.72816383875362 43.59834867011104
28.99899821454852 88.89991578076099 19.00100178545148 89.10008421923901
82.03202455537811 2.043181103816475 73.96797544462189 7.956818896183525
