96.8338385981895 17.929981053936146 95.1661614018105 8.070018946063854
77.97372827843003 37.406047814471115 74.02627172156997 46.593952185528885
47.34923950691506 16.533399969291892 38.65076049308494 21.466600030708108
20.506075537612993 36.191949572038475 29.493924462387007 31.808050427961525
9.723454805968055 74.00765358216621 10.276545194031945 83.99234641783379
21.835845311310802 81.99730459729857 22.164154688689198 72.00269540270143
96.91387751799695 87.08422662421265 95.08612248200305 96.91577337578735
69.96104277237377 77.43462450351444 74.03895722762623 86.56537549648556
23.64681442182548 22.278982921015047 20.35318557817452 31.721017078984953
67.89637121795606 63.00107400779606 68.10362878204394 72.99892599220394
70.2088996844985 47.851655547626955 67.7911003155015 38.148344452373045
51.929790179828935 67.09139922082544 44.070209820171065 60.90860077917457
90.13429495218736 81.86963807294158 87.86570504781264 72.13036192705842
62.93836030197678 43.91115871701109 61.06163969802322 34.08884128298891
77.95800418086472 24.399324003179935 74.04199581913528 33.600675996820065
2.4911846606100223 66.16115345019313 11.508815339389978 61.838846549806874
39.49080026852576 87.67519749496354 44.50919973147424 96.32480250503646
35.85377210192826 62.20037343462064 26.146227898071743 59.79962656537936
46.89729111541959 5.867728945050969 39.10270888458041 12.132271054949031
13.675545257916466 57.49020096747344 22.32445474208353 62.50979903252656
53.52113627562391 86.9770161275082 54.47886372437609 77.0229838724918
42.99053307271885 83.30753804658833 33.00946692728115 82.69246195341167
28.13659047839814 54.83928994783694 37.86340952160186 57.16071005216306
81.85059740042774 74.35507919749647 78.14940259957226 83.64492080250353
58.652713052655905 88.81506156570362 61.347286947344095 79.18493843429638
68.18136462031967 85.14267979646773 61.81863537968033 92.85732020353227
53.03951687742811 16.093119914726408 54.96048312257189 25.906880085273592
52.19659428901953 29.844708695259982 45.80340571098047 22.155291304740018
3.5503320995561025 82.9696211706928 2.4496679004438975 73.0303788293072
27.38826673362784 2.0681831660749053 36.611733266372156 5.931816833925095
49.00727772400658 59.26967438662031 58.99272227599342 58.73032561337969
74.0750183928879 53.09750212006896 81.9249816071121 46.90249787993104
96.9995854180974 67.93561329991473 87.0004145819026 68.06438670008527
95.4545756083273 24.356037027276585 90.5454243916727 15.643962972723417
92.96990678844591 53.45225323902444 83.03009321155409 54.54774676097556
83.57192266176737 64.50123328894986 76.42807733823263 71.49876671105014
50.21244114705453 77.14922826089197 47.78755885294547 86.85077173910803
27.03762430851196 71.38776842900046 36.96237569148804 72.61223157099954
28.184454316578798 65.65444443783119 37.815545683421206 68.34555556216881
62.84474612077138 74.99758904202662 63.15525387922862 65.00241095797338
55.0026557058347 4.16294172447063 64.9973442941653 3.83705827552937
15.306497824526193 65.04832808713934 16.693502175473807 74.95167191286066
35.086488899567044 77.92596364179276 44.913511100432956 76.07403635820724
11.940719041506814 28.76765575155273 2.0592809584931855 27.23234424844727
56.12142634971197 35.63367683815385 59.87857365028803 26.366323161846147
84.3119281035235 60.26161514805634 93.6880718964765 63.73838485194366
75.91687129151099 64.88127362486954 78.08312870848901 55.11872637513047
49.943186617399284 51.24839766793562 40.056813382600716 52.75160233206438
25.861291282465416 84.89963267537073 20.138708717534584 93.10036732462927
22.970413340350955 49.96014042781393 31.029586659649045 44.03985957218607
11.404210446078979 41.38403605493439 6.595789553921021 32.61596394506561
28.138669346570296 19.16938628263919 37.861330653429704 16.83061371736081
13.339582585354227 20.406074624924997 20.660417414645774 13.593925375075003
55.544534299514716 64.21652640911326 58.455465700485284 73.78347359088674
88.95661831380443 11.657217537242065 79.04338168619557 10.342782462757935
86.03500670583836 35.59062813083181 95.96499329416164 34.40937186916819
44.45620779586229 35.2676446106249 35.54379220413771 30.732355389375098
3.627374092285963 52.691259200681536 10.372625907714037 45.308740799318464
16.50415420222591 95.56663753793717 9.495845797774091 88.43336246206283
96.45833552198799 42.38891769446388 89.54166447801201 49.61108230553612
46.5117025437348 30.663137566264737 51.4882974562652 39.33686243373526
70.34413773716119 2.1771048879670962 79.65586226283881 5.822895112032904
58.97426575882905 12.000066225555447 59.02573424117095 21.999933774444553
44.67233903045016 39.780238181966695 35.32766096954984 36.219761818033305
13.879645762354835 25.090439009726126 4.120354237645165 22.909560990273874
88.60236023298084 95.8006877717309 91.39763976701916 86.1993122282691
53.78022171948097 72.46611060721979 44.21977828051903 69.53388939278021
55.521490467457134 41.657536356272615 60.478509532542866 50.342463643727385
62.765296353627136 8.187298553500142 69.23470364637286 15.812701446499858
81.06126958507522 42.78034728723621 90.93873041492478 41.21965271276379
18.179164523860425 51.85896810296888 15.820835476139576 42.14103189703112
54.96295919243552 11.392516622268722 45.03704080756448 12.607483377731278
46.90356398304182 44.13308319636447 55.09643601695818 49.86691680363553
2.329619897334021 9.772817710662853 7.670380102665979 18.227182289337147
3.116031610506825 96.92123966967438 4.883968389493175 87.07876033032562
2.8089118577925563 58.72667933286042 11.191088142207445 53.27332066713958
26.02212849561327 94.46988858872567 35.97787150438673 93.53011141127433
58.94497242960954 95.73976190115569 49.05502757039046 94.26023809884431
2.5997688090373066 45.98395575760666 3.4002311909626934 36.01604424239334
72.63613506718933 21.751377645926304 67.36386493281067 30.248622354073696
18.64269537365754 3.7554551289862594 13.357304626342463 12.24454487101374
75.120178367039 16.52822743376918 70.879821632961 7.4717725662308165
28.305088277561367 38.2801732882327 37.69491172243863 41.7198267117673
83.06237159637693 25.99961096326158 82.93762840362307 16.00038903673842
14.099838416824282 35.62486604755458 17.900161583175716 26.375133952445417
26.475535460941153 14.128196568646564 35.52446453905885 9.871803431353436
84.03969446915515 2.37121622105051 93.96030553084485 3.62878377894949
28.03404399164077 24.417521740284755 37.96595600835923 25.582478259715245
83.33611162006338 88.27570687801321 76.66388837993662 95.72429312198679
93.93492787284728 29.195955915515235 84.06507212715272 30.804044084484765
