96.91975163361361 29.914677703824033 95.08024836638639 20.085322296175967
65.22863388352751 50.668080860671786 56.77136611647249 45.331919139328214
66.12354653250854 37.82778429061284 57.87645346749146 32.17221570938716
16.00685779144994 41.26178404305041 25.99314220855006 40.73821595694959
4.333930111901134 56.011163394100215 3.666069888098866 65.98883660589979
26.508967613754518 79.33529210673008 31.491032386245482 70.66470789326992
95.8718603473564 71.00164224675541 96.1281396526436 80.99835775324459
77.28285950127233 69.41986153620365 68.71714049872767 74.58013846379635
24.250961080166455 34.435829504847305 33.749038919833545 37.564170495152695
81.69009978366715 80.17463354518529 84.30990021633285 89.82536645481471
91.60862065355217 33.96281985367893 90.39137934644783 24.03718014632107
70.82529683974624 58.3101566350383 61.174703160253756 55.6898433649617
78.79184308631476 95.9369002953934 77.20815691368524 86.0630997046066
64.09860381712527 27.538266411169275 59.901396182874734 18.461733588830725
96.6006759968201 14.958004180864636 87.3993240031799 11.041995819135364
3.295729654759294 39.00875326483493 2.704270345240706 48.99124673516507
55.07412657580935 95.14222904639274 64.92587342419064 96.85777095360726
21.83633238819634 60.20664213894781 14.163667611803662 53.79335786105219
62.9355277936957 14.8003532955247 53.0644722063043 13.1996467044753
13.818326346125527 65.50107789931965 18.181673653874473 74.49892210068035
58.316767496250286 65.75138040294568 67.68323250374971 62.248619597054315
36.76160229733521 83.83184060389326 31.23839770266479 92.16815939610674
22.57349963080025 48.207808779204136 25.42650036919975 57.792191220795864
93.91269115552109 95.93030404194806 84.08730884447891 94.06969595805194
59.99969584267569 88.05514962131667 50.00030415732431 87.94485037868333
69.99831949526434 78.87037660990214 60.00168050473566 79.12962339009786
36.29929746400406 42.29606465261109 45.70070253599594 45.70393534738891
38.99958180349324 25.935333237445825 29.000418196506757 26.064666762554175
16.294732225176766 80.44231966597805 11.705267774823234 71.55768033402195
29.09644158323925 13.977299776637043 38.903558416760745 12.022700223362957
43.85962384106378 56.8907631102889 50.14037615893622 49.1092368897111
48.2523156280188 62.568277113282434 57.7476843719812 59.431722886717566
93.55837419164583 66.05456193115157 84.44162580835417 61.945438068848425
77.24085282930591 40.68032063344371 80.75914717069409 31.319679366556286
77.6768911988594 45.76824452891323 68.3231088011406 42.23175547108677
59.985215397344405 74.61577683297297 50.014784602655595 75.38422316702703
42.8875658603568 88.85566673499957 35.1124341396432 95.14433326500043
39.65650757495666 78.28233159040806 46.34349242504334 85.71766840959194
54.47032644093949 82.2396833507077 45.52967355906051 77.7603166492923
84.96034748543826 74.37154727806602 75.03965251456174 75.62845272193398
69.21510850494226 9.45079749811064 78.78489149505774 6.54920250188936
20.537220995925548 82.46615398949197 13.462779004074452 89.53384601050803
86.48213197915514 80.23596004726068 89.51786802084486 89.76403995273932
4.318688602941345 33.95336398624591 5.681311397058655 24.04663601375409
87.92299730577305 16.874126722707427 78.07700269422695 15.125873277292575
81.92159738709412 41.107486883859906 90.07840261290588 46.892513116140094
63.316305302145146 70.75014398758682 72.68369469785486 67.24985601241318
39.96389767207532 70.97317611640806 34.03610232792468 79.02682388359194
25.861291282465416 83.89963267537073 20.138708717534584 92.10036732462927
43.07617546676766 74.09896773658649 50.92382453323234 67.90103226341351
21.433386584662863 26.748233609131475 24.566613415337137 17.251766390868525
15.004856261068511 13.22031574481533 24.99514373893149 12.77968425518467
41.09288837076307 2.040700537784132 50.90711162923693 3.959299462215868
38.4580629120884 53.73600462194335 29.5419370879116 58.26399537805665
94.98422154894172 7.396907484264352 85.01577845105828 6.603092515735648
96.93628582196402 63.60985869801463 93.06371417803598 54.39014130198537
16.956039360521668 33.60151171030673 13.043960639478332 24.39848828969327
21.447004988210438 67.62189958602559 14.552995011789562 60.37810041397441
20.990640401481212 96.30579140456112 11.009359598518788 95.69420859543888
90.76165378566743 69.52533708584005 81.23834621433257 66.47466291415995
35.35245344542369 31.580145597807054 42.64754655457631 38.41985440219295
66.88522632438105 17.840534738114172 75.11477367561895 12.159465261885826
45.43722938391227 19.21101558803757 42.56277061608773 28.78898441196243
55.4190654494734 37.6482860979119 48.5809345505266 30.351713902088097
45.859871783877324 8.17543449169787 36.140128216122676 5.824565508302131
91.58439649662073 75.01730256507794 92.41560350337927 84.98269743492206
40.937744089864154 65.78656423959626 31.062255910135846 64.21343576040374
44.59765439691333 32.614941778798126 49.40234560308667 41.385058221201874
66.09722923764578 45.87455917085076 73.90277076235422 52.12544082914924
96.43393798194653 50.98113419090714 95.56606201805347 41.01886580909286
26.055912615720285 71.99968736816646 25.944087384279715 62.00031263183354
69.95160126289981 2.3059935639715277 60.048398737100186 3.6940064360284723
47.27581660122724 13.807289085823957 52.72418339877276 22.192710914176043
15.164076238171884 3.729629436036009 24.835923761828116 6.270370563963991
6.023927609354471 91.89403435325107 3.9760723906455286 82.10596564674893
7.651259982929334 39.28705773030747 14.348740017070666 46.71294226969253
42.41096642785213 96.98513749491055 51.58903357214787 93.01486250508945
74.76880205180709 82.4971603576294 65.23119794819291 85.5028396423706
2.746710472432928 16.796854915561354 9.253289527567071 9.203145084438646
84.3571738471196 48.27759359738997 87.6428261528804 57.72240640261003
9.36447118124453 29.275061324946073 12.63552881875547 38.72493867505393
87.70361108170599 38.95024559448322 86.29638891829401 29.04975440551678
30.812295392947306 44.26812699342198 39.187704607052694 49.73187300657802
70.3239455388768 34.98949489305699 69.6760544611232 25.010505106943008
6.262401441296243 70.68836338702437 9.737598558703757 61.31163661297563
29.09507404596822 21.97041299737042 38.90492595403178 20.02958700262958
51.01085165154648 8.329239665173455 60.98914834845352 7.670760334826545
9.18630282559134 16.64784634264811 18.81369717440866 19.35215365735189
73.80982756141823 92.36585461503834 64.19017243858177 89.63414538496166
76.32668074141837 23.010683444279532 75.67331925858163 32.989316555720464
