52.616399666388574 11.985263361554052 53.383600333611426 2.0147366384459477
71.3280639361026 16.42494274645655 66.6719360638974 7.575057253543447
88.26604813767283 32.94583811540435 89.73395186232717 23.05416188459565
2.7904918259674374 12.85150388817204 5.209508174032562 3.14849611182796
2.523911471216075 76.22284994424578 5.476088528783925 85.77715005575422
42.65836686265665 79.23474740964902 37.34163313734335 70.76525259035098
84.17747044542057 76.06811951362937 85.82252955457943 85.93188048637063
48.603614743900025 66.03656880364535 47.396385256099975 75.96343119635465
16.869029140987223 22.101664267919862 23.130970859012777 29.898335732080138
50.95359203107963 90.67965137359118 41.04640796892037 89.32034862640882
65.99922565567815 23.087993429353425 56.000774344321854 22.912006570646575
47.98663221741659 95.36537532514232 38.01336778258341 94.63462467485768
57.78784053297244 75.8493440081457 52.21215946702756 84.1506559918543
86.86823225690897 44.14031341866658 77.13176774309103 41.85968658133342
92.98814762540638 3.655931304602424 83.01185237459362 4.344068695397576
51.81559666141624 44.65462689392244 42.18440333858376 47.34537310607756
74.00630730643918 90.74893570091038 83.99369269356082 91.25106429908962
38.53210577127126 41.97160572131176 37.46789422872874 32.02839427868824
81.77610792648161 23.479457020193408 72.22389207351839 20.520542979806592
43.66422290839662 39.49018814789712 52.33577709160338 34.50981185210288
63.913078346711295 52.38046201018496 60.086921653288705 61.61953798981504
2.2422330279967113 43.82930205743357 7.757766972003289 52.17069794256643
29.107326236919643 74.08279134365415 22.892673763080357 81.91720865634585
13.484959079801989 67.77440012266605 10.515040920198011 58.22559987733395
14.22067574176246 79.47979901892347 9.77932425823754 70.52020098107653
33.071310181341964 82.09751254829564 24.92868981865804 87.90248745170436
26.557687139222875 32.01960249245192 27.442312860777125 41.98039750754808
37.2974314688465 9.44420603910099 28.702568531153503 14.55579396089901
18.493271914263506 94.57729665152581 11.506728085736492 87.42270334847419
92.56760857690034 82.74790515381557 89.43239142309966 73.25209484618443
9.833503775865227 46.99722713185511 10.166496224134773 37.00277286814489
74.34089944682441 67.81460244555079 83.65910055317559 64.18539755444921
62.9037192290566 69.97649256145685 53.0962807709434 68.02350743854315
57.11934699466875 54.09235693456388 50.88065300533125 61.90764306543612
96.06424286608706 77.88542599186425 93.93575713391294 68.11457400813575
36.69332325480019 87.78739868428633 31.306676745199805 96.21260131571367
74.94128693278682 50.956631209125554 69.05871306721318 59.043368790874446
38.65206082910755 50.76130051092161 33.34793917089245 59.23869948907839
72.6556413348342 81.17654071573197 63.34435866516581 84.82345928426803
94.22828262175568 51.84678468689223 91.77171737824432 42.15321531310777
96.87962524494802 20.077982179181983 95.12037475505198 29.922017820818017
26.34160433634191 57.40824605451655 33.65839566365809 50.59175394548345
78.02448324377598 96.49419936112257 87.97551675622402 95.50580063887743
10.66254462766775 3.5127362638782986 19.33745537233225 8.487263736121701
78.70178410008688 6.049495068493999 77.29821589991312 15.950504931506
79.48067945096514 29.218898748861392 70.51932054903486 24.781101251138608
46.38663149422006 59.6063693702364 41.61336850577994 68.3936306297636
4.651577090353344 68.18525642876591 7.348422909646656 77.81474357123409
45.541215514518505 32.52984315228502 38.458784485481495 25.470156847714982
2.553007090460927 53.63969889793543 7.446992909539073 62.36030110206457
18.15405142172086 44.76842280929111 27.84594857827914 47.23157719070889
23.199412934401153 12.248928739877613 30.800587065598847 5.751071260122387
84.51731795419485 18.973166208188466 83.48268204580515 9.026833791811534
51.521903502363585 21.592052999766192 58.478096497636415 14.407947000233808
66.68259499573429 18.21944120575952 61.31740500426571 9.78055879424048
80.1053766377254 55.02110829076828 89.8946233622746 52.97889170923172
60.902754844416414 31.134239693371608 69.09724515558358 36.86576030662839
23.509690856305138 19.561189421129985 16.490309143694862 12.438810578870015
20.433437734255087 63.96779701668999 21.566562265744913 54.03220298331001
65.77019407874474 40.18314871772236 72.22980592125526 47.81685128227764
44.39393455253524 84.46356636844176 51.60606544746476 77.53643363155824
41.24838743569994 10.694640236315275 48.75161256430006 17.305359763684727
77.89357266861082 81.91950484153759 76.10642733138918 72.08049515846241
22.124342070764673 91.52627559549562 17.875657929235327 82.47372440450438
26.956115258837443 3.6610004093180866 17.043884741162557 2.3389995906819134
91.22084533436136 86.8435232053506 96.77915466563864 95.1564767946494
14.65565390999809 48.01187151625979 15.34434609000191 57.98812848374021
96.90334747095395 60.97835759264674 87.09665252904605 59.02164240735326
39.352049428200694 57.18627354914073 36.647950571799306 66.81372645085926
70.50160001320086 87.67079714335844 65.49839998679914 96.32920285664156
13.230082831243479 23.837361548461377 18.76991716875652 32.162638451538626
43.98080952282838 3.4376488287452815 34.01919047717162 2.5623511712547185
17.991866089353863 76.99388662528379 24.008133910646137 69.00611337471621
5.4017647574992065 34.79948492701386 2.5982352425007935 25.200515072986143
3.8225133487588807 18.499049891004486 8.17748665124112 27.500950108995514
9.128714819717864 9.906624691835333 14.871285180282136 18.093375308164667
81.04155975568894 38.6433275554462 90.95844024431106 37.3566724445538
11.741388881067989 93.58720870665607 2.258611118932011 90.41279129334393
31.615641228130904 35.01479505591924 32.384358771869096 44.98520494408076
88.98668900267182 48.63540050653921 79.01331099732818 49.36459949346079
57.36447118124453 40.27506132494607 60.63552881875547 49.72493867505393
76.73013386762524 32.62044240698171 67.26986613237476 29.37955759301829
52.730953703277514 49.3819527023462 43.269046296722486 52.6180472976538
48.00125792733019 26.887849694959375 57.99874207266981 27.112150305040625
33.676173943828196 76.26473824902278 40.323826056171804 83.73526175097722
36.577828352415686 17.354627424463985 43.422171647584314 24.645372575536015
28.473555934075833 19.238700963643964 31.526444065924167 28.761299036356036
18.167586404822146 39.86864270358299 11.832413595177854 32.13135729641701
68.42300165383053 64.0179251710902 67.57699834616947 73.9820748289098
96.99135407723426 9.993530134318501 91.00864592276574 18.0064698656815
