95.75055190382128 15.30656323344082 88.24944809617872 8.69343676655918
72.3294010248404 53.730293395403606 65.6705989751596 46.269706604596394
49.91721069385742 8.90611201968311 40.08278930614258 7.0938879803168895
42.45508001883783 22.269859472688108 33.54491998116217 17.730140527311892
12.636959706341447 74.75188941914978 7.363040293658553 83.24811058085022
28.63192799269742 64.43309410813055 37.36807200730258 59.566905891869446
74.91595385583015 85.38165388668956 71.08404614416985 94.61834611331044
69.94837582665073 68.09076550861292 68.05162417334927 77.90923449138708
14.45577959456049 14.020816837956021 13.54422040543951 23.97918316204398
79.99598555677025 57.99699231281977 74.00401444322975 66.00300768718023
78.26930069465558 53.45536467163303 73.73069930534442 44.54463532836697
60.93770992594556 84.91128293776517 59.06229007405444 75.08871706223483
90.45946992677351 96.2612226719637 81.54053007322649 91.7387773280363
60.031650844561774 47.596259522947506 63.968349155438226 38.403740477052494
87.90903530342155 17.05059366456667 78.09096469657845 18.94940633543333
36.825318358170556 41.24826723874352 45.174681641829444 46.75173276125648
24.580281783424212 81.66203274486828 33.41971821657579 86.33796725513172
46.4323670588971 65.36847690743494 41.5676329411029 56.63152309256507
65.57518554439488 4.983151658066449 56.424814455605116 9.016848341933551
13.662513294373284 61.01140272987233 14.337486705626716 70.98859727012767
63.16758340875807 72.86176397859798 60.83241659124193 63.138236021402015
38.96811908303067 77.43626887896225 29.031880916969328 78.56373112103775
20.757858051681556 62.80637827691283 27.242141948318444 55.19362172308717
69.62906470040743 81.74699884774627 64.37093529959257 90.25300115225373
54.4925405753682 77.77203548089068 51.5074594246318 68.22796451910932
75.4146733439861 72.25798150639079 78.5853266560139 81.74201849360921
55.69956991420703 15.172072743716566 58.30043008579297 24.827927256283434
61.76878384186334 16.81565749765313 68.23121615813666 9.184342502346869
5.316096682864485 78.70791563417825 8.683903317135515 69.29208436582175
41.002274852618115 2.8491910107893776 50.997725147381885 3.1508089892106224
55.50954509041674 59.19904859086823 64.49045490958326 54.80095140913177
66.12967505253752 65.16553072975917 73.87032494746248 58.83446927024083
95.50011573020285 58.02505118450357 96.49988426979715 67.97494881549643
78.51215043270474 37.97614336607074 79.48784956729526 28.02385663392926
89.86979028157144 62.83381567550857 82.13020971842856 69.16618432449143
94.25339280624407 78.20323357996843 87.74660719375593 85.79676642003157
47.04241306835322 75.10986963415837 44.95758693164678 84.89013036584163
29.853187474982064 58.793554345695526 38.146812525017936 53.206445654304474
16.321704552719087 46.77782834348551 21.678295447280913 55.22217165651449
57.093456943064155 87.92817058456073 50.906543056935845 80.07182941543927
23.9998747390733 17.999832978166634 32.0001252609267 12.000167021833368
21.6300970433799 72.27318462078705 18.3699029566201 81.72681537921295
27.021599816779624 72.53574617318613 36.97840018322037 73.46425382681387
18.185331748344787 34.264493071422194 9.814668251655213 39.735506928577806
59.72472334312629 37.45231581704236 64.2752766568737 28.54768418295764
81.8380375895779 74.77093285631994 90.1619624104221 69.22906714368006
84.81887340188061 82.8575165024582 91.18112659811939 75.1424834975418
33.99793813665501 50.85642290513641 24.00206186334499 51.14357709486359
30.925428784151507 89.86032045904524 21.074571215848493 88.13967954095476
42.739578095622676 29.790731988080474 49.260421904377324 22.209268011919526
13.272200808111537 53.83544259647867 10.727799191888463 44.16455740352133
19.34957104615489 17.957513709108625 20.65042895384511 8.042486290891375
10.339582585354227 10.406074624924997 17.660417414645774 3.5939253750750035
39.28875136461713 47.64938310659533 46.71124863538287 54.35061689340467
74.31656381800838 33.25828856790403 67.68343618199162 40.74171143209597
87.1053766377254 34.02110829076828 96.8946233622746 31.978891709231714
46.061541238516355 33.08034780245555 53.938458761483645 26.919652197544455
4.012876001297739 66.58817373404511 7.987123998702261 57.41182626595488
9.096037691935614 92.07025833496368 14.903962308064386 83.92974166503632
87.19801482243776 56.156472818429876 80.80198517756224 63.843527181570124
57.35567507683367 33.29332429544783 50.64432492316633 40.70667570455217
82.26166819385206 24.596311903998355 91.73833180614794 21.403688096001645
66.34784858559 22.280847988900653 69.65215141441 31.719152011099347
87.56453552188897 43.707779414222784 82.43546447811103 52.292220585777216
17.312424607269925 29.469586198541265 8.687575392730077 34.530413801458735
96.40631832083498 96.38287943466551 91.59368167916502 87.61712056533449
47.04246950662997 70.94252277611693 38.95753049337003 65.05747722388307
37.63896855879352 34.55430893839623 46.36103144120648 39.44569106160377
73.42909810536 3.2531834628441274 76.57090189464 12.746816537155873
88.7210995809954 38.2252401344918 95.2789004190046 45.7747598655082
28.76210774672405 30.809993931251803 35.23789225327595 23.190006068748197
29.724769410479315 3.807669900912356 24.275230589520685 12.192330099087645
21.34242791851989 29.590870130256512 28.65757208148011 36.40912986974349
3.498225047605592 26.02488474485883 2.501774952394408 35.97511525514117
5.938358983569097 96.91115896891509 4.061641016430903 87.08884103108491
23.049239700582667 45.69998032666155 32.95076029941733 44.30001967333845
16.35135905780258 92.15876742628046 25.64864094219742 95.84123257371954
66.65182288697146 96.83317861329671 57.348177113028534 93.16682138670329
3.8250338664182735 51.85998503957944 6.1749661335817265 42.14001496042056
53.69519093389991 48.296136938895486 50.30480906610009 57.703863061104514
8.932342383399341 4.9501397374082305 3.0676576166006595 13.04986026259177
85.72975239072545 13.189087237731947 80.27024760927455 4.810912762268054
18.077769761633235 39.121564185322654 27.922230238366765 40.878435814677346
80.43125938865136 46.74753124205681 83.56874061134864 37.25246875794319
21.61277458991916 25.39838554055452 30.38722541008084 20.60161445944548
7.407212128700008 29.964735898276928 8.592787871299992 20.035264101723072
86.09563926329123 4.026734484208251 95.90436073670877 5.973265515791749
38.00036246087627 13.93979636734574 47.99963753912373 14.06020363265426
52.99998355337937 95.98717557269191 43.00001644662063 96.01282442730809
93.2284600059078 25.33164358107128 84.7715399940922 30.66835641892872
