58.84291451038206 16.243454480522253 49.15708548961794 13.756545519477747
63.1329432348205 10.814032732174846 54.8670567651795 5.185967267825154
85.10068058458297 46.073566855642106 90.89931941541703 37.926433144357894
4.218506746288082 6.461958366270194 13.781493253711918 3.5380416337298066
12.110244863715435 83.12482242963463 9.889755136284565 92.87517757036537
47.940050022500735 93.77194933460072 38.059949977499265 92.22805066539928
86.8038126455405 68.75484833056663 79.1961873544595 75.24515166943337
49.25591291079217 76.00655343654407 48.74408708920783 85.99344656345593
25.220705776580893 21.84361652158163 30.779294223419107 30.15638347841837
85.20138089784534 82.15927606473583 78.79861910215466 89.84072393526417
91.28545970239149 25.575817373025224 82.71454029760851 20.424182626974776
37.9211228031166 96.88461876344887 28.078877196883397 95.11538123655113
59.20643014321745 84.16349042270627 52.79356985678255 91.83650957729373
80.6736026243528 44.22308173805244 71.3263973756472 47.77691826194756
69.75382034435641 5.549578050174648 60.24617965564359 2.450421949825352
37.8835338950173 42.07289174487325 28.116466104982702 39.92710825512675
84.4279596434183 89.97603187332696 93.5720403565817 94.02396812667304
43.20040516810294 27.48979031761906 38.79959483189706 18.51020968238094
81.36414209857308 7.440136009213851 72.63585790142692 2.559863990786149
35.00745769422368 31.727014057076744 44.99254230577632 32.272985942923256
67.74150189964261 45.4131289479969 58.25849810035738 48.5868710520031
10.784200568013242 61.00465911021538 11.215799431986758 70.99534088978461
45.99027243439858 70.09904493943576 44.00972756560142 79.90095506056424
16.999941561781263 74.97582607246726 7.000058438218739 75.02417392753274
21.171495478923525 86.865438710828 14.828504521076473 79.134561289172
32.91382613596699 77.88841439497132 25.086173864033007 84.11158560502868
31.270275631543175 35.378362741416666 40.72972436845683 38.621637258583334
37.54511100537986 2.029803425234193 36.45488899462014 11.970196574765808
15.505063682465137 68.9754435019991 16.494936317534865 59.024556498000905
96.11095841389533 78.99876867142157 95.88904158610467 69.00123132857843
3.379731053582854 88.73019328794038 6.620268946417146 79.26980671205962
71.10436141070468 64.37327822980737 74.89563858929532 73.62672177019263
70.31864273952193 78.51978667517203 61.681357260478066 73.48021332482797
64.82045969512573 51.67215651235987 55.179540304874266 54.32784348764013
81.61419286739184 65.45508464690722 74.38580713260816 58.54491535309278
62.99806812298722 96.13897855222652 53.00193187701278 95.86102144777348
75.60366385897063 53.04903124740358 66.39633614102937 56.95096875259642
36.29690258854958 57.17112397386168 33.70309741145042 66.82887602613832
69.67994818381368 83.76013777779443 60.32005181618633 80.23986222220557
91.9839213034939 67.57552474471446 96.0160786965061 58.42447525528555
87.8929958315679 10.862392080677552 80.1070041684321 17.13760791932245
26.36990295662026 71.72681537921301 29.63009704337974 62.27318462078699
73.02159981677963 93.53574617318613 82.97840018322037 94.46425382681387
6.106228040049859 11.97481903841041 15.89377195995014 14.02518096158959
59.660842378586736 41.594382129606515 52.339157621413264 48.405617870393485
78.83734026615697 33.73503393349214 69.16265973384303 36.26496606650786
44.549410963536104 86.07433360018526 35.450589036463896 81.92566639981474
12.063191208044092 54.08615765579653 3.936808791955908 59.91384234420347
20.44378902435797 28.98026618785175 19.55621097564203 19.01973381214825
20.517608825214964 79.21543886311701 29.482391174785036 74.78456113688299
6.211902192409389 51.440180330703754 15.78809780759061 48.559819669296246
29.005336783510437 16.90006582463569 30.994663216489563 7.099934175364311
69.20316346012412 17.665980973918224 72.79683653987588 8.334019026081776
69.27120195549067 26.189708967491896 74.72879804450933 17.810291032508104
96.2144696419947 23.690398787671658 87.7855303580053 18.309601212328342
81.79640791833084 53.70736285173014 90.20359208166916 48.29263714826986
55.21771965937015 27.540618369436825 64.78228034062985 30.459381630563175
15.83797671265939 29.116538373245536 10.16202328734061 20.883461626754464
19.846948347063034 70.51268972784362 24.153051652936966 61.48731027215637
47.352553578280514 23.279203426585333 50.647446421719486 32.72079657341467
52.50012708900783 72.17971185823238 61.49987291099217 67.82028814176762
41.87935255987674 11.093395393125617 48.12064744012326 18.90660460687438
68.97731825995825 72.5924081372234 65.02268174004175 63.4075918627766
39.947688764217105 77.06850996753701 32.052311235782895 70.93149003246299
27.693614633875885 4.7875849914604 22.306385366124115 13.212415008539601
87.23976737822592 76.70444987442976 94.76023262177408 83.29555012557024
26.428622444131253 49.711874830980975 31.571377555868747 58.288125169019025
55.63982395188361 61.42807257789189 48.36017604811639 54.57192742210811
45.94152623226263 59.443390981493245 50.05847376773737 68.55660901850676
96.93891592083808 90.07976320008021 89.06108407916192 83.92023679991979
21.6825005912475 37.01009076981937 22.3174994087525 46.98990923018063
52.0946831638082 9.869419765044086 43.9053168361918 4.130580234955914
39.04711181071181 67.908360632504 40.95288818928819 58.091639367496
16.872511344711324 9.90112992747494 23.127488655288676 2.0988700725250604
2.307024518824063 34.274896776108314 11.692975481175937 37.725103223891686
3.962521245854685 19.43396448476291 8.037478754145315 28.56603551523709
96.38294118573043 48.985314037076435 95.61705881426957 39.014685962923565
22.62637427965423 94.44229713764838 15.37362572034577 87.55770286235162
33.52869594497629 17.022262312282997 34.47130405502371 26.977737687717003
92.27764772923794 56.411230040242 83.72235227076206 61.588769959758
54.789217994768705 34.850269529516595 49.210782005231295 43.149730470483405
75.90663729615545 39.03827735600317 66.09336270384455 40.96172264399683
43.77848628462521 51.47175705456056 34.22151371537479 48.52824294543944
78.3734633187057 29.103909723499875 87.6265366812943 32.896090276500125
36.678319986951514 87.23553914758928 27.321680013048486 90.76446085241072
53.537419704941975 20.744921928145317 62.462580295058025 25.255078071854683
17.000458033252354 33.0676766040007 26.999541966747646 32.9323233959993
17.442681823844 39.70596900367799 8.557318176155999 44.29403099632201
73.93641927641487 89.20516371029014 64.06358072358513 90.79483628970986
93.96538172179415 5.587353689758222 84.03461827820585 4.412646310241778
