91.588771059941 11.985744233139794 82.411228940059 8.014255766860206
58.440971964432386 51.787859625941415 55.559028035567614 42.212140374058585
71.42501521904589 36.7926330576717 68.57498478095411 27.2073669423283
22.21850674628808 25.461958366270192 31.78149325371192 22.538041633729808
2.1171021519162454 69.07856815653726 3.8828978480837546 78.92143184346274
26.487650836949214 72.97368056223168 27.512349163050786 63.02631943776833
95.95911323467473 82.00016717555265 96.04088676532527 91.99983282444735
61.03390934005839 72.10806464918637 58.96609065994161 81.89193535081363
16.53588681161246 40.252042060278725 25.46411318838754 35.747957939721275
87.77353925030087 65.18032055917635 94.22646074969913 72.81967944082365
90.95332689704925 45.90827544330618 89.04667310295075 36.09172455669382
72.98239579350599 66.5807958053003 63.01760420649401 67.4192041946997
72.6190653813218 86.96152779430378 71.3809346186782 77.03847220569622
81.75032230044292 28.560268580057524 72.24967769955708 25.439731419942476
72.80760872767972 2.6263558242624283 63.19239127232028 5.373644175737572
4.90849953716204 38.12059155843411 7.09150046283796 47.87940844156589
66.87727990561551 87.47296350788992 71.12272009438449 96.52703649211008
9.217047947834685 77.67130409839474 12.782952052165315 68.32869590160526
90.66127186283435 18.809017584422186 81.33872813716565 15.190982415577814
23.04402148216127 64.43688963748812 18.95597851783873 73.56311036251188
54.739409750766164 61.94502509806289 53.260590249233836 52.05497490193711
37.248988581395416 89.19946409068902 30.751011418604588 96.80053590931098
8.234729795969832 26.83427308879915 13.765270204030168 35.16572691120085
95.99773939037993 96.15033624261883 86.00226060962007 95.84966375738117
37.554570512128265 82.93701976498764 28.445429487871735 87.06298023501236
57.67022364887867 69.28721388531939 54.32977635112133 78.71278611468061
20.279889919389735 11.659224493004375 27.720110080610265 18.340775506995627
54.87146885221315 33.16413162279059 47.12853114778685 26.83586837720941
6.654148645534802 68.71845231601162 3.345851354465198 59.281547683988386
55.793785797249775 22.296712726959584 64.20621420275022 27.703287273040416
9.007277724006576 62.26967438662031 18.992722275993422 61.73032561337969
70.85147861238087 41.13369764377701 73.14852138761913 50.86630235622299
76.97494881549643 61.50011573020279 67.02505118450357 62.49988426979721
84.10579003151155 44.918426760852306 77.89420996848845 37.081573239147694
91.298786272516 54.5535145551236 82.701213727484 49.4464854448764
56.74418119770809 90.42115714419924 47.25581880229191 93.57884285580076
49.34782138135158 66.28622940954006 42.65217861864842 73.71377059045994
33.87026266289989 70.90590764076299 28.12973733710011 79.09409235923701
75.93302290447471 70.18434993782385 66.06697709552529 71.81565006217615
84.8551670450964 84.35690240951277 81.1448329549036 93.64309759048723
48.8129556717638 12.26711511523352 57.1870443282362 17.73288488476648
23.374255023652896 82.57803943301147 14.625744976347104 87.42196056698853
88.48213197915514 80.23596004726068 91.51786802084486 89.76403995273932
4.189181883493651 32.99641973966938 3.8108181165063484 23.003580260330622
88.98044897850421 4.441732919892085 79.01955102149579 3.5582670801079153
93.161449495099 31.070818216911626 94.838550504901 40.929181783088374
51.750143987586746 84.68369469785489 48.249856012413254 75.31630530214511
43.466588546123056 83.02181809004263 42.533411453876944 92.97818190995737
23.804085732903694 77.61408504196282 14.195914267096306 80.38591495803718
36.15135214252139 77.64569705200842 39.84864785747861 68.35430294799158
41.9919108605162 64.28429906904606 32.0080891394838 63.715700930953936
11.286051643381185 17.333059421835685 20.713948356618815 20.666940578164315
57.907312703931524 30.12773422249965 66.09268729606848 35.872265777500346
53.353256947145205 37.58840371965965 48.646743052854795 46.41159628034035
95.34278246275802 13.95661831380444 96.65721753724198 4.043381686195558
78.0211082907682 51.894623362274615 75.9788917092318 42.105376637725385
32.577409973753724 39.284502051253426 27.422590026246276 30.715497948746574
24.99986739313259 51.03641498440907 15.00013260686741 50.96358501559093
26.549578355867858 95.07396643748608 17.450421644132142 90.92603356251392
74.96015921290929 55.370063032842864 65.03984078709071 56.629936967157136
13.014962961838402 23.980152354094628 20.9850370381616 30.019847645905372
69.25511547576107 8.423272106025301 78.74488452423893 11.576727893974699
36.97426575882905 26.000066225555447 37.02573424117095 35.99993377444456
23.98204068561108 57.423403598137625 14.017959314388921 56.576596401862375
43.69208517101663 6.628278319617836 36.30791482898337 13.371721680382164
87.68003283370679 57.4824846212687 96.31996716629321 62.5175153787313
36.21734335652571 49.17263775868812 29.782656643474294 56.82736224131188
58.56185628131176 37.21129008558698 61.43814371868824 46.78870991441302
46.25405876597726 15.821506642425565 51.74594123402274 24.178493357574435
96.95223112658323 56.908488146218346 95.04776887341677 47.091511853781654
40.5917023814201 58.797572075279554 43.4082976185799 49.202427924720446
39.83011466927579 2.7077181879919374 30.169885330724213 5.292281812008063
41.47618574179807 33.027513838842346 42.52381425820193 42.972486161157654
5.969391213780677 8.958748521326473 14.030608786219323 3.0412514786735256
12.362823952025908 94.81068715214204 9.637176047974092 85.18931284785796
25.1272165737968 42.87929411471189 34.8727834262032 45.12070588528811
60.948754556119496 85.96104799784078 67.0512454438805 78.03895200215922
81.58720870665616 69.25861111893204 78.41279129334384 78.74138888106796
17.313857076415896 5.743578073887896 26.686142923584104 2.2564219261121035
65.77501013418986 40.152382045925805 68.22498986581014 49.847617954074195
10.191456033778257 42.629633288162445 19.80854396622174 45.370366711837555
96.78989761640952 28.937211941530418 95.21010238359048 19.062788058469582
47.2720191200832 51.007404923458225 46.7279808799168 60.992595076541775
72.99776096384561 20.850382660560246 63.00223903615439 21.149617339439754
6.925272987063803 92.91364120580756 5.074727012936197 83.08635879419244
49.00600715726434 6.754978599495834 58.99399284273566 7.245021400504166
62.07259764446985 15.848944065716912 71.92740235553015 14.151055934283088
29.634285547003323 13.302437800267684 36.36571445299668 20.697562199732317
62.88805556808113 93.94790078255372 53.11194443191887 96.05209921744628
84.10644628520252 21.372424573367102 87.89355371479748 30.627575426632898
