53.61605308709845 2.078528195083543 44.38394691290155 5.921471804916457
67.48435937690414 8.211452232984463 58.51564062309586 3.788547767015537
83.34602664034429 8.172287777680811 92.65397335965571 11.827712222319189
25.009158496625503 45.993114716882864 18.990841503374497 38.006885283117136
11.997451534272486 96.15961880402247 2.0025484657275134 95.84038119597753
44.99259536839656 83.72798623662533 35.00740463160344 84.27201376337467
86.98234969247545 91.02367911567858 95.01765030752455 96.97632088432142
33.429927012700574 72.97159350948678 42.570072987299426 77.02840649051322
35.66066816845395 23.810572346955546 26.33933183154605 20.189427653044454
66.92685494578438 96.85211521709216 57.07314505421562 95.14788478290784
53.19375120348481 15.27741834956787 44.80624879651519 20.72258165043213
53.979496050500046 89.45234840892218 44.020503949499954 88.54765159107782
76.71497699600488 87.80132164709366 71.28502300399512 96.19867835290634
86.64187931232266 65.14178675878388 77.35812068767734 68.85821324121612
78.99527497248503 11.999997767411 79.00472502751497 2.000002232589001
40.081997639970545 57.098194706854805 49.918002360029455 58.901805293145195
81.11711580349191 87.3680730680914 84.88288419650809 96.6319269319086
27.172842676697954 10.303285147652439 36.827157323302046 7.6967148523475615
96.97450043799054 16.495673327661617 87.02549956200946 17.504326672338383
60.36833404005332 58.116473935547695 69.63166595994667 61.883526064452305
43.005918351636495 62.414845871766154 46.994081648363505 71.58515412823384
4.95866691010741 81.00017084535082 5.04133308989259 90.99982915464918
24.075655070758152 87.11707401563855 21.924344929241848 96.88292598436145
14.762464075210648 33.99435448125526 15.237535924789352 24.005645518744743
21.60409075389639 70.38857823041076 26.39590924610361 61.61142176958924
26.52589133779368 56.76788179552014 35.47410866220632 61.23211820447986
29.255129062717927 42.00651332620616 28.744870937282073 51.99348667379384
39.32651950199576 26.045565217019405 40.67348049800424 35.95443478298059
17.2023282695095 76.99590464994652 16.7976717304905 67.00409535005348
94.42581529796003 90.32640472582544 85.57418470203997 85.67359527417456
8.225736024066656 40.93968777308565 9.774263975933344 31.06031222691435
86.84121440526361 77.22430146143118 95.15878559473639 82.77569853856882
72.84911167963946 82.10883957303544 67.15088832036054 73.89116042696456
42.85260780090034 72.18706967800233 35.14739219909966 65.81293032199767
85.22680625635816 59.32902473406968 76.77319374364184 64.67097526593032
39.63244053931548 89.56410481412232 32.36755946068452 96.43589518587768
64.37491906633466 77.27145773424436 67.62508093366534 86.72854226575564
30.46463789348477 85.2193268422775 27.53536210651523 94.7806731577225
61.06697709552529 53.81565006217609 70.93302290447471 52.18434993782391
91.99996292805874 42.980745960467864 82.00003707194126 43.019254039532136
96.60472125844173 24.535034682866467 89.39527874155827 31.464965317133533
43.46745301303507 50.110928187067266 52.53254698696493 45.889071812932734
73.13232664225886 72.83123008127453 80.86767335774114 79.16876991872547
2.2227930089093917 24.47590425308521 11.777206991090608 21.52409574691479
64.50517467507238 17.672864706601377 59.49482532492762 26.327135293398623
74.12145983176578 37.095374742690936 83.87854016823422 34.904625257309064
60.53871191462731 30.64775219446291 65.4612880853727 39.35224780553709
9.769218724914149 82.0053288393459 10.230781275085851 91.9946711606541
93.999091667151 47.90469783097233 84.000908332849 48.09530216902767
15.4367140171104 57.210860950751325 12.5632859828896 66.78913904924867
22.068201633639053 28.087592056389546 23.931798366360947 37.912407943610454
19.0545928947026 14.263149565465294 28.9454071052974 15.736850434534706
68.29883360386395 21.950592457972036 69.70116639613605 12.049407542027964
72.03939511447373 23.906856249565813 73.96060488552627 14.093143750434187
74.17681986871087 9.861064040101361 67.82318013128913 2.138935959898639
45.05864387010789 30.76354410323028 54.94135612989211 29.23645589676972
82.82855697084551 25.7840784336383 75.17144302915449 32.2159215663617
23.3292350782345 52.17992384844483 20.6707649217655 61.82007615155517
7.768518972002637 58.47442649081285 12.231481027997363 49.52557350918715
68.45973068871034 43.90573292511168 77.54026931128966 48.09426707488832
59.2810481826555 83.83310620136936 56.7189518173445 74.16689379863064
52.77750382541308 8.322216204470786 61.22249617458692 13.677783795529214
54.07155775029639 69.15711389183564 63.92844224970361 70.84288610816436
15.534993696645156 90.97129578123752 14.465006303354844 81.02870421876248
20.744290394876373 2.4214853028610186 11.255709605123625 5.578514697138981
90.41075603834614 52.034842242823046 91.58924396165386 61.965157757176954
3.5423947163562692 60.217177942146094 6.457605283643731 69.7828220578539
68.65896459203854 66.81495149525576 59.341035407961456 63.18504850474424
59.18627354914073 89.64795057179931 68.81372645085928 92.35204942820069
96.90848814621836 69.04776887341686 87.09151185378164 70.95223112658314
48.90538416730313 9.877825356297631 41.09461583269687 16.12217464370237
40.88691094988573 10.85485719439349 33.11308905011427 17.14514280560651
20.71651253562041 48.34477720821228 13.28348746437959 41.65522279178772
2.0403203767746847 76.63370185021317 11.959679623225316 75.36629814978683
11.9359175166473 16.79794628193528 2.0640824833526983 15.202053718064722
3.0118915980613883 9.65536313239958 12.98810840193861 10.34463686760042
78.14034926502393 19.823651950294217 87.85965073497607 22.176348049705783
52.97705021642277 95.52149070729395 43.02294978357723 96.47850929270605
38.511119393944114 45.23381513396239 35.488880606055886 54.76618486603761
66.76015890522959 47.52999581599539 57.239841094770405 44.47000418400461
84.04029897772504 54.054497636973615 75.95970102227496 59.945502363026385
58.82518928518434 18.78007345852255 51.17481071481566 25.21992654147745
28.114664144864253 35.87416904140122 25.885335855135747 26.125830958598783
44.163987904131716 40.270034254898526 53.836012095868284 37.729965745101474
23.17803555813782 75.67763132167434 32.82196444186218 78.32236867832566
24.338101341096376 5.807401696943046 33.661898658903624 2.1925983030569545
35.563702165029 29.250806853887326 32.436297834971 38.749193146112674
4.462730598004644 55.97854199476817 3.5372694019953563 46.02145800523183
55.1616802945203 50.002614735447764 54.8383197054797 59.997385264552236
95.38379519935799 8.404649589874975 86.61620480064201 3.595350410125025
