96.92147180491654 19.61605308709841 93.07852819508346 10.383946912901589
87.89942854430127 27.870390275467496 80.10057145569873 34.1296097245325
50.7399812011675 2.408592380130511 41.2600187988325 5.591407619869489
33.7275588860306 22.372060511224962 24.2724411139694 25.627939488775038
10.178465694353132 87.49952366759622 5.821534305646867 96.50047633240378
27.074174744581775 71.14195247620893 36.925825255418225 72.85804752379107
66.12218567894507 89.17023230135403 57.87781432105493 94.82976769864597
50.339295656269044 59.59423375614396 57.660704343730956 66.40576624385604
10.151541850090766 29.072513950516694 11.848458149909234 38.927486049483306
49.852115217092226 75.07314505421563 48.147884782907774 84.92685494578437
54.414394494133155 37.34800367337167 45.585605505866845 32.65199632662833
55.08619587331625 69.88149323873807 46.91380412668375 64.11850676126193
86.37783780500115 96.41547845221245 77.62216219499885 91.58452154778755
73.11904790734846 50.086577423694145 78.88095209265154 41.913422576305855
96.23773470433504 26.65360218866251 87.76226529566496 21.34639781133749
31.42707438186037 52.502257509872756 38.572925618139635 59.497742490127244
42.06323227006386 96.7926691495581 51.93676772993614 95.2073308504419
44.47120170378253 59.54225670789297 51.52879829621747 52.45774329210703
71.98254451154212 8.582567142522828 62.017455488457884 9.417432857477172
12.280034966023207 13.55011904050102 7.719965033976793 22.44988095949898
66.99827701168532 47.868748659213956 57.00172298831469 48.131251340786044
9.228930775383743 58.47569744269507 4.771069224616257 49.52430255730493
22.500236220184497 66.57094574104558 29.499763779815503 59.42905425895443
59.850597400427745 79.35507919749647 56.149402599572255 88.64492080250353
44.24956391672469 83.94336380260631 45.75043608327531 74.05663619739369
64.25878224351014 66.41228019299837 73.74121775648986 69.58771980700163
50.66659696588341 7.505682830129839 59.33340303411659 12.494317169870161
24.14310401064881 33.18767055559373 33.85689598935119 30.81232944440627
14.505063682465137 93.9754435019991 15.494936317534863 84.0245564980009
40.18659893660008 22.142842089898707 37.81340106339992 31.857157910101293
60.471850318666306 39.12034442094617 69.5281496813337 34.87965557905383
79.76672485118368 48.15448326725497 82.23327514881632 57.84551673274503
95.40016400408382 54.20004783756463 92.59983599591618 63.79995216243537
81.14473460299031 14.516648478987046 76.85526539700969 5.483351521012954
89.97518535620341 73.49752454353448 80.02481464379659 72.50247545646552
95.61577683297303 69.0147846026556 96.38422316702697 78.9852153973444
54.296914126320644 79.17112707260276 51.703085873679356 88.82887292739724
29.027695188154755 66.47446707229648 38.97230481184524 67.52553292770352
14.920732856246586 52.085506027328144 13.079267143753414 61.914493972671856
64.29297281202113 85.2038082500922 69.70702718797887 76.7961917499078
25.413928973044413 13.378692374796014 20.586071026955587 4.621307625203987
3.210388422791977 58.331243163033335 6.7896115772080226 67.66875683696666
42.979941888620765 69.40872238721238 39.020058111379235 78.59127761278762
24.407820435607693 38.6396781983299 15.592179564392307 43.3603218016701
66.60018547586046 28.959156345900585 57.39981452413954 25.040843654099415
78.74386878254387 84.62399448547352 87.25613121745613 79.37600551452648
90.61336850578009 92.39363062976369 95.38663149421991 83.60636937023631
15.938094365502106 66.55505709672512 20.061905634497894 57.444942903274885
28.987252855614386 95.64319619653631 19.012747144385614 96.35680380346369
59.1549441868996 5.235084680474191 68.8450558131004 2.764915319525809
29.44470264260798 77.29011318907902 20.55529735739202 72.70988681092098
18.68837090132941 13.215763501061852 13.31162909867059 4.784236498938148
36.28786011880495 6.6503705425165025 43.71213988119505 13.349629457483498
35.118479762768956 48.84820675678656 42.881520237231044 55.15179324321344
51.09337172782192 19.08288446585934 52.90662827217808 28.91711553414066
88.57624292131547 44.643883569237296 95.42375707868453 37.356116430762704
69.99299364332367 44.99473563216743 76.00700635667633 37.00526436783257
2.441156045539583 93.96867119404807 3.558843954460417 84.03132880595193
35.478681556474726 93.97703365143244 34.521318443525274 84.02296634856756
88.63197636553895 34.74880012099591 83.36802363446105 43.25119987900409
68.95320146153354 72.31750803560625 59.04679853846646 73.68249196439375
74.13531742453564 18.82758316249233 81.86468257546436 25.17241683750767
81.59709413484032 2.200848498588467 84.40290586515968 11.799151501411533
75.51028771065127 75.0261075149981 74.48971228934873 84.9738924850019
4.919477562551476 29.085271013375774 3.080522437448524 38.914728986624226
84.70444987442971 89.76023262177405 91.29555012557029 82.23976737822595
23.77062893159796 83.28365002096697 16.22937106840204 76.71634997903303
79.00224243507087 62.14973083247502 88.99775756492913 61.85026916752498
42.13433341146005 49.15121181767995 51.86566658853995 46.84878818232005
93.34702593672532 49.28551250118028 86.65297406327468 56.71448749881972
64.6856343483105 57.47289710863965 73.3143656516895 62.52710289136035
41.99999964757845 18.0018772893754 32.00000035242155 17.9981227106246
25.87639296874179 56.87211527360623 28.12360703125821 47.12788472639377
3.6309981394290594 2.5968386147437856 8.36900186057094 11.403161385256215
8.274896776108253 80.69297548117592 11.725103223891747 71.30702451882408
9.149528351372997 49.21364112729655 18.850471648627003 46.78635887270345
39.69662377446288 86.45422839565646 48.30337622553712 91.54577160434354
74.93154725132827 95.1754748591361 65.06845274867173 96.8245251408639
18.043821062641154 18.33947722152787 27.956178937358846 19.66052277847213
40.484681320207244 43.58566536316465 33.515318679792756 36.41433463683535
55.3341879474408 15.492953035309506 46.6658120525592 10.507046964690494
43.629334432138656 28.808458786459475 46.370665567861344 19.191541213540525
15.780346586431936 33.84896334805407 18.219653413568064 24.151036651945926
66.02485010868605 14.497879060574704 75.97514989131395 13.502120939425296
55.67854738616884 53.57158518635207 60.32145261383116 62.42841481364793
2.0623336608264142 25.911291259575307 3.9376663391735858 16.088708740424693
87.07259764446985 3.8489440657169123 96.92740235553015 2.1510559342830877
28.36380267504357 4.040639863478527 29.63619732495643 13.959360136521472
29.832932451259595 90.28170352326968 20.167067548740405 87.71829647673032
72.42509444809748 24.327775574538247 63.57490555190252 19.672224425461753
