45.11939391313042 11.90760561146143 38.88060608686958 4.092394388538571
58.99161515722414 11.006274922052505 53.00838484277586 2.993725077947495
79.7530879449955 62.842025436435094 82.2469120550045 53.157974563564906
5.0121724668652865 2.65132178200627 14.987827533134713 3.34867821799373
10.549392892481325 80.02034607280248 11.450607107518675 89.97965392719752
51.606557978088595 96.94412540606523 42.393442021911405 93.05587459393477
87.68824130566591 73.62407404240263 80.31175869433409 80.37592595759737
55.585787191632186 71.34717220510231 62.414212808367814 78.65282779489769
11.239656727779327 22.70457613119879 18.760343272220673 29.29542386880121
92.94903558427622 84.28792782278214 83.05096441572378 85.71207217721786
88.65626958067223 17.410526756008657 81.34373041932777 10.589473243991343
52.501237842183876 84.82310820478098 43.498762157816124 89.17689179521902
47.4915239577896 54.674777699856755 52.5084760422104 63.325222300143245
91.76019433078976 35.47011440521944 82.23980566921024 38.52988559478056
71.87291104847961 2.8798491558698966 62.12708895152039 5.120150844130103
25.347077647930043 43.52959195215305 16.652922352069957 48.47040804784695
78.39592528375611 87.53436218861066 85.60407471624389 94.46563781138934
41.881853151297804 32.63234591939662 38.118146848702196 23.36765408060338
96.42343507042553 4.355813901763451 89.57656492957447 11.644186098236549
32.05024811760204 36.29292411814723 41.94975188239796 37.70707588185277
71.61925731044778 29.08624403335358 62.38074268955222 32.91375596664642
5.915541577995333 69.38148287185474 2.084458422004667 78.61851712814526
48.30279725360281 65.56185570212061 43.69720274639719 74.43814429787939
29.959726694901555 90.36666666605893 20.040273305098445 91.63333333394107
34.12714359361191 81.17746820076228 25.872856406388088 86.82253179923772
37.69601673822611 87.00924913699738 38.30398326177389 96.99075086300262
31.060536417543155 41.22430707262307 40.939463582456845 42.77569292737693
31.109855519355293 16.001206969190743 30.890144480644707 25.998793030809257
9.987699532059642 69.89645256921864 12.012300467940358 60.10354743078137
91.98363627387832 56.895610766413526 94.01636372612168 47.104389233586474
2.659204489056569 93.98837232168177 3.340795510943431 84.01162767831823
77.77569853856882 46.841214405263614 72.22430146143118 55.158785594736386
70.99429274231765 82.76116950774 61.00570725768234 83.23883049226
67.23873710184435 54.52919960311069 62.76126289815566 63.47080039688931
72.81490535724873 72.85752516079148 75.18509464275127 63.142474839208525
70.90123133265062 95.0110958469883 61.098768667349376 96.9889041530117
72.53759704361919 59.46653043638737 65.46240295638081 66.53346956361263
43.61223157099955 47.03762430851196 42.38776842900045 56.96237569148804
73.99853161312342 86.87883188288265 64.00146838687658 87.12116811711735
85.93688783733955 68.95187852532965 92.06311216266045 61.04812147467035
73.31558616785642 8.047063728819989 74.68441383214358 17.95293627118001
20.036978968924153 79.60697796096633 29.963021031075847 78.39302203903367
72.97178655036593 91.03799115393164 81.02821344963407 96.96200884606836
4.106228040049859 13.97481903841041 13.89377195995014 16.02518096158959
59.48330257587732 46.02676928225676 60.51669742412268 55.97323071774324
92.67510192675233 23.77580425625351 87.32489807324767 32.22419574374649
56.56558403611678 81.50522616693833 49.43441596388322 74.49477383306167
9.033724023171706 53.025516568001464 2.9662759768282942 60.974483431998536
11.798194694693304 43.853417765671594 14.201805305306696 34.146582234328406
15.869560644568796 88.81770664390477 24.130439355431204 83.18229335609523
12.671215779057764 50.26915617984269 19.328784220942236 57.73084382015731
24.045853531970877 19.999789740939693 23.954146468029123 10.000210259060307
63.58063546769527 15.62430859636721 68.41936453230474 24.37569140363279
73.41820036514349 24.376334881384178 68.58179963485651 15.623665118615822
93.49205933632585 19.767191516484097 96.50794066367415 10.232808483515903
74.48368904423944 36.320668834094946 79.51631095576056 27.679331165905054
48.872721395569144 3.128732921714061 51.127278604430856 12.871267078285939
3.174211457649263 35.654728370014816 6.825788542350737 26.345271629985184
15.955817609607458 79.99980478782714 16.044182390392542 70.00019521217286
46.8550360733721 41.13285940138147 49.1449639266279 50.86714059861853
58.43778129105067 67.95398913695145 67.56221870894933 72.04601086304855
48.05645744784383 19.749257655964424 57.94354255215617 18.250742344035576
76.98595905714723 77.62555069708768 67.01404094285277 78.37444930291232
24.292220585777258 67.56453552188889 15.707779414222742 62.43546447811111
35.91829085197366 6.8940385064622 28.081709148026345 13.1059614935378
86.56432994969525 55.25101360198974 83.43567005030475 64.74898639801026
29.62905912938701 70.57206344695646 38.37094087061299 75.42793655304354
56.030470210306866 40.95893728960736 47.969529789693134 35.04106271039264
55.45034473301148 53.03030392403401 56.54965526698852 62.96969607596599
89.58865708600088 78.65550810737824 96.41134291399912 71.34449189262176
23.527201190102062 52.654281872260086 28.472798809897938 61.345718127739914
44.87142768231286 17.126584367012043 35.12857231768714 14.873415632987959
28.000782229184768 47.088440262127484 37.999217770815235 46.911559737872516
11.820066089894084 10.743747894240043 20.179933910105916 5.256252105759957
18.215991062680324 42.268222202097775 25.784008937319676 35.731777797902225
2.821349604912649 40.00319261564595 3.178650395087351 49.99680738435405
87.48304224257038 42.14408316480411 96.51695775742962 37.85591683519589
33.999803255605705 96.04435544199525 24.000196744394295 95.95564455800475
17.877073446285046 13.001511322170295 18.122926553714954 22.998488677829705
73.76312546249774 40.70775353998198 66.23687453750226 47.29224646001802
40.63286634612052 62.11942843290028 31.36713365387948 65.88057156709972
87.9636780144757 21.601581722304175 78.0363219855243 20.398418277695825
69.83229861166878 35.71590883202786 60.16770138833123 38.28409116797214
53.3734633187057 23.10390972349987 62.6265366812943 26.89609027650013
47.994595098208315 81.76757838965906 38.005404901791685 82.23242161034094
46.08870874042468 28.06233366082649 55.91129125957532 29.93766633917351
19.46021770071014 34.09532257064502 28.53978229928986 29.90467742935498
38.934136061879265 51.19111105653336 29.065863938120735 52.80888894346664
60.997385264552236 91.16168029452024 51.002614735447764 90.83831970547976
88.84607192301051 2.7689082418401254 79.15392807698949 5.231091758159875
