51.25386713179362 14.796359926117802 44.74613286820638 7.203640073882198
58.777843023605726 14.157353501472418 53.222156976394274 5.842646498527582
74.25378918172594 58.68516251352529 77.74621081827406 49.31483748647471
3.1703978916037787 5.294196072693307 12.829602108396221 2.705803927306693
10.897853647175191 86.00104349662806 11.102146352824809 95.99895650337194
51.784539212588115 96.45195885727065 42.215460787411885 93.54804114272935
89.96843776828285 75.9583718703191 82.03156223171715 82.0416281296809
42.49500070851889 72.67276317383956 47.50499929148111 81.32723682616044
12.725311782986244 17.165212522829336 15.274688217013756 26.834787477170664
95.87550659759624 88.10879908765993 86.12449340240376 85.89120091234007
82.57456332095533 20.28621321289451 77.42543667904467 11.71378678710549
62.99399066801901 91.7549342787352 53.00600933198099 92.2450657212648
50.12211672472702 57.07767118581093 51.87788327527298 66.92232881418907
92.05445318889224 39.07401139115656 83.94554681110776 44.92598860884344
73.87078524863698 6.129358694862022 64.12921475136302 3.870641305137978
32.9436616712181 39.2515287042718 23.056338328781898 40.7484712957282
85.70869860559661 90.43392666854753 94.29130139440339 95.56607333145247
39.134025860466956 23.869700745199047 36.865974139533044 14.130299254800951
92.20335282682059 4.292265704826393 83.79664717317941 9.707734295173607
38.04709658461638 29.68465155946751 47.95290341538362 28.31534844053249
69.0703646223867 38.09618667252477 60.929635377613295 43.90381332747523
2.6099971442855963 68.01523342848087 3.3900028557144037 77.98476657151913
45.68806921058212 57.009739567656496 46.31193078941788 66.9902604323435
17.3421633737066 84.47903554553801 8.657836626293399 79.52096445446199
29.077255037509882 84.1058694986058 20.922744962490118 89.8941305013942
36.75221872445242 87.31708108743294 33.24778127554758 96.68291891256706
26.129629431063897 36.13114566756057 35.8703705689361 33.86885433243943
34.14676242376833 20.13328283712388 31.85323757623167 29.86671716287612
8.766136568896878 72.99452779505657 9.233863431103122 63.00547220494343
95.19818205693107 60.9960708434039 94.80181794306893 51.0039291565961
2.73718373156641 92.4586615183609 7.26281626843359 83.5413384816391
70.32443265027975 54.0105367567811 69.67556734972025 63.9894632432189
63.99610339955865 75.19735962332386 54.00389660044135 74.80264037667614
64.79055654576412 55.00438858201744 65.20944345423588 64.99561141798256
78.24277621345847 76.94232861484298 79.75722378654153 67.05767138515702
77.94387605620489 96.74705390761576 68.05612394379511 95.25294609238424
81.47539070349677 58.40532901950008 74.52460929650323 65.59467098049991
42.12758720758277 46.12880434705239 39.87241279241723 55.87119565294761
62.95848361686243 80.35700682639168 53.04151638313757 81.64299317360832
83.06486238537316 71.91177337035312 84.93513761462684 62.08822662964688
72.27322557170818 10.007470802592664 71.72677442829182 19.992529197407336
17.88474605104472 79.5305298510692 22.11525394895528 70.4694701489308
77.07761304711691 89.89921290768739 84.92238695288309 96.10078709231261
20.24019722537649 17.46889662442853 29.75980277462351 20.53110337557147
59.18047098046847 53.003258038960915 58.81952901953153 62.996741961039085
94.23696243941139 29.189216069384166 87.76303756058861 36.810783930615834
42.44108134960626 83.62752796617642 35.55891865039374 76.37247203382358
10.557341213466785 55.48640874731129 3.4426587865332143 62.51359125268871
7.312098610544312 30.95245309704039 8.687901389455687 21.04754690295961
31.070555107408072 75.61272613607733 34.92944489259193 66.38727386392267
11.251766390868575 49.43338658466271 20.748233609131425 52.56661341533729
29.784121914193193 14.99533749130811 30.215878085806807 5.004662508691891
61.62949934534594 20.571271108652013 70.37050065465407 25.428728891347987
64.28763824929439 16.831354648434957 61.712361750705604 7.168645351565043
93.58213524482169 20.743084235715514 90.41786475517831 11.256915764284484
77.70448303213331 35.55901035143849 86.29551696786669 30.440989648561512
62.243917745193215 31.45737834012613 71.75608225480678 34.542621659873866
3.441156045539583 20.968671194048067 4.558843954460417 11.031328805951933
12.24844818364646 76.68316839699669 15.75155181635354 67.31683160300331
48.78951301533574 32.515164742085844 53.21048698466426 41.484835257914156
60.09445836015485 69.03270417154555 69.90554163984515 70.96729582845445
44.00870628737326 18.705064287864715 53.99129371262674 19.294935712135285
75.49175751206441 83.57877485697854 68.50824248793559 76.42122514302146
22.292220585777258 65.56453552188889 13.707779414222742 60.43546447811111
23.69208517101663 8.628278319617836 16.30791482898337 15.371721680382164
89.81004765771245 59.14366255053416 92.18995234228755 68.85633744946584
31.723062325851025 56.22353611433353 38.276937674148975 63.77646388566647
53.51796866184881 47.5530123127073 46.48203133815119 40.4469876872927
46.50721532078711 47.422227622576344 53.49278467921289 54.577772377423656
96.0377510272908 82.89112183505551 93.9622489727092 73.10887816494449
24.2374655373549 58.320953914739846 27.7625344626451 67.67904608526015
40.49837404349992 12.331065358403848 35.50162595650008 3.6689346415961532
36.205012507992116 44.14584670719016 41.794987492007884 35.85415329280984
10.77281771066284 10.670380102665959 19.227182289337158 5.329619897334042
3.3912574406013043 45.938940953507135 12.608742559398696 42.061059046492865
2.127667039696223 31.07668453109415 3.872332960303777 40.923315468905855
83.13591585574957 52.173145714610726 90.86408414425043 45.826854285389274
27.998305493154206 95.86983780462627 18.001694506845794 96.13016219537373
19.39429814276832 23.732645101328064 24.60570185723168 32.26735489867194
84.2318159572592 39.336969075679676 75.7681840427408 44.663030924320324
36.827517685019345 49.69805030787459 27.172482314980655 52.30194969212541
92.99909583502382 24.904916708894504 83.00090416497618 25.095083291105496
71.83686948371684 41.794000535726425 64.16313051628316 48.205999464273575
53.133809794477614 24.851003531912294 62.866190205522386 27.148996468087706
57.999914186439966 86.02929382590936 48.000085813560034 85.97070617409064
54.42551384884827 32.9815658413213 63.57448615115173 37.0184341586787
10.238700963643963 36.52644406592416 19.761299036356036 33.47355593407584
27.994490818541294 45.234651792038186 18.005509181458706 44.765348207961814
71.42074414672072 90.33602679548727 62.57925585327928 85.66397320451273
84.92783712170784 3.8464167424609643 75.07216287829216 2.1535832575390357
