71.94636090396395 3.7304202952663106 62.05363909603605 2.2695797047336894
61.58767726347646 33.965343435654056 60.41232273652354 24.034656564345944
83.96151853411129 46.9998519154854 84.03848146588871 37.0001480845146
9.128173163145384 17.124857000557466 18.871826836854616 14.875142999442534
9.269045262719668 30.21670209072956 2.7309547372803324 37.783297909270445
40.0976089943434 71.99904715763147 39.9023910056566 62.000952842368534
92.5825564193643 71.20512213964582 95.4174435806357 80.79487786035418
51.91714422174066 73.06350406446889 58.08285577825934 80.93649593553111
9.96675085425507 21.0448517248118 18.033249145744932 26.9551482751882
95.02989118316985 85.09501387529909 96.97010881683015 94.90498612470091
80.99999994648938 29.000731509513336 71.00000005351062 28.999268490486664
62.70457229988131 73.35799703319584 55.29542770011869 66.64200296680416
62.335616255937005 78.80097870285044 71.664383744063 75.19902129714956
89.8967675652743 30.99893419284757 90.1032324347257 21.00106580715243
71.87078524863698 9.129358694862022 62.12921475136302 6.870641305137978
3.685245368369899 15.009916882268653 4.314754631630101 24.990083117731345
82.10706305937364 93.970841073957 91.89293694062636 96.029158926043
15.573702396457485 52.981793889073884 16.426297603542515 43.018206110926116
84.36414209857308 16.44013600921385 75.63585790142692 11.559863990786148
25.97666547978612 71.42767920861726 30.02333452021388 80.57232079138274
56.669379982131495 49.71308502737418 53.330620017868505 40.28691497262582
28.614453338731746 87.73800120370801 23.385546661268254 96.26199879629199
21.747667297268244 30.202325449601883 28.252332702731756 37.79767455039811
70.91978345618705 95.10796258810055 61.08021654381296 96.89203741189945
24.386433666528006 83.32140420510683 17.613566333471994 90.67859579489317
47.21935750860179 81.00481408920348 46.78064249139821 90.99518591079652
38.14693866096887 27.796756201095803 47.85306133903113 30.203243798904197
40.32882540858005 9.730807070754512 33.67117459141995 2.2691929292454884
16.138299615772524 80.51969852459067 11.861700384227477 71.48030147540933
68.1428420898987 43.81340106339994 77.8571579101013 46.18659893660006
17.174928795814903 72.2200668134239 24.825071204185097 65.7799331865761
69.67168971037248 49.04532211612301 68.32831028962752 58.95467788387699
96.98936392052207 63.67404345597506 87.01063607947793 64.32595654402493
74.47080039688935 36.238737101844265 65.52919960311065 31.761262898155735
93.29930930371953 58.756934670497984 86.70069069628047 51.243065329502016
75.9079953040272 89.11890569009411 68.0920046959728 82.88109430990589
69.72664187944336 64.63060005626522 60.273358120556644 61.36939994373477
36.307012948187094 47.04825596925491 37.692987051812906 56.95174403074509
76.91803652479703 69.0983810445857 67.08196347520297 70.9016189554143
87.60331526863239 74.19903428869102 90.39668473136761 83.80096571130898
69.79359021826218 14.063380249049096 68.20640978173782 23.936619750950904
7.93699522781081 84.0464872459723 2.06300477218919 75.9535127540277
82.09739975296489 89.01790488354166 91.90260024703511 90.98209511645834
2.1235342723934987 11.158007831322177 9.8764657276065 4.841992168677823
86.70050409091554 2.2955172951049656 77.29949590908446 5.704482704895034
94.90093722455362 36.37545270666345 91.09906277544638 45.62454729333655
37.916871291510994 95.88127362486954 40.083128708489006 86.11872637513046
34.491414685017766 86.22761252229941 31.508585314982234 95.77238747770059
9.72993580109455 64.18896771554786 4.27006419890545 55.81103228445214
34.59765707810643 81.37052247364448 43.40234292189357 76.62947752635552
35.848143526477784 64.00230657088198 36.151856473522216 73.99769342911802
26.02280663116549 11.522982003243289 35.977193368834506 12.477017996756711
75.47072610213917 50.88205808432891 84.52927389786083 55.11794191567109
61.87922817962214 11.366588573317273 58.12077182037786 20.633411426682727
96.07768083610064 12.882479289817976 93.92231916389936 3.117520710182025
84.33069332861798 71.42355836492926 79.66930667138202 62.57644163507074
35.85210452478806 31.207096384109917 26.14789547521194 28.792903615890083
22.917529969370865 38.1069211349954 15.082470030629135 31.893078865004597
13.945160542793884 94.2614966445611 4.054839457206116 95.7385033554389
62.59437689716669 53.02726055273866 53.40562310283331 56.97273944726134
32.30617212348091 40.277217406167466 41.69382787651909 43.722782593832534
73.00145374072963 20.879437593196684 82.99854625927037 21.120562406803316
50.92994127216258 62.38748152458947 47.07005872783742 71.61251847541052
11.751429596909261 45.44310668778664 2.2485704030907376 48.55689331221336
47.43564392184466 9.632678191402574 40.56435607815534 2.3673218085974255
76.40542526766046 56.02772136123036 85.59457473233954 59.97227863876964
30.012625436485795 50.00950028449584 23.987374563514205 57.99049971550416
69.00804124886956 38.010751708646445 60.99195875113044 43.989248291353555
41.191004220079364 49.065881453788265 42.808995779920636 58.934118546211735
95.21600274365099 53.938152316609646 96.78399725634901 44.061847683390354
31.43184726188467 68.79059635313114 28.56815273811533 59.209403646868864
47.89112796935693 15.962277885282207 38.10887203064307 18.037722114717795
44.20305861260552 38.855471211889125 49.79694138739448 47.144528788110875
14.021225803963212 4.46022549351186 23.978774196036788 3.53977450648814
19.288318887789693 58.9490918353293 20.711681112210307 49.0509081646707
5.129086143476288 41.1288038812501 14.870913856523712 38.8711961187499
54.97514183350232 88.96656648999765 63.02485816649768 83.03343351000235
83.6836140245695 77.24964013161409 74.3163859754305 80.75035986838591
9.008846341274207 11.297296409309208 18.991153658725793 10.702703590690792
55.94493579172119 27.112583554022738 58.05506420827881 36.887416445977266
17.04979814562776 19.70391874599959 26.95020185437224 18.29608125400041
95.05363502544499 30.909622524689194 96.94636497455501 21.090377475310806
47.792397261950114 53.06318862227308 46.207602738049886 62.93681137772692
57.94781452323801 4.720507767921373 48.05218547676199 3.2794922320786273
16.6247082736159 66.25569106942835 11.375291726384098 57.74430893057165
36.05100858435165 23.712379089978732 45.94899141564835 22.287620910021268
50.11609448648654 21.084493724946416 55.88390551351346 12.915506275053584
34.32342977437818 16.572622211338523 29.676570225621823 25.427377788661477
59.961151529641015 92.37792645134147 50.038848470358985 93.62207354865853
86.0431811038165 8.967975444621878 91.9568188961835 17.032024555378122
