95.96508849030936 13.999878117163568 96.03491150969064 4.000121882836431
71.85671267640194 45.81158004944521 62.14328732359805 48.18841995055479
42.98498819614605 14.387159765839039 33.01501180385395 13.612840234160961
34.330179220466185 29.499909582093494 25.669820779533815 24.500090417906506
15.69153079708338 70.17424530824258 18.30846920291662 79.82575469175742
20.2178254575699 89.67160078563163 23.7821745424301 80.32839921436837
87.08912010930966 78.37955218151365 90.91087989069034 87.62044781848635
69.34550829905892 87.76282242410883 74.65449170094108 96.23717757589117
18.6712523371369 19.010819208110206 19.3287476628631 28.989180791889794
74.2879278227822 77.05096441572378 75.7120721772178 86.94903558427622
75.56349256502676 32.98090968189678 76.43650743497324 23.01909031810322
64.52224104583729 68.77663359212238 67.47775895416271 59.22336640787762
92.98849379780212 96.3390127273271 83.01150620219788 95.6609872726729
67.03165084456178 41.596259522947506 70.96834915543822 32.403740477052494
70.70007706057005 21.294340120450997 61.29992293942994 24.705659879549003
20.696698998368213 64.54589875866164 29.303301001631787 59.454101241338364
41.02915892604301 84.10706305937364 38.97084107395699 93.89293694062636
37.925682375012954 67.85886735907633 28.074317624987046 66.14113264092367
33.76094025709935 3.472437278429859 24.23905974290065 6.527562721570141
20.17706547075419 70.7773967688994 27.82293452924581 77.2226032311006
60.56638043522055 89.96781775054193 59.43361956477945 80.03218224945807
36.88197725909273 81.92004720394756 27.118022740907275 84.07995279605244
48.004471090380726 60.78859774561735 57.995528909619274 61.21140225438265
84.4558619894924 85.38655041413588 77.5441380105076 92.61344958586412
55.82157700869636 77.85914799667256 58.17842299130364 68.14085200332744
74.23211820447987 67.52589133779368 69.76788179552013 76.47410866220632
47.365958515645154 8.274546748997786 50.634041484354846 17.725453251002214
51.092589146727576 30.541042904773963 46.907410853272424 21.458957095226037
8.152818585117084 69.64628032091383 11.847181414882916 60.35371967908617
13.63844105428542 7.444750204633824 22.361558945714577 2.555249795366176
56.00333167279098 55.18249829551591 65.99666832720902 54.81750170448409
70.22430146143114 56.15878559473636 75.77569853856886 47.84121440526364
95.29031309766337 63.55540036508668 90.70968690233663 72.44459963491332
81.40526528874524 33.7388628594547 84.59473471125476 24.261137140545298
96.98599534179125 53.6260341571267 87.01400465820875 54.3739658428733
84.46916163075664 73.65221425997103 79.53083836924336 82.34778574002897
50.134509058666026 80.90256645384785 55.865490941333974 89.09743354615215
33.40128249641776 78.47120041619766 40.59871750358224 71.52879958380234
23.03915777679897 67.94848744342943 30.96084222320103 74.05151255657057
65.72818091614663 82.69184299833941 62.27181908385337 73.30815700166059
33.21510850494226 8.45079749811064 42.78489149505774 5.54920250188936
15.393022039033896 87.03697896892413 16.606977960966102 96.96302103107587
41.042408249320395 80.05572700595991 48.957591750679605 73.94427299404009
14.964500088330459 37.5947595085132 5.035499911669541 36.4052404914868
55.202581277056474 28.665756737594883 58.797418722943526 19.334243262405117
78.29131633106576 62.68175447254111 87.70868366893424 59.31824552745889
87.7520349570302 65.80141066969173 94.2479650429698 58.19858933030826
43.97818190995737 59.46658854612299 34.02181809004263 58.53341145387701
34.34025457756343 86.58149250173847 29.659745422436572 95.41850749826153
27.609269618035093 49.67463569307491 34.39073038196491 42.32536430692509
7.404210446078979 60.38403605493439 2.595789553921021 51.61596394506561
18.259086907404786 34.588629298628 27.740913092595214 31.411370701372
2.7569250856590157 17.645054871130323 11.243074914340983 12.354945128869677
42.17210501511613 53.699450110555865 51.82789498488387 56.300549889444135
89.99984784776353 18.960993600340185 80.00015215223647 19.039006399659815
87.2389247771007 40.527142011043644 96.7610752228993 37.472857988956356
41.11543823695402 33.53044380448901 36.88456176304598 24.46955619551099
14.93310397709617 53.55279483729547 19.06689602290383 44.44720516270453
10.21754772463693 88.9952650567818 9.78245227536307 79.0047349432182
85.55924810068342 49.94737807757624 76.44075189931658 54.05262192242376
41.07200813195352 23.94699326170636 46.92799186804648 32.05300673829364
80.00521993982645 12.228412238053798 89.99478006017355 11.771587761946202
53.18273786267498 3.8692574457375226 58.81726213732502 12.130742554262477
57.60736335119397 49.94221598955283 48.39263664880603 46.05778401044717
27.588660316716197 36.01399987467423 18.411339683283803 39.98600012532577
95.41560350337919 83.98269743492207 94.58439649662081 74.01730256507793
50.98750807337728 65.35321837154439 41.01249192662272 64.64678162845561
49.48203133815126 35.446987687292626 56.51796866184874 42.553012312707374
62.03913653748102 2.9709445826198753 67.96086346251897 11.029055417380125
86.00675596428619 45.259834562382345 95.99324403571381 44.740165437617655
29.76210774672405 40.8099939312518 36.23789225327595 33.1900060687482
19.994307049729038 10.992424366290201 12.00569295027096 17.0075756337098
38.33167569212036 38.20926044426888 47.66832430787964 41.79073955573112
5.584976899022688 22.034337705037746 4.415023100977312 31.965662294962254
5.506752536650681 87.97425390049584 4.493247463349319 78.02574609950416
15.957358968685089 61.942287119220204 24.04264103131491 56.057712880779796
2.2613671912410576 92.4045818404715 11.738632808758943 95.5954181595285
52.04323368341104 93.96720666819269 45.95676631658896 86.03279333180731
2.166911443676349 72.93010785453245 3.833088556323651 63.06989214546755
61.54842631355714 30.020433632763552 62.45157368644286 39.97956636723645
11.339604374704482 2.278838538781918 4.660395625295519 9.721161461218081
75.43088689718783 13.369300732735221 70.56911310281217 4.630699267264779
31.190847851781513 52.36823083406474 40.80915214821849 49.63176916593526
79.84371516497289 46.92830038861216 78.15628483502711 37.07169961138784
22.180842862616952 51.657324050300595 25.819157137383048 42.342675949699405
11.223742142226513 30.673853658673742 14.776257857773487 21.326146341326258
82.01735754745732 4.416262165130853 91.98264245254268 3.583737834869147
25.024634683464562 19.50427833715256 34.97536531653544 20.49572166284744
68.85456518305864 96.19716201219171 59.14543481694137 93.80283798780829
96.82384832905917 31.684520126253133 87.17615167094083 34.31547987374687
