89.47855648538885 15.223180561083927 80.52144351461115 10.776819438916073
53.58767726347646 55.965343435654056 52.41232273652354 46.034656564345944
72.76397912847528 38.166583657788834 67.23602087152472 29.833416342211166
8.037281966641192 29.609450343650163 17.962718033358808 28.390549656349837
5.420946456823026 61.01775110211381 4.579053543176974 70.9822488978862
21.299627567008443 78.70199251266123 24.700372432991557 69.29800748733877
92.92048301225834 81.11792635520754 95.07951698774166 90.88207364479246
64.28851651770442 72.16887951054801 61.711483482295584 81.83112048945199
15.324939194971265 43.773078246802456 24.675060805028735 40.226921753197544
84.99699231281977 71.00401444322975 93.00300768718023 76.99598555677025
88.60862065355217 40.96281985367893 87.39137934644783 31.03718014632107
76.97949605050005 61.45234840892218 67.02050394949995 60.54765159107782
73.05556975841534 84.90999506300977 74.94443024158466 75.09000493699023
81.69297594428217 30.725101964055725 72.30702405571783 27.274898035944275
58.85033337749522 5.214193611890559 49.14966662250478 2.7858063881094406
2.2515287042718475 47.05633832878189 3.7484712957281525 56.94366167121811
69.19824084727847 86.33591767272658 72.80175915272153 95.66408232727342
7.05529843979287 80.90994286750286 8.944701560207129 71.09005713249714
86.62899021841675 19.890092473346762 77.37100978158325 16.109907526653238
19.15539300583196 68.12140554082453 12.84460699416804 75.87859445917547
51.33654526443191 63.81805425001884 48.66345473556809 54.18194574998116
42.02065177441195 89.02773498676211 33.97934822558805 94.97226501323789
5.020502201334006 34.98470513315093 10.979497798665994 43.01529486684907
91.98944824337417 96.3246632512163 82.01055175662583 95.6753367487837
40.077255037509886 84.1058694986058 31.922744962490118 89.8941305013942
60.67022364887867 70.28721388531939 57.32977635112133 79.71278611468061
16.110145520212747 13.858498428127238 23.889854479787253 20.141501571872762
47.12900801344363 33.899911390250494 40.87099198655637 26.100088609749506
13.216853558009099 66.48169167863458 8.783146441990901 57.518308321365424
53.264743953825665 28.39458722530017 62.735256046174335 31.60541277469983
19.15046439326997 62.217376030262464 28.84953560673003 59.782623969737536
72.19373244529947 46.06543490971725 73.80626755470053 55.93456509028275
90.54116011854767 56.907665232876866 81.45883988145233 61.092334767123134
84.89645904271663 43.07560118434877 79.10354095728337 34.92439881565123
90.15925430930932 51.77499614242827 81.84074569069068 46.22500385757173
64.55315805925721 87.93390424050067 55.44684194074279 92.06609575949933
56.475390703496764 66.40532901950009 49.524609296503236 73.59467098049991
33.17740230584956 73.00314814889622 32.82259769415044 82.99685185110378
73.92981447546329 65.83482287792842 64.07018552453671 64.16517712207158
79.10598637260058 84.12385458137047 76.89401362739942 93.87614541862953
49.01379151401721 17.9816988377104 56.98620848598279 24.0183011622896
26.99327200348213 88.74070345308593 17.00672799651787 89.25929654691407
86.23488157801866 81.32192807276522 89.76511842198134 90.67807192723478
3.491973549540289 28.97412395559593 4.508026450459711 19.02587604440407
85.99999642723162 4.0059772628307355 76.00000357276838 3.994022737169264
96.15409495100855 38.135016460042586 93.84590504899145 47.864983539957414
51.91253643482012 87.61976237327046 48.08746356517988 78.38023762672954
46.29256826983655 85.00856695852936 45.70743173016345 94.99143304147064
26.999091667151006 82.90469783097232 17.000908332848994 83.09530216902768
40.22585480449547 79.15982192338315 45.77414519550453 70.84017807661685
42.965440533034446 66.41314370336633 33.034559466965554 67.58685629663367
3.4492730842641626 13.928554963703505 12.550726915735837 18.071445036296495
62.95806398977493 36.056744440378004 71.04193601022507 41.943255559621996
54.15179324321343 36.118479762768956 47.84820675678657 43.881520237231044
93.74362144320602 13.83957776278347 96.25637855679398 4.160422237216529
78.0211082907682 50.894623362274615 75.9788917092318 41.105376637725385
33.83188643271356 42.21195366821904 26.16811356728644 35.78804633178096
20.73932305500885 49.406633444476256 11.26067694499115 52.593366555523744
28.995217098652784 95.2186461463801 19.004782901347216 94.7813538536199
64.55924810068342 55.94737807757624 55.44075189931658 60.05262192242376
11.000018231534256 34.98649759243024 20.999981768465744 35.01350240756976
63.56018746254684 5.700420770603074 72.43981253745315 10.299579229396926
38.53859074358527 34.02133536999179 39.46140925641473 43.97866463000821
30.988671308365312 54.336390512786465 21.011328691634688 53.663609487213535
45.38417076487784 4.319322313194732 38.61582923512216 11.680677686805268
86.0136331270942 65.63102112690883 95.9863668729058 66.36897887309117
35.71869826376607 59.65765303670262 28.28130173623393 66.34234696329739
58.286422211191656 44.0082105095531 57.713577788808344 53.9917894904469
44.783756837447875 19.518006443061196 49.216243162552125 28.481993556938804
96.95223112658323 61.908488146218346 95.04776887341677 52.091511853781654
40.31749940875242 59.98990923018063 39.68250059124758 50.01009076981937
39.987950852823076 2.653090372255896 30.012049147176924 3.346909627744104
35.130598626660415 14.07616600076371 36.869401373339585 23.92383399923629
3.7728177106628404 8.670380102665959 12.22718228933716 3.329619897334042
11.19410319609366 95.8553184815292 8.80589680390634 86.1446815184708
25.018666053818084 49.56836112707994 34.98133394618192 50.43163887292006
66.30559354654058 80.21190857730272 71.69440645345942 71.78809142269728
81.4207697363769 68.20610665990621 78.5792302636231 77.79389334009379
15.08228096198043 7.903349026179741 24.91771903801957 6.096650973820259
66.94493579172119 46.112583554022734 69.05506420827881 55.887416445977266
2.77983572313144 40.17501084576968 9.22016427686856 47.82498915423032
96.21719819136916 27.84958024605508 93.78280180863084 18.15041975394492
44.05612092480353 53.08989895303505 45.94387907519647 62.91010104696495
78.989494893057 22.676054461123293 69.010505106943 23.323945538876707
5.7532257307007715 95.94293950990807 4.2467742692992285 86.05706049009193
57.01104397963067 11.667858724605612 66.98895602036933 12.332141275394388
61.08816422859242 17.93480979601249 70.91183577140758 16.06519020398751
24.900413158753505 11.07666450407672 31.099586841246495 18.92333549592328
61.99246007102533 95.72551422765872 52.00753992897467 96.27448577234128
89.60053271857906 23.199844655822865 92.39946728142094 32.800155344177135
