74.90135484364171 3.988291807468757 65.09864515635829 2.011708192531243
60.932610560198945 38.91225381500238 59.067389439801055 29.087746184997624
83.87426494726965 45.99841881963836 84.12573505273035 36.00158118036164
11.109283704412306 16.039660577339063 20.890716295587694 13.960339422660937
7.855674774184878 32.895719114865045 2.1443252258151224 41.104280885134955
43.792391965093415 70.93681222791139 42.207608034906585 61.06318777208861
93.7507587117719 72.15857498211672 96.2492412882281 81.84142501788328
53.802955542940786 73.50856418795667 58.197044457059214 82.49143581204333
8.297742523014762 22.639451001085256 15.702257476985238 29.360548998914744
95.20166369433441 86.06414555086394 96.79833630566559 95.93585444913606
82.90799628611549 30.95476303629565 73.09200371388451 29.04523696370435
62.87523929808843 74.15951268118219 55.12476070191157 67.84048731881781
64.36775807648071 77.88210912595162 73.63224192351929 74.11789087404838
87.8967675652743 32.99893419284757 88.1032324347257 23.00106580715243
71.93770034072195 7.7868388305328935 62.062299659278054 6.2131611694671065
2.9468375003516263 13.000282633125035 3.0531624996483737 22.999717366874965
80.04719151023981 95.31466208060596 89.95280848976019 96.68533791939404
16.313559675517414 54.95265582096356 17.686440324482586 45.04734417903644
83.18329598430316 18.738619124250956 74.81670401569684 13.261380875749044
26.97666547978612 73.42767920861726 31.02333452021388 82.57232079138274
53.9137559666465 51.61925731044774 50.0862440333535 42.38074268955226
26.671201884510623 84.28756068885676 23.328798115489377 93.71243931114324
21.553369577109322 32.37774397260431 28.446630422890678 39.62225602739569
70.98607566749172 95.6271066666632 61.01392433250828 96.3728933333368
22.91288364932442 76.93612145290999 17.08711635067558 85.06387854709001
48.21935750860179 78.00481408920348 47.78064249139821 87.99518591079652
43.27027563154317 28.378362741416666 52.72972436845683 31.621637258583334
42.64131948420036 11.426483972526773 35.35868051579964 4.573516027473227
13.216853558009099 83.48169167863458 8.783146441990901 74.51830832136542
70.1428420898987 42.81340106339994 79.8571579101013 45.18659893660006
13.811012868259372 71.72990600755986 22.188987131740628 66.27009399244014
69.75805846097143 47.05779933938841 68.24194153902857 56.94220066061159
91.92795992628072 64.15429853673338 82.07204007371928 65.84570146326662
72.34750687332459 34.46965260439508 63.6524931266754 29.530347395604924
95.09816494646209 56.92445842945413 88.90183505353791 49.07554157054587
77.79676642003163 91.253392806244 70.20323357996837 84.746607193756
66.6013831073732 64.95634186664311 57.39861689262681 61.04365813335689
35.307012948187094 45.04825596925491 36.692987051812906 54.95174403074509
73.93302290447471 68.18434993782385 64.06697709552529 69.81565006217615
86.45821299484562 72.02943998717993 87.54178700515438 81.97056001282007
68.13601825841815 16.13076366187257 65.86398174158185 25.86923633812743
9.00716884927195 84.99461331194503 2.9928311507280494 77.00538668805497
81.13466090984994 88.8474048681962 90.86533909015006 91.1525951318038
4.96356947427332 7.950801350647284 13.03643052572668 2.0491986493527166
86.70050409091554 5.295517295104966 77.29949590908446 8.704482704895034
92.81993822365517 34.342981118561056 89.18006177634483 43.657018881438944
33.08570218071769 93.61903278393767 36.91429781928231 84.38096721606233
30.15487675201829 87.1352019890187 27.84512324798171 96.8647980109813
10.015493431153777 69.98833290569738 3.984506568846223 62.01166709430263
34.86956064456879 80.81770664390477 43.13043935543121 75.18229335609523
37.93538843192814 63.000417482902066 38.06461156807186 72.99958251709793
27.099934175364297 10.005336783510513 36.9000658246357 11.994663216489487
74.06324436568055 47.91747585968025 81.93675563431945 54.08252414031975
65.27590556339219 11.548005630448252 60.72409443660781 20.45199436955175
92.30062476092675 11.990954292829954 91.69937523907325 2.0090457071700465
79.44381720004988 71.78700239114627 76.55618279995012 62.212997608853726
37.756082254806806 30.542621659873802 28.243917745193194 27.457378340126198
25.383269129004443 43.68150648522116 18.616730870995557 36.31849351477884
12.916374689187055 93.08936290679497 3.0836253108129448 94.91063709320503
64.27511247076654 50.40704543767224 55.724887529233456 55.59295456232776
31.5916171295778 36.640728826995904 40.4083828704222 41.359271173004096
74.01461382350261 24.617999121481606 83.98538617649739 25.382000878518394
52.35343118453633 60.186661862207835 49.64656881546367 69.81333813779217
11.526275595495662 51.87565792923541 2.4737244045043374 56.12434207076459
47.30677237983336 9.750367505721435 40.69322762016664 2.249632494278564
74.25101360198974 56.43567005030476 83.74898639801026 59.56432994969524
31.012625436485795 49.00950028449584 24.987374563514205 56.99049971550416
67.16582068145374 39.129912221553646 60.83417931854627 46.870087778446354
40.972830495803436 47.00007381874075 41.027169504196564 56.99992618125925
95.4755201082064 48.97241599658598 96.5244798917936 39.02758400341402
33.923249777839 71.91402175897912 32.076750222161 62.08597824102088
49.699104843542855 14.29166347888009 40.300895156457145 17.70833652111991
41.88584074615444 34.46895920903605 46.11415925384556 43.53104079096395
19.01694725298165 3.58867856798743 28.98305274701835 4.41132143201257
20.116031610506827 58.921239669674385 21.883968389493173 49.078760330325615
6.129086143476288 43.1288038812501 15.870913856523712 40.8711961187499
54.92398111478925 89.89587120697819 63.07601888521075 84.10412879302181
81.6836140245695 77.24964013161409 72.3163859754305 80.75035986838591
9.041742889902558 10.644737489345992 18.958257110097442 9.355262510654008
54.116146882470126 36.0787396262103 55.883853117529874 45.9212603737897
12.038267009293016 20.61741860105597 21.961732990706984 19.38258139894403
92.7979821961306 25.853365141752782 95.2020178038694 16.146634858247218
48.219653413568004 49.15103665194591 45.780346586431996 58.84896334805409
57.959635541527824 3.634046761062618 48.040364458472176 2.365953238937382
13.771630848697235 66.1614976196737 8.228369151302765 57.838502380326304
39.22337952290536 22.477801345851404 48.77662047709464 19.522198654148596
53.408039414655136 24.27571518275232 58.591960585344864 15.724284817247678
28.088534544403835 17.45709085972085 23.911465455596165 26.54290914027915
55.98690925791483 94.63842559088991 46.01309074208517 95.36157440911009
84.3316435810713 10.771539994092176 89.6683564189287 19.228460005907824
