86.99805072062411 2.8603970126794485 77.00194927937589 3.1396029873205515
73.44097196443238 13.787859625941415 70.55902803556762 4.212140374058584
70.20131774654294 52.25115566180249 77.79868225345706 45.74884433819751
21.276717264137915 9.806704024212515 26.723282735862085 18.193295975787485
8.636959706341447 37.75188941914978 3.3630402936585537 46.24811058085022
43.88533062549118 56.87416784544112 46.11466937450882 47.12583215455888
89.2545583747146 76.15995007417966 86.7454416252854 85.84004992582034
41.460385186243265 75.46855171774612 48.539614813756735 82.53144828225388
7.6047218744970975 21.32956590435389 14.395278125502902 28.67043409564611
96.50635947958382 79.02570607247264 95.49364052041618 88.97429392752736
79.99999994648938 32.00073150951334 70.00000005351062 31.999268490486664
62.9211228031166 75.88461876344887 53.0788771968834 74.11538123655113
40.16784556153846 84.71536640132041 49.83215443846154 87.28463359867959
89.33284621837944 40.98890903854846 88.66715378162056 31.011090961451544
89.78290310912914 7.542660695416891 80.21709689087086 10.457339304583108
4.987498919877822 27.09848534805412 3.0125010801221777 36.90151465194588
82.09390336994912 96.9644769860413 91.90609663005088 95.0355230139587
21.79157027829258 48.93694404409487 20.20842972170742 39.06305595590513
84.875959305646 16.893193400053946 75.124040694354 19.106806599946054
25.40189279973107 61.03590211851272 26.59810720026893 70.96409788148728
54.997199032553084 65.89955039666654 53.002800967446916 56.100449603333466
15.177030189932223 80.06819295879117 16.82296981006778 89.93180704120883
34.94966675251602 44.00025334999885 35.05033324748398 53.99974665000115
61.65918441486647 92.18561288908201 52.34081558513353 95.81438711091799
9.178422991303801 69.14085200332748 6.821577008696199 78.85914799667252
35.49635375499685 89.43286347473561 42.50364624500315 96.56713652526439
46.028080454934134 34.529165415907 55.971919545065866 33.470834584093
42.823731058847955 10.31590982666198 33.176268941152045 7.684090173338021
11.376559574451258 93.98580012504404 10.623440425548742 84.01419987495596
59.45849551215426 40.90841280677162 68.54150448784574 45.09158719322838
3.0538150676126974 71.90965722568524 4.946184932387302 62.09034277431476
67.40392112236071 60.72678406102907 72.59607887763929 69.27321593897092
94.97016603139807 70.54538942081496 85.02983396860193 69.45461057918504
77.79163151103728 39.4283793132199 68.20836848896272 36.5716206867801
91.49141048350765 56.579113414751326 84.50858951649235 49.420886585248674
88.99987371645513 89.96446382827052 79.00012628354487 90.03553617172948
70.14355511346716 74.7983836444741 61.856444886532834 69.2016163555259
42.46463789348477 44.219326842277496 39.53536210651523 53.780673157722504
77.39871510461218 76.62275255211902 68.60128489538782 81.37724744788098
77.15742992511193 69.80083523094314 84.84257007488807 76.19916476905686
66.36031560683338 8.012999632697799 65.63968439316662 17.9870003673022
7.497932967196341 95.33131976323541 2.5020670328036587 86.66868023676459
73.08648889956704 85.92596364179276 82.91351110043296 84.07403635820724
2.997996560672232 3.002673112320127 11.002003439327769 8.997326887679872
68.99677190346566 20.995700688734978 61.003228096534336 27.004299311265022
95.99463400898921 44.768416070833176 86.00536599101079 45.231583929166824
29.032653066123547 84.04305082216204 36.96734693387645 77.95694917783796
21.943670820332756 74.00031730771661 22.056329179667244 83.99968269228339
12.662248051161018 60.40410622803803 5.3377519488389815 53.59589377196197
15.17723731219559 96.31945445435663 24.82276268780441 93.68054554564337
25.22932705719912 37.32402765944527 28.77067294280088 46.67597234055473
29.524337653358344 10.770998753061338 38.475662346641656 15.229001246938662
56.06239858216357 48.21254064322047 65.93760141783643 49.78745935677953
64.19698921928783 3.2824125601589715 55.80301078071217 8.71758743984103
91.24463038998914 24.68173872960146 94.75536961001086 15.31826127039854
81.87383647276904 61.161232509994214 74.12616352723096 54.838767490005786
40.993011461071454 32.73573394162492 31.006988538928546 33.26426605837508
18.397525079740923 35.37944808160413 9.602474920259077 30.62055191839587
36.01895728442559 95.9745558233058 27.98104271557441 90.0254441766942
65.85085994425076 54.89237324258075 60.14914005574924 63.10762675741925
33.03893286697747 38.377253742168115 42.96106713302253 39.622746257831885
78.08561763549021 22.92132837544232 87.91438236450979 21.07867162455768
50.01437279876352 65.10397632510538 47.98562720123648 74.89602367489462
18.00064039520757 57.99914594980528 9.999359604792433 52.00085405019472
45.50928535265911 7.160172587617475 36.49071464734089 2.839827412382525
87.1487280907107 57.89265919367557 92.8512719092893 66.10734080632443
19.213923878844394 63.14959910766426 16.786076121155606 72.85040089233574
74.25331959694697 24.371450512882255 65.74668040305303 29.628549487117745
49.00883261344702 55.421289315631356 44.99116738655298 64.57871068436864
96.79011461780925 58.66856398211545 93.20988538219075 49.33143601788455
28.34254688215738 78.71729256694492 31.65745311784262 69.28270743305508
49.59800282296083 10.528058801482103 42.40199717703917 17.471941198517897
36.12587448050602 19.3645222967658 39.87412551949398 28.6354777032342
21.00224945311997 3.8500351002389355 30.99775054688003 4.1499648997610645
32.48615281130046 60.33809223033153 27.513847188699543 51.66190776966847
7.219692823124193 48.46583194627135 16.78030717687581 45.53416805372865
53.05354256412483 84.72976628798217 62.94645743587517 83.27023371201783
74.9952095279509 90.21881903909059 65.0047904720491 89.78118096090941
6.023788320409105 16.512847744639146 15.976211679590895 17.487152255360854
61.01918643410283 13.425845854768871 56.98081356589717 22.574154145231127
18.012753699025417 23.356895409630535 27.987246300974583 22.643104590369465
94.65902155990828 35.98835982096246 95.34097844009172 26.011640179037542
52.87843581467735 41.077769761633235 51.12156418532265 50.922230238366765
55.959635541527824 3.634046761062618 46.040364458472176 2.365953238937382
39.89674459421651 62.98911307308314 30.103255405783493 65.01088692691687
44.00775306212455 27.278335249785624 53.99224693787545 26.721664750214376
45.771081533294485 22.817602066136295 52.228918466705515 15.182397933863706
33.08017854227464 24.109992549635624 24.919821457725362 29.890007450364376
56.69406143669552 89.27785388874 47.30593856330448 92.72214611126
95.40464958987505 5.616204800642058 90.59535041012495 14.383795199357941
