51.31962716848181 9.738993910435992 44.68037283151819 2.2610060895640074
68.58767726347645 40.965343435654056 67.41232273652355 31.034656564345944
67.77362226959949 79.47696796968401 72.22637773040051 70.52303203031599
2.0274014375344143 6.5227461492590715 11.972598562465585 5.4772538507409285
3.2468120486323038 70.00609533404472 2.7531879513676962 79.99390466595528
52.288098400879385 90.76675044383543 45.711901599120615 83.23324955616457
87.55094442007162 80.92903286230346 78.44905557992838 85.07096713769654
46.04028714543358 68.09296920360387 47.95971285456642 77.90703079639613
10.575349526751124 20.643043938257712 17.424650473248875 13.35695606174229
96.84072393526422 91.20138089784527 89.15927606473578 84.79861910215473
82.96281985367894 17.391379346447927 73.03718014632106 18.608620653552073
41.69274745383153 86.72572342354088 32.30725254616847 83.27427657645912
52.124101504342114 82.90986456915266 57.875898495657886 91.09013543084734
81.8756576674715 45.158999468909315 74.1243423325285 38.841000531090685
74.53887342625114 3.4678087717433064 67.46112657374886 10.532191228256693
24.960957838429774 25.948637517078357 17.039042161570226 32.05136248292164
72.08984697750331 93.05639134400609 81.91015302249669 94.94360865599391
48.358275089335365 43.987147377044494 47.641724910664635 34.012852622955506
94.84203187158305 6.800188896553418 87.15796812841695 13.199811103446581
26.297676470926145 32.69945680378125 35.70232352907386 29.300543196218744
63.217154259063854 43.68618874155552 54.782845740936146 38.31381125844448
20.314822242066423 67.25674559994893 13.685177757933577 74.74325440005107
39.298554057695235 52.00892141169529 38.701445942304765 61.99107858830471
32.99875815325515 95.88856874197464 23.001241846744847 96.11143125802536
14.687382033870923 88.25975585950015 5.312617966129077 91.74024414049985
39.73745859203572 90.38643141559477 48.26254140796428 95.61356858440523
33.01960249245192 35.44231286077713 42.98039750754808 34.55768713922287
26.7880819079686 16.559766809650686 17.2119180920314 19.440233190349314
9.2023282695095 75.99590464994652 8.7976717304905 66.00409535005348
81.151564737827 69.1093085254346 86.848435262173 60.8906914745654
3.8335037758652275 62.99722713185511 4.1664962241347725 53.00277286814489
76.10436141070468 68.37327822980737 79.89563858929532 77.62672177019263
62.974948815496425 76.5001157302028 53.025051184503575 77.4998842697972
75.31958227450984 45.26096623139613 68.68041772549016 52.73903376860387
92.05987463524126 94.91846157180879 83.94012536475874 89.08153842819121
66.97775050601938 95.52883134673047 57.022249493980624 96.47116865326953
88.65875834446658 50.59214328693294 81.34124165553342 57.40785671306706
33.3935383428696 52.036915852171084 34.6064616571304 61.963084147828916
68.99802274854497 84.14060087135941 59.00197725145503 83.85939912864059
84.41670264535581 72.48711629691353 91.58329735464419 65.51288370308647
68.31558616785642 15.047063728819989 69.68441383214358 24.95293627118001
21.10876637734389 73.03722401080886 30.89123362265611 70.96277598919114
70.0527197091743 88.27583308277194 79.9472802908257 89.72416691722806
5.063878287331958 10.796682143471987 14.936121712668042 9.203317856528013
61.73537490348419 62.54225694187846 66.26462509651581 71.45774305812154
95.49064773028313 33.22737290958096 92.50935226971687 42.77262709041904
40.97334759961469 78.01985124747988 35.02665240038531 69.98014875252012
16.303579973096358 46.246820100054265 9.69642002690364 53.753179899945735
9.968308639322517 36.89240359499331 12.031691360677483 27.107596405006692
20.970413340350955 85.96014042781394 29.029586659649045 80.03985957218606
23.371376626157296 41.01381113458946 22.628623373842704 50.98618886541054
19.232083567234085 23.50564700051531 28.767916432765915 20.49435299948469
79.85756021294986 33.11090342306028 86.14243978705014 40.88909657693972
65.40510070986119 25.661323415884326 58.59489929013881 18.338676584115674
96.0390063996599 22.999847847763526 95.9609936003401 13.000152152236474
87.6604763714428 32.48365349378567 96.3395236285572 27.516346506214337
59.18952768774482 7.504895050769247 54.81047231225518 16.495104949230754
6.089243770946945 24.879912704900907 3.910756229053055 15.120087295099093
6.73651196872056 85.61202408241903 15.26348803127944 80.38797591758097
44.76167089249399 51.058354782916176 43.23832910750601 60.941645217083824
50.742086511482526 63.53885365871385 55.257913488517474 72.46114634128615
74.78859970060063 9.695200830776596 83.21140029939937 4.304799169223404
73.32648445008444 55.26710551939296 66.67351554991556 62.73289448060704
18.246809543541353 63.63905450888876 9.753190456458649 58.36094549111124
41.86381355845068 8.840984181026275 32.13618644154932 11.159015818973725
94.28189857451025 50.007953005660994 93.71810142548975 59.992046994339006
32.00084111186122 65.90829170624741 41.99915888813878 66.09170829375259
62.00804124886956 28.010751708646445 53.99195875113044 33.989248291353555
55.705872808811165 63.55736784882565 60.294127191188835 72.44263215117435
85.16859034592291 77.21252238321304 92.83140965407709 70.78747761678696
17.549329515610978 56.381592448580946 24.450670484389022 63.618407551419054
42.951601262899814 23.305993563971526 33.048398737100186 24.694006436028474
16.000782229184768 37.088440262127484 25.999217770815232 36.911559737872516
28.065457555226978 4.806406138824283 37.93454244477302 3.1935938611757173
3.1059656467489463 45.02392760935456 12.894034353251055 42.97607239064544
7.457884091208794 29.21726291997978 4.542115908791206 38.78273708002022
81.42717773412079 51.49784806079934 88.57282226587921 44.50215193920066
13.818345373589139 93.66450463841609 4.181654626410862 96.33549536158391
17.88388329805621 3.161411742436144 26.11611670194379 8.838588257563856
57.08664413063591 53.119142532241646 48.91335586936409 58.880857467758354
30.0316014964747 48.10757745564928 27.9683985035253 57.89242254435072
89.87360405399185 25.117131829693434 80.12639594600815 22.882868170306566
58.892237515598396 45.86145143065008 51.107762484401604 52.13854856934992
47.64575912883733 13.186889606203431 50.35424087116267 22.81311039379657
32.837128041960725 74.73422264766775 23.16287195803928 77.26577735233225
42.01104397963067 27.667858724605612 51.98895602036933 28.332141275394388
34.000038368110395 18.98041225812218 43.999961631889605 19.01958774187782
43.75573885968528 41.69932951995357 36.24426114031472 48.30067048004643
31.961151529641015 89.37792645134147 22.038848470358985 90.62207354865853
87.2284600059078 7.331643581071278 78.7715399940922 12.668356418928722
