58.79656840217081 15.411712280635305 49.20343159782919 12.588287719364695
65.75919258128239 15.296736437271175 58.24080741871761 8.703263562728825
90.03002862055901 41.022346330849864 95.96997137944099 32.977653669150136
2.1703978916037787 9.294196072693307 11.829602108396221 6.705803927306693
10.279709776083344 84.16653924304782 7.720290223916655 93.83346075695218
47.95277000249108 92.68561600216485 38.04722999750892 91.31438399783515
85.37997509969186 71.31546904946329 78.62002490030814 78.68453095053671
50.906964295707205 75.00086563916044 51.093035704292795 84.99913436083956
22.905125126393962 19.460011094293943 27.094874873606038 28.539988905706057
86.06539137078681 81.04988914789652 79.93460862921319 88.95011085210348
90.23985279441948 25.650216648059796 81.76014720558052 20.349783351940204
39.948997737687186 96.7123351685598 30.051002262312814 95.2876648314402
58.20643014321745 83.16349042270627 51.79356985678255 90.83650957729373
78.78616951533931 47.55342426038709 69.21383048466069 50.44657573961291
68.85033337749522 7.214193611890559 59.14966662250478 4.785806388109441
39.901514651945895 46.98749891987775 30.098485348054105 45.01250108012225
84.12576957723503 93.88560429568648 93.87423042276497 96.11439570431352
44.4323670588971 28.368476907434932 39.5676329411029 19.631523092565068
82.59529853873657 7.970591621794222 73.40470146126343 4.029408378205778
32.01298234422634 32.63992375668235 41.98701765577366 33.36007624331765
68.54965426365504 45.92620008650653 59.45034573634496 50.07379991349347
12.523060371408407 58.022799120923594 13.476939628591593 67.9772008790764
46.64598683751591 70.04190550657249 45.35401316248409 79.95809449342751
12.970024495257164 75.45332229189057 3.0299755047428354 76.54667770810943
20.964847623363962 89.02612451002612 15.035152376636038 80.97387548997388
33.12134549176777 79.16900877121007 24.87865450823223 84.83099122878993
35.39491669924048 37.05238407455016 44.60508330075952 40.94761592544984
37.28424395923631 2.0080860011777375 36.71575604076369 11.991913998822262
18.331724710205552 60.9551395678679 19.668275289794448 51.0448604321321
95.8491910107893 70.99772514738189 96.1508089892107 61.00227485261812
2.1396445095312533 95.92542266511416 3.8603554904687467 86.07457733488584
70.78623529534993 61.51678175498387 75.21376470465007 70.48321824501613
73.40395122581201 77.36753323116464 64.59604877418799 72.63246676883536
64.6863872052313 53.25707861260342 55.3136127947687 56.74292138739658
85.23323925210416 65.81394335808137 78.76676074789584 58.18605664191863
65.99987371645513 94.96446382827052 56.00012628354487 95.03553617172948
76.45635686462342 52.73264835212451 67.54364313537658 57.26735164787549
37.871103205960104 57.07646679664227 36.128896794039896 66.92353320335774
71.54576706056852 81.08230685324 62.454232939431485 76.91769314676
89.22614873210738 66.67476755351491 92.77385126789262 57.325232446485096
88.2227867183441 8.177220151765878 81.7772132816559 15.822779848234122
22.497933536722755 71.32893328816041 27.502066463277245 62.67106671183959
70.00212974776703 95.14592101234825 79.99787025223297 94.85407898765175
5.144987493291031 12.804653372573675 14.85501250670897 15.195346627426325
57.45774305812152 45.735374903484164 48.54225694187848 50.264625096515836
74.85868021772632 32.81964982235148 65.14131978227368 35.18035017764852
45.3076619107333 86.53851312047378 36.6923380892667 81.46148687952622
10.959024390460769 52.94612936165647 3.0409756095392315 59.05387063834353
19.61732746347562 29.961744330660213 18.38267253652438 20.038255669339787
19.341577457278927 78.81634231725964 28.658422542721073 75.18365768274036
7.10460236372047 48.017389788974114 16.89539763627953 45.982610211025886
28.34957104615489 16.957513709108625 29.65042895384511 7.042486290891375
69.20316346012412 17.665980973918224 72.79683653987588 8.334019026081776
69.34473806840467 25.236694947080878 74.65526193159533 16.763305052919122
96.26078169097579 20.616436389795375 87.73921830902421 15.383563610204625
80.61779157168746 51.40754009121894 89.38220842831254 46.59245990878106
56.16970121093724 26.70840656227324 65.83029878906277 29.29159343772676
14.54390834307358 29.304477940707866 9.45609165692642 20.695522059292134
17.24844818364646 73.68316839699669 20.75155181635354 64.31683160300331
48.770267141009384 23.153583066272695 51.229732858990616 32.846416933727305
54.66313756626473 73.48829745626519 63.33686243373527 68.51170254373481
43.19127234244756 12.760618325884536 50.80872765755244 19.239381674115464
68.29285180970318 67.4432905125302 63.70714819029681 58.5567094874698
39.78168519057394 76.27091074769609 32.21831480942606 69.72908925230391
25.83898492032005 4.884156875900716 20.16101507967995 13.115843124099284
87.35707105108129 76.57522720853923 94.64292894891871 83.42477279146077
27.579842268058087 52.62474725844075 32.42015773194191 61.37525274155925
58.81424715609227 66.2328808564873 51.18575284390773 59.76711914351271
46.18155222175559 59.87006632967197 51.81844777824441 68.12993367032803
95.77233542138589 92.28168942292797 88.22766457861411 85.71831057707203
23.76963487191556 38.00530962843915 24.23036512808444 47.99469037156085
52.043981243750586 7.940444813322204 43.956018756249414 2.0595551866777964
40.218991600159306 68.93862591004606 41.781008399840694 59.061374089953944
15.420395028091795 9.490906507640968 22.579604971908207 2.5090934923590327
3.198119253484778 34.606464461792804 12.801880746515222 37.393535538207196
4.572318250903186 22.628917602572308 9.427681749096813 31.371082397427692
96.90195060904946 54.91797571149302 95.09804939095054 45.08202428850698
20.912590794477698 96.11313881395745 13.087409205522302 89.88686118604255
33.40023119096262 16.016044242393335 32.59976880903738 25.983955757606665
91.52481447304648 50.87254753648663 82.47518552695352 55.12745246351337
60.789217994768705 33.850269529516595 55.210782005231295 42.149730470483405
77.99273216190778 40.73050870245648 68.00726783809222 41.26949129754352
41.77848628462521 53.47175705456056 32.22151371537479 50.52824294543944
77.34107662450413 29.184942705791855 86.65892337549587 32.815057294208145
35.57956376603826 85.99311292973684 26.42043623396174 90.00688707026316
55.46143709855026 19.902037467068542 64.53856290144974 24.097962532931458
17.058531994837598 34.76281973883501 26.941468005162402 33.23718026116499
17.718713357187916 40.34659616164219 8.281286642812084 43.65340383835781
69.92179562986986 87.1191323721501 60.07820437013014 88.8808676278499
94.95437473479146 3.6739220928713694 85.04562526520854 2.3260779071286306
