65.91785641386137 4.902600849014998 56.08214358613863 3.0973991509850016
64.23988086219941 27.994242402201806 63.76011913780058 18.005757597798194
61.0001480845146 65.96151853411138 70.99985191548541 66.03848146588862
8.045852536562613 13.0918840052403 9.954147463437387 22.9081159947597
2.462554577871898 69.02896867659904 3.537445422128102 78.97103132340096
42.480728662704095 67.58950246923305 35.519271337295905 60.41049753076695
96.94467268489241 86.74176279178653 87.05532731510759 85.25823720821347
57.49500070851889 76.67276317383956 62.50499929148111 85.32723682616044
16.905893556033284 33.92765901185473 23.094106443966716 26.072340988145275
96.77671211366696 91.52249487880842 87.22328788633304 94.47750512119158
90.93832721682449 23.7828948202476 81.06167278317551 22.2171051797524
38.57446823773874 76.98152524367545 29.42553176226126 81.01847475632455
52.34210397221633 79.76495705978184 57.65789602778367 88.23504294021816
77.50675387199631 31.974253764457213 76.49324612800369 22.025746235542787
83.37538732182588 3.580085583330411 74.62461267817412 8.419914416669588
15.173031537923878 38.13582209786604 8.826968462076122 45.86417790213396
62.4106929678518 94.48093019593492 69.5893070321482 87.51906980406508
37.400099986035116 47.963881543031114 38.599900013964884 38.036118456968886
96.15545615638213 10.219319483941776 87.84454384361787 15.780680516058224
12.794743614764833 15.162509738786405 19.205256385235167 22.837490261213595
81.99719903255308 55.899550396666534 80.00280096744692 46.100449603333466
17.784200568013244 72.00465911021539 18.215799431986756 81.99534088978461
46.07565507075815 44.11707401563854 43.92434492924185 53.88292598436146
44.52126962893722 85.86502436958877 35.47873037106278 90.13497563041123
18.269207387493203 86.39733438902086 9.730792612506795 91.60266561097914
49.783720858924994 91.31243786964174 58.216279141075006 96.68756213035826
43.10790241181912 38.966858582906085 52.89209758818088 41.033141417093915
37.98619296503743 8.371321579511898 28.013807034962568 7.628678420488102
13.550332099556103 83.9696211706928 12.449667900443897 74.0303788293072
74.07458227291816 72.09694941319869 81.92541772708184 65.90305058680131
9.479046371530476 69.59113301685424 2.5209536284695235 62.408866983145764
87.80111444893146 65.00395711211601 88.19888555106854 74.99604288788399
63.99610339955865 70.19735962332386 54.00389660044135 69.80264037667614
83.51664847898708 33.855265397009774 74.48335152101292 38.144734602990226
86.64531876347768 80.84959822277224 77.35468123652232 77.15040177722776
80.88322609417314 90.92570818062009 71.11677390582686 93.07429181937991
54.775462011859744 63.72190808594329 47.224537988140256 70.27809191405672
32.50251678646475 54.67132702396426 27.497483213535244 63.32867297603574
81.58141598375715 84.00265513351012 72.41858401624285 79.99734486648988
62.03495956025033 74.40976832374875 71.96504043974967 75.59023167625125
58.48885807733447 13.026195225494494 59.51114192266553 22.973804774505506
2.7179041330883367 90.77198180276646 9.282095866911664 83.22801819723354
43.0041253732428 74.7969317510697 52.9958746267572 75.2030682489303
12.105039672869857 4.864831097040822 19.894960327130143 11.135168902959178
71.1512449125027 42.11803458265973 64.8487550874973 49.88196541734027
93.65630195136615 46.28230312059998 90.34369804863385 55.71769687940002
31.66813568868531 94.71352557266155 28.33186431131469 85.28647442733845
15.011718803457393 53.01568898370388 6.988281196542607 58.98431101629612
4.334985711256024 52.79934479347749 13.665014288743976 49.20065520652251
4.001289052424659 96.1135291266171 13.99871094757534 95.8864708733829
31.315963079699785 40.176283468852354 28.684036920300215 49.823716531147646
26.257677476071496 11.415583047603825 35.74232252392851 14.584416952396175
87.27066693876684 36.62277811050276 96.72933306123316 33.37722188949724
62.961911803835285 8.615979911166011 53.038088196164715 7.384020088833989
95.64804382620439 28.957826055774685 94.35195617379561 19.042173944225315
87.02745342768115 50.9045033555571 88.97254657231885 41.0954966444429
71.70766681340739 3.30065174152978 68.29233318659261 12.69934825847022
11.074764819271321 31.8976355305022 2.925235180728679 26.1023644694978
25.46183453360659 79.30786676502511 30.53816546639341 70.69213323497489
58.770267141009384 51.153583066272695 61.229732858990616 60.846416933727305
39.911999375769625 57.12106775065963 48.088000624230375 62.87893224934037
73.13575030318529 14.842815966650953 82.86424969681471 17.157184033349047
76.16869691982222 50.494808142825256 71.83130308017778 59.505191857174744
22.8544685821779 68.19755366670879 13.145531417822097 65.80244633329121
42.97616470893686 3.4876318175953536 33.02383529106314 2.5123681824046464
87.27903821770448 59.35302706454989 96.72096178229552 62.64697293545011
18.212312568266736 42.33050606099302 21.787687431733264 51.66949393900698
57.72039540888469 37.05216911618254 56.27960459111531 46.94783088381746
60.86231595522113 32.48001029595223 65.13768404477888 41.51998970404777
95.86642116705002 80.92435928434224 94.13357883294998 71.07564071565776
16.83736154846136 60.7699171687565 25.16263845153864 55.2300828312435
39.8068255920018 17.623617884424327 30.1931744079982 20.376382115575673
36.076166000763706 27.869401373339585 45.923833999236294 26.130598626660415
19.176781889510043 5.317788700301264 28.823218110489957 2.6822112996987357
22.46147323888172 41.970914294932015 23.53852676111828 32.029085705067985
2.3000196733384444 33.04923970058267 3.6999803266615556 42.95076029941733
66.1602414166468 58.11530936726169 71.8397585833532 49.88469063273831
45.96777740404413 95.56673420919209 36.03222259595587 94.43326579080791
4.0919198587259835 3.8812006141177244 11.908080141274016 10.118799385882276
72.09870889947813 28.461782182921215 67.90129110052187 37.53821781707879
28.49295965039476 25.673945367259996 33.50704034960524 34.326054632740004
90.78380502231607 29.454375985934693 81.21619497768393 26.545624014065307
52.219653413568004 45.15103665194591 49.780346586431996 54.84896334805409
47.49115543666541 6.420637805831661 40.50884456333459 13.57936219416834
31.61149087240817 65.32331591073874 38.38850912759183 72.67668408926126
47.27313559430383 12.66676107943716 54.72686440569617 19.333238920562838
35.325114068337875 23.77353926540902 44.674885931662125 20.22646073459098
55.62571405359255 29.10190371835453 46.37428594640745 32.898096281645465
47.663290914524424 80.19619351189935 38.336709085475576 83.80380648810065
94.27438523171058 4.405846787305256 85.72561476828942 9.594153212694744
