91.91061061588957 18.065506837120186 86.08938938411043 9.934493162879814
47.26379134447109 52.78783131352963 40.73620865552891 45.21216868647037
65.7481900271669 33.309240323736944 58.2518099728331 26.690759676263053
30.95497639671234 42.93901072622162 39.04502360328766 37.06098927377838
7.375879974344402 57.03910550469216 8.624120025655598 66.96089449530784
31.299627567008443 69.70199251266123 34.70037243299156 60.29800748733876
92.56874434187425 76.03245232800066 91.43125565812575 85.96754767199934
61.126072810208775 76.07696726936092 62.873927189791225 85.92303273063908
32.72454044207235 26.40761778116631 41.27545955792765 31.59238221883369
79.19288741388428 74.33798926415842 82.80711258611572 83.66201073584158
95.42340828265296 34.373453131744874 90.57659171734704 25.626546868255122
81.97084308084905 68.53918370299468 72.02915691915095 67.46081629700532
76.66098727267298 90.98849379780214 77.33901272732702 81.01150620219786
54.59625952294747 24.968349155438304 45.40374047705253 21.031650844561696
69.63414717635226 6.877413099961326 60.36585282364774 3.122586900038674
5.157957756650007 45.13593443364359 2.842042243349993 54.86406556635641
52.84887758660638 91.21285402086272 61.15112241339362 96.78714597913728
23.28747142288727 56.7672976579638 16.71252857711273 49.2327023420362
85.60968757846184 24.06330683148451 76.39031242153816 27.93669316851549
18.360076243317664 65.01298234422634 17.639923756682336 74.98701765577366
48.83077331011688 69.75999072613773 57.16922668988312 64.24000927386227
21.871414154813284 78.0016537054324 22.128585845186716 87.9983462945676
25.427326649259975 35.03290374229045 26.572673350740025 44.96709625770955
90.38476717710624 96.40287677640192 81.61523282289376 91.59712322359808
18.955707819885973 90.66404819397466 9.044292180114027 89.33595180602534
49.55032946100524 86.92768202335941 40.44967053899476 91.07231797664059
27.299297464004063 30.29606465261109 36.70070253599594 33.70393534738891
47.95992609093447 13.63176987302937 38.04007390906553 12.36823012697063
12.679005658388542 70.98968562463142 13.320994341611458 61.01031437536858
32.18505550717001 9.232057938315174 39.81494449282999 2.7679420616848263
41.062817028247686 63.79007866914568 50.937182971752314 62.20992133085432
58.10424616807269 52.98432563428573 67.89575383192731 55.01567436571427
82.12878954657897 61.900086662270226 75.87121045342103 54.099913337729774
85.38366019115153 39.98525875534315 84.61633980884847 30.014741244656847
92.34269652040459 56.47810147727366 83.65730347959541 51.52189852272634
69.55315805925721 63.93390424050066 60.44684194074279 68.06609575949933
34.54786043281522 87.24562011609031 31.452139567184783 96.75437988390969
26.292630904000653 79.30054356653598 29.707369095999347 88.69945643346402
56.94650663758841 81.27056728597233 47.05349336241159 82.72943271402767
74.89470488175287 76.02071745382578 65.10529511824713 73.97928254617422
56.00057310037482 13.075701223927956 65.99942689962518 12.924298776072044
12.83024624652522 76.70821007980051 3.1697537534747786 79.29178992019949
87.51863672565922 88.78248264868351 96.48136327434078 93.21751735131649
7.283035239482524 32.44834239861108 2.7169647605174756 23.55165760138892
85.66575673759485 5.797418722943611 76.33424326240515 2.202581277056389
81.54844665193177 42.38243459140833 88.45155334806823 49.61756540859167
39.025119840203715 85.01871721260036 44.974880159796285 76.98128278739964
37.82068659558831 66.34327364765278 34.17931340441169 75.65672635234722
17.961744330660224 81.38267253652447 8.038255669339776 82.61732746347553
37.83178791135791 78.50542521174931 42.16821208864209 69.49457478825069
20.84592310893899 37.927921883894165 19.15407689106101 28.072078116105835
18.181254687981955 15.665948420073596 27.818745312018045 18.334051579926403
50.02795295486297 18.472033920650105 59.97204704513703 19.527966079349895
57.15179324321343 47.118479762768956 50.84820675678657 54.881520237231044
96.60854702066186 13.265616302598737 91.39145297933814 4.734383697401264
91.03397364083348 61.9541592145754 82.96602635916652 56.0458407854246
12.794257351433284 32.66697338291399 9.205742648566716 23.333026617086013
20.447004988210438 59.62189958602559 13.552995011789562 52.37810041397441
21.998300985028415 95.86966480496825 12.001699014971585 96.13033519503175
64.83495807962369 60.27404096020562 55.16504192037632 57.72595903979438
15.814016388753245 20.265490682704925 24.185983611246755 25.734509317295075
70.08561763549021 14.921328375442322 79.91438236450979 13.078671624557678
44.70714819029692 27.556709487469753 49.29285180970308 36.44329051253025
50.83282902977783 43.28209343221806 41.16717097022217 40.71790656778194
22.932814409621976 2.1830899680957456 13.067185590378026 3.8169100319042544
85.98025627733179 64.10509216224874 88.01974372266821 73.89490783775126
35.24259534057705 47.35417597408408 26.757404659422953 52.64582402591592
62.86871962106409 45.183526596855714 71.13128037893591 50.816473403144286
61.10990420403009 34.919884034721925 66.89009579596991 43.080115965278075
95.30230479150919 70.95108285085686 96.69769520849081 61.048917149143136
22.260471213133382 73.68764755497492 25.739528786866618 64.31235244502508
53.951601262899814 2.3059935639715277 44.048398737100186 3.6940064360284723
50.78515932498469 29.17053535931364 57.21484067501531 36.82946464068636
3.495323909374937 3.830231966649222 12.504676090625063 8.169768033350778
5.858211995096932 92.64187981116248 2.141788004903068 83.35812018883752
16.716569789822763 41.229179657568466 23.283430210177237 48.770820342431534
38.0014765694089 96.12150520084268 47.9985234305911 95.87849479915732
71.90410318479248 80.92984217848027 66.09589681520752 89.07015782151973
9.028392128833778 16.037487599594524 16.97160787116622 9.962512400405476
69.3571738471196 37.27759359738997 72.6428261528804 46.72240640261003
2.0009100842095524 38.0953939926948 11.999089915790448 37.9046060073052
96.58189246308476 51.281802343530835 91.41810753691524 42.718197656469165
35.590132452299144 52.64350510042249 44.409867547700856 57.35649489957751
71.12721735036058 31.90134741385637 64.87278264963942 24.09865258614363
2.1889079286951953 72.93377438193788 3.8110920713048047 63.06622561806212
48.00249155349581 7.842173110278226 57.99750844650419 8.157826889721774
69.99506489456724 23.993408559029696 78.00493510543276 18.006591440970304
31.494232720514226 20.832498852799528 40.505767279485774 25.167501147200472
76.93641927641487 95.20516371029014 67.06358072358513 96.79483628970986
78.52400184616162 32.23791869316619 75.47599815383838 41.76208130683381
