55.174236449230605 24.752408048584847 46.825763550769395 19.247591951415153
53.28252719969276 13.948255529054586 54.71747280030724 4.051744470945414
84.88228902021791 7.836275072517136 93.11771097978209 2.163724927482864
17.078389648201018 33.93998948905309 10.92161035179898 26.060010510946913
13.641475483261841 93.85922170229354 4.358524516738159 90.14077829770646
44.508956904131615 90.32494338150343 39.491043095868385 81.67505661849657
81.62407404240263 89.31175869433407 88.37592595759737 96.68824130566593
48.62410479443486 78.58100410295677 57.37589520556514 83.41899589704323
25.725311782986246 23.165212522829336 28.274688217013754 32.834787477170664
57.99397763814586 96.2453311021847 48.00602236185414 95.7546688978153
69.87168571795075 30.125468020653944 60.12831428204925 27.874531979346056
35.96473063719782 95.40716806760318 26.035269362802183 96.59283193239682
66.18304979514126 74.50174549497989 61.81695020485874 83.49825450502011
76.98354421308565 45.021816589800224 69.01645578691435 38.978183410199776
73.2103170322807 9.833257694474568 66.7896829677193 2.166742305525432
42.65462689392248 57.18440333858375 45.34537310607752 66.81559666141625
67.07781814786928 95.87870689911654 76.92218185213072 94.12129310088346
39.86079948024906 31.891711718099813 46.13920051975094 24.108288281900187
86.62899021841675 12.890092473346764 77.37100978158325 9.109907526653236
49.01140272987233 44.33748670562672 58.98859727012767 43.66251329437328
56.60733892764131 48.01544211767442 57.39266107235869 57.98455788232558
11.835009434646054 68.13761406482 14.164990565353946 77.86238593518
23.107326236919643 78.08279134365415 16.892673763080357 85.91720865634585
13.650678644190227 42.7196673626024 10.349321355809773 33.2803326373976
27.964847623363962 75.02612451002612 22.035152376636038 66.97387548997388
40.30878606660885 66.46339545214525 31.691213933391147 71.53660454785475
30.95402629807268 42.11062999816168 33.045973701927316 51.88937000183832
41.21214413412279 19.51598189902559 36.78785586587721 28.48401810097441
10.2023282695095 87.99590464994652 9.7976717304905 78.00409535005348
95.55225330288853 93.51873506705428 88.44774669711147 86.48126493294572
4.443753602877784 22.980269344115136 3.556246397122216 13.019730655884866
73.00039514976044 66.93714030336483 82.99960485023956 67.06285969663517
61.97936748380198 67.02731472246602 54.02063251619802 60.972685277533984
56.998505854455765 73.87777388588597 47.001494145544235 74.12222611411403
95.02920183737739 65.97793114928218 88.97079816262261 58.022068850717815
33.51031674197451 84.4394275220109 26.489683258025487 91.5605724779891
64.50252798088724 61.66841443421133 69.49747201911276 70.33158556578867
38.19493519123053 74.279242983768 29.805064808769473 79.720757016232
74.69469048414682 71.78827313389762 69.30530951585318 80.21172686610238
95.09345694306397 39.928170584560874 88.90654305693603 32.071829415439126
95.0573074772643 8.089671008213585 96.9426925227357 17.910328991786415
24.058477419993814 62.07642645797058 31.941522580006186 55.92357354202942
52.008430298761354 91.70977264485172 61.991569701238646 92.29022735514828
7.6625446276677485 12.512736263878299 16.33745537233225 17.4872637361217
60.38393150810237 11.195342511595495 57.61606849189763 20.804657488404505
96.48067945096514 22.218898748861392 87.51932054903486 17.781101251138608
49.43493106819225 60.0320329004405 50.56506893180775 69.9679670995595
7.57447718127444 69.2543681552773 4.42552281872556 78.7456318447227
64.99937235331204 34.079221669631956 55.00062764668797 33.920778330368044
3.2354398735984096 36.00554626951856 2.7645601264015904 45.99445373048144
36.67381904798881 46.01065074518279 37.32618095201119 55.98934925481721
26.000171496778336 9.95858818559611 35.999828503221664 10.04141181440389
74.94872670209917 22.604613364933662 71.05127329790083 13.395386635066338
65.94748336355347 24.909406815063242 64.05251663644653 15.09059318493676
65.97039366883588 11.022034491664602 60.029606331164125 2.977965508335397
75.09549664444289 54.02745342768122 84.90450335555711 55.97254657231878
80.8845617630461 25.469556195510936 85.1154382369539 34.53044380448906
29.879912704900924 37.91075622905314 20.120087295099076 40.08924377094686
9.197613171243793 62.24682220093761 16.802386828756205 55.75317779906239
66.27041523184316 48.30867433130465 69.72958476815684 57.69132566869535
65.05055688233028 86.29076602947136 74.94944311766972 87.70923397052864
49.12056240680332 5.001453740729632 48.87943759319668 14.998546259270368
79.77345275182111 82.67138510119963 88.22654724817889 77.32861489880037
19.556893312213443 75.75142959690923 16.443106687786557 66.24857040309077
17.470898356684913 7.238541463585645 8.529101643315089 2.761458536414355
95.36897887309117 73.0136331270942 94.63102112690883 82.9863668729058
23.13613886892167 46.07519097363034 24.86386113107833 55.92480902636966
83.94783088381747 62.72039540888462 74.05216911618253 61.27960459111538
42.55222470300046 76.64013806464025 47.44777529699954 85.35986193535975
88.63661112932898 71.1286803492234 79.36338887067102 74.8713196507766
35.14146475904752 14.481800282661517 30.858535240952477 23.518199717338483
38.85102413202257 5.211430918597769 29.148975867977427 2.7885690814022306
26.54550249056942 65.27100240829391 35.45449750943058 60.72899759170609
3.3129850522340076 64.706801521842 6.687014947765992 55.293198478158004
20.2336096156111 22.05908452018088 21.7663903843889 31.94091547981912
6.466706438283554 6.890675586046514 15.533293561716446 11.109324413953486
91.03343351000234 47.975141833502335 96.96656648999766 56.024858166497665
25.07099727697995 85.09707368835828 16.92900272302005 90.90292631164172
50.98050946756003 30.985456026671894 45.01949053243997 39.01454397332811
87.70509469695075 40.64257937001819 80.29490530304925 47.35742062998181
72.05494407619669 35.92810583547148 79.94505592380331 42.07189416452852
94.67069977343797 27.78453456856584 85.32930022656203 24.21546543143416
51.48942166151873 54.20115722861553 42.51057833848127 49.79884277138447
51.00223903615439 39.14961733943971 60.99776096384561 38.85038266056029
36.67854738616904 87.57158518635197 41.32145261383096 96.42841481364803
19.70559662056252 12.43912131980526 28.29440337943748 17.56087868019474
34.297411143275646 34.63981611246339 41.702588856724354 41.36018388753661
9.919821457725465 50.89000745036452 18.080178542274535 45.10999254963548
62.24887206858899 46.0061975716418 61.75112793141101 55.9938024283582
84.93492787284728 2.195955915515236 75.06507212715272 3.804044084484764
