91.3560664988109 12.454523305641516 82.6439335011891 7.545476694358484
92.61182658136863 33.54244179425436 85.38817341863137 40.45755820574564
54.99976200800434 2.9512161572198794 45.00023799199566 3.0487838427801206
45.1932959757876 26.276717264138085 36.8067040242124 31.723282735861915
12.232332791404605 86.33779055241679 3.7676672085953946 91.66220944758321
29.00632141074218 69.74865532194212 38.99367858925782 70.25134467805788
74.6530935544091 92.17004907882303 65.3469064455909 95.82995092117697
61.503501343312195 64.81333591276466 70.4964986566878 69.18666408723534
2.2207057765808944 30.84361652158163 7.779294223419106 39.15638347841837
52.28792782278219 78.05096441572378 53.71207217721781 87.94903558427622
50.472765611216154 40.59720711240742 43.527234388783846 33.40279288759258
58.98314400941192 70.02234409031895 51.01685599058808 63.97765590968105
83.3350151274104 89.49151436783394 74.6649848725896 84.50848563216606
75.11216642295777 50.62991191983087 78.88783357704223 41.37008808016913
94.23773470433504 27.65360218866251 85.76226529566496 22.34639781133749
33.731827373003 52.39563780818536 42.268172626997 57.60436219181464
41.007419912147995 96.27229408069891 50.992580087852005 95.72770591930109
44.799626565379455 65.85377210192829 47.200373434620545 56.14622789807172
64.81135119109533 10.639522247169918 55.188648808904674 13.360477752830082
6.720735860368779 16.30542141413727 3.2792641396312208 25.69457858586273
66.91634135496786 52.91081704059206 57.083658645032145 51.08918295940794
16.856659738516342 67.18216524732878 9.143340261483658 60.81783475267122
25.775009771686616 63.4776577006187 30.224990228313384 54.5223422993813
64.01590063488352 83.10429311538739 61.98409936511648 92.89570688461261
46.604090753896386 79.38857823041076 51.395909246103614 70.61142176958924
73.73745859203572 63.38643141559477 82.26254140796428 68.61356858440523
39.00651332620616 7.744870937282084 48.99348667379384 8.255129062717916
23.458957095226076 43.092589146727654 32.541042904773924 38.907410853272346
20.320976627476732 96.82234597987953 17.679023372523268 87.17765402012047
47.453792419987245 14.029923815519865 48.546207580012755 23.970076184480135
68.22082305192647 38.469512742034794 77.77917694807353 35.530487257965206
69.1853975544492 47.340899446824416 72.8146024455508 56.659100553175584
96.44403219110906 48.638038669494804 91.55596780889094 57.361961330505196
69.8243528480802 11.859820343817542 72.1756471519198 2.1401796561824584
91.90325551686955 73.02118166328559 82.09674448313045 74.97881833671441
96.57406003643894 60.03306381412407 95.42593996356106 69.96693618587592
58.54786043281522 86.24562011609031 55.45213956718478 95.75437988390969
31.302531813395067 62.28716824065101 40.69746818660494 65.71283175934899
12.662266282356812 40.04405373604058 11.337733717643188 49.95594626395942
68.06408227955329 87.61001329495484 71.93591772044671 78.38998670504516
20.259644312640756 11.460269899944429 15.740355687359244 2.5397301000555705
3.8552530426321345 61.11276877789273 10.144746957367865 68.88723122210726
43.489176366490284 73.22691360339175 40.510823633509716 82.77308639660825
22.868523831241117 32.860932089541045 13.131476168758883 35.139067910458955
70.69641540233542 27.715716284444117 61.30358459766459 24.284283715555883
82.38578564687204 81.92588314894435 91.61421435312796 78.07411685105565
89.61336850578009 96.39363062976369 94.38663149421991 87.60636937023631
14.780381222576956 55.48032281012328 19.219618777423044 46.51967718987672
12.889059761892755 93.95257714143658 3.1109402381072453 96.04742285856342
55.34157745727893 8.816342317259643 64.65842254272107 5.183657682740358
24.249745214191993 70.46527115315747 19.750254785808007 61.53472884684253
15.915468857167482 13.618547288620254 12.084531142832518 4.381452711379746
21.092888370763067 2.04070053778413 30.907111629236933 3.95929946221587
33.9080769683652 46.12664553123415 42.0919230316348 51.87335446876585
59.997987210260945 29.416546377715413 56.002012789739055 38.58345362228459
89.0483660755307 45.06342770879016 96.9516339244693 38.93657229120984
63.09235891006283 43.95658712742766 72.90764108993717 42.04341287257234
5.67076492176566 84.82007615155521 8.32923507823434 75.17992384844479
35.91063709320511 92.91637468918704 34.08936290679489 83.08362531081296
80.10452724531962 49.123523857912694 77.89547275468038 58.876476142087306
67.83310620136933 77.71895181734436 58.16689379863067 80.28104818265564
75.28335584070312 27.34070259610561 84.71664415929688 30.65929740389439
76.02070622887018 4.096839416271753 77.97929377112982 13.903160583728248
75.9482951463408 71.11185956617553 78.0517048536592 80.88814043382447
3.487631817595421 43.02383529106315 2.512368182404579 52.97616470893685
86.26585356092413 85.60868191181018 95.73414643907587 82.39131808818982
35.75390651036036 78.54931368378175 26.24609348963964 75.45068631621825
82.03004176387418 63.452720244148296 91.96995823612582 64.5472797558517
49.87006632967196 47.81844777824439 58.12993367032804 42.18155222175561
88.94042090836031 49.95600137466918 83.05957909163969 58.04399862533082
61.17858043576094 57.67564604973865 70.82141956423906 60.32435395026135
43.993049072099694 21.263554479385952 34.006950927900306 20.736445520614048
23.305301458145323 56.951504209424144 24.694698541854677 47.048495790575856
8.062719285564164 2.0003933863534495 7.937280714435836 11.99960661364655
15.374800842475796 82.96075861269534 16.625199157524204 73.03924138730466
19.71630521906344 40.57875144668439 28.28369478093656 35.42124855331561
40.38420100755639 87.07791788381542 49.61579899244361 90.92208211618458
83.899767573554 95.00386862053804 74.100232426446 96.99613137946196
19.069892145467534 25.166911443676426 28.930107854532466 26.833088556323574
43.546729075629784 47.52430317425762 36.453270924370216 40.47569682574238
40.24454487101379 13.64269537365746 31.755455128986213 8.35730462634254
52.31188177537361 28.952422973549112 53.68811822462639 19.047577026450888
12.727980879916725 29.992595076541768 13.272019120083275 20.007404923458232
78.3262997273554 21.391743844509936 85.6737002726446 14.608256155490064
49.36327259319896 52.56864257638145 56.63672740680104 59.43135742361855
2.407212128700009 13.96473589827693 3.592787871299991 4.035264101723071
86.01735754745732 3.416262165130853 95.98264245254268 2.583737834869147
24.59582046992413 11.201221004535016 27.40417953007587 20.798778995464986
29.052609675519967 88.92854141474591 20.947390324480033 83.07145858525409
73.97899391664612 18.542157693085347 64.02100608335388 19.457842306914653
