49.918464051485806 11.105742983122308 42.081535948514194 4.894257016877692
64.19718748164121 12.844215421544002 57.80281251835879 5.155784578455998
71.6958274930979 81.43743045674368 76.3041725069021 72.56256954325632
7.075979365746282 3.868343706975308 16.92402063425372 2.131656293024692
9.203127450320421 72.06390902235715 10.796872549679579 81.93609097764285
49.6716007856316 96.78217454243018 40.3283992143684 93.21782545756982
95.39539518342832 75.61661979921475 86.60460481657168 80.38338020078525
41.1273894474739 65.90755469022301 46.8726105525261 74.09244530977699
3.308442829399411 12.2710432871277 12.69155717060059 15.7289567128723
91.81079482471641 92.36244381700011 82.18920517528359 89.63755618299989
88.5674297076048 16.034351460807382 79.4325702923952 11.965648539192618
44.60899876589997 87.061668146077 35.39100123410003 90.938331853923
44.77856637496158 61.17607983876862 51.22143362503842 68.82392016123137
94.99997448536546 42.01597328063916 85.00002551463454 41.98402671936084
73.78290310912914 2.542660695416891 64.21709689087086 5.457339304583109
18.164161431136137 37.23237293418382 9.835838568863865 42.76762706581618
74.39592528375611 88.53436218861066 81.60407471624389 95.46563781138934
45.1539919919295 37.87973382010217 38.8460080080705 30.120266179897833
96.22802140746309 4.1816393841126 89.77197859253691 11.8183606158874
24.10692048693607 36.02848085973151 33.89307951306393 33.97151914026849
65.99065159064376 37.694391261896975 56.00934840935624 38.305608738103025
5.671201884510625 65.28756068885676 2.3287981154893753 74.71243931114324
41.4369091524021 57.3685188313672 34.5630908475979 64.6314811686328
25.970024495257164 90.45332229189057 16.029975504742836 91.54667770810943
33.51787285944519 78.85784575114477 24.48212714055481 83.14215424885523
31.99807608939993 86.10062819131186 30.00192391060007 95.89937180868814
21.000651347485302 40.91929652671978 30.999348652514698 41.08070347328022
37.290064120226745 19.555272075227762 32.709935879773255 28.444727924772238
12.07330859066298 61.91337389497899 13.92669140933702 52.08662610502101
93.76199164919487 61.99433198986081 94.23800835080513 52.00566801013919
2.7981601754469674 96.85340921787133 5.201839824553033 87.14659078212867
76.94404592135261 37.44225353639618 81.05595407864739 46.55774646360382
65.74816314222493 78.5668269766687 56.25183685777508 75.4331730233313
76.08134463998178 52.45379229581191 71.91865536001822 61.54620770418809
81.64610210155355 75.81320688113261 84.35389789844645 66.18679311886739
63.96693618587594 96.57406003643887 54.03306381412406 95.42593996356113
85.0806067160424 54.06174375375669 78.9193932839576 61.93825624624331
43.03633820349262 41.433455713452844 38.96366179650738 50.566544286547156
68.97603999533787 86.48890281733478 59.02396000466213 85.51109718266522
87.96626226043989 73.954481316314 96.03373773956011 68.045518683686
75.57574078918944 15.01803210347132 76.42425921081056 24.98196789652868
15.048328087139376 79.69350217547404 24.951671912860625 78.30649782452596
65.34242029406884 92.18149751638931 74.65757970593116 95.81850248361069
7.063878287331958 8.796682143471987 16.93612171266804 7.203317856528013
59.96628893402841 61.10802274820417 62.03371106597159 70.89197725179584
93.49490421079868 30.424298032925332 86.50509578920132 37.575701967074664
54.08126739155652 86.88168626889895 51.91873260844348 77.11831373110105
9.033724023171706 51.025516568001464 2.9662759768282942 58.974483431998536
5.462564923074169 36.757761383701165 8.537435076925831 27.24223861629883
9.47962677562576 90.13687292845421 18.52037322437424 85.86312707154579
14.079430578529191 44.94164143348944 19.92056942147081 53.05835856651056
26.770998753061285 25.475662346641627 31.229001246938715 16.524337653358373
65.58063546769526 24.62430859636721 70.41936453230474 33.37569140363279
73.41820036514349 29.376334881384178 68.58179963485651 20.623665118615822
95.51616630642246 25.97653543712482 96.48383369357754 16.02346456287518
81.90685672962324 35.928417583318115 88.09314327037676 28.07158241668188
52.61932387106157 2.19440602766114 55.38067612893843 11.80559397233886
2.3545258910489206 27.958161269530653 3.6454741089510794 18.041838730469347
18.58600194658839 73.74179268056058 15.41399805341161 64.25820731943942
46.15375845521493 46.00236472544765 45.84624154478507 55.99763527455235
49.729907212359095 59.21760748200045 56.270092787640905 66.78239251799954
58.88522632438106 21.840534738114172 67.11477367561895 16.159465261885828
79.99173471285738 66.71262471147519 70.00826528714262 67.28737528852481
28.156245204480065 74.87790100559525 21.843754795519935 67.12209899440475
36.74429039487637 6.421485302861019 27.255709605123627 9.578514697138981
89.5427757953696 53.02954786403079 88.4572242046304 62.97045213596921
31.546988024739694 70.72608611680471 40.45301197526031 75.27391388319529
57.40305042942203 33.36920807781133 48.59694957057797 28.63079192218867
51.88557388997877 36.00130950494578 52.11442611002123 45.99869049505422
89.2830397514826 87.34427966996503 96.7169602485174 80.65572033003497
19.743431358863457 57.20595721089415 26.256568641136543 64.79404278910584
50.9724128961769 17.524509284887955 41.0275871038231 16.475490715112045
25.019129353237687 46.43695262926497 34.98087064676231 45.56304737073503
25.22571022606472 5.4853138235729855 34.77428977393528 2.5146861764270145
15.45318837449861 33.52422009715741 22.54681162550139 26.47577990284259
2.821349604912649 40.00319261564595 3.178650395087351 49.99680738435405
87.03108733618494 47.55669285910478 96.96891266381506 46.44330714089522
17.957129911722788 96.65334756317232 8.04287008827721 95.34665243682768
20.919003918958243 9.085182424856505 19.080996081041757 18.914817575143495
68.48625442309621 49.661966004785754 63.51374557690378 58.338033995214246
37.33960437470448 55.27883853878192 30.660395625295518 62.72116146121808
91.45147580203599 19.72308032994398 82.54852419796401 24.27691967005602
70.9818652289181 42.57453691006524 61.018134771081904 43.42546308993476
54.07532081362302 23.902114707737013 61.92467918637698 30.097885292262987
46.95533227787027 82.33315517854825 37.04466772212973 83.66684482145175
40.017600486329904 23.580840023165397 49.982399513670096 24.419159976834603
14.943432682777102 26.9230568931923 23.0565673172229 21.0769431068077
34.994490818541294 51.234651792038186 25.005509181458706 50.765348207961814
57.99246007102533 90.72551422765872 48.00753992897467 91.27448577234128
79.97980685337114 5.973262910350472 72.02019314662886 12.026737089649528
