91.11939391313042 15.90760561146143 84.88060608686958 8.09239438853857
73.75919258128239 44.29673643727117 66.24080741871761 37.70326356272883
42.551940184021106 11.068777552346766 33.448059815978894 6.931222447653234
38.95132581226416 22.304031106437478 29.048674187735838 23.695968893562522
19.636959706341447 73.75188941914978 14.363040293658553 82.24811058085022
28.67505661849662 67.5089569041317 37.32494338150338 62.49104309586831
73.04637857649786 79.00021510186268 72.95362142350214 88.99978489813732
62.906964295707205 64.00086563916044 63.093035704292795 73.99913436083956
15.22692175319753 14.32493919497127 18.77307824680247 23.67506080502873
75.20138089784533 56.15927606473584 68.79861910215467 63.84072393526416
75.34510937847911 37.71621356302502 68.65489062152089 30.28378643697498
57.02963053298586 85.90493456607595 58.97036946701414 76.09506543392405
85.22143362503833 96.82392016123146 78.77856637496167 89.17607983876854
59.51523565515383 53.585584674901554 66.48476434484617 46.414415325098446
96.89171820832728 18.965063784419826 87.10828179167272 21.034936215580174
38.52959195215307 40.65292235206994 43.47040804784693 49.34707764793006
37.77792657681906 83.17661892356634 44.22207342318094 90.82338107643366
47.0166699075648 65.98744312420791 40.9833300924352 58.01255687579208
62.674469098187 2.2253623890791605 53.325530901813 5.7746376109208395
10.793353272386488 76.0633421644605 9.206646727613512 85.9366578355395
52.61280550124419 54.2630091968782 47.38719449875581 45.7369908031218
40.96759842283725 77.5683008969066 31.032401577162748 76.4316991030934
13.933317275446338 63.908967448737926 22.06668272455366 58.091032551262074
66.98973378981736 80.9923208878424 61.01026621018264 89.0076791121576
50.916058810505604 79.54501805482978 55.083941189494396 70.45498194517022
72.49767443099809 66.23103597363924 75.50232556900191 75.76896402636076
53.211349623150575 13.06258867592589 54.788650376849425 22.937411324074112
58.89014448064486 18.99879303080926 59.10985551935514 9.001206969190742
2.1549760681437435 78.11167105045688 7.8450239318562565 69.88832894954312
39.293483472500895 4.312190124339309 48.706516527499105 7.687809875660691
58.22082305192647 58.469512742034794 67.77917694807353 55.530487257965206
73.94096070541829 51.955032059820134 80.05903929458171 44.044967940179866
93.31141538142701 58.29376137601176 96.68858461857299 67.70623862398824
73.49526621849925 28.77118213190557 70.50473378150075 19.22881786809443
88.55351455512367 56.70121372748405 83.44648544487633 65.29878627251594
96.31592195010838 77.56869031538008 91.68407804989162 86.43130968461992
45.878088686259886 79.12749397085013 48.121911313740114 88.87250602914987
21.805064808769444 66.72075701623196 30.194935191230556 61.279242983768036
16.84222653766556 43.13589056353436 19.15777346233444 52.86410943646564
57.665905027598974 95.23000595553039 52.334094972401026 86.76999404446961
22.395278741558233 21.464965317133494 29.604721258441767 14.535034682866506
27.002386475075152 74.00000056952636 26.997613524924848 83.99999943047364
32.04083474855739 72.36228532329567 41.95916525144261 73.63771467670433
17.777206991090658 37.52409574691496 8.22279300890934 40.47590425308504
58.19908210504537 28.14184245785893 63.80091789495463 19.85815754214107
79.96691472615655 80.97497090827015 86.03308527384345 73.02502909172985
84.2545898186345 84.31238623552925 91.7454101813655 77.68761376447075
36.98988275943318 55.68208484290379 27.01011724056682 56.31791515709621
35.961744330660224 87.38267253652447 26.038255669339776 88.61732746347553
43.29887622315922 21.207603871823654 48.70112377684078 12.792396128176346
13.770672942800996 55.67597234055469 10.229327057199004 46.32402765944531
19.22031574481524 12.995143738931494 18.77968425518476 3.0048562610685057
6.460682702883101 15.531746461784754 13.539317297116899 8.468253538215246
48.21440149086124 56.329706865285495 51.78559850913876 65.67029313471451
66.15673031501325 24.48906724187748 61.84326968498675 33.51093275812252
87.0000355504538 36.981145205537786 96.9999644495462 37.018854794462214
44.502243221289305 29.331421368835496 49.497756778710695 20.668578631164504
2.2463368721451915 65.17340860428175 7.753663127854809 56.82659139571826
20.868565713535283 91.99827220430636 21.131434286464717 82.00172779569364
85.64258543888029 53.57486185381417 78.35741456111971 60.42513814618583
51.661037350957876 25.766930166320535 46.338962649042124 34.233069833679465
87.35170642287143 26.842109340084168 96.64829357712857 23.157890659915832
80.93528342872034 11.114677224292905 83.06471657127966 20.885322775707095
85.69842348329668 41.29730314910834 82.30157651670332 50.70269685089166
17.438946205211824 30.69874890825978 8.561053794788176 35.30125109174022
92.76023262177398 95.29555012557034 85.23976737822602 88.70444987442966
47.78022171948097 70.46611060721979 38.21977828051903 67.53388939278021
44.08719618667661 41.92970892853363 53.91280381332339 40.07029107146637
64.18155222175558 6.870066329671973 69.81844777824442 15.129933670328027
88.06108407916183 46.9202367999199 95.93891592083817 53.0797632000801
35.017522659559695 37.59018339444523 38.982477340440305 28.40981660555477
29.651188166091845 3.760754629892892 24.348811833908155 12.239245370107108
20.397015418375098 34.04742914563301 29.602984581624902 37.95257085436699
4.713811577060999 22.008197100588237 5.286188422939001 31.991802899411763
3.2883188877896945 93.9490918353293 4.7116811122103055 84.0509081646707
24.273761654272086 51.63176931561145 33.726238345727914 48.36823068438855
27.001476569408904 93.12150520084268 36.9985234305911 92.87849479915732
73.68310777004555 96.75171390761703 64.31689222995445 93.24828609238297
3.488880606055826 53.76618486603759 6.511119393944174 44.23381513396241
59.766506116771986 37.0591024729356 58.233493883228014 46.9408975270644
9.824989154230309 4.779835723131427 2.1750108457696906 11.220164276868573
74.47891467819369 11.591260595090327 67.52108532180631 4.408739404909673
25.011468178516864 44.33845275305448 34.988531821483136 43.66154724694552
80.06237159637693 39.99961096326158 79.93762840362307 30.00038903673842
24.005404901791692 29.23242161034112 33.99459509820831 28.76757838965888
11.10393878992528 27.998919556058976 10.89606121007472 18.001080443941024
79.00586549855355 3.24211687562463 88.99413450144645 2.75788312437537
31.457090859720843 10.911465455596174 40.54290914027916 15.088534544403826
49.80275777895209 93.60949012347443 40.19724222104791 96.39050987652557
96.97899391664612 30.542157693085347 87.02100608335388 31.457842306914653
