73.99561393238945 5.209383472405158 64.00438606761055 4.790616527594842
54.853988514368936 48.86689404803533 57.146011485631064 39.13310595196467
74.04789239776268 37.96362863190543 67.95210760223732 30.03637136809457
12.003049509675018 19.174601824849905 21.996950490324984 18.825398175150095
2.6363684663808304 37.01324031983115 3.3636315336191696 46.98675968016885
27.74865532194203 81.99367858925781 28.25134467805797 72.00632141074219
91.31581832488774 67.78156797672506 96.68418167511226 76.21843202327494
57.004461300493574 74.00334986597069 50.995538699506426 81.99665013402931
21.02081683795602 39.54422040543952 30.97918316204398 40.45577959456048
87.63820116974348 69.59297080955902 92.36179883025652 78.40702919044098
90.14477876348424 39.79657093630219 81.85522123651576 34.20342906369781
71.36500932493792 77.43858434203229 62.634990675062085 72.56141565796771
76.40037428471358 80.96391468516202 77.59962571528642 71.03608531483798
86.77682924475835 30.477126388100032 77.22317075524165 27.522873611899968
54.87078524863698 6.129358694862022 45.12921475136302 3.870641305137978
8.16536390730097 44.07015389765927 9.83463609269903 53.92984610234073
68.51906980406505 83.41069296785183 75.48093019593495 90.58930703214817
2.486823031908431 69.97359521869446 3.513176968091569 60.026404781305544
84.72156614518119 25.64523953778133 75.27843385481881 22.35476046221867
19.548972841162193 71.21517814497602 22.451027158837807 80.78482185502398
50.739409750766164 60.94502509806289 49.260590249233836 51.05497490193711
36.684165812484906 93.25111731635664 27.31583418751509 96.74888268364336
14.378042176051416 29.092775347883617 23.621957823948584 32.90722465211638
89.98944824337417 95.3246632512163 80.01055175662583 94.6753367487837
35.65629667484322 89.17821481072987 26.343703325156785 92.82178518927013
51.49767443099809 86.23103597363924 54.50232556900191 95.76896402636076
32.62372512712274 14.581691037724267 41.37627487287726 19.418308962275734
46.08275681313665 14.886363941845568 37.91724318686335 9.113636058154432
14.809667764673602 71.93400832091399 13.190332235326398 62.06599167908601
53.10438923358646 25.98363627387839 62.89561076641354 28.01636372612161
18.003331672790978 66.18249829551591 27.996668327209022 65.81750170448409
67.85147861238087 62.13369764377701 70.14852138761913 71.86630235622299
81.67233292132184 53.60677573464768 74.32766707867816 60.39322426535232
82.53022509322905 44.31253533059082 77.46977490677095 35.68746466940918
89.70703900787586 51.686352210641346 80.29296099212414 48.313647789358654
69.99488138282388 91.22618570140347 60.005118617176116 90.77381429859653
57.71767639828558 61.65651645770009 50.28232360171442 68.34348354229991
33.56711692177647 72.01877402233268 34.43288307822353 81.98122597766732
85.95848361686242 64.35700682639168 76.04151638313758 65.64299317360832
87.1909183972123 80.14389936562459 84.8090816027877 89.85610063437541
68.5860710269555 20.62130762520404 73.4139289730445 29.37869237479596
17.962439354774958 90.6117153342697 8.03756064522504 89.3882846657303
92.81815205724537 85.14168388840262 95.18184794275463 94.85831611159738
5.276352618204448 25.99235708162102 4.723647381795552 16.00764291837898
87.93937322410736 3.223731906509554 78.06062677589264 4.776268093490446
95.96325051239761 38.972699862094295 90.03674948760239 47.027300137905705
47.50261983531502 88.76887131620448 44.49738016468498 79.23112868379552
40.24839766793567 87.05681338260071 41.75160233206433 96.94318661739929
21.24449632907486 85.64277333732389 12.75550367092514 80.35722666267611
39.910748652529215 79.54257953228026 44.089251347470785 70.45742046771974
41.00676949427196 58.009047272227185 32.99323050572804 63.990952727772815
9.009462085577521 15.307459468404755 18.99053791442248 14.692540531595245
67.65832722918856 37.28069588594622 74.34167277081144 44.71930411405378
53.50578589643438 34.67321862798332 48.49421410356562 43.32678137201668
95.30062476092675 13.990954292829954 94.69937523907325 4.0090457071700465
70.27587369145758 57.83447477224222 67.72412630854242 48.16552522775778
33.08034780245548 22.9384587614837 26.919652197544522 15.0615412385163
24.98514778655155 45.38509939787042 15.014852213448448 44.61490060212958
13.99980478782714 95.04418239039263 4.00019521217286 94.95581760960737
46.660425740731434 63.18880373368101 37.339574259268566 66.81119626631899
23.36915572205289 28.11445464827692 32.630844277947105 31.88554535172308
87.77750382541308 14.322216204470786 96.22249617458692 19.677783795529216
42.85018495155226 31.13400314895672 45.14981504844774 40.86599685104328
25.731622184316393 60.61609142838051 16.268377815683607 57.38390857161949
52.76603921521004 10.511578710845074 43.23396078478996 7.488421289154926
83.00379351010132 58.80526759310729 92.99620648989868 59.19473240689271
39.65979989035069 49.593261858817286 32.34020010964931 56.406738141182714
62.54727975585171 38.03004176387418 61.45272024414829 47.96995823612582
47.88557388997877 20.00130950494578 48.11442611002123 29.99869049505422
93.4531578349095 54.754711275808255 96.5468421650905 45.245288724191745
31.42512742745718 51.745500645901586 34.57487257254282 42.254499354098414
38.63662219105215 4.128707757339118 29.363377808947853 7.871292242660882
37.08608379739828 27.00074109693992 36.91391620260172 36.99925890306008
2.8725113447113237 9.90112992747494 9.127488655288676 2.0988700725250604
8.722368824118547 75.99228614265836 9.277631175881453 66.00771385734164
14.000001726821033 51.00415550326035 23.999998273178967 50.99584449673965
56.37701993349758 82.90474546979938 65.62298006650242 79.09525453020062
83.65334756317239 73.04287008827723 82.34665243682761 82.95712991172277
23.41153109820892 5.986442331731822 32.58846890179108 2.013557668268178
61.20216933380804 52.0640637941639 62.79783066619196 61.9359362058361
3.7099801999780277 32.431784643878274 12.290019800021973 37.568215356121726
96.3565854436358 33.98726847296063 95.6434145563642 24.012731527039367
44.2720191200832 45.007404923458225 43.7279808799168 54.992595076541775
86.95963554152783 18.634046761062617 77.04036445847217 17.365953238937383
5.096192940819476 85.87835638678618 2.9038070591805245 76.12164361321382
51.22337952290536 17.477801345851404 60.77662047709464 14.522198654148596
58.46021770071014 20.09532257064502 67.53978229928987 15.90467742935498
16.62878290684889 2.5980311794439057 21.37121709315111 11.401968820556094
69.92624950673321 96.85560843696798 60.073750493266786 95.14439156303202
90.8033655578104 21.003868006532976 91.1966344421896 30.996131993467024
