92.22680973767997 20.994853085216175 91.77319026232003 11.005146914783825
63.970280625112125 51.54434410774348 54.029719374887875 50.45565589225652
46.93227561409692 12.820156854866704 37.06772438590308 11.179843145133296
35.99324038184896 27.008991733582985 28.006759618151037 20.991008266417015
19.98511302521863 70.00002216225093 20.01488697478137 79.99997783774907
21.896292347637537 86.5359027892352 26.103707652362463 77.4640972107648
95.0915225379075 87.08322578300874 96.9084774620925 96.91677421699126
73.44942407829376 81.24650504249506 76.55057592170624 90.75349495750494
20.58422919602913 18.017316522338046 21.41577080397087 27.982683477661954
80.0708943469911 75.00050262610682 79.9291056530089 84.99949737389318
73.87453197934614 34.87168571795077 76.12546802065386 25.12831428204923
66.98336459013193 74.99997232623727 67.01663540986807 65.00002767376273
82.96152779430379 95.38093461867828 73.03847220569621 96.61906538132172
67.52287361190005 32.77682924475837 70.47712638809995 23.223170755241632
71.01284734691416 15.009667825331793 64.98715265308584 22.990332174668207
32.45415404663904 54.08213461820119 41.54584595336096 49.91786538179881
41.29361005470208 85.05015017953251 42.70638994529792 94.94984982046749
43.9972772064145 64.16498643050281 34.0027227935855 63.83501356949719
36.50201147291986 2.8247085947629986 27.497988527080143 7.175291405237001
21.794743614764833 65.1625097387864 28.205256385235167 72.8374902612136
61.58687105200318 87.74150189964259 58.41312894799682 78.25849810035741
36.916693099497785 84.09108363126695 27.083306900502215 85.90891636873305
49.00025334999885 65.05033324748399 58.99974665000115 64.94966675251601
96.0818467564518 81.1123492148731 87.9181532435482 86.8876507851269
51.67828245265306 77.73713694365719 58.32171754734694 70.26286305634281
74.15369427924843 69.48761693209313 69.84630572075157 78.51238306790687
50.44867791881475 7.246748502295817 53.55132208118525 16.753251497704184
58.32623603350429 13.989345653534478 57.67376396649571 4.010654346465522
9.398517606615973 75.7365867609156 12.601482393384027 66.2634132390844
10.000404050590987 4.9364363102628355 19.999595949409013 5.0635636897371645
56.12995685976498 60.13255455155583 65.87004314023503 57.86744544844417
70.98432563428565 58.895753831927294 73.01567436571435 49.104246168072706
92.06192553794989 59.11406977619923 89.93807446205011 68.88593022380077
77.99831462349007 35.581839767327786 82.00168537650993 26.418160232672218
87.86610831877569 51.85065678322702 78.13389168122431 54.14934321677298
90.91010266701295 74.93412955599368 85.08989733298705 83.06587044400632
45.27925300685716 80.80505830799709 50.72074699314284 89.19494169200291
30.201626255851238 80.14356179971517 35.79837374414876 71.85643820028483
24.204289801043952 61.74537497005553 31.795710198956048 68.25462502994448
70.72858004471283 86.33131968597571 63.27141995528717 79.66868031402429
23.29759490681786 14.6992311024739 32.702405093182136 11.3007688975261
16.220184857499245 86.06118553258715 17.779815142500755 95.93881446741285
38.32192807276522 78.76511842198133 47.67807192723478 75.23488157801867
11.97105205121394 44.46274633168151 2.02894794878606 45.53725366831849
56.645255177984296 35.987399734456126 57.354744822015704 26.012600265543874
72.57119590184652 64.32070986126638 81.42880409815348 59.67929013873363
80.31269804048185 70.21644496920923 85.68730195951815 61.783555030790765
39.99577884239772 59.20541119212768 30.00422115760228 58.79458880787232
37.404106228038096 88.33775194883904 30.595893771961904 95.66224805116096
32.48309222311596 42.55406242051157 39.51690777688404 35.44593757948843
11.272200808111537 59.83544259647867 8.727799191888463 50.16455740352133
14.10081974514069 33.99901593100243 23.89918025485931 32.00098406899757
5.0566526149379 17.074087084115202 12.9433473850621 10.925912915884798
43.50896366184926 53.80213908324263 52.49103633815074 58.19786091675737
86.98494752080413 18.61231686285217 77.01505247919587 19.38768313714783
87.07272214460284 36.849666367295285 96.92727785539716 35.150333632704715
46.956587127427575 38.90764108993719 45.043412872572425 29.092358910062813
14.92484988679883 52.88303719360026 17.075150113201172 43.11696280639974
12.21754772463693 88.9952650567818 11.78245227536307 79.0047349432182
95.77541584265613 44.51831058257513 86.22458415734387 47.48168941742487
49.145059553197086 18.073634521026637 50.854940446802914 27.926365478973363
85.12076524104518 8.092276598214497 94.87923475895482 5.9077234017855025
63.62555069708774 4.014040942852767 64.37444930291227 13.985959057147234
71.88814043382446 38.94829514634075 62.11185956617554 41.05170485365925
21.86381355845068 36.84098418102627 12.13618644154932 39.15901581897373
96.15425969829602 76.9976198280263 95.84574030170398 67.0023801719737
50.937744089864154 69.78656423959626 41.062255910135846 68.21343576040374
53.96952978969319 41.041062710392566 62.03047021030681 46.958937289607434
69.63420548613 7.3025106774457615 76.36579451387 14.697489322554238
86.12773435919965 42.122954818982635 95.87226564080035 39.877045181017365
30.65428187226007 35.47279880989792 39.34571812773993 30.527201190102083
19.474642016446914 12.40460532659602 12.525357983553084 19.59539467340398
41.75913517384594 41.35140310234092 50.24086482615406 46.64859689765908
4.411321432012581 25.01694725298165 3.5886785679874187 34.98305274701835
8.023927609354471 89.89403435325107 5.976072390645529 80.10596564674893
17.39910100676329 58.957480128643304 26.60089899323671 55.042519871356696
3.053542564124835 96.72976628798217 12.946457435875164 95.27023371201783
55.35142251418289 96.4627468613445 46.64857748581711 91.5372531386555
2.241508700072194 70.68056709684609 5.758491299927806 61.31943290315391
62.24584269039646 26.006047520092064 61.75415730960354 35.99395247990794
3.6878104223172294 2.047534268371784 2.3121895776827706 11.952465731628216
79.53042138104472 11.971785711244062 78.46957861895528 2.0282142887559385
27.26904629672247 48.61804729765375 36.73095370327753 45.38195270234625
79.10390972350002 48.62653668129436 82.89609027649998 39.37346331870564
21.25228369272679 48.17732630934488 26.74771630727321 39.82267369065512
8.637854526757815 35.8108793073331 11.362145473242185 26.189120692666897
83.07259764446985 3.8489440657169123 92.92740235553015 2.1510559342830877
35.08677244031941 17.072533048138574 44.91322755968059 18.927466951861426
67.91056678887938 94.94145303226178 58.08943321112062 93.05854696773822
92.27438523171058 27.405846787305258 83.72561476828942 32.59415321269474
