95.01170819253133 19.901354843641737 96.98829180746867 10.098645156358263
64.26379134447109 47.78783131352963 57.73620865552891 40.21216868647037
63.907707059696136 32.06758400712183 58.092292940303864 23.932415992878173
22.170397891603777 48.29419607269331 31.829602108396223 45.70580392730669
3.2468120486323038 49.006095334044716 2.7531879513676962 58.993904665955284
22.929854123638666 81.94641664017644 29.070145876361334 74.05358335982356
95.91387751799695 72.08422662421265 94.08612248200305 81.91577337578735
71.14195597743281 65.19924997884341 62.858044022567185 70.80075002115659
10.440477150416362 37.94798845419313 19.559522849583637 42.05201154580687
87.24533110218475 70.00602236185415 86.75466889781525 79.99397763814585
88.87453197934614 22.87168571795077 91.12546802065386 13.128314282049232
78.960675944242 53.62585475648805 69.039324055758 52.37414524351195
80.35855067219123 78.98712757160584 79.64144932780877 69.01287242839416
69.2786596175394 30.83373867544306 66.7213403824606 21.16626132455694
92.88975343140764 9.044179764234686 83.11024656859236 6.955820235765313
2.2400395409714777 36.31998513008173 5.759960459028522 45.68001486991827
57.167630675919256 92.71617496687306 66.83236932408074 95.28382503312694
23.1539919919295 67.87973382010217 16.8460080080705 60.12026617989783
65.98907085376848 14.669588111476193 56.01092914623152 15.330411888523807
13.434521375795155 76.7083430439109 18.565478624204843 85.2916569560891
55.495715254888104 70.56650927731529 62.504284745111896 63.43349072268471
30.338407771635723 80.18246280379434 27.661592228364277 89.81753719620566
24.688069210582125 53.009739567656496 25.311930789417875 62.990260432343504
82.99960193967213 96.06309076657237 73.00039806032787 95.93690923342763
46.99969584267569 91.05514962131667 37.00030415732431 90.94485037868333
73.76820517744127 78.50473233029074 64.23179482255873 75.49526766970926
19.985688837723686 35.01077348136554 26.014311162276314 42.98922651863446
40.484018100974446 38.21214413412271 31.51598189902555 33.78785586587729
9.7234341297698 74.94738749845655 8.2765658702302 65.05261250154345
37.08013218602411 16.89157203466913 46.91986781397589 15.108427965330867
46.43553486517398 50.04099437357325 55.56446513482602 45.95900562642675
50.37327822980736 59.89563858929531 59.62672177019264 56.10436141070469
91.44459963491336 60.290313097663294 82.55540036508664 55.709686902336706
83.15943789798895 35.64890644653565 86.84056210201105 26.351093553464352
82.4664388162321 40.247426150256146 73.5335611837679 35.752573849743854
57.796391991745715 74.58768846867358 48.203608008254285 77.41231153132642
35.57769163783741 84.71566740084023 30.422308362162592 93.28433259915977
36.65650757495666 79.28233159040806 43.34349242504334 86.71766840959194
49.79571019895596 85.25462502994458 42.20428980104404 78.74537497005542
77.19916476905686 65.15742992511193 70.80083523094314 72.84257007488807
66.00626055077693 3.250132591385579 75.99373944922307 2.749867408614421
10.994613311945079 81.99283115072812 3.005386688054921 88.00716884927188
83.07269448467083 84.38637957233348 86.92730551532917 93.61362042766652
2.3186886029413443 30.95336398624591 3.6813113970586557 21.04663601375409
85.45231581704232 17.275276656873785 76.54768418295768 12.724723343126215
84.59948850746159 50.62607948657978 93.40051149253841 55.37392051342022
66.05506167303346 59.26001017405819 75.94493832696654 60.73998982594181
40.67779674365283 67.61269855011741 33.32220325634717 74.38730144988259
19.937177352299905 89.20988621582906 10.062822647700097 90.79011378417094
38.517608825214964 75.21543886311701 47.482391174785036 70.78456113688299
14.10598274311856 34.62738572313086 17.89401725688144 25.372614276869143
13.0545928947026 8.263149565465294 22.9454071052974 9.736850434534706
33.01949594310868 2.5588885182982772 42.98050405689132 3.4411114817017228
53.1489215569722 52.20957890022108 44.8510784430278 57.79042109977892
96.65039025423484 5.8368098658591965 87.34960974576516 2.1631901341408035
79.78031330476017 49.15570185737302 74.21968669523983 40.84429814262698
17.426312920027424 21.371842359247186 12.573687079972578 12.628157640752814
21.220831022035586 71.68040770843207 12.779168977964414 66.31959229156793
16.99981438237536 94.95691703593634 7.000185617624641 95.04308296406366
94.64365249998609 67.85377761864065 85.35634750001391 64.14622238135935
33.97865926315664 40.426797443193934 38.02134073684336 49.573202556806066
69.52994499104804 11.240225037120938 78.47005500895196 6.759774962879062
47.324604736618504 19.573239014980498 42.675395263381496 28.426760985019502
52.20301292451756 37.48851134056812 47.79698707548244 28.511488659431883
37.88330039122729 9.926045955806575 28.116699608772713 12.073954044193425
87.86916003466277 85.10155914352325 94.13083996533723 92.89844085647675
52.60078487598572 66.95774833032776 43.39921512401428 63.04225166967225
43.988979053481614 33.422250033841486 48.011020946518386 42.577749966158514
56.93900491486219 33.08309771872856 65.06099508513782 38.91690228127144
93.12295481898255 49.87226564080037 90.87704518101745 40.12773435919963
27.92979463414295 69.88412330668369 30.07020536585705 60.11587669331632
60.699104843542855 3.2916634788800883 51.300895156457145 6.708336521119912
50.959288914066605 16.109507137760517 53.040711085933395 25.890492862239483
20.354941707078197 3.1497477319677807 29.645058292921803 6.85025226803222
5.612728161457016 76.73276957787334 2.3872718385429836 67.26723042212666
11.716569789822765 45.229179657568466 18.283430210177237 52.770820342431534
40.00028106447109 95.946985231174 49.99971893552891 96.053014768826
66.84091912409603 81.74879976264336 57.15908087590397 84.25120023735664
2.0792304894970526 13.616345360512174 5.920769510502947 4.383654639487826
69.20216933380804 37.0640637941639 70.79783066619196 46.9359362058361
10.784244273684827 22.32918932391572 7.215755726315172 31.67081067608428
94.21719819136916 35.849580246055076 91.78280180863084 26.15041975394492
29.40153126643981 51.0368175564993 38.59846873356019 54.9631824435007
75.71346443141336 29.99178298485969 76.28653556858664 20.00821701514031
9.535046411348633 59.97833487829015 10.464953588651367 50.02166512170985
25.007753062124554 25.278335249785624 34.99224693787545 24.721664750214376
43.59449180052691 7.635365249266731 52.40550819947309 12.36463475073327
22.18630282559134 17.64784634264811 31.81369717440866 20.35215365735189
77.99380242835821 89.24887206858892 68.00619757164179 88.75112793141108
81.58735368975829 20.034618278205862 80.41264631024171 29.965381721794138
