53.63286977627591 9.435441338259324 46.36713022372409 2.564558661740676
61.77144603343756 16.67567951752666 58.22855396656244 7.3243204824733406
72.96028133858796 58.9699005603999 79.03971866141204 51.0300994396001
3.2185067462880816 5.461958366270194 12.781493253711918 2.5380416337298066
13.246812048632304 86.00609533404472 12.753187951367696 95.99390466595528
47.95277000249108 96.68561600216485 38.04722999750892 95.31438399783515
88.8038126455405 75.75484833056663 81.1961873544595 82.24515166943337
42.27196364580089 69.8097950348261 47.72803635419911 78.1902049651739
16.584229196029128 19.017316522338046 17.415770803970872 28.982683477661954
94.70403669396468 89.69470905521679 85.29596330603532 86.30529094478321
87.86728293354957 22.096179754231414 82.13271706645043 13.903820245768586
60.99634591075902 93.19112179373805 51.00365408924098 92.80887820626195
50.20815691368515 67.0630997046066 51.79184308631485 76.9369002953934
92.54681067941941 40.47577895069614 85.45318932058059 47.52422104930386
76.907232147915 6.9586827663359685 67.092767852085 5.0413172336640315
34.99971736687496 39.94683750035156 25.000282633125035 40.05316249964844
84.75413634631275 91.35942395786496 93.24586365368725 96.64057604213504
43.2784276811792 25.45070413548647 38.7215723188208 16.54929586451353
95.64278545703736 7.144051940402873 86.35721454296264 10.855948059597127
34.00266353237175 30.163181583865317 43.99733646762825 29.836818416134683
66.626619408291 41.557961117679376 59.373380591708994 48.442038882320624
2.6099971442855963 68.01523342848087 3.3900028557144037 77.98476657151913
44.16815374578617 57.06968238250816 45.83184625421383 66.93031761749184
19.109577946865475 84.84804654081302 10.890422053134525 79.15195345918698
27.51787285944519 85.85784575114477 18.48212714055481 90.14215424885523
34.67022364887866 78.28721388531937 31.32977635112134 87.71278611468063
28.062588675925888 35.788650376849425 37.93741132407411 34.211349623150575
32.81291832974351 15.34024387658753 29.18708167025649 24.65975612341247
7.418305601460947 75.96604788808045 8.581694398539053 66.03395211191955
95.50093469088368 58.975031036811394 96.49906530911632 49.024968963188606
2.582957135140288 96.37697427333435 7.417042864859712 87.62302572666565
72.80111444893146 64.00395711211601 73.19888555106854 73.99604288788399
66.89544339081408 74.98283039401743 57.10455660918592 77.01716960598257
68.22674976495315 54.005144191861625 67.77325023504685 63.994855808138375
81.02524942772762 73.99993624623349 80.97475057227238 64.00006375376651
73.99987371645513 95.96446382827052 64.00012628354487 96.03553617172948
82.79838364447417 53.856444886532884 77.20161635552583 62.143555113467116
40.29690258854958 54.17112397386168 37.70309741145042 63.82887602613832
67.99125793641673 80.70445945767621 58.00874206358327 81.29554054232379
86.19373850021198 70.99624512944827 85.80626149978802 61.003754870551724
75.70731345630819 13.050282061114455 74.29268654369181 22.949717938885545
20.12475454510992 80.63502475548017 23.87524545489008 71.36497524451983
74.01380789580952 87.98968122004368 79.98619210419048 96.01031877995632
16.18966203141428 14.635944052473427 25.81033796858572 17.364055947526573
63.70178410008689 52.049495068494 62.29821589991311 61.950504931506
96.36798501057356 28.30450585597112 89.63201498942644 35.695494144028885
46.97334759961469 84.01985124747988 41.02665240038531 75.98014875252012
12.67779674365283 56.612698550117415 5.32220325634717 63.387301449882585
10.312098610544313 26.95245309704039 11.687901389455687 17.04754690295961
26.39702264779298 80.73608103903548 29.60297735220702 71.26391896096452
8.309332906212937 48.26862996004227 17.690667093787063 51.73137003995773
29.33305942183562 11.713948356618792 32.66694057816438 2.2860516433812084
62.47072610213917 21.882058084328907 71.52927389786083 26.117941915671093
67.86240477041846 14.099590092958756 62.13759522958153 5.900409907041245
96.06925544871737 23.551722958172373 91.93074455128263 14.448277041827627
79.0483660755307 38.06342770879016 86.9516339244693 31.936572291209842
63.46736714991333 29.889256186479464 72.53263285008667 34.110743813520536
2.5279564293124177 22.977667613187176 3.4720435706875823 13.022332386812824
12.346824011799168 72.95715252220847 13.653175988200832 63.042847477791526
51.27041523184316 33.30867433130465 54.72958476815684 42.69132566869535
55.01786785933841 68.4223260979229 64.98213214066159 67.5776739020771
44.14057122726604 16.17726462731423 53.85942877273396 13.822735372685772
80.55368393383414 87.51729022095265 73.44631606616586 80.48270977904735
27.572765284600653 67.02232975845956 18.427234715399347 62.97767024154044
27.44789202223351 4.378944821876015 20.55210797776649 11.621055178123985
88.98483155936476 57.42407428427124 93.01516844063524 66.57592571572876
31.135761699856168 64.90169071933448 36.86423830014383 73.09830928066552
55.699097704991736 50.3640267788656 48.300902295008264 43.6359732211344
50.32475592220767 51.60992906141296 57.67524407779233 58.39007093858704
96.6260935950521 84.72819411827925 93.3739064049479 75.27180588172075
24.836366776197597 50.49237409794708 29.163633223802403 59.50762590205292
44.07682783544051 10.941209265068078 37.92317216455949 3.0587907349319226
41.133083196364424 44.09643601695815 46.866916803635576 35.90356398304185
7.6821978743114485 11.521226844891078 16.31780212568855 6.478773155108922
3.4617330254576997 45.0986025988211 12.5382669745423 40.9013974011789
4.518509396857637 28.026957872150053 3.4814906031423627 37.97304212784995
88.9487545561195 51.96104799784079 95.0512454438805 44.03895200215921
33.98464332622825 95.60842508981271 24.015356673771752 96.39157491018729
21.75881727583462 22.192804897490557 28.24118272416538 29.807195102509443
79.52481447304648 45.87254753648663 70.47518552695352 50.12745246351337
39.69567513032314 48.28225873005717 30.304324869676865 51.71774126994283
87.99999388075625 26.992177442872052 78.00000611924375 27.007822557127948
73.72264439876447 41.662048730081956 66.27735560123553 48.337951269918044
48.04036445847218 27.365953238937323 57.95963554152782 28.634046761062677
48.89674459421651 88.98911307308313 39.10325540578349 91.01088692691687
55.26700302144164 32.38793933086951 64.73299697855836 35.61206066913049
13.188329288725644 36.35934725742341 22.811670711274356 33.64065274257659
29.959360136521465 45.363802675043516 20.040639863478535 46.636197324956484
61.91056678887938 87.94145303226178 52.08943321112062 86.05854696773822
93.99425802371721 3.239555405984375 84.00574197628279 2.760444594015625
