50.6199250937759 16.25863739980329 45.3800749062241 7.741362600196708
60.188419950554874 13.856712676401926 57.811580049445126 4.1432873235980745
90.24461220467977 15.172270137155584 95.75538779532023 6.827729862844416
3.174601824849815 12.996950490324986 2.825398175150185 3.003049509675014
10.636959706341447 85.75188941914978 5.363040293658553 94.24811058085022
43.78032919308235 84.27247783673616 36.21967080691765 77.72752216326384
85.08912010930966 82.37955218151365 88.91087989069034 91.62044781848635
42.700327792801886 64.17186866853885 45.299672207198114 73.82813133146115
27.06484459540942 29.389666654125335 30.93515540459058 38.610333345874665
59.87550659759624 93.10879908765993 50.12449340240376 90.89120091234007
65.66763993296519 23.79252265151344 56.33236006703481 20.20747734848656
42.81086721835249 92.6378118311403 33.18913278164751 95.3621881688597
53.68616664599101 77.0473062547812 52.31383335400899 86.9526937452188
89.96465208697781 40.40651061065351 80.03534791302219 41.59348938934649
81.96215270625817 6.614036252818045 72.03784729374183 5.385963747181955
42.49774249012724 51.42707438186036 35.50225750987276 58.57292561813964
87.02629067889337 95.48793009350575 96.97370932110663 96.51206990649425
34.22722846137225 31.93992147195549 35.77277153862775 22.06007852804451
86.94874417991387 17.714094560803108 77.05125582008613 16.285905439196892
49.14579468314163 47.198620349311625 58.85420531685837 44.801379650688375
69.83172894911075 59.87916135249534 64.16827105088925 68.12083864750467
6.616227440878303 71.60481759350327 11.383772559121697 80.39518240649673
32.56155234527853 68.49067743120683 25.438447654721475 75.50932256879317
13.148296477316674 57.86635543298906 10.851703522683326 48.13364456701094
19.325089723447228 74.82121740070022 16.674910276552772 65.17878259929978
34.505446174813514 72.43463226083405 27.494553825186486 79.56536773916595
34.25512906271793 44.00651332620616 33.74487093728207 53.99348667379384
33.718236297455604 2.0518552344320744 32.281763702544396 11.948144765567925
12.320976627476732 69.82234597987953 9.679023372523268 60.17765402012048
86.21313340131061 68.48352992049828 81.78686659868939 59.516470079501715
7.802598135635927 43.14070569953118 2.1974018643640725 34.85929430046882
73.02489873918671 72.50163522932097 82.97510126081329 73.49836477067903
65.86665291686774 73.14703504163681 56.133347083132264 70.85296495836319
63.11934699466875 59.09235693456388 56.88065300533125 66.90764306543612
96.1997293049966 64.99600922784632 95.8002706950034 55.00399077215368
33.51640624829793 89.85475535186885 24.483593751702063 94.14524464813115
74.00291856910187 52.000000851804636 73.99708143089813 61.999999148195364
47.08059730624274 52.06173639318418 40.91940269375726 59.93826360681582
71.12612846049002 76.1759844321367 62.873871539509985 81.8240155678633
96.88363290400689 42.08468619050825 91.11636709599311 33.91531380949175
93.21895941373444 18.327966777721414 96.78104058626556 27.672033222278586
22.66868023676463 62.49793296719642 31.33131976323537 57.50206703280358
66.06611165929318 94.18960143050636 75.93388834070682 95.81039856949364
8.66254462766775 4.512736263878299 17.33745537233225 9.487263736121701
65.74428947696936 5.0065430683331815 66.25571052303064 14.993456931666818
90.88438431355243 24.06901350670741 81.11561568644757 21.93098649329259
56.12117079746085 61.16875446876187 47.87882920253915 66.83124553123812
4.466588546123059 79.02181809004263 3.5334114538769414 88.97818190995737
44.50696088789289 34.32610068151162 39.49303911210711 25.67389931848838
2.5380549756603865 44.021385052598674 3.4619450243396135 53.978614947401326
24.987032219119758 41.42310577868157 29.012967780880242 50.57689422131843
19.73796003851475 13.614386231355802 28.26203996148525 8.385613768644198
70.55888851829819 21.980504056891313 71.44111148170181 12.019495943108687
48.20192221534165 31.665502789659236 51.79807778465835 22.334497210340764
55.82821720579098 16.123249620974683 50.17178279420902 7.876750379025318
80.3711768192959 53.1094984893483 89.6288231807041 56.8905015106517
60.1681135672865 27.78804633178089 67.8318864327135 34.21195366821911
18.355328220354817 17.455833075145975 9.644671779645183 12.544166924854025
18.607156484282044 60.984543506897936 19.392843515717956 51.015456493102064
72.3525535782805 37.27920342658533 75.6474464217195 46.72079657341467
58.01786785933841 88.4223260979229 67.98213214066159 87.5776739020771
40.378708731059625 8.742203376935795 45.621291268940375 17.257796623064205
79.41620377587901 90.96580124136096 80.58379622412099 81.03419875863904
18.51074921923502 83.3239031393072 13.48925078076498 74.6760968606928
26.999876162530253 3.964809669484913 17.000123837469747 4.0351903305150865
91.14575664995773 72.35653345023096 94.85424335004227 81.64346654976904
18.812142046152225 39.504082121103075 23.187857953847775 48.495917878896925
81.82315638723226 69.31801459183905 72.17684361276774 66.68198540816095
36.59571656443572 63.20125140973193 39.40428343556428 72.79874859026808
77.88689235814975 77.85483421801695 70.11310764185025 84.14516578198305
23.031352476050422 27.00009829874171 22.968647523949578 36.99990170125829
52.972805356523935 2.4792247258875997 43.027194643476065 3.5207752741124003
23.285064487240813 69.34652866953813 30.714935512759187 62.65347133046187
3.720163678935131 67.94786461774598 2.279836321064869 58.052135382254015
11.721341680084679 32.16626098129912 14.278658319915321 41.83373901870088
9.80438535922114 18.28029086369846 18.19561464077886 23.71970913630154
73.78809142269725 30.305593546540628 82.21190857730275 35.69440645345937
20.931547251328265 92.1754748591361 11.068452748671735 93.8245251408639
39.35526251065401 37.04174288990256 40.64473748934599 46.95825711009744
92.82550061736013 46.690594107292576 83.17449938263987 49.309405892707424
55.984433311362984 32.0117224837804 62.015566688637016 39.9882775162196
91.99999388075625 28.992177442872052 82.00000611924375 29.007822557127948
60.993678858930345 50.74866067981293 51.006321141069655 51.25133932018707
45.70139569496467 43.55382086856766 54.29860430503533 38.44617913143234
31.024520448037716 81.96758143853297 38.97547955196228 88.03241856146703
39.19022287289203 17.864162419052114 44.80977712710797 26.135837580947886
28.06519020398751 15.088164228592422 29.93480979601249 24.911835771407578
5.375772583535504 31.985859501175604 4.624227416464496 22.014140498824396
66.1616802945203 45.002614735447764 65.8383197054797 54.997385264552236
91.48079112565235 2.658839395866055 86.51920887434765 11.341160604133945
