58.74437841421624 6.57825012679201 49.25562158578376 3.4217498732079896
68.09328979543297 26.540719968500174 63.906710204567034 17.459280031499826
78.0901681048364 68.11660304683824 85.9098318951636 61.883396953161764
2.2263836038815414 2.719783651198303 9.77361639611846 9.280216348801698
4.072376937978804 86.00052386955905 3.927623062021196 95.99947613044095
52.15463768548124 94.87920882053822 45.84536231451876 87.12079117946178
94.95758198551103 84.35009165497239 85.04241801448897 85.64990834502761
43.12161415711134 67.3662470258725 46.87838584288866 76.6337529741275
2.2599856036265797 36.182382228786174 7.74001439637342 27.817617771213826
95.86814183022798 92.85930060016474 86.13185816977202 95.14069939983526
79.95123848427065 20.69658988786612 70.04876151572935 19.30341011213388
35.99634591075902 82.19112179373805 26.00365408924098 81.80887820626195
44.89863069922119 80.14014513329275 53.10136930077881 85.85985486670725
83.6360366902343 33.248683392268546 78.3639633097657 24.75131660773145
75.71888412877625 6.657859841847426 68.28111587122375 13.342140158152574
16.370918454079543 36.307181459109316 9.629081545920457 43.692818540890684
54.27587841805196 90.63788744392672 63.72412158194804 87.36211255607328
43.83633238819634 43.20664213894781 36.16366761180366 36.79335786105219
96.50201147291986 5.824708594762999 87.49798852708014 10.175291405237001
34.01140272987233 32.33748670562672 43.98859727012767 31.662513294373277
79.68680732746074 35.216760176379886 74.31319267253926 26.783239823620114
13.95866691010741 58.00017084535082 14.04133308989259 67.99982915464918
47.38561491854969 49.01489206389752 46.61438508145031 58.98510793610248
34.40333739487261 91.63132531002746 25.59666260512739 96.36867468997254
19.864525409758627 78.84397554618744 10.13547459024137 81.15602445381256
35.001746563817235 95.86785391535427 44.998253436182765 96.13214608464573
43.50890912375187 37.19774947191002 52.49109087624813 32.80225052808998
33.997691752345474 14.848088352855973 24.002308247654526 15.151911647144027
7.294732225176765 77.44231966597805 2.705267774823235 68.55768033402195
64.63844105428542 78.44475020463382 73.36155894571458 73.55524979536618
8.277082909286772 68.4513923017674 3.722917090713227 59.5486076982326
86.84419629961968 67.0717820048512 85.15580370038032 76.9282179951488
65.96546692324702 70.4133670362656 56.03453307675298 71.5866329637344
74.11934699466876 34.09235693456388 67.88065300533124 41.90764306543612
81.05987463524126 89.91846157180879 72.94012536475874 84.08153842819121
66.79639199174571 92.58768846867358 57.203608008254285 95.41231153132642
84.53277160378667 57.88955417318869 75.46722839621333 62.11044582681131
42.72563241364663 48.80823092887038 37.27436758635337 57.19176907112962
78.30320453755839 93.54606180363653 69.69679546244161 88.45393819636347
77.64033161002129 81.81157997639993 80.35966838997871 72.18842002360007
56.47265135337177 21.456299741071486 63.52734864662823 28.543700258928514
26.784234171681973 77.82868778270337 33.21576582831803 70.17131221729663
52.177849732968305 79.67830911247518 61.822150267031695 82.32169088752482
18.77481949314827 21.179239513104278 25.22518050685173 28.820760486895722
67.65718058302205 46.01176635998845 68.34281941697795 55.98823364001155
95.49064773028313 46.22737290958096 92.50935226971687 55.77262709041904
39.26001017405811 87.94493832696652 40.73998982594189 78.05506167303348
21.793771445027893 46.743115257966444 14.206228554972109 53.256884742033556
12.87615907181998 30.922636009382327 11.12384092818002 21.077363990617673
13.130857528724475 90.16697592933258 20.869142471275524 83.83302407066742
26.81296977249734 46.34026389116176 23.18703022750266 55.65973610883824
26.10081974514069 20.999015931002432 35.89918025485931 19.000984068997568
87.33401902608175 35.20316346012417 96.66598097391825 38.79683653987583
52.36985437616591 10.42989150603553 43.63014562383409 5.5701084939644705
89.61014142948343 23.391876138158782 94.38985857051657 14.608123861841218
78.97588817064474 55.98180205981582 85.02411182935526 48.01819794018418
62.30156993132395 2.0490207595699648 63.69843006867605 11.950979240430035
7.46839739498968 23.348219670210806 2.531602605010321 14.651780329789194
12.181700853031302 73.33566213179857 21.818299146968698 70.66433786820143
53.27041523184316 56.30867433130465 56.72958476815684 65.69132566869534
47.63479759340667 64.18998727766424 50.36520240659333 73.81001272233576
76.11629550590189 14.927885074105422 85.88370449409811 17.072114925894578
82.3246047366185 40.5732390149805 77.6753952633815 49.4267609850195
27.874629416421552 67.11264911475168 18.125370583578448 64.88735088524832
28.86381355845068 6.8409841810262755 19.13618644154932 9.159015818973725
88.3675972684823 56.74906411962046 93.6324027315177 65.25093588037954
30.50798097073927 58.804148219765395 39.49201902926073 63.195851780234605
63.028828033369926 35.0217842260289 56.971171966630074 42.9782157739711
61.191004220079364 56.065881453788265 62.808995779920636 65.93411854621174
89.38881936408661 79.96250523730549 90.61118063591339 70.03749476269451
24.685634348310497 60.47289710863966 33.3143656516895 65.52710289136034
39.9724128961769 27.524509284887955 30.0275871038231 26.475490715112045
21.855471211889103 36.796941387394455 30.144528788110897 31.203058612605542
22.065457555226978 3.8064061388242827 31.934542444773022 2.1935938611757173
7.895098015163848 50.85478189970586 16.104901984836154 45.14521810029414
5.290080870658045 40.16929701314993 2.709919129341955 49.83070298685007
67.19188340317696 63.240099996142234 74.80811659682304 56.759900003857766
19.99062981453853 95.30596413881226 10.00937018546147 94.69403586118774
12.469170615885933 5.687819272281736 17.530829384114067 14.312180727718264
62.56158488692837 42.70601783107333 57.43841511307163 51.29398216892667
32.64310459036947 39.01275369902542 33.35689540963053 48.98724630097458
93.4585785352755 30.262979771182344 84.5414214647245 25.737020228817656
51.835850673072166 41.002695226577714 52.164149326927834 50.997304773422286
38.899513803847384 6.122610315744953 41.100486196152616 15.877389684255046
37.72486230227045 68.05282154731132 36.27513769772955 77.94717845268868
47.073092219818065 15.148190323145624 56.926907780181935 16.851809676854376
38.00240060730903 23.15492033493005 47.99759939269097 22.84507966506995
55.896292721124475 29.013073338442716 46.103707278875525 26.986926661557284
30.562496098964782 86.95460777675011 21.437503901035218 91.04539222324989
87.87175086148729 2.836213460649972 80.12824913851271 9.163786539350028
