52.26957970473378 11.946360903963964 53.73042029526622 2.0536390960360364
67.1722174676662 12.503495450554588 62.827782532333806 3.4965045494454126
89.00820882599947 28.900647943606504 90.99179117400053 19.099352056393496
2.96054366961467 12.89075970961791 5.03945633038533 3.1092402903820897
2.945884495037685 78.1123788503815 5.054115504962315 87.8876211496185
45.086455689890784 80.93367401729488 38.913544310109216 73.06632598270512
84.61044212563652 79.01519863359417 85.38955787436348 88.98480136640583
46.81973154079564 67.00325072846195 47.18026845920436 76.99674927153805
19.148590182778367 20.892754931313192 24.851409817221633 29.107245068686808
53.91123310081229 88.93797091078865 44.08876689918771 87.06202908921135
69.99318590458547 20.739050728590787 60.00681409541453 21.260949271409213
48.960675944242 96.62585475648805 39.039324055758 95.37414524351195
62.415478452212334 74.62216219499878 57.584521547787666 83.37783780500122
84.80188112061163 42.39353424913548 75.19811887938837 39.60646575086452
94.98138307964798 2.5689285282035055 85.01861692035202 3.4310714717964945
51.68001486991825 42.24003954097144 42.31998513008175 45.75996045902856
71.01144954621351 87.66182198470828 80.98855045378649 88.33817801529172
38.70528816428947 39.95000692982477 37.29471183571053 30.049993070175233
83.80120058733371 22.395877115002033 74.19879941266629 19.604122884997967
46.24123081224792 34.53431281611717 55.75876918775208 31.465687183882824
65.83216492106216 54.347777767342876 62.167835078937834 63.652222232657124
2.7710692246163644 44.52430255730487 7.228930775383636 53.47569744269513
30.82650628359353 66.87557734600269 25.17349371640647 75.12442265399731
13.520906016243284 66.31798944617381 8.479093983756716 57.68201055382619
15.2985207953265 80.44036058822385 10.7014792046735 71.55963941177615
32.627740291374025 82.55914249374644 25.372259708625972 89.44085750625356
27.784026924734167 33.15011242602176 30.215973075265833 42.84988757397824
37.10867996744769 9.150658159312222 28.891320032552308 14.849341840687778
16.848064726846612 94.19255350119602 9.151935273153388 87.80744649880398
94.89498708239648 82.62698864895414 91.10501291760352 73.37301135104586
11.443753602877784 45.980269344115136 10.556246397122216 36.019730655884864
73.30993987100368 68.73301355632292 82.69006012899632 65.26698644367708
64.86665291686774 69.14703504163681 55.133347083132264 66.85296495836319
61.31958227450984 54.26096623139613 54.68041772549016 61.73903376860387
96.97687295263538 76.592599844221 93.02312704736462 67.407400155779
32.9806186677915 87.98553710227472 27.0193813322085 96.01446289772528
75.21617325454557 55.171654456982004 68.78382674545443 62.828345543017996
39.08059730624274 52.06173639318418 32.91940269375726 59.93826360681582
70.71644305520269 82.3401310572728 61.28355694479731 85.6598689427272
95.22828262175568 50.84678468689223 92.77171737824432 41.15321531310777
95.36031560683338 15.012999632697799 94.63968439316662 24.9870003673022
25.168244224078606 58.2121095363784 32.831755775921394 51.7878904636216
76.02448324377598 94.49419936112257 85.97551675622402 93.50580063887743
11.39175416387906 5.05987878887065 20.60824583612094 8.94012121112935
72.7880754391037 5.062496875719316 71.2119245608963 14.937503124280685
83.59066702332964 27.981357181558593 74.40933297667036 24.018642818441407
46.904290784988135 58.92997603984534 41.095709215011865 67.07002396015466
4.567753599997241 68.20952296220104 7.432246400002759 77.79047703779896
40.08464016377577 24.935097846308455 33.91535983622423 17.064902153691545
2.4772820323111606 56.683068907719296 7.522717967688839 65.31693109228071
20.079945426933477 45.10945915419494 29.920054573066523 46.89054084580506
24.831797121763085 11.761536667483792 33.16820287823692 6.238463332516208
77.34344182039096 12.988190825941459 76.65655817960904 3.0118091740585404
50.279807019857614 21.340683192177806 57.720192980142386 14.659316807822192
62.22684775457686 11.476734197820548 57.77315224542314 2.523265802179451
78.04607078055811 58.67718925623481 87.95392921944189 57.32281074376519
61.75838767049366 31.3526003614528 70.24161232950634 36.6473996385472
25.049530336381938 20.962368575421305 18.950469663618062 13.037631424578695
19.088281849298244 59.91617432702309 20.911718150701756 50.08382567297691
66.04431180989687 38.96714650366705 71.95568819010313 47.03285349633295
49.70952641966112 81.76467576520102 56.29047358033888 74.23532423479898
41.42651805429301 9.502825885989347 48.57348194570699 16.49717411401065
78.73426034268437 81.68959924341007 75.26573965731563 72.31040075658993
21.72176739642299 93.69420036136239 18.27823260357701 84.30579963863761
24.91472898662424 3.919477562551404 15.08527101337576 2.080522437448596
91.1487280907107 86.89265919367557 96.8512719092893 95.10734080632443
15.829946849902141 41.00289264412483 16.170053150097857 50.99710735587517
96.9345046717371 63.806637244741864 87.0654953282629 62.193362755258136
39.84781418846492 58.35397129529878 36.15218581153508 67.64602870470122
66.21535327474191 88.17096574596069 59.784646725258085 95.82903425403931
15.230082831243479 22.837361548461377 20.76991716875652 31.162638451538623
47.99688826643425 4.176373616994604 38.00311173356575 3.8236263830053963
18.57698262831209 75.37366971964032 23.42301737168791 66.62633028035968
5.978127945772494 36.90339328645978 4.021872054227506 27.096606713540215
5.82251334875888 17.499049891004486 10.17748665124112 26.500950108995514
8.128714819717864 9.906624691835333 13.871285180282136 18.093375308164667
86.22860226220087 37.49457807682479 95.77139773779913 34.50542192317521
11.712966133126613 95.66971561291184 2.2870338668733865 92.33028438708816
34.09665097382025 38.08228096198043 35.90334902617975 47.91771903801957
85.97092690764745 49.46158967429434 76.02907309235255 50.53841032570566
60.03797240253324 40.09342248591624 61.96202759746676 49.90657751408376
80.70113282583142 34.702747824514894 71.29886717416858 31.297252175485106
53.80915214821847 52.63176916593521 44.19084785178153 55.36823083406479
56.01691866039039 27.410974893192403 65.98308133960961 26.589025106807597
33.22836915130286 75.83850238032625 38.77163084869714 84.16149761967375
38.10379488615239 15.866378179992394 45.89620511384761 22.133621820007605
29.556884544852505 19.212786010306786 32.4431154551475 28.787213989693214
23.300670480046495 40.75573885968522 16.699329519953505 33.24426114031478
69.19716201219178 69.14543481694139 66.80283798780822 78.85456518305861
88.06082101999395 8.046346666238533 81.93917898000605 15.953653333761467
