80.8833602732562 5.073681722664164 71.1166397267438 2.9263182773358367
65.32700587543175 25.989295256590164 64.67299412456825 16.010704743409836
80.61873458986294 48.39654125949988 85.38126541013706 39.60345874050012
25.11420448938186 11.853479183342355 32.88579551061814 18.146520816657645
5.939943450425582 26.39167932874123 2.0600565495744183 35.608320671258774
38.706112026453035 69.94988947412953 37.293887973546965 60.050110525870465
92.17747044542057 69.06811951362937 93.82252955457943 78.93188048637063
41.11063870449584 75.85788785797925 48.88936129550416 82.14211214202075
14.72454044207235 25.40761778116631 23.27545955792765 30.59238221883369
96.8578451973394 86.35797337117472 93.1421548026606 95.64202662882528
82.85165554762698 32.79110031550159 73.14834445237302 35.20889968449841
58.86808120645091 75.14095809186817 49.13191879354909 72.85904190813183
68.71921539558957 80.58357952667278 77.28078460441043 75.41642047332722
90.63528504056006 38.98668055908544 91.36471495943994 29.013319440914554
82.9874884228908 9.353495730568596 73.0125115771092 8.646504269431404
2.16536390730097 11.070153897659269 3.83463609269903 20.929846102340733
73.01996418341398 96.44636673881504 82.98003581658602 95.55363326118496
16.70528816428947 55.95000692982477 15.29471183571053 46.04999307017523
91.99407747668258 20.75670972709157 82.00592252331742 21.24329027290843
27.555849204698422 73.2482284090837 24.444150795301578 82.7517715909163
53.8694818584115 50.998296211181994 54.1305181415885 41.001703788818006
17.08444311440111 86.11901822051874 14.915556885598887 95.88098177948126
26.532052275111234 33.65152509180329 31.467947724888766 42.34847490819671
69.88565480031855 93.93680802668361 60.11434519968146 96.06319197331639
17.769281883355205 67.83693888460418 12.230718116644795 76.16306111539582
46.69237621956175 86.56436335032322 51.30762378043825 95.43563664967678
45.01264160729669 30.35532557286508 54.98735839270331 29.64467442713492
44.19659428901953 11.844708695259982 37.80340571098047 4.155291304740019
10.736245058258014 88.68886479839999 7.263754941741986 79.31113520160001
63.0249689631886 43.50093469088376 72.9750310368114 44.49906530911624
5.997322547707416 74.99799050993042 12.002677452292584 67.00200949006958
66.10436141070468 53.37327822980737 69.89563858929532 62.62672177019263
96.97494881549643 63.50011573020279 87.02505118450357 64.4998842697972
78.79163151103728 41.4283793132199 69.20836848896272 38.5716206867801
89.06424286608706 59.88542599186425 86.93575713391294 50.11457400813575
79.98394486890236 90.40036676153474 70.01605513109764 89.59963323846526
70.87119295875662 67.12759884646977 61.128807041243384 64.87240115353023
36.0488084039378 46.0913103023739 37.9511915960622 55.9086896976261
72.68675601065968 71.25807058221483 63.31324398934032 74.74192941778517
81.71290885677114 70.55374156142896 86.28709114322886 79.44625843857104
75.55607727563496 20.248303091289124 72.44392272436504 29.751696908710876
4.520268855091703 96.97285836500714 3.479731144908297 87.02714163499286
83.02448324377598 85.49419936112257 92.97551675622402 84.50580063887743
2.078534103146639 6.882708007276101 11.921465896853361 5.117291992723899
78.45774305812152 13.735374903484162 69.54225694187848 18.264625096515836
96.50709779650987 40.83526688649711 87.49290220349013 45.16473311350289
39.916871291510994 92.88127362486954 42.083128708489006 83.11872637513046
36.98439423016211 79.09786087512568 35.01560576983789 88.90213912487432
9.541215514518507 63.52984315228502 2.4587844854814924 56.47015684771498
22.37398650194581 88.89736636309924 31.62601349805419 85.10263363690076
28.326574198100186 47.04555778221851 29.673425801899814 56.95444221778149
28.449273084264163 8.928554963703505 37.55072691573584 13.071445036296495
60.06072367307403 49.776884396978524 69.93927632692598 48.223115603021476
65.04900985408948 10.066483475163928 56.950990145910524 15.933516524836072
96.58213524482169 12.743084235715516 93.41786475517831 3.256915764284484
82.52217641494357 66.54884112098799 75.47782358505643 59.45115887901202
35.56878006706788 30.03131698628335 26.431219932932127 25.96868301371665
23.571307638565866 44.499394483438685 16.428692361434134 37.500605516561315
34.99980478782714 96.04418239039263 25.000195212172862 95.95581760960737
56.55738183465571 60.70351327806392 51.44261816534429 69.29648672193608
34.862377702344475 40.192851674395556 43.137622297655525 45.807148325604444
80.10244551699809 27.00695585108183 89.89755448300191 24.99304414891817
49.168696919822224 63.494808142825256 44.831303080177776 72.50519185717474
11.499401388804529 51.180685016783464 2.500598611195472 46.819314983216536
51.16476337995474 7.766721162131802 42.83523662004526 2.233278837868198
75.01904116009715 50.97477823705446 82.98095883990285 57.02522176294554
21.87261995879243 73.07673539127572 20.12738004120757 82.92326460872428
65.23288085648736 34.185752843907785 58.76711914351264 41.814247156092215
41.84878818232004 50.13433341146005 44.15121181767996 59.86566658853995
95.4755201082064 56.97241599658598 96.5244798917936 47.02758400341402
34.00887066740533 70.89716039929765 31.99112933259467 61.10283960070235
46.59800282296083 18.528058801482103 39.40199717703917 25.471941198517897
39.5749213038711 30.627472891155303 44.4250786961289 39.37252710884469
17.05213538225403 5.7201636789352195 26.94786461774597 4.2798363210647805
19.9517336199238 58.56120651102859 24.0482663800762 49.43879348897141
2.1714480599214516 41.298108686498814 11.828551940078547 38.701891313501186
53.37701993349758 86.90474546979938 62.62298006650242 83.09525453020062
80.43538786797687 80.69189808270873 71.56461213202313 85.30810191729127
10.000127252029284 11.03567217542778 19.999872747970716 10.96432782457222
60.54842631355714 21.020433632763552 61.45157368644286 30.979566367236448
15.07455541424995 15.139770011737832 24.92544458575005 16.86022998826217
95.3118817753736 36.95242297354911 96.6881182246264 27.047577026450888
49.05612092480353 50.08989895303505 50.94387907519647 59.91010104696495
63.994388598025644 2.763182492388309 54.005611401974356 3.236817507611691
28.65732405030056 66.81915713738313 19.34267594969944 63.18084286261687
46.131928919534545 25.141001295150847 55.868071080465455 22.858998704849153
51.48305570198618 17.320299920224954 56.51694429801382 8.679700079775046
40.5778480042911 16.507292789512668 33.4221519957089 23.492707210487332
65.86894943038706 89.86275268989831 56.13105056961294 92.13724731010169
89.02421921842149 3.0961390857506936 90.97578078157851 12.903860914249307
