49.469704804305195 12.347477220134895 44.530295195694805 3.652522779865106
60.70486412164729 13.20520036186449 55.29513587835271 4.79479963813551
78.77362226959949 56.47696796968402 83.22637773040051 47.52303203031598
7.027401437534414 3.5227461492590715 16.972598562465585 2.4772538507409285
8.375879974344402 86.03910550469216 9.624120025655598 95.96089449530784
46.973680562231664 93.51234916305087 37.026319437768336 92.48765083694913
84.6287615367365 76.56021952597237 77.3712384632635 83.43978047402763
51.52255655745805 68.40731477806335 58.47744344254195 75.59268522193665
11.514868858718524 26.79011343152932 20.485131141281478 31.20988656847068
96.88730833819656 83.94443512402391 87.11269166180344 86.05556487597609
84.21337764523899 17.830692379854888 77.78662235476101 10.169307620145112
50.926900220333295 87.14814659777652 41.073099779666705 88.85185340222348
50.26859709198313 53.81198875907944 55.73140290801687 62.18801124092056
95.29404148091055 36.438514540306834 86.70595851908945 41.561485459693166
70.9248570588075 2.1364127430803945 61.075142941192496 3.8635872569196055
26.765710285763983 47.48738455906223 17.234289714236017 50.51261544093777
81.58224201174741 87.35048902813875 88.41775798825259 94.64951097186125
42.20040516810294 22.48979031761906 37.79959483189706 13.510209682380939
96.359313847763 4.2966217486965075 89.640686152237 11.703378251303493
32.0000128195763 32.98867765048016 41.9999871804237 33.01132234951984
75.47450816396255 29.768682745409688 66.52549183603745 34.23131725459031
9.905386668931593 57.93075826424694 4.094613331068407 66.06924173575307
45.64598683751591 66.04190550657249 44.35401316248409 75.95809449342751
22.97880837800581 89.5401444410479 13.02119162199419 90.4598555589521
34.223134388466576 80.32322284510812 25.776865611533427 85.67677715489188
32.826482478131744 86.06878040305025 31.173517521868256 95.93121959694975
24.018459099251377 38.57075618330769 33.98154090074863 39.42924381669231
33.7608897420255 18.005720644123784 34.2391102579745 27.994279355876216
6.564797680463099 79.78959228974617 9.435202319536902 70.21040771025383
96.28534533179243 56.9918511638093 95.71465466820757 47.0081488361907
3.1824982955158263 93.99666832720902 2.8175017044841737 84.00333167279098
81.45569498064067 41.386390696163346 74.54430501935933 48.613609303836654
72.9995854180974 80.93561329991473 63.000414581902604 81.06438670008527
64.61987396054603 51.74133114332038 59.38012603945398 60.25866885667962
74.37185019229648 71.25356657268556 79.62814980770352 62.74643342731444
68.94626960992991 95.2689617343232 59.053730390070086 96.7310382656768
70.65875834446658 56.59214328693294 63.34124165553343 63.40785671306706
46.12758720758277 45.12880434705239 43.87241279241723 54.87119565294761
72.95848361686242 85.35700682639168 63.04151638313757 86.64299317360832
89.66965989815056 70.42374445574248 94.33034010184944 61.57625554425752
73.0573074772643 9.089671008213585 74.9426925227357 18.910328991786415
19.271630700215365 73.62558413035258 28.728369299784635 70.37441586964742
73.68423929225725 91.47528030991484 82.31576070774275 96.52471969008516
2.025876044404061 11.491973549540372 11.974123955595939 12.508026450459628
58.70178410008689 46.049495068494 57.29821589991311 55.950504931506
94.67510192675233 26.77580425625351 89.32489807324767 35.22419574374649
57.30789747723516 87.43549424918707 52.69210252276484 78.56450575081293
5.739138215232741 47.312207527170486 2.2608617847672594 56.687792472829514
7.8830815549188085 43.87365296128452 10.116918445081192 34.12634703871548
22.59765707810643 81.37052247364448 31.40234292189357 76.62947752635552
12.020496359660438 51.97286426195914 19.979503640339562 58.02713573804086
30.169386282639106 28.861330653429725 27.830613717360894 19.138669346570275
60.593925375074974 20.339582585354254 67.40607462492503 27.660417414645746
68.37176090071935 21.80814642364993 65.62823909928065 12.19185357635007
90.16319013414089 23.650390254234864 93.83680986585911 14.349609745765134
81.97588817064474 35.98180205981582 88.02411182935526 28.018197940184177
49.497757449449196 3.671168492743913 54.502242550550804 12.328831507256087
3.0128760012977396 26.58817373404512 6.987123998702261 17.41182626595488
16.251367788937074 78.84087581505771 13.748632211062926 69.15912418494229
43.947378077576275 27.440751899316563 48.052621922423725 36.55924810068343
57.336953718232216 67.19556120245333 66.66304628176778 70.80443879754667
46.20884417553317 19.42997407867333 55.79115582446683 16.57002592132667
76.91298123313747 76.92877090977215 67.08701876686253 75.07122909022785
24.49940138880453 67.18068501678346 15.500598611195471 62.819314983216536
36.050500775800145 2.038378486422167 29.949499224199855 9.961621513577834
86.22924677557673 53.153459753109004 83.77075322442327 62.846540246890996
33.00950028449584 64.98737456351421 40.99049971550416 71.01262543648579
61.51796866184881 41.5530123127073 54.48203133815119 34.4469876872927
52.53716160395849 39.021468025697764 53.46283839604151 48.978531974302236
86.13060443962733 82.09470012554199 91.86939556037267 73.90529987445801
24.603421048365266 53.61178745631192 29.396578951634734 62.38821254368808
44.65548794207569 14.41136452249525 37.34451205792431 7.58863547750475
33.148806586987284 45.21075285237824 42.851193413012716 42.78924714762176
21.969391213780675 7.958748521326474 30.030608786219325 2.0412514786735256
10.997229062037412 46.996301856990065 19.002770937962588 41.003698143009935
2.473225125184999 33.02782660888987 3.526774874815001 42.97217339111013
87.52114960794272 46.222588393195714 96.47885039205728 41.777411606804286
24.99527258348133 94.78262516999484 15.004727416518671 95.21737483000516
20.05159306894961 15.000266191562158 19.94840693105039 24.999733808437842
73.27764772923794 41.411230040242 64.72235227076206 46.588769959758
47.827517685019345 60.69805030787459 38.172482314980655 63.30194969212541
82.99667501627272 24.817684938208522 73.00332498372728 25.182315061791478
75.45972372713587 35.73927793003622 66.54027627286413 40.26072206996378
53.55632384393262 23.707895678639773 62.44367615606738 28.292104321360227
49.999914186439966 83.02929382590936 40.000085813560034 82.97070617409064
49.537419704941975 26.744921928145317 58.462580295058025 31.255078071854683
17.238700963643964 36.52644406592416 26.761299036356036 33.47355593407584
39.8448608678392 47.76415082988241 30.155139132160794 50.23584917011759
64.99246007102533 91.72551422765872 55.00753992897467 92.27448577234128
85.7750001854771 3.5169716021957798 76.2249998145229 6.483028397804221
