70.1156848001864 4.160785561900147 61.88431519981361 9.839214438099853
59.52431216957929 17.76198198334186 56.47568783042071 8.238018016658138
67.93241599287822 69.90770705969621 76.06758400712178 64.09229294030379
11.424720133479573 14.7142172699617 16.575279866520425 23.2857827300383
3.072376937978804 61.000523869559046 2.927623062021196 70.99947613044095
38.487650836949214 58.97368056223167 39.512349163050786 49.02631943776833
96.94548445717764 88.26366890340394 87.05451554282236 89.73633109659606
56.954793818490835 84.11046586696288 59.045206181509165 93.88953413303712
14.843616521581616 43.779294223419086 23.156383478418384 38.220705776580914
93.9049861247009 93.0298911831698 84.0950138752991 94.9701088168302
83.69821286265741 22.710788092418333 74.30178713734259 19.289211907581667
49.38113933841956 62.59051497258177 40.61886066158044 67.40948502741823
39.89863069922119 80.14014513329275 48.10136930077881 85.85985486670725
86.94909202638092 27.711679783619516 77.05090797361908 26.288320216380484
85.70007706057005 2.2943401204509954 76.29992293942995 5.705659879549005
3.772382265751319 37.00518367033827 4.227617734248681 46.99481632966173
64.3680730680914 91.88288419650807 73.6319269319086 88.11711580349193
36.13579400235082 46.63947583228201 39.86420599764918 37.36052416771799
90.98907085376848 13.669588111476193 81.01092914623152 14.330411888523807
23.72073586036878 21.30542141413727 20.27926413963122 30.69457858586273
73.08255609919296 60.881400648594635 70.91744390080704 51.118599351405365
26.95866691010741 77.00017084535082 27.04133308989259 86.99982915464918
44.68806921058212 48.009739567656496 45.31193078941788 57.990260432343504
38.91269115552109 96.93030404194806 29.087308844478915 95.06969595805194
9.083941189494556 82.45498194517029 4.916058810505443 91.54501805482971
29.88841439497134 70.086173864033 36.111585605028665 77.913826135967
42.7632391644286 41.65515679803817 51.2367608355714 36.34484320196183
32.95992609093447 13.63176987302937 23.040073909065534 12.36823012697063
13.64860618003745 87.81391054584181 16.35139381996255 78.18608945415819
86.02114814551035 46.4593846003569 95.97885185448965 45.5406153996431
9.431047122860225 63.369211586365786 4.568952877139775 54.630788413634214
89.32663087303781 71.607897516719 96.67336912696219 78.392102483281
87.44459963491336 76.29031309766329 78.55540036508664 71.70968690233671
75.95834740850324 30.355957317727192 66.04165259149676 31.644042682272808
91.38528394086441 84.40193354570785 82.61471605913559 79.59806645429215
78.95827464604433 93.3553973825728 69.04172535395567 94.6446026174272
67.89013036584164 74.04241306835316 58.10986963415835 71.95758693164684
28.775454179408047 64.7218990651308 21.224545820591953 71.2781009348692
71.99007118848223 78.31494369953936 62.00992881151777 77.68505630046064
77.188093890817 78.8656095935266 82.811906109183 87.1343904064734
52.30076889752608 12.297594906817864 55.69923110247392 21.702405093182136
2.0441478181961443 85.60159127291126 5.955852181803856 76.39840872708874
61.115286365861294 81.932492289274 70.8847136341387 84.067507710726
10.846613198458494 3.2162295215336423 19.153386801541508 8.783770478466359
71.1512449125027 37.11803458265973 64.8487550874973 44.88196541734027
80.99147999352408 47.29176612937217 71.00852000647592 46.70823387062783
20.955414105196315 89.99980120584654 21.044585894803685 80.00019879415346
22.557341213466785 58.48640874731129 15.442658786533215 65.51359125268871
7.462564923074169 51.757761383701165 10.537435076925831 42.242238616298835
10.004031736773968 96.2007513707008 19.995968263226032 95.7992486292992
29.1479897694879 41.35564233654658 32.8520102305121 50.64435766345342
21.031889793780437 16.436190653804832 30.968110206219563 17.563809346195168
80.00286189845507 42.16914725563217 89.99713810154493 41.83085274436783
62.952266091503404 2.3107536297189366 53.047733908496596 3.6892463702810634
95.12625983556005 17.998405591178486 94.87374016443995 8.001594408821514
81.24284896602595 65.99409895573767 80.75715103397405 56.00590104426232
67.03131698628343 14.431219932932162 62.968683013716564 23.568780067067838
10.252725409422716 21.79733820075271 3.7472745905772835 14.202661799247291
32.478681556474726 88.97703365143244 31.52131844352527 79.02296634856756
58.770267141009384 41.153583066272695 61.229732858990616 50.846416933727305
51.13949307686985 53.35903954024765 54.86050692313015 62.64096045975235
71.41882672656584 13.003210283213571 80.58117327343416 8.996789716786429
63.51355106164198 54.22606351595936 66.48644893835802 63.77393648404064
16.49940138880453 73.18068501678346 7.500598611195472 68.81931498321654
41.99987616253025 3.964809669484913 32.00012383746975 4.0351903305150865
85.0071208815927 57.994669229314326 90.9928791184073 66.00533077068567
14.29839016011468 27.17152374013112 11.70160983988532 36.82847625986888
55.05629553433581 39.442407579053324 50.94370446566419 48.557592420946676
60.93388110834741 28.114983059511314 63.06611889165259 37.88501694048868
95.2789004190045 62.77475986550829 88.7210995809955 55.22524013449171
27.707015854772216 59.99140864793148 28.292984145227784 50.00859135206852
34.88691094988573 19.85485719439349 27.11308905011427 26.14514280560651
35.128414896366564 32.125903449704644 44.871585103633436 29.874096550295356
22.387940526548256 5.0689620890971545 31.612059473451744 8.931037910902845
19.336869953274572 52.2317535791003 24.663130046725428 43.7682464208997
3.5723182509031863 21.628917602572308 8.427681749096813 30.371082397427692
50.68709979128548 70.5296030893542 59.31290020871452 65.4703969106458
47.76836735602532 92.50421832125262 38.23163264397468 89.49578167874738
2.6521470968539598 5.530956636143352 11.347852903146041 10.469043363856649
70.33296173577178 17.011098669795942 69.66703826422822 26.988901330204058
27.45871964966042 31.47022189361728 34.541280350339576 38.52977810638272
92.94525124631716 26.0404820375875 87.05474875368284 17.9595179624125
55.73927793003625 52.54027627286411 60.26072206996375 61.45972372713589
48.83601209586827 6.729965745101425 39.16398790413173 9.270034254898576
33.90380705918066 58.121643613213784 36.09619294081934 67.87835638678621
48.35639724021016 13.277863834236541 51.64360275978984 22.72213616576346
32.21363034075013 28.265486916757133 39.78636965924987 21.734513083242867
53.1299946959504 29.18164164602484 44.8700053040496 34.818358353975164
56.49957730827711 79.1803220053097 47.50042269172289 74.8196779946903
94.5812755148137 2.510807301538664 87.4187244851863 9.489192698461336
