59.74437841421624 13.57825012679201 50.25562158578376 10.42174987320799
68.81615602226407 15.230627371539116 61.18384397773594 8.769372628460884
89.37667604900481 41.44550773415829 96.62332395099519 34.55449226584171
3.301572605699655 5.7101988248411555 12.698427394300346 2.2898011751588445
8.530919768988825 83.24013816787512 5.469080231011175 92.75986183212488
42.973680562231664 92.51234916305087 33.026319437768336 91.48765083694913
86.18250951068427 71.14362434215698 79.81749048931573 78.85637565784302
48.64545732074503 75.01258589160808 49.35454267925497 84.98741410839192
26.557356638990314 18.212643721955228 29.442643361009686 27.787356278044772
82.08634899044475 85.11872390627153 73.91365100955525 90.88127609372847
93.41439449413316 25.34800367337167 84.58560550586684 20.65199632662833
36.97084308084906 96.53918370299468 27.029156919150942 95.46081629700532
56.33870675845505 85.5806730492125 51.66129324154495 94.4193269507875
81.33809156292011 43.51384602413258 72.66190843707989 48.48615397586742
66.99915378043237 4.091986301092848 57.00084621956763 3.9080136989071526
35.820690366126215 43.327005800265354 26.179309633873785 40.672994199734646
86.29791202444979 93.29989157105022 95.70208797555021 96.70010842894978
44.2784276811792 24.45070413548647 39.7215723188208 15.549295864513532
82.96045313071528 3.6276183059607043 73.03954686928472 2.3723816940392957
34.17331369100553 33.69497154262241 43.82668630899447 36.30502845737759
69.43488481907879 43.69093165075077 60.56511518092122 48.30906834924923
10.609997144285597 59.01523342848087 11.390002855714403 68.98476657151913
43.86241680789414 71.00189327192287 44.13758319210586 80.99810672807713
11.877231333961324 74.1011877746442 2.1227686660386755 71.8988122253558
17.964847623363962 89.02612451002612 12.035152376636038 80.97387548997388
34.47523466885108 78.77014021545898 25.52476533114892 83.22985978454102
36.4656928071301 38.89285542007953 45.5343071928699 43.10714457992047
34.371321579511964 2.0138070349625714 33.628678420488036 11.986192965037429
15.159199928446665 63.92879855945401 16.840800071553335 54.07120144054599
92.31219012433925 69.70651652749908 95.68780987566075 60.29348347250092
2.659204489056569 87.98837232168177 3.340795510943431 78.01162767831823
73.86481540939612 65.47882904945547 78.13518459060388 74.52117095054453
74.59353697905048 79.97469441233214 65.40646302094952 76.02530558766786
67.74435946397998 50.42169290803608 58.255640536020024 53.57830709196392
79.52183476895985 66.31744709267701 74.47816523104015 57.682552907322986
67.94626960992991 94.2689617343232 58.053730390070086 95.7310382656768
74.41610739739312 52.65521952953166 65.58389260260688 57.34478047046834
37.52553292770353 60.02769518815476 36.47446707229647 69.97230481184525
68.43055772444265 85.31736019003985 59.56944227555734 80.68263980996015
84.22614873210738 66.67476755351491 87.77385126789262 57.325232446485096
85.73288488476648 10.812955671763804 80.26711511523352 19.187044328236198
21.964136862803713 74.566756101064 26.035863137196287 65.433243898936
72.04083474855739 95.36228532329567 81.95916525144261 96.63771467670433
2.1449874932910307 12.804653372573675 11.85501250670897 15.195346627426325
62.37599324540645 39.58118146274733 53.62400675459355 44.41881853725267
94.85868021772632 30.81964982235148 85.14131978227368 33.18035017764852
48.85751650245814 90.18112659811946 41.14248349754186 83.81887340188054
9.736353159023913 53.67740085609894 2.263646840976087 60.32259914390106
21.182533833638168 30.996667029088226 20.817466166361832 21.003332970911774
18.443021675510543 81.05765608159703 27.556978324489457 76.94234391840297
5.1231038565941835 50.10267130480188 14.876896143405816 47.89732869519812
28.43619065380475 13.968110206219553 29.56380934619525 4.031889793780447
69.88205808432885 22.529273897860808 74.11794191567115 13.470726102139192
72.880853219604 25.528710293575564 77.119146780396 16.471289706424436
96.30963382761732 20.747842569678077 89.69036617238268 13.252157430321923
79.6604763714428 50.48365349378567 88.3395236285572 45.51634650621433
54.10872418991213 25.962974952255596 63.89127581008787 28.037025047744404
16.315143035948246 32.43171667901958 11.684856964051754 23.56828332098042
20.433437734255087 64.96779701668999 21.566562265744913 55.03220298331001
48.11133166403836 23.079606866452725 49.88866833596164 32.92039313354728
53.53885365871383 77.25791348851746 62.46114634128617 72.74208651148254
41.52073047615484 11.778256420566953 50.47926952384516 16.221743579433046
70.65215141441013 71.71915201109931 67.34784858558987 62.280847988900696
39.49940138880453 76.18068501678346 30.50059861119547 71.81931498321654
23.766721162131876 7.835236620045307 18.233278837868124 16.164763379954692
89.66942211194399 76.27075732465795 96.33057788805601 83.72924267534205
25.428622444131253 46.711874830980975 30.571377555868747 55.288125169019025
54.81424715609227 59.23288085648729 47.18575284390773 52.76711914351271
48.429098105360005 62.25318346284413 51.570901894639995 71.74681653715587
92.93891592083808 88.07976320008021 85.06108407916192 81.92023679991979
21.118608017553285 41.00140698414323 20.881391982446715 50.99859301585677
47.144137803708034 7.79752066370884 38.855862196291966 2.2024793362911597
41.30530145814532 65.95150420942414 42.69469854185468 56.048495790575856
12.0751053860134 10.097612349713723 19.924894613986602 3.9023876502862773
2.2776320791111573 34.35706323318273 11.722367920888843 37.64293676681727
6.123114764268395 22.36563900716693 9.876885235731605 31.63436099283307
95.77252985183475 51.99482305309144 96.22747014816525 42.00517694690856
21.169030130868276 96.76028762412768 12.830969869131724 91.23971237587232
35.48715225536086 17.023788320409107 34.51284774463914 26.976211679590893
89.75035842696728 51.43984141340023 80.24964157303272 54.56015858659977
61.935041186747384 31.91528755657813 54.064958813252616 38.08471244342187
79.98726847296064 34.6434145563643 70.01273152703936 35.3565854436357
42.98853182148313 48.66154724694546 33.01146817851687 49.33845275305454
79.40725930079866 24.023454308673955 88.59274069920134 27.976545691326045
34.6468133682186 84.15415994166752 25.353186631781398 87.84584005833248
56.99680652466157 18.004262695260508 65.00319347533843 23.995737304739492
16.025381204527136 36.50315786760033 25.974618795472864 35.49684213239967
16.773541806310757 42.512284091836264 7.226458193689244 45.487715908163736
69.9495392418281 89.29143716326377 60.050460758171894 90.70856283673623
96.99995092791437 5.977847834230888 87.00004907208563 6.022152165769112
