74.97206993926245 9.03688333618656 67.02793006073755 2.9631166638134396
81.77784302360573 11.157353501472418 76.22215697639427 2.842646498527582
87.14515581424882 30.184364348434443 94.85484418575118 23.815635651565557
29.9401180452962 43.078225103713386 22.0598819547038 36.921774896286614
12.993904665955284 96.24681204863224 3.0060953340447165 95.75318795136776
47.606557978088595 86.94412540606523 38.393442021911405 83.05587459393477
84.00021510186268 95.95362142350216 93.99978489813732 96.04637857649784
66.05639365488562 89.92624513098822 73.94360634511438 96.07375486901178
24.86729383425855 20.14431233978696 15.13270616574145 17.85568766021304
64.92685494578438 95.85211521709216 55.07314505421562 94.14788478290784
49.987871225443016 9.651947362605018 40.012128774556984 10.348052637394982
56.5851231681434 89.48523914089714 49.4148768318566 82.51476085910286
79.78269391913696 80.328597385081 76.21730608086304 89.671402614919
88.99748609545877 60.841466957083576 79.00251390454123 61.158533042916424
84.28545997347325 24.696844951394255 87.71454002652675 15.303155048605747
33.10228540626977 52.00617680273495 42.89771459373023 49.99382319726505
83.36796597385498 82.1907725054459 80.63203402614502 91.8092274945541
32.01986495213227 4.445258245290815 41.98013504786773 3.5547417547091853
96.44424020197829 40.78687478831332 93.55575979802171 31.21312521168668
52.29767647092614 44.69945680378125 61.70232352907386 41.30054319621875
48.47886372437625 63.02298387249182 47.52113627562375 72.97701612750818
2.8714141548132845 80.0016537054324 3.1285858451867155 89.9983462945676
23.89805689347275 86.92553485200878 18.10194310652725 95.07446514799122
14.206469893876996 40.702889385806685 5.793530106123004 35.297110614193315
21.947063484737875 82.9597447687672 28.052936515262125 75.0402552312328
29.831267445284652 56.23926298114861 38.16873255471535 61.76073701885139
31.703935347388917 26.299297464004066 28.296064652611083 35.70070253599593
45.35868051579971 17.573516027473154 52.64131948420029 24.426483972526846
15.591972525866204 90.98332354762883 16.408027474133796 81.01667645237117
95.66966611757849 92.22763324102901 90.33033388242151 83.77236675897099
7.040994373573168 28.564465134826058 2.959005626426831 19.435534865173942
87.8902904274957 72.15214339727814 96.1097095725043 77.84785660272186
75.12878954657897 79.90008666227023 68.87121045342103 72.09991333772977
42.01412627501609 69.98107199648473 33.98587372498391 64.01892800351527
72.978709346667 61.53907349673658 63.021290653333 62.46092650326342
36.313323952224714 87.00982684659517 35.686676047775286 96.99017315340483
63.956631209125554 79.05871306721318 72.04336879087444 84.94128693278682
29.3935383428696 80.03691585217109 30.6064616571304 89.96308414782891
70.30530951585314 37.21172686610235 75.69469048414686 28.788273133897647
94.62867221016992 46.1091288857247 85.37132778983008 49.8908711142753
89.8929958315679 40.86239208067755 82.1070041684321 47.13760791932245
29.300721208703003 47.70785796882125 38.699278791297 44.29214203117875
52.024483243775975 68.49419936112257 61.975516756224025 67.50580063887743
12.249278681560416 28.55905322376231 21.750721318439584 25.44094677623769
63.19660529401162 15.281819725207022 54.80339470598838 20.718180274792978
66.64158935232615 43.5496415310728 75.35841064767385 48.4503584689272
77.13183766690615 13.001738419251675 76.86816233309385 22.998261580748327
11.239603290818119 79.15609829978014 8.760396709181881 88.84390170021986
76.8736529612845 53.116918445081275 67.1263470387155 50.883081554918725
27.973727699538372 61.000069023853584 28.026272300461628 70.99993097614642
28.97448780526166 21.40637420909441 25.02551219473834 30.59362579090559
20.982037161136308 13.975898960904154 29.017962838863692 8.024101039095846
70.37303998135019 24.80778131882201 67.62696001864981 15.192218681177993
74.57010849396455 42.36985437616596 79.42989150603545 33.63014562383404
94.34949845105008 12.466143390866172 85.65050154894992 7.533856609133829
43.188528607907884 40.360052588350584 52.811471392092116 37.639947411649416
88.40809723801732 34.34146570110123 81.59190276198268 41.65853429889877
33.08172626428125 69.08504594667568 34.91827373571875 78.91495405332432
14.166982395193296 56.65188633357143 17.833017604806706 47.34811366642857
87.00381306615205 66.19523350646614 96.99618693384795 65.80476649353386
47.75109276885223 58.55792089072586 38.24890723114777 55.44207910927414
46.00199432580861 4.1412065180886195 55.99800567419139 3.8587934819113805
53.05230675148969 53.721340085289526 62.94769324851031 52.278659914710474
20.925157382025326 72.99943982687408 21.074842617974674 63.000560173125926
13.932814409621974 2.1830899680957456 4.067185590378026 3.8169100319042544
89.18282479964142 53.77057691069017 96.81717520035858 60.22942308930983
16.995852226273296 59.994477585213055 9.004147773726705 66.00552241478695
86.86621629658022 77.1488859625294 77.13378370341978 74.8511140374706
56.656352157884285 80.52356639021284 65.34364784211571 85.47643360978716
79.72699099209147 69.62958772721389 70.27300900790853 66.37041227278611
38.32435395026135 14.178580435760942 35.67564604973865 23.821419564239058
34.88691094988573 9.85485719439349 27.11308905011427 16.14514280560651
19.796941387394384 41.14452878811095 14.203058612605616 32.85547121188905
7.0966067135402335 70.97812794577258 16.903393286459767 69.02187205422742
12.782706684770638 24.15409960238471 7.2172933152293615 15.84590039761529
2.1290861434762878 12.1288038812501 11.870913856523712 9.8711961187499
61.00028106447109 10.946985231173995 70.9997189355289 11.053014768826005
50.97705021642277 91.52149070729395 41.02294978357723 92.47850929270605
48.80719510250943 28.75881727583461 41.19280489749057 35.24118272416539
67.92126037378969 31.116146882470076 58.07873962621031 32.883853117529924
67.87001428066795 55.86732135797912 58.129985719332055 58.13267864202088
60.20794168863983 5.1647542292199 53.79205831136017 12.8352457707801
23.076909332193676 57.99940846047025 22.923090667806324 48.00059153952975
55.04466931203506 30.058653159291325 62.95533068796494 23.941346840708675
42.097537845177435 76.01721578129658 51.902462154822565 77.98278421870342
16.51336671029964 8.206835228047739 25.48663328970036 3.7931647719522616
42.13082761663372 21.476773975557812 37.86917238336628 30.523226024442188
9.732062881753361 54.83656236020713 12.267937118246639 45.16343763979287
47.46460522904832 44.02874739736175 48.53539477095168 53.97125260263825
91.95437473479146 3.6739220928713694 82.04562526520854 2.3260779071286306
