95.9184640514858 18.10574298312231 88.0815359485142 11.894257016877692
79.69095329053488 49.730594471856435 70.30904670946512 46.269405528143565
52.98498819614605 4.387159765839039 43.01501180385395 3.612840234160961
44.9878275331347 21.3486782179939 35.0121724668653 20.6513217820061
9.6465994072644 88.57913567019402 2.3534005927356 95.42086432980598
29.089899965754654 75.05611565660625 38.910100034245346 76.94388434339375
64.3151563814334 89.25704152218576 57.68484361856661 96.74295847781424
66.57090292788475 80.62970396720759 71.42909707211525 89.37029603279241
18.131273660440325 13.476984127342323 13.868726339559675 22.523015872657677
59.09824398758984 63.46156721229199 54.90175601241016 72.538432787708
74.14603343190984 42.88619011955225 67.85396656809016 35.11380988044775
41.33327199566948 69.72683482366547 34.66672800433052 62.27316517633453
73.30355188821912 83.82708529805724 70.69644811178088 74.17291470194276
60.41113099260926 53.277587785489814 65.58886900739074 44.722412214510186
96.93510232162095 32.04786046716229 91.06489767837905 23.95213953283771
25.605835173190556 49.6104698677343 30.394164826809444 58.3895301322657
37.94867633012933 90.06967979190914 46.05132366987067 95.93032020809086
36.1539919919295 70.87973382010217 29.8460080080705 63.12026617989783
69.66930132653556 3.6034977145474554 62.33069867346444 10.396502285452545
5.137469734888805 50.359851186487134 8.862530265111195 59.640148813512866
47.11286017700084 63.91281248189104 40.88713982299916 56.08718751810896
28.625288482703603 80.4434406365112 21.374711517296397 73.5565593634888
25.003405119385345 64.89828318560609 22.996594880614655 55.10171681439392
60.45586198949241 87.38655041413588 53.54413801050759 94.61344958586412
47.33595180602543 78.95570781988599 48.66404819397457 69.04429218011401
65.56552860033442 65.6901377951168 74.43447139966558 70.3098622048832
37.71475717330975 8.230758754115062 44.28524282669025 15.769241245884938
53.28176370254455 31.94814476556795 54.71823629745545 22.05185523443205
7.331724710205552 78.9551395678679 8.668275289794448 69.0448604321321
50.71465466820749 9.008148836190703 51.28534533179251 18.991851163809297
87.09034277431475 46.053815067612774 96.90965722568525 47.946184932387226
66.09895790779584 58.87240178493922 73.90104209220416 65.12759821506077
96.89422538246549 57.3726994694073 93.10577461753451 66.62730053059269
82.55740949722245 31.968832322830607 81.44259050277755 22.031167677169393
89.69878158421977 71.63562564624021 82.30121841578023 78.36437435375979
95.44202938302413 85.03123065633032 96.55797061697587 94.96876934366968
59.011405476054684 74.00857956877657 52.988594523945316 81.99142043122343
19.07646679664227 68.1288967940399 28.92353320335773 69.8711032059601
15.575672227514293 63.03325041033185 14.424327772485707 72.96674958966815
60.36675167553866 82.2504121284555 65.63324832446135 73.7495878715445
23.770750249464417 20.94023724662597 22.229249750535583 11.05976275337403
19.29214203117895 77.30072120870292 22.70785796882105 86.69927879129708
41.77497978357131 86.32620042434574 50.22502021642869 91.67379957565426
11.940719041506814 32.76765575155273 2.0592809584931855 31.23234424844727
62.168523737181054 37.99715916796799 61.831476262818946 28.00284083203201
90.54964153107255 85.35841064767371 95.45035846892745 76.64158935232629
87.65168585006117 95.95734864144434 86.34831414993883 86.04265135855566
18.223765793141418 51.675780731803044 9.776234206858582 46.324219268196956
20.906595183849674 93.03806252707197 11.093404816150324 94.96193747292803
56.545654807071145 10.61489962351506 63.454345192928855 3.3851003764849406
19.03172834590115 58.957222775655765 10.968271654098851 53.042777224344235
19.307459468404666 33.99053791442248 18.692540531595334 24.009462085577518
3.0632443656805437 4.91747585968025 10.936755634319457 11.08252414031975
29.972424334420158 47.42955834515433 34.02757566557984 56.57044165484567
74.99798721026094 23.416546377715413 71.00201278973906 32.58345362228459
72.42463625293713 58.016444043871005 81.57536374706287 53.983555956128995
50.302423311186956 48.71253416103747 59.697576688813044 45.28746583896253
2.6149006021296723 68.98514778655156 3.3850993978703277 59.01485221344844
15.824695829491379 86.93151871017636 14.175304170508621 77.06848128982364
90.64258543888029 51.57486185381417 83.35741456111971 58.42513814618583
56.73450931729508 55.814016388753245 51.26549068270492 64.18598361124675
88.74491503938461 33.20468421614545 95.25508496061539 40.79531578385455
75.84914778562661 5.354501914012641 72.15085221437339 14.64549808598736
78.52626769066251 62.22212253396816 81.47373230933749 71.77787746603184
25.65517543365768 38.175351627882776 16.34482456634232 41.824648372117224
75.94064386371066 90.8864879593125 78.05935613628934 81.1135120406875
45.907285453491895 82.95840986949575 36.092714546508105 81.04159013050425
37.09665252904607 51.0216424073532 46.90334747095393 52.9783575926468
62.5463035322352 17.615519424446365 69.4536964677648 10.384480575553635
94.53684020920669 53.465772880170434 87.46315979079331 60.534227119829566
40.0407211807716 45.0535407696 47.9592788192284 38.9464592304
33.99999964757845 5.0018772893754 24.00000035242155 4.9981227106246
20.855471211889103 46.796941387394455 29.144528788110897 41.203058612605545
7.514686176427007 18.22571022606472 10.485313823572993 27.77428977393528
5.695080753393658 86.70390276679635 2.3049192466063424 77.29609723320365
34.4339644847629 38.0374787541453 43.5660355152371 33.9625212458547
30.78809142269725 91.30559354654063 39.21190857730275 96.69440645345937
78.7938933400938 96.42076973637681 69.2061066599062 93.57923026362319
6.924804736573703 41.89703012841563 15.075195263426297 36.10296987158437
58.66219583431946 40.19336500574846 49.33780416568054 43.80663499425154
20.95020185437223 2.296081254000356 11.049798145627769 3.703918745999644
67.65902155990828 28.988359820962458 68.34097844009172 19.011640179037542
23.501500469982158 34.18254483995845 32.49849953001784 29.817455160041547
82.01519639965211 16.895852966555815 79.98480360034789 7.1041470334441845
30.11543646353413 23.931805702024178 39.88456353646587 26.068194297975822
2.6678587246055265 22.988956020369326 3.3321412753944735 13.011043979630674
84.03969446915515 6.37121622105051 93.96030553084485 7.62878377894949
26.96935688650729 9.02316679773476 33.030643113492715 16.97683320226524
36.97983938393511 85.55144709318877 27.020160616064892 86.44855290681123
87.97980685337114 38.97326291035047 80.02019314662886 45.02673708964953
