77.5601338869964 3.48923844349122 70.4398661130036 10.510761556508779
66.10347762486249 11.876713763532553 63.89652237513751 2.1232862364674467
69.89145998436761 58.916245519781945 76.10854001563239 51.083754480218055
14.477253850740931 14.027401437534415 15.522746149259069 23.972598562465585
2.275917682960016 59.30664936702253 5.724082317039985 68.69335063297747
30.056115656606178 61.91010003424533 31.943884343393822 52.08989996575467
91.96816938634645 81.43671237491853 82.03183061365355 82.56328762508147
52.384922122622726 84.03797629945593 53.615077877377274 93.96202370054407
27.00045138369007 38.06718357800416 36.99954861630993 37.93281642199584
96.81967944082365 84.77353925030086 89.18032055917635 91.22646074969914
85.99310933608571 22.26241028541916 76.00689066391429 21.73758971458084
43.054840631916754 54.074548334059 34.945159368083246 59.925451665941
40.09000493699021 74.05556975841543 49.90999506300979 75.94443024158457
93.70501695535874 40.35750642002427 86.29498304464126 33.64249357997573
90.24274247054356 3.354411912514354 81.75725752945644 8.645588087485645
5.904608869938486 32.37696365442022 2.095391130061514 41.62303634557978
75.03598505104611 95.40120488765992 84.96401494895389 96.59879511234008
37.400099986035116 32.963881543031114 38.599900013964884 23.03611845696889
89.91161599626614 16.064036162438637 80.08838400373386 17.935963837561363
19.20202657455158 36.51100468200638 14.79797342544842 45.48899531799362
71.60807011719075 49.98461542819114 72.39192988280925 40.01538457180886
27.233046883772378 86.52635477324425 22.766953116227622 95.47364522675575
36.775208772445374 42.00505566557399 37.224791227554626 51.99494433442601
50.64492080250356 96.85059740042766 41.35507919749644 93.14940259957234
11.24129055144546 80.53047914603799 6.758709448554541 89.46952085396201
30.687844881506738 81.25438543479993 37.31215511849326 88.74561456520007
44.15011242602176 30.215973075265826 53.84988757397824 27.784026924734174
31.986192965037432 16.371321579511896 22.013807034962568 15.628678420488102
12.227167933377732 90.16069733702312 17.772832066622268 81.83930266297688
84.00005617392222 45.023700971851945 93.99994382607778 44.976299028148055
10.095266613662716 51.999092344848336 9.904733386337284 42.000907655151664
79.90249787993102 60.07501839288792 86.09750212006898 67.92498160711207
81.9907725109149 70.00690401531604 76.0092274890851 61.99309598468396
83.79163151103728 30.4283793132199 74.20836848896272 27.5716206867801
86.96990678844591 75.45225323902444 77.03009321155409 76.54774676097556
70.95827464604433 93.3553973825728 61.04172535395567 94.6446026174272
75.82887292739726 69.29691412632057 66.17112707260274 66.70308587367943
27.296902588549578 65.17112397386168 24.703097411450422 74.82887602613832
63.02505821251769 75.03370493951734 54.97494178748231 80.96629506048266
71.10912888572453 73.37132778983015 74.89087111427547 82.62867221016985
57.886513729621406 3.125561742551418 60.113486270378594 12.874438257448581
3.259296546914154 81.99327200348213 2.740703453085846 72.00672799651787
63.141683888402625 89.18184794275463 72.85831611159738 86.81815205724537
10.39310914721203 2.537293200966263 17.60689085278797 9.462706799033736
73.99677190346566 31.995700688734978 66.00322809653434 38.00429931126502
85.4412718989738 50.29675943872789 76.5587281010262 45.70324056127211
19.00538050005526 93.58492017928776 22.99461949994474 84.41507982071224
19.15487675201829 57.13520198901869 16.84512324798171 66.8647980109813
4.920778330368133 54.99937235331204 5.079221669631867 45.00062764668796
3.001289052424659 96.1135291266171 12.99871094757534 95.8864708733829
22.1479897694879 43.35564233654658 25.8520102305121 52.64435766345342
22.00485626106851 21.22031574481533 31.99514373893149 20.77968425518467
78.00067096013908 41.081909408514456 87.99932903986092 40.918090591485544
50.92287377847994 4.874822131152745 41.07712622152006 3.1251778688472553
94.60309251573574 20.984221548941722 95.39690748426426 11.015778451058278
88.9939956125708 65.00449625694753 83.0060043874292 56.99550374305247
63.52006657218042 15.027120475971643 62.47993342781958 24.972879524028357
10.917529969370865 19.106921134995403 3.0824700306291355 12.893078865004599
38.043370993264546 96.96710133439467 31.956629006735454 89.03289866560533
64.71760074353638 52.00798130412667 65.28239925646362 61.99201869587333
49.352453445423684 52.58014559780705 56.647546554576316 59.41985440219295
69.08561763549021 14.921328375442322 78.91438236450979 13.078671624557678
61.06153055466974 60.000378615250746 60.93846944533026 69.99962138474925
20.605316280685116 77.46434618885394 13.394683719314884 70.53565381114606
34.98391716362152 3.4007114999084043 25.01608283637848 2.5992885000915957
88.51755637984105 53.659784144454086 93.48244362015895 62.340215855545914
16.04390783926865 28.110188508427605 13.956092160731352 37.889811491572395
49.00804124886956 34.010751708646445 40.99195875113044 39.989248291353555
61.400249329392494 30.613793990616617 56.599750670607506 39.386206009383386
96.03199508822559 58.56847851712439 91.96800491177441 49.43152148287561
21.759993129099634 69.84379840209313 24.240006870900366 60.15620159790688
46.28171172201969 8.227683977506853 39.71828827798031 15.772316022493147
21.04849579057585 25.3053014581454 30.95150420942415 26.6946985418546
16.657652440776747 2.521287093084828 25.342347559223253 7.478712906915172
11.03164961068934 60.59625899454117 14.96835038931066 51.40374100545883
2.624888346657146 22.579587220992344 11.375111653342854 27.420412779007656
42.09851452864409 65.98764374856876 51.90148547135591 64.01235625143124
48.98452990693933 80.3930160388933 39.01547009306067 79.6069839611067
3.6279225238505504 3.3082397836742494 10.37207747614945 10.69176021632575
69.9390489049794 20.391302858279992 66.0609510950206 29.608697141720008
23.361040067253004 30.13451058904962 32.63895993274699 33.86548941095038
94.21992654147752 34.82518928518428 87.78007345852248 27.17481071481572
49.73927793003625 39.54027627286411 54.26072206996375 48.45972372713589
40.676765186644985 8.231422212910747 31.323234813355015 11.768577787089253
33.98278421870342 66.09753784517744 32.01721578129658 75.90246215482256
54.11151222892512 11.370354879853032 57.88848777107488 20.629645120146968
42.42434071042314 20.015773317044598 51.57565928957686 15.984226682955402
53.718713357187916 22.34659616164219 44.281286642812084 25.65340383835781
57.953108872461115 72.68316359501003 48.046891127538885 71.31683640498997
94.64162487831804 5.573840598335344 87.35837512168196 12.426159401664655
