93.18336505040115 30.932859957377026 94.81663494959885 21.067140042622974
69.76198198334188 39.475687830420796 60.23801801665811 42.524312169579204
42.62136656041665 13.908656887516152 33.37863343958335 10.091343112483848
35.651321782006185 42.987827533134706 36.348678217993815 33.012172466865294
8.246812048632304 69.00609533404472 7.753187951367696 78.99390466595528
20.929854123638666 84.94641664017644 27.070145876361334 77.05358335982356
96.4819620583879 79.02328295215867 95.5180379416121 88.97671704784133
70.8696188714761 79.12945192978479 73.1303811285239 88.87054807021521
17.32402549100668 32.04590487947685 18.67597450899332 41.95409512052315
80.54791620273676 67.02047991868172 81.45208379726324 76.97952008131828
75.2088996844985 25.851655547626958 72.7911003155015 16.148344452373042
73.05484063191675 46.074548334059 64.94515936808325 51.925451665941
91.5739776846843 85.98181743812968 92.4260223153157 76.01818256187032
58.11216642295778 34.62991191983087 61.88783357704222 25.370088080169133
96.85261955272162 14.794975736118236 87.14738044727838 17.205024263881764
9.00197192784777 58.14041150230043 18.99802807215223 57.85958849769957
60.33591767272658 96.80175915272152 69.66408232727342 93.19824084727848
26.8818531512978 70.63234591939663 23.1181468487022 61.36765408060338
51.992150156081436 5.280065740739669 42.007849843918564 4.719934259260331
14.121405540824522 62.84460699416804 21.878594459175478 69.15539300583197
56.21846331246526 69.9952250981419 55.78153668753474 60.004774901858106
30.045631274412393 89.03463366883699 23.954368725587607 96.96536633116301
31.561855702120607 65.6972027463972 40.43814429787939 70.3027972536028
86.69950518453908 78.63642134184906 79.30049481546092 85.36357865815094
50.422541970838836 88.9665422805567 51.577458029161164 79.0334577194433
65.07131018134197 76.09751254829564 56.928689818658036 81.90248745170436
33.71769158645435 25.803078218394436 28.28230841354565 34.19692178160557
49.71575604076384 26.99191399882227 50.28424395923616 17.00808600117773
3.463516432801488 62.97846889279455 2.536483567198512 53.02153110720545
30.495690435080267 3.829471183473346 39.50430956491974 8.170528816526653
49.764007442109836 52.65638232366863 58.235992557890164 47.34361767633137
64.02155732065795 59.028529981226804 71.97844267934205 52.971470018773196
94.7349917061177 69.3938077502999 85.2650082938823 72.6061922497001
88.86045702379376 31.998052396463198 89.13954297620624 22.001947603536802
96.12693934291642 51.09842975896608 89.87306065708358 58.90157024103392
75.12521159392409 63.174645277959904 66.87478840607591 68.8253547220401
46.63060005626531 79.27335812055667 43.36939994373469 88.72664187944333
32.14922536398471 73.78757044303977 41.85077463601529 76.21242955696023
35.25134139552573 89.94363330900934 36.74865860447427 80.05636669099066
77.66590502759898 81.23000595553039 72.33409497240102 72.76999404446961
59.72012999901419 5.414905654591745 68.27987000098581 10.585094345408255
12.502067032803758 73.66868023676453 17.497932967196242 82.33131976323547
48.02159981677963 74.53574617318613 57.97840018322037 75.46425382681387
13.020797355399822 36.984317173319596 6.979202644600179 29.015682826680404
67.12587327729267 24.922997305773073 68.87412672270733 15.077002694226927
86.00009079695029 64.96986760449647 95.99990920304971 65.03013239550353
65.48666327367005 63.15169505152595 74.51333672632995 58.84830494847405
51.1134259252278 57.157513912494245 42.8865740747722 62.842486087505755
26.207773765004468 87.16461377791636 19.792226234995532 94.83538622208364
33.16363776875934 54.73129973270719 42.83636223124066 57.26870026729281
12.393389433685547 26.672180299406783 5.606610566314453 19.327819700593217
14.001772005731421 22.13310491091579 23.99822799426858 21.86689508908421
25.558888518298193 11.980504056891313 26.441111481701807 2.0194959431086863
59.832182157689786 56.002817076411716 60.167817842310214 65.99718292358828
96.86076750086141 8.171724926153528 87.13923249913859 5.828275073846472
76.57624292131547 51.643883569237296 83.42375707868453 44.356116430762704
27.99686307990008 25.82291425599025 18.00313692009992 26.17708574400975
6.692309115383043 52.74955744212859 13.307690884616957 45.25044255787141
14.120319545383373 91.83248421777276 5.8796804546166275 86.16751578222724
86.77873777280966 51.84324448758881 81.22126222719034 60.15675551241119
43.80443879754668 19.336953718232223 40.19556120245332 28.663046281767777
73.34413773716119 9.177104887967097 82.65586226283881 12.822895112032903
63.59240813722344 13.022681740041836 54.40759186277656 16.977318259958164
50.46065790695508 47.258878269654915 41.53934209304492 42.741121730345085
12.998500501222443 14.877555158218136 3.001499498777557 15.122444841781864
87.77052446064141 90.33325354374148 96.22947553935859 95.66674645625852
32.370940870613026 61.42793655304347 23.629059129386974 56.57206344695653
50.521490467457134 32.657536356272615 55.478509532542866 41.342463643727385
69.6286875935406 28.5980825233801 74.3713124064594 37.4019174766199
87.66894941013989 46.4983996453875 96.33105058986011 41.5016003546125
23.230365128084358 39.99469037156085 22.769634871915642 30.00530962843915
57.99927088663126 9.914614977419323 48.00072911336874 10.085385022580677
41.90356398304182 35.13308319636447 50.09643601695818 40.86691680363553
2.0448820303684423 3.941071781440835 9.955117969631559 10.058928218559165
2.2020537180645814 77.93591751664728 3.7979462819354186 68.06408248335272
20.110127663125876 53.043622790606456 29.889872336874124 50.956377209393544
44.04400908632014 95.3380679313384 53.95599091367986 96.6619320686616
66.55010604400142 84.9271915215482 57.44989395599857 89.0728084784518
3.817385410351614 35.9327356599502 2.182614589648386 26.067264340049803
57.52999581599547 21.239841094770433 54.47000418400453 30.760158905229567
22.207703315807247 3.1645548579390184 15.79229668419275 10.835445142060982
84.50677147357354 27.326210440937654 79.49322852642646 18.673789559062346
36.111425219117926 48.95031594671358 45.888574780882074 51.04968405328642
78.19325069886578 38.934486352713876 79.80674930113422 29.065513647286128
4.0194127786571245 46.59099926580841 7.9805872213428755 37.40900073419159
16.029161704503146 17.53922781829383 25.970838295496854 16.46077218170617
65.00240060730903 3.15492033493005 74.99759939269097 2.84507966506995
30.14204571774222 15.816665646787312 39.85795428225778 18.183334353212686
82.52645403690141 88.45540948406988 75.47354596309859 95.54459051593012
93.99995092791437 36.977847834230886 84.00004907208563 37.022152165769114
