96.07563596155431 14.896410107164604 87.92436403844569 9.103589892835396
70.9543308073425 39.3257550508776 61.045669192657506 40.6742449491224
41.71492452150706 7.6641775014978 32.28507547849294 4.3358224985022
41.49990958209357 15.669820779533861 36.50009041790643 24.33017922046614
21.56241833215825 84.70651513441362 16.43758166784175 93.29348486558638
17.84903408219776 62.21262095343238 26.15096591780224 67.78737904656762
75.1190749643985 90.83429381639687 66.8809250356015 85.16570618360313
71.12161415711134 57.3662470258725 74.87838584288866 66.6337529741275
9.391159133707605 28.26590757727022 12.608840866292395 37.73409242272978
47.27452595206097 68.30716084764363 50.72547404793903 77.69283915235637
68.2797430326087 64.77402777414987 61.72025696739129 57.22597222585013
65.44745564539929 68.2847621937974 56.552544354600705 63.71523780620259
75.93996416678293 96.77249856368842 66.06003583321707 95.22750143631158
72.45318932058072 43.52422104930399 79.54681067941928 36.47577895069601
80.98055945308282 21.440485566514173 71.01944054691718 20.559514433485827
24.42707438186037 43.502257509872756 31.57292561813963 50.497742490127244
51.86076542168934 92.80477041943139 60.13923457831066 87.19522958056861
28.269317404582306 55.38116023602948 37.73068259541769 58.61883976397052
68.94128863937127 8.236019252585223 59.058711360628735 9.763980747414777
25.142911675350867 20.07400775439606 26.857088324649133 29.92599224560394
63.81825025614814 53.33583848916267 54.18174974385186 50.66416151083733
5.494277926723197 81.76789272509848 8.505722073276804 72.23210727490152
29.25966488602768 70.31811591647815 36.74033511397232 63.68188408352185
56.081846756451796 80.1123492148731 47.918153243548204 85.8876507851269
43.8138762973213 73.93331585981058 42.1861237026787 64.06668414018942
69.41520290754076 70.00509759111446 78.58479709245924 73.99490240888554
44.01264160729669 3.35532557286508 53.98735839270331 2.64467442713492
38.42312800176057 43.01301830884167 47.57687199823943 38.98698169115833
19.524157987477274 96.34398507467826 24.475842012522726 87.65601492532174
45.60541277469984 27.26474395382567 42.39458722530016 36.73525604617433
49.12995685976498 31.13255455155583 58.87004314023502 28.86744544844417
81.90249787993102 42.07501839288792 88.09750212006898 49.92498160711208
95.06192553794989 20.11406977619923 92.93807446205011 29.88593022380077
73.91865536001839 16.546207704188163 78.08134463998161 7.453792295811838
93.98599534179125 69.62603415712671 84.01400465820875 70.37396584287329
95.1827487674111 55.06724210782326 96.8172512325889 64.93275789217674
51.34522257421582 64.58787427430079 58.65477742578418 71.41212572569921
45.061104435539114 60.779301355926314 54.938895564460886 59.220698644073686
12.012686793215357 69.09844793644822 13.987313206784643 78.90155206355178
75.47810696980699 83.54912235403035 82.52189303019301 76.45087764596965
15.181457714753297 12.499026810182768 10.818542285246703 3.5009731898172323
7.8698367410247805 63.905609070952764 2.130163258975219 72.09439092904724
34.40564771396281 72.20165085636413 31.594352286037193 81.79834914363587
19.97105205121394 44.46274633168151 10.02894794878606 45.53725366831849
74.71172190280038 35.35009261308877 67.28827809719962 28.649907386911227
89.18006177634477 84.65701888143893 92.81993822365523 75.34298111856107
93.49556189492223 87.76829801795043 96.50443810507777 78.23170198204957
12.760396709182043 61.8439017002199 15.239603290817957 52.1560982997801
39.937177352299905 95.20988621582906 30.062822647700095 96.79011378417094
60.07146707306683 2.1576442627158254 69.92853292693317 3.8423557372841746
26.92606673941892 75.09612660555548 19.07393326058108 68.90387339444452
13.794728983385685 17.417947099112403 4.205271016614316 14.582052900887595
24.010046488482157 7.986651202411769 31.989953511517843 14.01334879758823
27.288751364617127 40.64938310659533 34.71124863538287 47.35061689340467
62.960993600340245 26.00015215223647 63.039006399659755 35.999847847763526
85.51432711891127 36.791213273340986 94.48567288108873 41.208786726659014
75.54061836943697 56.782280340629896 78.45938163056303 47.217719659370104
3.3195922915680107 94.22083102203564 8.68040770843199 85.77916897796436
45.68603438446196 96.2172525754913 40.31396561553804 87.7827474245087
89.06651427502067 16.000442434452978 88.93348572497933 25.999557565547022
71.7510927688523 81.55792089072565 62.2489072311477 78.44207910927435
81.02695593378083 26.964391189912536 88.97304406621917 33.03560881008746
83.45177133981207 8.030146346606516 84.54822866018793 17.969853653393486
81.76990179853081 85.05963045707925 80.23009820146919 94.94036954292075
3.226531196672242 47.00513427438392 2.773468803327758 56.99486572561608
84.37056052115896 96.96022236824886 85.62943947884104 87.03977763175114
27.093207922383726 81.87152379480567 18.906792077616274 76.12847620519433
62.40721441703382 73.02355860473982 71.59278558296617 76.97644139526018
44.83968034179689 49.22660130136889 53.16031965820311 54.77339869863111
94.72474462859664 47.807653794241965 89.27525537140336 56.192346205758035
83.19000606874816 58.762107746724084 90.80999393125184 65.23789225327592
32.65548794207569 21.41136452249525 25.344512057924312 14.58863547750475
21.826680215319527 58.99699512229483 22.173319784680473 49.00300487770517
20.366298149786832 27.040320376774684 21.633701850213168 36.95967962322531
9.638549411652061 96.4072158012504 14.361450588347939 87.5927841987496
2.135522797699343 65.09814230566727 7.864477202300657 56.90185769433273
33.313361469802985 85.74224547273705 42.686638530197015 82.25775452726295
63.26357843526 91.38812348561692 54.73642156474 96.61187651438308
11.116803129906438 23.074424649711855 20.883196870093563 20.925575350288145
56.96077325556795 43.3749170400325 47.03922674443205 44.6250829599675
49.582158578937445 19.281641866529682 44.417841421062555 10.71835813347032
54.35658544363579 23.987268472960633 53.64341455636421 14.012731527039367
30.950315946713506 36.88857478088205 33.04968405328649 27.111425219117944
59.00561140197436 17.23681750761187 68.99438859802564 16.76318249238813
65.22836915130267 44.83850238032637 70.77163084869733 53.16149761967363
2.8065815754985746 29.855486841096425 5.193418424501425 20.144513158903575
86.08816422859242 4.93480979601249 95.91183577140758 3.06519020398751
18.71129989490292 2.008341733520119 19.28870010509708 11.991658266479881
36.86894943038706 90.86275268989831 27.13105056961294 93.13724731010169
75.67579494597204 26.77114133349721 66.32420505402796 23.22885866650279
