92.54520259572384 17.303712786271944 87.45479740427616 8.696287213728056
96.8239340436165 45.31516551917913 87.1760659563835 42.68483448082087
56.90064794360649 3.9917911740006162 47.09935205639351 2.0082088259993838
42.37304791820688 20.575860584647305 33.62695208179312 25.424139415352695
11.63032196544356 91.1131723723851 2.369678034556439 94.8868276276149
31.00632141074218 65.74865532194212 40.99367858925782 66.25134467805788
70.0459852423244 89.03490556183816 63.9540147576756 96.96509443816184
63.954793818490835 68.11046586696288 66.04520618150917 77.88953413303712
17.107339078865234 22.001152300564822 16.892660921134766 31.998847699435178
46.77654770309822 86.32625650483294 43.22345229690178 95.67374349516706
50.627149099031406 25.727830983603504 47.372850900968594 16.272169016396496
56.70457229988131 57.357997033195836 49.29542770011869 50.642002966804164
77.94684318830986 91.03932113399168 72.05315681169014 82.96067886600832
70.70595851908953 46.561485459693316 79.29404148091047 41.438514540306684
96.53219122825675 27.538873426251076 89.46780877174325 20.461126573748924
27.529591952153073 46.65292235206994 32.47040804784693 55.34707764793006
28.33591767272658 96.80175915272152 37.66408232727342 93.19824084727848
48.8007209522045 61.66448325672756 45.1992790477955 52.33551674327244
72.15545615638213 12.219319483941776 63.84454384361787 17.780680516058226
4.185812488366181 31.003453820971213 3.8141875116338193 40.99654617902878
65.07079053927887 56.90321621401466 56.92920946072113 51.09678378598534
18.90164227397013 70.07191258672255 13.098357726029871 61.92808741327746
21.337283715415403 65.71544001732364 24.662716284584597 56.284559982676356
62.01157546472322 85.42249367562168 57.98842453527678 94.57750632437832
50.82157700869636 72.85914799667256 53.17842299130364 63.14085200332744
67.93015525700748 62.09545807950098 76.06984474299252 67.90454192049903
33.361627491017735 3.1330504913315 42.638372508982265 6.8669495086685
42.600104877795296 35.800030588113735 45.399895122204704 26.199969411886265
17.059094326758807 91.55632862659287 12.940905673241193 82.44367137340713
57.687809875660705 9.293483472500899 54.312190124339295 18.7065165274991
75.33497291377779 37.79931161414946 84.66502708622221 34.20068838585054
64.78623529534993 46.51678175498386 69.21376470465007 55.48321824501614
96.97649256145694 53.096280770943416 95.02350743854306 62.903719229056584
74.99831462349007 27.581839767327782 79.00168537650993 18.418160232672218
89.65879402757558 63.18461072807343 80.34120597242442 66.81538927192658
95.09678474314128 83.0822563914151 96.90321525685872 92.9177436085849
53.956341866643186 83.39861689262685 50.043658133356814 92.60138310737315
28.302531813395067 58.28716824065101 37.69746818660494 61.71283175934899
7.270567285972163 56.053493362411615 8.729432714027837 65.94650663758839
58.32320631515998 81.95398327693592 59.67679368484002 72.04601672306408
26.413928973044413 21.378692374796014 21.586071026955587 12.621307625203986
10.35242782628097 70.75849536308769 15.64757217371903 79.24150463691231
44.50580063887743 71.02448324377598 45.49419936112257 80.97551675622402
11.825805161281249 20.691716947541067 2.1741948387187513 23.308283052458933
66.592544276001 41.477589053492736 59.40745572399901 34.522410946507264
78.20975318989946 72.43301622402595 87.79024681010054 69.56698377597405
88.49556189492223 95.76829801795043 91.50443810507777 86.23170198204957
15.19017826152355 57.850034111498566 8.80982173847645 50.149965888501434
21.988374745417527 96.34076003181215 12.011625254582473 95.65923996818785
62.42160092333866 10.492142615665813 69.57839907666134 3.5078573843341863
18.920569421470898 56.0583585665105 13.079430578529102 47.9416414334895
22.53960519400984 23.307018163249168 17.46039480599016 14.692981836750832
13.334019026081751 3.2031634601241756 22.66598097391825 6.796836539875825
35.46127284870044 48.24265633427082 38.53872715129956 57.75734366572918
73.1717249261536 17.139232499138604 70.8282750738464 26.860767500861396
75.83876749000585 55.8738364727691 82.16123250999415 48.1261635272309
43.671168492744016 48.50224255055098 52.328831507255984 43.49775744944902
3.573187003676657 59.96703701001071 2.426812996323343 50.03296298998929
26.537218132537195 92.308424787312 21.462781867462805 83.691575212688
88.85377761864072 47.356347500013946 85.14622238135928 56.643652499986054
63.1570838232857 61.12278170169028 56.8429161767143 68.87721829830971
86.81164819820813 29.148453195401807 93.18835180179187 36.85154680459819
81.58379622412114 4.0341987586390555 80.41620377587886 13.965801241360944
73.64168230470345 72.59110698155975 78.35831769529655 81.40889301844025
14.384170764877833 35.31932231319473 7.615829235122167 42.68067768680527
83.8555242348645 91.86725540967572 86.1444757651355 82.13274459032428
35.60078487598572 72.95774833032776 26.399215124014283 69.04225166967224
73.00821050955311 60.71357778880836 82.99178949044689 61.28642221119164
53.30251067744574 33.36579451386997 60.69748932255426 26.63420548613003
93.21140224304848 49.14896870701321 90.78859775695152 58.85103129298679
32.03076550955074 43.446187234772 41.96923449044926 44.553812765228
40.2868030769323 16.426418958026822 31.7131969230677 21.573581041973178
17.332520302191742 45.792939840192005 26.667479697808258 42.207060159807995
11.592878143563176 14.02377370769953 2.4071218564368237 17.97622629230047
4.690481078456495 84.82546994541667 7.309518921543505 75.17453005458333
12.808911857792555 43.72667933286042 21.191088142207445 38.27332066713958
27.28993279412743 85.32212428464926 36.71006720587257 88.67787571535074
82.99062981453852 96.30596413881226 73.00937018546148 95.69403586118774
25.417879781415618 28.99895669651049 34.582120218584386 33.00104330348951
58.6418362844141 39.85832072277545 49.3581637155859 36.14167927722455
42.670810676084315 12.784244273684749 33.329189323915685 9.215755726315251
65.3118817753736 30.952422973549112 66.6881182246264 21.047577026450888
9.198497718603846 34.66418154986751 12.801502281396154 25.335818450132493
82.68187588048458 26.823126455480068 85.31812411951542 17.176873544519932
28.227122969919336 36.510152740805836 37.772877030080664 39.489847259194164
3.452392601018185 12.979492035794816 2.547607398981815 3.0205079642051844
86.03492017867227 3.5899003033091352 95.96507982132773 2.4100996966908648
26.941624894964434 7.443346411348584 31.058375105035566 16.556653588651415
33.86894943038706 77.86275268989831 24.13105056961294 80.13724731010169
77.69084050434147 31.269099840305774 68.30915949565853 34.73090015969422
