79.23879078214426 22.47077351627052 74.76120921785574 13.52922648372948
75.74849256459952 5.565828331568669 66.25150743540048 2.434171668431331
91.46674811522283 48.310758041026304 96.53325188477717 39.689241958973696
51.85150388817202 37.20950817403265 42.14849611182798 34.79049182596735
14.232332791404605 91.33779055241679 5.767667208595394 96.66220944758321
56.086455689890784 94.93367401729488 49.913544310109216 87.06632598270512
86.04241801448896 94.64990834502757 95.95758198551104 93.35009165497243
64.22266613064937 86.72406519609186 71.77733386935063 93.27593480390814
19.632545460972924 37.250847491490475 14.367454539027076 28.749152508509525
65.09119038693692 96.9299544516074 58.908809613063084 89.0700455483926
64.9877691703947 7.349512092580839 55.01223082960531 6.650487907419161
46.77629933729729 79.67383789452707 43.22370066270271 70.32616210547293
72.7993467351703 84.51033128081878 77.2006532648297 93.48966871918122
58.94091527408037 52.23360828921541 49.05908472591963 53.76639171078459
90.78580638810952 18.85033337749524 93.21419361189048 9.14966662250476
16.24826723874348 69.17468164182942 21.75173276125652 60.82531835817058
77.98244262118007 83.01322844076445 84.01755737881993 90.98677155923555
12.15083241403865 6.218841139468872 21.84916758596135 3.7811588605311277
93.68812798788082 26.824830755976667 96.31187201211918 17.175169244023333
59.518572436288004 42.588824615194554 66.481427563712 35.411175384805446
44.913078346711295 40.38046201018496 41.086921653288705 49.61953798981504
2.0887076591075417 80.379722780217 5.911292340892459 89.620277219783
20.826269886084493 86.34546046281902 17.173730113915507 95.65453953718098
11.644920802503567 43.85059740042767 2.3550791974964342 40.14940259957233
21.121025758103855 80.90656031400268 30.878974241896145 83.09343968599732
22.24136734147725 69.82987459956757 27.75863265852275 78.17012540043243
40.236760835571374 3.3448432019617877 31.763239164428622 8.655156798038213
41.55527207522776 10.709935879773266 50.44472792477224 15.290064120226734
14.7234341297698 85.94738749845655 13.2765658702302 76.05261250154345
88.88726466126116 90.08211988748891 83.11273533873884 81.91788011251109
2.582957135140288 30.376974273334348 7.417042864859712 21.623025726665652
88.32973861638698 79.77274271623017 93.67026138361302 88.22725728376983
68.27400864812454 79.5947736078041 59.725991351875464 74.4052263921959
45.744359463979976 61.42169290803608 36.255640536020024 64.57830709196392
43.40282778476528 55.63037819521789 34.59717221523472 60.36962180478211
25.400366761534816 87.01605513109764 24.599633238465184 96.98394486890236
59.62831715968608 79.57339967367827 68.37168284031392 84.42660032632173
42.41211699322283 80.34521442153442 35.58788300677717 87.65478557846558
79.45393819636335 45.303204537558315 84.54606180363665 36.696795462441685
79.98912636356633 66.32957264505319 70.01087363643367 65.67042735494681
91.43415426679341 59.632518688597344 86.56584573320659 68.36748131140266
15.24545542153079 50.45264553144761 24.754544578469208 53.54735446855239
57.00008174539748 56.97140896482286 66.99991825460252 57.02859103517714
17.1248652600363 45.889567081180004 26.8751347399637 48.110432918819996
48.925073187369044 19.137646186847576 39.074926812630956 20.862353813152424
67.37545270666337 48.099062775446605 76.62454729333663 51.900937224553395
79.07113107545214 31.097261333414973 70.92886892454786 36.90273866658503
7.735811323390191 78.16245651286404 10.264188676609809 87.83754348713596
84.28997262612985 63.568294155087486 75.71002737387015 58.431705844912514
40.929444892591874 39.387273863922644 37.070555107408126 48.612726136077356
26.734919459073883 6.393594784594029 17.265080540926117 9.606405215405971
5.6161582370871965 33.395144872401 10.383841762912803 24.604855127599002
84.38534014658414 27.962075499687487 85.61465985341586 18.037924500312513
89.86165809414551 39.92519495337936 88.13834190585449 30.07480504662064
86.91542933239933 11.915726202632833 77.08457066760067 10.084273797367167
32.11669326571896 41.08491643440225 37.88330673428104 32.91508356559775
94.6975766888131 53.2874658389627 85.3024233111869 56.7125341610373
44.48958871411395 86.23359068611727 47.51041128588605 95.76640931388273
6.025444176694262 63.01895728442564 11.974555823305739 54.98104271557436
86.49697219389691 73.82681326677564 95.50302780610309 78.17318673322436
29.784760319213774 73.15272319864116 24.215239680786226 64.84727680135884
44.16185744256542 5.261894050204066 53.83814255743458 2.7381059497959344
71.36083063648545 43.42876746713116 78.63916936351455 36.57123253286884
28.898172493868955 55.53677430940431 33.101827506131045 46.46322569059569
13.796541373856659 13.253655420691409 6.20345862614334 6.746344579308592
91.78996283841238 71.48505693881378 96.21003716158762 62.51494306118621
17.117120799549962 56.47034222925032 12.882879200450038 65.52965777074968
61.13128037893596 65.81647340314422 52.86871962106404 60.18352659685579
49.10990420403009 73.91988403472193 54.89009579596991 82.08011596527807
79.82915057311962 77.29587991038464 70.17084942688038 74.70412008961536
38.98990923018062 16.682500591247443 29.010090769819378 17.317499408752557
28.239245370107156 23.65118816609177 19.760754629892844 18.34881183390823
16.114159253845457 41.53104079096399 11.885840746154543 32.46895920903601
2.7468035145048555 66.37125131369092 11.253196485495145 71.62874868630908
29.868231950790054 28.140314725550297 20.131768049209946 25.859685274449703
3.0118915980613883 16.65536313239958 12.98810840193861 17.34463686760042
53.643609005636854 26.45394733118535 62.356390994363146 21.54605266881465
40.120221505886114 96.83262682724597 31.879778494113886 91.16737317275403
52.447543040057816 21.378612560502688 45.552456959942184 28.621387439497312
69.97424202930968 31.506869050001168 60.025757970690314 30.493130949998832
62.937162838598965 47.20979552952578 53.062837161401035 48.79020447047422
70.88910561706645 14.952791202687223 61.11089438293355 17.047208797312777
27.68561068818578 43.95277073810664 26.31438931181422 34.04722926189336
65.00125792733019 24.887849694959375 74.99874207266981 25.112150305040625
45.40900073419166 66.01941277865697 54.59099926580834 69.98058722134303
21.013371025418763 13.36541958057402 30.986628974581237 12.63458041942598
37.88390551351342 25.915506275053552 32.11609448648658 34.08449372494645
3.2995401777808406 58.20803003180586 8.700459822219159 49.79196996819414
49.32751735803861 31.220138780531034 58.67248264196139 34.77986121946897
89.89529569816654 6.017880163630375 80.10470430183346 3.9821198363696255
