94.52945324819466 32.97780933286576 95.47054675180534 23.022190667134243
68.73029339540366 38.67059897515968 61.26970660459633 45.32940102484032
47.396541259499834 16.38126541013714 38.603458740500166 11.61873458986286
31.70600562223229 43.82965615238865 34.29399437776771 34.17034384761135
9.289395483822707 79.05075346930582 10.710604516177293 88.94924653069418
14.99919618890144 82.99939701546324 21.00080381109856 75.00060298453676
93.7417627917866 77.0553273151076 92.2582372082134 86.9446726848924
66.44942407829376 81.24650504249506 69.55057592170624 90.75349495750494
17.826210454380828 36.497263164323634 22.173789545619172 45.502736835676366
76.50635947958382 68.02570607247264 75.49364052041618 77.97429392752736
76.293388627732 32.82981840835176 73.706611372268 23.170181591648237
73.57446823773874 43.98152524367545 64.42553176226126 48.01847475632455
88.27145868585293 83.99262557998044 87.72854131414707 74.00737442001956
61.95173484438635 38.561207060888485 66.04826515561365 29.438792939111515
90.8308499020395 15.710469378430686 81.1691500979605 18.289530621569316
7.60137496953819 56.6225858918996 16.398625030461808 61.3774141081004
52.01293249324431 95.35938514585541 61.98706750675569 94.64061485414459
24.4323670588971 66.36847690743494 19.5676329411029 57.63152309256507
61.941288639371265 3.2360192525852223 52.058711360628735 4.763980747414777
17.472481269001037 65.45646904875215 24.527518730998963 72.54353095124785
49.21846331246526 69.9952250981419 48.78153668753474 60.004774901858106
24.687939929046024 87.6237448141842 17.312060070953976 94.3762551858158
30.082791343654158 61.89267376308035 37.91720865634584 68.10732623691965
82.31798944617385 79.4790939837568 73.68201055382615 84.5209060162432
46.98555074645302 87.90190674392791 45.01444925354698 78.09809325607209
62.62774029137403 78.55914249374644 55.37225970862597 85.44085750625356
32.64403128414423 24.756287171772033 27.355968715855767 33.24371282822796
46.89014448064486 30.99879303080926 47.10985551935514 21.00120696919074
2.159199928446664 67.92879855945401 3.840800071553336 58.07120144054599
32.355254270393694 4.148963234480744 41.644745729606306 7.851036765519256
46.589026243265266 51.35442360619271 55.410973756734734 46.64557639380729
62.556100092219594 56.291670484521994 71.4438999077804 51.708329515478006
91.87694573369478 68.897548046128 82.12305426630522 71.102451953872
89.68611251647523 31.99013773834816 90.31388748352477 22.00986226165184
93.31744709267706 51.47816523104023 84.68255290732294 56.52183476895977
63.619393018303015 66.74103531176115 58.380606981696985 75.25896468823885
40.9569097611179 80.09242180815453 39.0430902388821 89.90757819184547
27.027695188154755 77.47446707229648 36.97230481184524 78.52553292770352
30.987313206784552 95.90155206355179 29.012686793215448 86.09844793644821
70.88363290400707 80.08468619050812 65.11636709599293 71.91531380949188
64.86128879665065 6.194457347451193 73.13871120334935 11.805542652548807
11.35242782628097 63.75849536308768 16.64757217371903 72.24150463691231
37.01425570476533 72.62270194469762 46.98574429523467 73.37729805530238
10.723901273649899 36.693417134530904 7.276098726350101 27.3065828654691
69.03371106597172 24.8919772517958 66.96628893402828 15.108022748204199
85.22737290958095 61.50935226971688 94.77262709041905 64.49064773028313
61.13792795354963 62.16629988215977 70.86207204645038 59.83370011784023
47.557341213466785 55.48640874731129 40.442658786533215 62.51359125268871
23.651279506381655 81.58413144774607 16.348720493618345 88.41586855225393
32.045071610885735 53.33016072170296 41.954928389114265 54.66983927829704
11.480356252249406 25.34140908714294 6.519643747750594 16.65859091285706
18.0545928947026 23.263149565465294 27.9454071052974 24.736850434534706
27.732974316404682 13.99286463708966 28.267025683595318 4.007135362910341
55.181176812923034 52.003283581945134 54.818823187076966 61.996716418054866
94.99038941859158 4.309860373086438 85.00961058140842 3.6901396269135622
74.18842402917574 55.13461492285359 79.81157597082426 46.86538507714641
22.98074710096318 28.561641338346245 13.01925289903682 29.438358661653755
5.627374092285963 51.691259200681536 12.372625907714037 44.308740799318464
12.01895728442559 94.9745558233058 3.9810427155744117 89.0254441766942
78.70180755850576 59.638955400505736 71.29819244149424 66.36104459949426
41.307132831033044 23.173883159098246 38.692867168966956 32.826116840901754
76.00011093941133 8.966692616347546 85.99988906058867 9.033307383652454
61.71915201109933 12.347848585589956 52.28084798890067 15.652151414410044
44.605316280685116 45.464346188853945 37.394683719314884 38.535653811146055
11.977783084834362 11.529175658725144 2.0222169151656377 12.470824341274856
84.51494306118619 87.78996283841244 93.48505693881381 92.21003716158756
34.8284762598689 58.29839016011461 25.1715237401311 55.70160983988539
51.73844654310297 34.2102415581197 58.26155345689703 41.7897584418803
71.32475592220767 34.60992906141296 78.67524407779233 41.39007093858704
89.16859034592291 49.21252238321305 96.83140965407709 42.78747761678695
26.179164523860425 44.85896810296888 23.820835476139575 35.14103189703112
56.951078726532266 9.697724475476965 47.048921273467734 8.302275524523035
43.40248250454799 36.527555922708515 50.59751749545201 43.472444077291485
5.57379184866219 2.6743428023393627 14.42620815133781 7.325657197660638
3.5067525366506804 82.97425390049584 2.4932474633493196 73.02574609950416
16.036764527289105 50.394778022189996 25.963235472710895 51.605221977810004
35.20324498513811 96.41107807275053 44.79675501486189 93.58892192724947
63.55010604400143 86.9271915215482 54.44989395599857 91.0728084784518
3.471304055023622 32.97773768771701 2.528695944976378 23.02226231228299
59.44668656230187 18.21386398119995 56.55331343769813 27.78613601880005
23.140277019568238 5.109156872813861 16.859722980431762 12.89084312718614
78.63523515312812 24.72504031665065 75.36476484687188 15.274959683349351
30.15103665194591 47.780346586432 39.84896334805409 50.219653413568
82.02153105854732 37.90332525237848 83.97846894145268 28.09667474762152
2.7619876080947425 46.844308548956086 5.238012391905258 37.155691451043914
13.000498239212028 16.929415696660133 22.99950176078797 17.070584303339867
70.00586549855355 3.24211687562463 79.99413450144645 2.75788312437537
33.494232720514226 14.832498852799528 42.505767279485774 19.167501147200472
80.78532338843533 85.8476544433495 75.21467661156467 94.1523455566505
95.7750001854771 38.51697160219578 86.2249998145229 41.48302839780422
