63.47855648538885 15.223180561083927 54.52144351461115 10.776819438916073
65.59395218552892 7.973728278429951 56.40604781447108 4.026271721570049
87.28851461351746 25.673889319208854 96.71148538648254 22.326110680791146
2.7197836511982683 9.77361639611843 9.280216348801732 2.226383603881571
3.7167931710980113 75.55174567088893 8.283206828901989 84.44825432911107
45.87635321839309 83.08981566369924 40.12364678160691 74.91018433630076
86.52350467773202 73.02275656534094 87.47649532226798 82.97724343465906
49.881676526731965 80.47090454256022 54.118323473268035 89.52909545743978
30.006986398865504 17.994769721548597 35.99301360113449 26.005230278451403
75.46149785322771 84.39194891775352 68.53850214677229 91.60805108224648
79.99922565567815 34.087993429353425 70.00077434432185 33.912006570646575
48.501237842183876 91.82310820478098 39.498762157816124 96.17689179521902
66.85859517083964 64.0742701725926 65.14140482916036 73.9257298274074
85.90506302574786 46.969719914945166 76.09493697425214 45.030280085054834
80.99678700278433 3.1792195547522324 71.00321299721567 2.8207804452477676
42.91452885458408 40.07945334856918 33.08547114541592 41.92054665143082
75.02851284073607 94.53321236414199 84.97148715926393 93.46678763585801
49.287471422887265 19.767297657963805 42.712528577112735 12.232702342036195
90.77610792648161 13.479457020193408 81.22389207351839 10.520542979806592
37.29767647092614 36.69945680378125 46.70232352907386 33.30054319621875
60.99340903016361 47.41455340904922 57.00659096983639 56.58544659095078
8.394588018578098 51.01559428862431 7.605411981421902 60.98440571137569
35.242141948318405 71.19362172308713 28.757858051681595 78.80637827691287
21.61191598058312 68.9313805911943 12.388084019416878 65.0686194088057
15.304465355110967 82.75240039399733 8.695534644889033 75.24759960600267
25.50473233029081 86.23179482255874 22.49526766970919 95.76820517744126
28.283736857341 43.3037844145365 31.716263142659 52.6962155854635
38.84470869526004 5.803405710980535 31.15529130473996 12.196594289019465
14.331724710205552 96.9551395678679 15.668275289794448 87.0448604321321
95.80557271122252 94.93467857179509 94.19442728877748 85.06532142820491
5.961022619542502 46.59939020802135 2.0389773804574984 37.40060979197865
82.21139784320525 60.56149752035643 91.78860215679475 63.43850247964357
56.959890693199284 63.63204771300525 47.040109306800716 62.36795228699475
52.0244302701054 52.03285305367944 43.9755697298946 57.96714694632056
95.81538927192665 77.65879402757555 92.18461072807335 68.34120597242445
43.946269609929914 89.2689617343232 34.053730390070086 90.7310382656768
70.8875658603568 46.855666734999566 63.1124341396432 53.144333265000434
32.53758860098688 64.46652198391334 25.46241139901312 71.53347801608666
79.9948077019195 75.22780698155609 70.0051922980805 74.77219301844391
96.05838403897167 61.886698601924415 93.94161596102833 52.113301398075585
95.70240509318212 18.300768897526048 86.29759490681788 21.699231102473952
19.727921395000205 61.453948676478234 24.272078604999795 52.546051323521766
53.01661607096605 95.40728935150103 62.98338392903395 94.59271064849897
10.05928095849316 11.232344248447436 19.94071904150684 12.767655751552564
70.2676486654303 7.0071687198651125 69.7323513345697 16.992831280134887
80.95896842278779 41.63924344485772 71.04103157721221 40.36075655514228
56.47509706671745 69.7698640751163 47.52490293328255 74.2301359248837
2.856422905136473 50.00206186334499 3.143577094863527 59.99793813665501
39.44378902435797 21.98026618785175 38.55621097564203 12.01973381214825
3.1038671934370967 69.98615408443962 12.896132806562903 72.01384591556038
6.309332906212936 35.268629960042276 15.690667093787063 38.731370039957724
25.754448897267906 9.803471840247342 32.245551102732094 2.196528159752658
74.78519684484999 16.85018074861521 77.21480315515001 7.14981925138479
74.95099014591062 23.933516524836218 83.04900985408938 18.066483475163782
82.97742228547318 27.52537657867014 73.02257771452682 28.47462342132986
81.70448303213331 55.55901035143849 90.29551696786669 50.44098964856151
58.10872418991213 40.9629749522556 67.89127581008786 43.0370250477444
35.38326912900445 32.68150648522116 28.616730870995557 25.318493514778833
15.738503355438977 60.94516054279387 14.261496644561023 51.05483945720613
47.974378977204395 25.019344598383668 54.025621022795605 32.98065540161633
56.413245193134436 78.27886662203414 61.586754806865564 69.72113337796586
46.48809641692155 8.440992663233082 53.51190358307845 15.559007336766918
83.20731317058116 69.70157655539396 74.79268682941884 64.29842344460604
23.947688764217105 81.06850996753701 16.052311235782895 74.93149003246299
22.901299723399134 3.011434867392362 13.098700276600864 4.988565132607638
90.06583951029747 87.08804069851156 91.93416048970253 96.91195930148844
13.809070814079888 43.27307635629397 22.190929185920112 48.72692364370603
77.84542432350005 60.233638166252206 68.15457567649995 57.766361833747794
35.84878818232004 55.13433341146005 38.15121181767996 64.86566658853995
85.8301070302141 87.70768963608722 76.1698929697859 90.29231036391278
18.90581575480669 21.121192682881322 21.09418424519331 30.878807317118678
51.9724128961769 3.524509284887956 42.0275871038231 2.475490715112044
25.20501250799212 66.14584670719016 30.79498749200788 57.85415329280984
2.7296294360359377 23.8359237618281 5.270370563964063 14.164076238171901
8.069801301047782 22.909120159767724 15.930198698952218 29.090879840232276
15.075241339957252 16.135851783353132 24.924758660042748 17.864148216646868
89.88008945600373 35.90719313541843 96.11991054399627 28.092806864581565
7.83183361565213 96.65235269563334 4.16816638434787 87.34764730436666
44.0046393440966 20.10196980528977 41.9953606559034 29.89803019471023
81.84761795407418 50.77501013418981 72.15238204592582 53.22498986581019
47.817374387245444 39.00333632454955 48.182625612754556 48.99666367545045
96.97178571124407 41.469578618955374 87.02821428875593 42.530421381044626
43.3680693967589 53.43309879476735 34.6319306032411 48.56690120523265
56.28057012869052 26.3486424706346 65.71942987130947 29.6513575293654
33.60025588698153 83.7293244887702 28.39974411301847 92.2706755112298
57.10379488615239 17.866378179992395 64.8962051138476 24.133621820007605
25.182397933863676 30.77108153329452 32.817602066136324 37.22891846670548
13.956656625530071 33.056937740231064 6.043343374469929 26.943062259768936
67.36686674542537 83.5647433753918 58.63313325457464 88.4352566246082
95.92014375527347 3.109952008348169 86.07985624472653 4.890047991651831
