50.91061061588956 22.065506837120186 45.08938938411044 13.934493162879814
54.25048346141603 14.46489912426842 49.74951653858397 5.535100875731579
89.43736030015184 11.5082186888884 96.56263969984816 4.4917813111116
11.039660577338976 38.89071629558771 8.960339422661024 29.109283704412288
11.949246530694179 94.28939548382266 2.050753469305821 95.71060451617734
48.288098400879385 88.76675044383543 41.711901599120615 81.23324955616457
84.61661979921477 87.60460481657167 89.38338020078523 96.39539518342833
58.86961887147611 75.12945192978479 61.13038112852389 84.87054807021521
27.47402547303728 13.238550457784847 30.52597452696272 22.761449542215153
59.99892599220394 92.896371217956 50.00107400779606 93.103628782044
74.5312297374072 29.113754258857142 65.4687702625928 24.886245741142858
33.64212534838873 91.1424014831383 24.35787465161127 94.8575985168617
70.33870675845505 70.5806730492125 65.66129324154495 79.4193269507875
84.90506302574786 45.969719914945166 75.09493697425214 44.030280085054834
75.34214015815265 10.718884128776189 68.65785984184735 3.28111587122381
41.99382319726505 54.10228540626977 44.00617680273495 63.89771459373023
71.11148303658888 95.04995328393301 80.88851696341112 92.95004671606699
49.99853057666024 29.998897510659216 56.00146942333976 22.001102489340784
90.86767527240373 20.14268869007675 81.13232472759627 17.85731130992325
44.00745769422368 44.727014057076744 53.99254230577632 45.272985942923256
55.91744390080717 52.11859935140534 58.08255609919283 61.88140064859466
11.263227433173872 74.05458129328038 12.736772566826128 83.94541870671962
28.880025319386753 79.91126087507419 19.119974680613247 82.08873912492581
13.291465095448594 52.4440058186664 8.708534904551406 43.5559941813336
25.22067574176246 74.47979901892347 20.77932425823754 65.52020098107653
37.9675346979328 59.95719398898003 30.032465302067198 66.04280601101998
28.29763944759867 36.049576820671746 29.70236055240133 45.950423179328254
46.23152369223854 23.15403782562687 43.76847630776146 32.84596217437313
6.766136568896878 88.99452779505657 7.233863431103122 79.00547220494343
96.29814564206082 94.75795626953737 89.70185435793918 87.24204373046263
4.6592044890565685 41.98837232168177 5.3407955109434315 32.01162767831823
85.00563454572584 67.76269490280886 94.99436545427416 68.23730509719114
63.03159533380975 70.95740410908003 54.96840466619025 65.04259589091997
51.62270530555565 72.09458779840486 42.37729469444435 75.90541220159514
91.47894836189566 60.763024450306766 94.52105163810434 51.236975549693234
37.253392806244065 77.20323357996843 30.746607193755935 84.79676642003157
64.37491906633466 51.27145773424437 67.62508093366534 60.72854226575563
39.216164107358374 67.17164677249608 32.783835892641626 74.82835322750392
78.84154605809488 68.35148323484628 75.15845394190512 77.64851676515372
96.80118351622718 38.935393092077454 95.19881648377282 29.064606907922546
94.31558616785642 13.047063728819989 95.68441383214358 22.95293627118001
15.953512754027747 62.93699522781088 24.04648724597225 57.06300477218912
62.00134223953168 88.88415271384349 71.99865776046832 89.11584728615651
3.025876044404061 20.491973549540372 12.974123955595939 21.508026450459628
62.9599117388437 13.09300810540408 61.0400882611563 22.90699189459592
90.31498218870493 27.526050021507714 81.68501781129507 22.473949978492286
47.4973801646851 54.23112868379548 50.5026198353149 63.76887131620452
3.2925682698365537 74.00856695852936 2.7074317301634463 83.99143304147064
66.77881870267926 37.27422192471455 59.22118129732074 30.72577807528545
3.409600371486517 46.01680548887783 2.590399628513483 55.98319451112217
37.9762720042236 43.09623685586577 36.0237279957764 52.90376314413423
25.031889793780437 8.43619065380483 34.96811020621956 9.56380934619517
77.34344182039096 24.98819082594146 76.65655817960904 15.011809174058541
70.94750165062705 21.605131629042205 67.05249834937295 12.394868370957795
58.60854702066187 12.265616302598737 53.39145297933813 3.734383697401264
75.7239049062186 57.40866622201255 84.2760950937814 62.59133377798745
85.72774022224718 36.54614374924306 90.27225977775282 45.45385625075694
23.86015954555974 26.825755906250933 14.139840454440263 29.174244093749067
14.23985667465064 59.1691256665552 19.76014332534936 50.8308743334448
66.78951301533574 46.515164742085844 71.21048698466426 55.484835257914156
68.15180558663423 83.7772936042496 77.84819441336577 86.2227063957504
40.642392312378014 2.041438503255443 39.357607687621986 11.958561496744558
82.82071857397538 83.74474165671118 91.17928142602462 78.25525834328882
19.289659298537785 75.76538732397398 12.710340701462217 68.23461267602602
20.859871783877324 6.175434491697869 11.140128216122676 3.824565508302131
96.05935613628928 76.11351204068748 93.94064386371072 85.88648795931252
23.917184298406045 42.000685891087706 24.082815701593955 51.999314108912294
77.94225743966547 64.24231180550879 68.05774256033453 65.75768819449121
51.10990420403009 76.91988403472193 56.89009579596991 85.08011596527807
90.99999965858818 74.0018477332186 81.00000034141182 73.9981522667814
38.14146475904752 21.481800282661517 33.85853524095248 30.518199717338483
35.7547021319826 5.546870271263917 26.2452978680174 2.4531297287360827
25.527555922708483 63.59751749545198 32.47244407729151 56.40248250454802
4.675707476073107 69.98947235275686 5.324292523926893 60.01052764724314
22.58887015571522 14.722412909495933 17.41112984428478 23.277587090504067
5.147517736921172 7.79442300681152 14.852482263078828 10.20557699318848
91.32141982988799 37.778008968237536 96.67858017011201 46.221991031762464
23.967206668192738 86.95676631658903 16.032793331807262 93.04323368341097
54.46904336385665 31.652147096853962 49.53095663614335 40.347852903146034
90.27764772923794 50.411230040242 81.72235227076206 55.588769959758
68.62296414077547 32.583068663146896 77.37703585922453 37.416931336853104
89.41840502944295 33.34044803313238 80.58159497055705 28.659551966867618
51.99658206837184 49.184844891801006 42.00341793162816 48.815155108198994
59.01691866039039 42.4109748931924 68.98308133960961 41.5890251068076
36.547839973693634 85.38301352604513 43.452160026306366 92.61698647395487
32.70559662056252 13.43912131980526 41.29440337943748 18.56087868019474
38.5568845448525 31.212786010306786 41.4431154551475 40.787213989693214
16.67450639244975 43.73377721163735 23.32549360755025 36.26622278836265
60.77795101379038 53.15163983647007 63.22204898620962 62.84836016352993
91.13275984627788 3.1856979456722767 82.86724015372212 8.814302054327722
