47.83921443809993 11.115684800186346 42.16078556190007 2.8843151998136545
62.172217467666194 18.50349545055459 57.827782532333806 9.496504549445412
73.17221570938723 69.1235465325086 78.82778429061277 60.87645346749141
3.0190356101204054 8.435882721326962 12.980964389879595 7.564117278673039
9.159618804022537 81.00254846572751 8.840381195977463 90.99745153427249
46.57192671024447 95.02422482845981 37.42807328975553 90.97577517154019
96.68432191295966 70.25153546911413 87.31567808704034 73.74846453088587
48.91714422174066 68.06350406446889 55.08285577825934 75.93649593553111
5.034862030287214 20.589410673229114 14.965137969712785 19.410589326770886
92.9112331008123 91.93797091078865 83.0887668991877 90.06202908921135
90.99310933608571 15.26241028541916 81.00689066391429 14.73758971458084
46.99399066801901 81.7549342787352 37.00600933198099 82.2450657212648
51.72132638206573 60.549421774316244 56.27867361793427 69.45057822568376
83.86823225690897 40.14031341866658 74.13176774309103 37.85968658133342
71.7567405719585 2.4594094862410922 62.2432594280415 5.540590513758907
22.54584595336094 43.91786538179876 13.454154046639063 48.08213461820124
75.75413634631275 91.35942395786496 84.24586365368725 96.64057604213504
46.04886514620247 44.88875054641589 43.95113485379753 35.11124945358411
94.60946533581999 3.5399768802052964 87.39053466418001 10.460023119794704
18.215178144976022 35.451027158837796 27.784821855023978 32.548972841162204
66.95727216078797 38.65226737146401 57.042727839212034 37.34773262853599
10.314822242066423 68.25674559994893 3.6851777579335767 75.74325440005107
41.64598683751591 52.04190550657249 40.35401316248409 61.95809449342751
26.93460234880689 95.19396051017986 17.06539765119311 96.80603948982014
23.127143593611912 81.17746820076228 14.872856406388088 86.82253179923772
31.957629055507105 86.00017953291693 32.042370944492895 95.99982046708307
30.0267091496088 36.48388168273624 39.9732908503912 37.51611831726376
38.541042904774 16.907410853272506 29.458957095225998 21.092589146727494
12.159199928446665 61.92879855945401 13.840800071553335 52.07120144054599
93.32761262872167 64.95458325421477 94.67238737127833 55.04541674578523
4.617292173725243 89.96174872119272 3.382707826274757 80.03825127880728
74.68234675754383 42.1767448820693 77.31765324245617 51.8232551179307
74.90371922905659 76.97649256145685 65.09628077094341 75.02350743854315
70.46965260439515 48.652493126675445 65.53034739560485 57.347506873324555
79.5024754564656 87.97518535620341 80.4975245435344 78.02481464379659
61.99017315340483 96.31332395222465 52.00982684659517 95.68667604777535
84.69875555204003 52.049066686119346 83.30124444795997 61.950933313880654
37.34992381260082 53.586627358247256 32.65007618739918 62.413372641752744
75.99007118848223 81.31494369953936 66.00992881151777 80.68505630046064
82.6041149957737 69.66987261877996 89.3958850042263 62.33012738122004
75.9717539965961 20.106871128154918 78.0282460034039 29.893128871845082
21.75849536308779 76.6475721737192 30.24150463691221 71.3524278262808
62.00134223953168 84.88415271384349 71.99865776046832 85.11584728615651
6.438269067651354 16.047098165905474 15.561730932348645 11.952901834094527
62.711679291726675 61.168827290125705 65.28832070827332 70.8311727098743
95.61756540859166 26.548446651931766 88.38243459140834 33.45155334806824
51.97334759961469 81.01985124747988 46.02665240038531 72.98014875252012
7.821558018848356 51.872190611683656 2.178441981151644 60.127809388316344
9.595893771962034 38.66224805116108 16.404106228037968 31.33775194883892
18.040539539160637 91.63541477585198 27.959460460839363 90.36458522414802
19.907460985691912 50.45893399369724 24.092539014308088 59.54106600630276
25.649315594442555 28.464050568320232 34.350684405557445 23.535949431679768
64.17322107191586 24.781962859821032 71.82677892808414 31.218037140178968
71.86240477041846 19.099590092958756 66.13759522958154 10.900409907041244
95.0390063996599 19.999847847763526 94.9609936003401 10.000152152236474
82.11669326571896 34.08491643440225 87.88330673428104 25.915083565597747
52.474782079726374 3.0276619044735655 53.525217920273626 12.972338095526435
5.312446839195988 35.99022814835919 4.687553160804012 26.009771851640807
13.38703846684012 82.2629135607266 18.61296153315988 73.7370864392734
47.18946526408367 54.14354322725525 44.81053473591633 63.85645677274475
52.36186403110826 53.75261979455104 57.63813596889174 62.24738020544896
70.88522632438105 9.840534738114174 79.11477367561895 4.159465261885826
76.40259799618022 57.629951290789585 67.59740200381978 62.370048709210415
21.806253396136 71.13822931658882 16.193746603864 62.86177068341118
38.9583192213285 8.355740347837662 29.0416807786715 9.644259652162338
91.56432994969525 47.25101360198974 88.43567005030475 56.74898639801026
32.50798097073927 67.8041482197654 41.49201902926073 72.1958517802346
57.658964592038544 31.814951495255762 48.341035407961456 28.185048504744238
52.1473419540069 39.00217143665477 51.8526580459931 48.99782856334523
90.42322598479451 85.28488455790372 95.57677401520549 76.71511544209628
17.15785664493696 56.88633725868649 22.84214335506304 65.11366274131352
50.78097457649783 24.463653681333593 41.21902542350217 21.536346318666407
29.02751383884235 43.52381425820194 38.972486161157654 42.47618574179806
26.087239734512554 2.070060983801779 35.91276026548745 3.929939016198221
12.4617330254577 44.0986025988211 21.5382669745423 39.9013974011789
4.431638872920069 41.01866605381809 3.5683611270799314 50.98133394618191
82.68709979128549 46.5296030893542 91.31290020871451 41.4703969106458
11.984529906939333 95.3930160388933 2.015470093060668 94.6069839611067
23.587558000478367 6.203646426921037 26.412441999521633 15.796353573078964
65.63613506718933 48.751377645926304 60.36386493281067 57.248622354073696
29.2017161571698 56.14656016029898 26.7982838428302 65.85343983970102
90.99273216190778 20.730508702456483 81.00726783809222 21.269491297543517
70.93681137772693 43.79239726195004 61.06318862227307 42.20760273804996
53.22470748736168 18.84094343999824 58.77529251263832 27.15905656000176
42.942939509908086 76.24677426929932 33.057060490091914 77.75322573070068
32.131928919534545 31.141001295150847 41.868071080465455 28.858998704849153
14.497477552663359 24.17423356869258 23.50252244733664 19.82576643130742
36.88504002353959 46.93398688168654 27.114959976460415 49.06601311831346
55.7777585521595 84.5258822240856 46.2222414478405 87.4741177759144
82.5812755148137 6.510807301538664 75.4187244851863 13.489192698461336
