83.4354413382594 2.367130223724151 76.5645586617406 9.632869776275848
73.85277809293683 13.644051392731711 70.14722190706317 4.355948607268289
73.09388798031698 64.91721069385744 74.90611201968302 55.08278930614256
14.208062782221992 11.33213528392885 17.791937217778006 20.66786471607115
5.462554577871898 60.028968676599035 6.537445422128102 69.97103132340096
38.05587459393485 56.60655797808863 41.94412540606515 47.39344202191137
89.55094442007162 82.92903286230346 80.44905557992838 87.07096713769654
57.04028714543358 81.09296920360387 58.95971285456642 90.90703079639613
18.064739455206954 34.198000402114154 27.935260544793046 35.801999597885846
95.39800147640467 86.33208697399303 88.60199852359533 93.66791302600697
82.9082754433062 27.046673102950837 73.0917245566938 28.953326897049163
47.60899876589997 61.061668146077004 38.39100123410003 64.938331853923
38.16784556153846 79.71536640132041 47.83215443846154 82.28463359867959
88.56120706088845 36.048265155613734 79.43879293911155 31.951734844386266
87.34916291764875 6.287439192276237 80.65083708235125 13.712560807723763
5.904608869938486 31.37696365442022 2.095391130061514 40.62303634557978
77.00043450561027 89.99942074657459 84.99956549438973 96.00057925342541
34.22722846137225 33.939921471955486 35.77277153862775 24.06007852804451
85.6921336386878 21.727391651217047 76.3078663613122 18.272608348782953
15.220592404012649 41.151272931658596 12.779407595987351 50.848727068341404
70.39266107235883 56.984557882325575 69.60733892764117 47.015442117674425
23.58870394619986 86.25911192166183 20.41129605380014 95.74088807833817
34.298554057695235 44.00892141169529 33.701445942304765 53.99107858830471
54.97880837800581 93.5401444410479 45.02119162199419 94.4598555589521
12.761820380887162 71.32068499185077 9.238179619112838 80.67931500814923
33.314465879309054 87.62111878793841 40.685534120690946 94.37888121206159
46.049576820671746 30.70236055240133 55.950423179328254 29.29763944759867
35.920064404176486 11.890486529238656 26.079935595823518 10.109513470761344
11.083650824759763 87.06139230905802 16.916349175240235 78.93860769094198
85.04541674578522 44.327612628721745 94.95458325421478 45.672387371278255
11.356768332294058 66.98725539320698 10.643231667705942 57.01274460679302
78.32973861638698 63.77274271623017 83.67026138361302 72.22725728376983
78.59353697905048 71.97469441233214 69.40646302094952 68.02530558766786
75.71030914934752 34.6771963861078 66.28969085065248 31.322803613892198
95.57793891372269 81.01059078437746 86.42206108627731 76.98940921562254
68.74418119770809 93.42115714419924 59.25581880229191 96.57884285580076
68.19176255868443 72.72564242915526 59.80823744131557 67.27435757084474
34.63058876275692 59.27335422452974 31.369411237243078 68.72664577547026
70.12017402474132 78.09301726964021 63.87982597525868 85.90698273035979
73.27141995528724 74.66868031402421 80.72858004471276 81.33131968597579
64.71707659347956 4.1673912290563 67.28292340652044 13.8326087709437
3.6935021754739443 83.95167191286063 2.3064978245260557 74.04832808713937
67.571911534641 88.32207505110293 76.428088465359 83.67792494889707
3.8419921686777965 2.1235342723935204 10.158007831322204 9.87646572760648
67.66084237858674 41.594382129606515 60.339157621413264 48.405617870393485
96.97566887028283 50.50733450161552 87.02433112971717 51.49266549838448
18.495561894922236 87.76829801795043 21.504438105077764 78.23170198204957
23.901680377169484 53.37575825209272 20.098319622830516 62.62424174790728
8.802627585773703 53.14068576632667 3.1973724142262983 44.85931423367333
2.1223069491616275 90.90085919837217 11.877693050838372 93.09914080162783
23.828527159918703 41.49614546140872 28.171472840081297 50.50385453859128
20.0545928947026 14.263149565465294 29.9454071052974 15.736850434534706
73.00657501344516 41.25633357885725 82.99342498655484 40.74366642114275
58.98734957383457 5.355449333059011 49.01265042616543 4.644550666940989
95.25637764280525 25.944393369249674 96.74362235719475 16.055606630750326
91.26604192774248 73.78589092899257 84.73395807225752 66.21410907100743
63.27834011156322 17.22475350302584 56.72165988843678 24.77524649697416
9.971156560998072 21.038077610602134 2.028843439001928 14.961922389397866
35.37754571117074 96.68675805674201 28.622454288829264 89.31324194325799
65.06651427502067 54.00044243445298 64.93348572497933 63.99955756554702
38.47402662966369 37.45493134175384 45.52597337033631 44.54506865824616
66.00996701223615 23.31554838143859 75.99003298776385 22.68445161856141
52.51355106164198 54.22606351595936 55.48644893835802 63.77393648404064
20.66012178200102 71.2336452502452 15.33987821799898 62.766354749754804
31.999876162530253 2.964809669484913 22.000123837469747 3.035190330515087
85.73501363396169 61.21319870740702 92.26498636603831 68.78680129259298
10.527064722016679 35.02785732517605 9.472935277983321 44.97214267482395
53.94225743966547 35.2423118055088 44.05774256033453 36.7576881944912
55.845583886160036 40.88871645993294 50.154416113839964 49.11128354006706
96.708364298588 68.6990947450876 93.291635701412 59.300905254912394
25.34254688215738 65.71729256694492 28.65745311784262 56.28270743305508
43.71698001726482 10.65574230190704 36.28301998273518 17.34425769809296
22.003004877705166 19.826680215319612 31.996995122294834 20.173319784680388
9.940536326095037 3.0809668244012673 18.059463673904965 8.919033175598733
15.71582559343485 55.44775755638645 20.28417440656515 46.55224244361355
4.147517736921172 26.79442300681152 13.852482263078828 29.20557699318848
39.03108733618493 72.55669285910479 48.96891266381507 71.44330714089521
50.97691166324425 89.47994822248165 41.02308833675575 88.52005177751835
2.6521470968539598 10.530956636143351 11.347852903146041 15.469043363856649
60.85979930486697 30.131741340600506 63.14020069513303 39.868258659399494
18.000626192381873 28.920870159220275 27.999373807618127 29.079129840779725
94.19888391921899 35.49053554821696 89.80111608078101 26.509464451783042
57.136571193931 51.36021195691956 60.863428806069 60.63978804308044
43.676765186644985 3.231422212910748 34.323234813355015 6.768577787089252
31.593411119464065 73.01655887139975 32.406588880535935 82.98344112860025
52.11151222892512 10.370354879853032 55.88848777107488 19.629645120146968
39.271197628075804 20.331070829497996 46.728802371924196 13.668929170502004
48.658135882701416 25.182922649337815 39.341864117298584 28.817077350662185
60.97983938393511 75.55144709318877 51.02016061606489 76.44855290681123
94.31900843836488 11.480840197737948 85.68099156163512 16.519159802262052
