94.31962716848182 18.738993910435994 87.68037283151818 11.261006089564008
72.92020174585521 52.889727362782224 63.0797982541448 51.110272637217776
47.93227561409692 15.820156854866704 38.06772438590308 14.179843145133296
29.924056893721378 23.86813806931558 20.075943106278622 22.13186193068442
16.855674774184877 67.89571911486505 11.144325225815123 76.10428088513495
31.066325982705177 76.08645568989085 38.93367401729482 69.91354431010915
80.82794625511667 84.06902595842989 79.17205374488333 93.93097404157011
66.72490380017447 74.54759196821098 71.27509619982553 83.45240803178902
14.629272932291139 20.039756500262744 13.370727067708861 29.960243499737256
76.8578451973394 55.35797337117472 73.1421548026606 64.64202662882528
74.86728293354957 47.096179754231414 69.13271706645043 38.903820245768586
65.33265662678556 85.4225233816808 60.667343373214436 76.5774766183192
93.98181743812968 93.4260223153158 84.01818256187032 92.5739776846842
58.793798761395976 49.4869450737425 63.206201238604024 40.5130549262575
85.14782821373018 15.20795395643556 76.85217178626982 20.79204604356444
42.376963654420216 45.09539113006152 51.623036345579784 48.90460886993848
35.45695792144091 89.4719902452573 42.54304207855909 96.5280097547427
46.33487744288586 59.49175391143655 37.66512255711414 54.50824608856345
56.999525927696354 2.9311487233818605 47.000474072303646 3.0688512766181395
17.14139989700699 59.897756046848464 22.85860010299301 68.10224395315154
55.25225506110623 62.84064636819649 52.74774493889377 53.15935363180351
36.990813855775656 84.69705271581063 27.009186144224344 85.30294728418937
26.98470513315091 64.97949779866597 35.01529486684909 59.02050220133403
73.40287677640201 87.6152328228938 68.59712322359799 96.3847671771062
55.16340461752455 83.92951398882494 56.83659538247545 74.07048601117506
73.09006305259015 71.08349567764469 74.90993694740985 80.91650432235531
49.49432147255355 7.673156448738436 54.50567852744645 16.326843551261565
58.684090173338106 12.823731058847981 61.315909826661894 3.176268941152019
8.524157987477274 70.34398507467826 13.475842012522726 61.65601492532175
30.000404050590987 2.9364363102628355 39.99959594940901 3.0635636897371645
59.24719747736289 59.55269706665991 68.75280252263711 56.44730293334009
62.52116514171164 70.3422779442747 67.47883485828837 61.6577220557253
94.32679703641206 53.04552749832877 95.67320296358794 62.95447250167123
76.15943789798895 38.64890644653565 79.84056210201105 29.351093553464352
89.77408059355709 58.514013968362555 80.22591940644291 61.485986031637445
92.25339280624407 69.20323357996843 85.74660719375593 76.79676642003157
40.79322260319823 81.14781612935285 43.20677739680177 90.85218387064715
33.40128249641776 68.47120041619766 40.59871750358224 61.52879958380234
17.03370493951716 49.974941787482436 22.96629506048284 58.025058212517564
52.549122354030274 87.52189303019308 45.450877645969726 80.47810696980692
23.912589608955727 15.932924748488311 30.087410391044273 8.067075251511689
19.653598332749336 81.01201384475398 20.346401667250664 90.98798615524602
41.12179774283418 76.09687863420814 50.87820225716582 73.90312136579186
13.322761267559418 38.487285327840006 4.677238732440583 43.512714672159994
59.27179381638107 24.190094392691343 64.72820618361892 15.809905607308655
78.65488541579157 68.4738591815419 87.34511458420843 63.5261408184581
78.9554366427104 78.96618632485281 85.0445633572896 71.03381367514719
34.9757479787015 50.50813411131901 25.0242520212985 51.49186588868099
30.591108272517197 89.52092808711022 23.408891727482803 96.47907191288978
42.08236904729557 30.060471601159286 47.91763095270443 21.939528398840714
12.586856296633757 56.96544053303444 11.413143703366243 47.03455946696556
16.31537534791692 35.218150125046265 21.68462465208308 26.781849874953735
10.586094933348477 11.653115409604666 17.413905066651523 4.346884590395335
39.54800563044825 49.724094436607814 48.45199436955175 54.275905563392186
73.38136055795873 23.316740468405598 66.61863944204127 30.683259531594402
87.00242337086479 31.155652934188694 96.99757662913521 30.844347065811306
47.40510054982007 32.475154376872496 54.59489945017993 25.524845623127508
2.93310397709617 71.55279483729548 7.06689602290383 62.44720516270453
11.433437734255087 89.96779701668999 12.566562265744913 80.03220298331001
95.64258543888029 45.57486185381417 88.35741456111971 52.42513814618583
56.966077550519685 32.40276832590063 53.033922449480315 41.59723167409937
77.3845636214028 25.922952686657077 86.6154363785972 22.077047313342923
66.76543671918644 7.154811303399334 69.23456328081356 16.845188696600665
91.03777158795559 44.05103397722209 82.96222841204441 49.94896602277791
11.686310932886602 34.25687354437278 2.3136890671133976 37.74312645562722
95.52581465397472 85.76150077619609 92.47418534602528 76.23849922380391
52.2835444478067 69.5790011561968 43.7164555521933 64.4209988438032
41.021784226028906 33.97117196663007 48.978215773971094 40.02882803336993
73.34649398983773 5.281322444332814 76.65350601016227 14.718677555667185
87.80765379424197 35.27525537140336 96.19234620575803 40.72474462859664
34.321921045802455 30.38699501131742 41.678078954197545 23.61300498868258
25.831428643974647 3.787500265193693 18.168571356025353 10.212499734806308
29.85248233413739 34.11501189923537 36.14751766586261 41.88498810076463
2.800974137999342 18.00396269967338 3.199025862000658 27.99603730032662
3.896766223303196 89.9989341651345 4.103233776696804 80.0010658348655
27.006636568444815 45.74247011744766 36.99336343155519 46.25752988255234
5.140349265023936 93.82365195029422 14.859650734976064 96.17634804970578
57.967941048907605 91.43470208334116 48.032058951092395 92.56529791665884
2.405929361421478 58.739086283158585 5.594070638578522 49.260913716841415
62.48625442309622 32.661966004785754 57.51374557690378 41.338033995214246
10.262702659050262 2.5412808255366794 5.7372973409497385 11.45871917446332
82.38570461692429 11.804146408534478 79.61429538307571 2.1958535914655224
16.018134771081897 42.42546308993471 25.981865228918103 41.57453691006529
78.93610525890773 46.88550181454026 81.06389474109227 37.11449818545974
22.325606579801097 36.224644344083515 27.674393420198903 27.775355655916485
9.56093979151136 25.750101784938558 6.439060208488639 16.249898215061442
85.66011233789717 7.483017333875811 94.33988766210283 2.516982666124189
30.103707278875536 16.98692666155722 39.89629272112446 19.01307333844278
61.99649013243514 95.8126864754528 52.00350986756486 96.1873135245472
95.88608430968587 24.938783660773396 86.11391569031413 27.061216339226604
