96.51667423027925 14.14468037188092 87.48332576972075 9.85531962811908
73.6418481403103 44.425922083602956 66.3581518596897 37.574077916397044
50.99035685887587 3.6896156881049027 41.00964314112413 4.310384311895097
44.98098258886606 21.43567470595978 35.01901741113394 20.56432529404022
14.278150147921107 90.41206041186379 5.7218498520788925 95.58793958813621
34.002695402701434 73.83584531131089 43.997304597298566 74.16415468868911
69.0459852423244 87.03490556183816 62.9540147576756 94.96509443816184
60.90093032999711 71.13685001432647 69.09906967000289 76.86314998567353
14.497332702735912 12.02533161022152 15.502667297264088 21.97466838977848
60.39800147640467 62.33208697399302 53.60199852359533 69.66791302600697
79.64897593755965 40.24062807638561 74.35102406244035 31.75937192361439
41.93770992594556 68.91128293776517 40.06229007405444 59.08871706223484
77.46423152376997 91.75829961093436 80.53576847623003 82.24170038906564
58.19080730044211 57.136234565006035 63.80919269955789 48.863765434993965
94.7704463191941 22.283859703774766 87.2295536808059 15.716140296225236
28.760486026091414 46.529588703411264 33.239513973908586 55.470411296588736
42.145960832900926 91.80070697314287 51.854039167099074 94.19929302685713
35.60330322713977 64.46643993937356 28.39669677286023 57.53356006062644
70.42335239394679 2.668915788958876 61.576647606053214 7.331084211041124
8.185812488366182 51.00345382097122 7.814187511633819 60.99654617902878
53.585446590950816 59.993409030163534 44.414553409049184 56.006590969836466
23.333975706489753 80.8187663166515 20.666024293510247 71.1812336833485
23.527441682635512 62.97761877173108 24.472558317364488 53.02238122826892
63.55443917643203 84.7017630947202 58.44556082356797 93.2982369052798
49.57559675695494 71.7452602520276 46.42440324304506 62.254739747972394
65.43463226083406 66.49455382518647 72.56536773916594 73.50544617481353
35.57021693177696 5.630085327906661 40.42978306822304 14.369914672093339
59.26868174426375 27.69068620751318 62.73131825573625 18.30931379248682
8.636980129822005 83.95925965384068 7.363019870177995 74.04074034615932
51.10842796533087 16.080132186024105 52.89157203466913 25.919867813975895
79.04978021107671 48.703792612459274 88.95021978892329 47.296207387540726
64.10424616807269 57.98432563428573 73.89575383192731 60.01567436571427
90.63204771300532 60.04010930680073 89.36795228699468 69.95989069319927
79.73047968568335 31.946352133522637 78.26952031431665 22.053647866477363
80.76824452891331 67.32310880114063 77.23175547108669 76.67689119885937
96.17509833168651 85.14004692297677 93.82490166831349 94.85995307702323
54.63060005626531 74.27335812055667 51.36939994373469 83.72664187944333
18.000711641378363 67.08435583767691 27.999288358621637 66.91564416232309
14.401984482620662 58.01618534897894 13.598015517379338 67.98381465102106
56.076672374070135 86.05637222052849 61.923327625929865 77.94362777947151
31.33705159621004 33.72345090530707 24.66294840378996 26.27654909469293
17.129179947427776 76.36318726592353 20.870820052572224 85.63681273407647
44.28179274435185 86.34515248655681 53.71820725564815 89.65484751344319
17.979671305288125 35.549584978836116 8.020328694711875 36.450415021163884
65.53242643609012 25.779772780636424 68.46757356390988 16.220227219363576
89.44322347601255 80.5141628815995 96.55677652398745 73.4858371184005
87.41257275310919 95.74131571779698 90.58742724689081 86.25868428220302
20.35801681221245 47.45105884557544 11.641983187787549 42.54894115442456
27.973443608697423 95.51464421798634 18.026556391302577 94.48535578201366
44.545654807071145 16.614899623515058 51.454345192928855 9.38510037648494
19.128964958936987 56.89994593369504 12.871035041063013 49.10005406630496
19.005336783510437 29.90006582463569 20.994663216489563 20.09993417536431
13.062398582163567 7.212540643220469 22.937601417836433 8.787459356779532
34.37848010908243 45.27023539239439 37.62151989091757 54.72976460760561
72.4838336935777 16.023464562875198 71.5161663064223 25.976535437124802
71.0004680077211 53.06840948895976 80.9995319922789 52.93159051104024
49.34499826380114 43.4118854477229 56.65500173619886 36.5881145522771
2.9635850155910206 73.99986739313259 3.0364149844089794 64.00013260686741
15.912909262180285 84.61960800876707 12.087090737819715 75.38039199123293
96.5943768971667 51.02726055273866 87.4056231028333 54.97273944726134
57.70923397052865 42.05055688233028 56.29076602947135 51.94944311766972
86.68210294318973 22.569723119935926 91.31789705681027 31.430276880064074
83.23597734194914 9.005571634902887 82.76402265805086 18.994428365097114
80.48923535252592 57.66367582395698 75.51076464747408 66.33632417604302
13.86381355845068 29.840984181026275 4.13618644154932 32.15901581897373
85.58924396165378 86.96515775717697 84.41075603834622 77.03484224282303
45.807532330723646 80.62608847117187 36.192467669276354 83.37391152882813
41.77294278120176 44.32942192231613 50.22705721879824 49.67057807768387
59.05251402078457 12.722760323666668 68.94748597921543 11.277239676333332
96.08910947802767 57.000794112968975 95.91089052197233 66.99920588703102
47.98803256352909 37.98397675739893 56.01196743647091 32.01602324260107
27.981136755928112 2.566091462699834 18.018863244071888 3.433908537300166
18.991866089353863 41.99388662528379 25.008133910646137 34.00611337471621
8.844057893099581 17.071758298023898 7.155942106900419 26.928241701976102
2.63528370187848 90.986680461177 3.36471629812152 81.013319538823
35.24600318195625 38.54903655671191 44.75399681804375 35.45096344328809
34.02392704603082 95.51143275101943 43.97607295396918 96.48856724898057
78.84055717852738 96.25259977702659 69.15944282147262 93.74740022297341
2.380722832592943 52.259035937897224 7.619277167407057 43.740964062102776
69.4072711130298 29.638652643880377 60.59272888697021 34.36134735611962
11.993566732555728 3.2535572667322215 2.0064332674442724 2.7464427332677785
78.74613237562711 11.993550963922894 79.25386762437289 2.0064490360771057
35.36021195691955 33.86342880606899 44.63978804308045 30.13657119393101
85.18544077389738 33.85744070180806 82.81455922610262 24.14255929819194
33.10325540578353 28.01088692691704 42.89674459421647 25.98911307308296
3.1481903231455446 18.926907780181917 4.851809676854455 9.073092219818083
86.10522700547298 5.020390774188496 95.89477299452702 2.9796092258115037
24.70596900367802 12.557318176155984 29.29403099632198 21.442681823844016
36.961151529641015 89.37792645134147 27.038848470358985 90.62207354865853
94.5812755148137 35.51080730153866 87.4187244851863 42.48919269846134
