91.82047563806461 10.327785608758266 82.17952436193539 7.672214391241735
72.70486412164729 47.20520036186449 67.29513587835271 38.79479963813551
37.31075804102626 7.533251884777244 28.689241958973742 2.4667481152227557
39.49990958209357 11.669820779533861 34.50009041790643 20.33017922046614
21.586341697861393 89.51601474943124 14.413658302138606 96.48398525056876
36.51927133729581 66.41049753076705 43.48072866270419 73.58950246923295
62.899075317814166 90.99953040493223 53.100924682185834 89.00046959506777
73.42992701270057 56.97159350948679 82.57007298729943 61.02840649051321
7.517410652605112 43.65986749831282 12.482589347394889 52.34013250168718
53.93797091078872 63.088766899187725 52.06202908921128 72.91123310081228
41.07773090632103 50.94050408809283 34.92226909367897 43.05949591190717
70.87523929808843 67.15951268118219 63.12476070191157 60.84048731881781
78.98712757160585 94.64144932780886 69.01287242839415 95.35855067219114
79.33687108929503 36.23175429402126 84.66312891070497 27.768245705978742
92.28340102073304 17.57923936376273 83.71659897926696 12.42076063623727
22.434853616946338 28.3665745321872 15.565146383053662 35.6334254678128
42.40163939327017 84.96343569552845 51.59836060672983 81.03656430447155
22.393765663112823 52.05510791207287 31.606234336887177 55.94489208792713
54.9865020062961 27.367148118890707 45.0134979937039 26.632851881109293
25.740141608559437 12.539838562267542 30.259858391440563 21.46016143773246
64.99065159064376 44.694391261896975 55.00934840935624 45.305608738103025
2.1724939260315113 78.9310479309722 3.8275060739684887 69.0689520690278
29.015943551408437 61.398975334140935 38.98405644859156 60.601024665859065
74.05922208361565 76.04510932602199 67.94077791638435 83.95489067397801
46.9065603140026 76.87897424189613 49.0934396859974 67.12102575810387
73.55914249374645 63.37225970862596 80.44085750625355 70.62774029137404
64.43494462452061 7.039673851086684 73.56505537547939 2.9603261489133152
49.003885552754696 39.8029202445031 58.996114447245304 40.1970797554969
27.077153808856014 91.10020608357365 34.92284619114399 84.89979391642635
26.77628410912374 31.84160529225195 21.22371589087626 40.15839470774805
52.30428110240113 32.71762162152578 61.69571889759887 29.28237837847422
85.32443265027975 46.0105367567811 84.67556734972025 55.9894632432189
89.41923097549346 32.51028751999043 96.58076902450654 39.48971248000957
65.48821273523978 19.765973066028472 68.51178726476022 10.23402693397153
81.73257191399084 77.32684639063584 74.26742808600916 70.67315360936416
89.89376748582045 60.08192399667212 96.10623251417955 67.91807600332788
55.92399301163242 78.05815005263851 62.07600698836758 85.94184994736149
59.90257330046088 53.865500731443625 68.09742669953913 48.134499268556375
21.03370493951716 60.974941787482436 26.96629506048284 69.02505821251756
67.18218244120762 90.22866366903965 74.81781755879238 83.77133633096035
12.367068663494448 16.809482640502146 9.632931336505552 7.1905173594978535
3.3511629907342915 55.012346788925825 2.6488370092657085 64.98765321107417
44.63771467670434 55.04083474855739 43.36228532329566 64.95916525144261
16.979671305288125 60.549584978836116 7.020328694711875 61.450415021163884
66.57015519614525 31.971778739104987 57.42984480385475 36.028221260895016
93.42628547483066 83.7458848061527 96.57371452516934 74.2541151938473
91.09570921501201 96.07002396015477 96.90429078498799 87.92997603984523
18.762924305465983 54.678899218106466 15.237075694534017 45.321100781893534
41.980266187851754 95.55621097564212 32.019733812148246 96.44378902435788
46.281025809713775 5.652659248427346 55.718974190286225 2.347340751572654
21.991910860516196 72.28429906904606 12.008089139483804 71.71570093095394
15.817558269429526 22.661668082779467 6.182441730570473 25.338331917220533
24.790164727615576 4.166338887674499 31.209835272384424 11.833661112325501
26.150142601644216 25.783906576116095 35.84985739835578 28.216093423883905
56.8516211898543 12.48508377839445 61.1483788101457 21.51491622160555
85.93657229120981 38.048366075530716 92.06342770879019 45.951633924469284
70.01199975819407 51.65380123087463 79.98800024180593 52.34619876912537
4.8345590724387835 86.76570097425552 13.165440927561217 81.23429902574448
38.9932411933842 81.58551955017055 35.0067588066158 72.41448044982945
96.41510375564303 19.017260906684854 95.58489624435697 28.982739093315146
66.08800062423043 75.87893224934031 57.91199937576957 70.12106775065969
81.0333202053029 23.57627408144703 90.9666797946971 22.42372591855297
73.60348700829783 9.26409149009189 70.39651299170217 18.73590850990811
81.63905450888883 81.7531904564587 76.36094549111117 90.2468095435413
2.1033626173187625 45.92452556464237 7.896637382681238 54.07547443535763
87.8052675931072 89.99620648989868 88.1947324068928 80.00379351010132
18.987508073377278 76.35321837154439 9.012491926622722 75.64678162845561
49.726978568456154 53.403600984908714 58.273021431543846 58.596399015091286
28.939004914862192 49.08309771872855 37.06099508513781 54.91690228127145
96.83140965407706 48.787477616786916 89.16859034592294 55.212522383213084
84.36468572030304 65.56714548985376 91.63531427969696 72.43285451014624
20.655487942075688 9.41136452249525 13.34451205792431 2.58863547750475
27.20501250799212 43.14584670719016 32.794987492007884 34.85415329280984
3.8902104486905644 35.15225881724694 12.109789551309436 40.84774118275306
12.561992550594372 92.36533156548762 17.438007449405628 83.63466843451238
8.194838592166088 68.38218082922012 17.805161407833914 65.61781917077988
23.3666760262443 84.43496097528518 30.6333239737557 77.56503902471482
63.94497242960954 95.73976190115569 54.05502757039046 94.26023809884431
12.87486526128881 29.825466932646382 21.12513473871119 24.174533067353618
49.9267676281527 44.852619925984975 40.0732323718473 43.147380074015025
40.134510589049775 22.638959932747056 43.865489410950225 13.361040067252944
47.21052409825657 22.149557108125236 52.78947590174343 13.850442891874762
44.94412046354671 39.60656006399775 41.05587953645329 30.393439936002252
74.29308116898919 20.686687617277084 83.70691883101081 17.313312382722916
72.22836915130267 37.83850238032637 77.77163084869733 46.16149761967363
8.048909639954196 17.5609175926893 3.9510903600458045 8.4390824073107
86.00045803325236 4.067676604000703 95.99954196674764 3.9323233959992963
15.429200886425932 10.253149449919988 18.57079911357407 19.746850550080012
47.89338826481192 91.02701085184188 38.10661173518808 88.97298914815812
78.34116060413399 29.480791125652264 69.65883939586601 24.519208874347736
