60.75920336671766 19.680299511198964 57.24079663328234 10.319700488801036
71.58150288457334 11.488959313003356 64.41849711542666 4.511040686996644
85.03637136809462 21.047892397762745 92.96362863190538 14.952107602237255
2.538241319680167 12.7815543038336 5.461758680319833 3.2184456961664
3.5078345773763697 87.02585645140583 2.4921654226236303 96.97414354859417
43.15463768548124 83.87920882053822 36.84536231451876 76.12079117946178
86.99626330021532 68.41579528857912 83.00373669978468 77.58420471142088
43.64754507374997 70.58797599508321 48.35245492625003 79.41202400491679
25.391159133707603 12.26590757727022 28.608840866292397 21.73409242272978
57.801770617163726 86.60608503123645 48.198229382836274 89.39391496876355
83.89058586194798 28.040273967238686 74.10941413805202 25.959726032761314
55.9211228031166 96.88461876344887 46.0788771968834 95.11538123655113
61.90294679940919 76.00094202111487 62.09705320059081 85.99905797888513
95.77682924475835 50.47712638810003 86.22317075524165 47.52287361189997
95.99931870663362 4.917462314648116 86.00068129336638 5.082537685351884
39.96892911071196 49.556546038274675 30.03107088928804 48.443453961725325
73.08984697750331 89.05639134400609 82.91015302249669 90.94360865599391
45.881853151297804 33.63234591939662 42.118146848702196 24.36765408060338
79.27632406251459 22.590955907065702 70.72367593748541 17.409044092934298
41.427679208617256 44.023334520213865 50.572320791382744 39.976665479786135
62.41972509627741 52.205797182951045 59.58027490372259 61.794202817048955
3.8892268869572892 46.085528051043084 10.110773113042711 53.914471948956916
30.907224652116394 75.37804217605142 27.092775347883606 84.62195782394858
18.4451627632402 72.36132767185218 13.554837236759798 63.63867232814782
13.575596756954933 79.7452602520276 10.424403243045067 70.2547397479724
30.833070960104713 86.88008386796389 25.166929039895287 95.11991613203611
22.29763944759867 32.049576820671746 23.70236055240133 41.950423179328254
43.812488194904866 13.643549715654373 34.187511805095134 16.356450284345627
15.555172307140083 91.51578581067508 8.444827692859917 84.48421418932492
94.89498708239648 86.62698864895414 91.10501291760352 77.37301135104586
6.880453519025069 40.632914262403986 3.1195464809749307 31.367085737596017
82.34089944682441 65.81460244555079 91.65910055317559 62.1853975544492
64.48389417591011 72.21239531260562 55.516105824089884 67.78760468739438
55.0244302701054 58.03285305367944 46.9755697298946 63.96714694632056
95.14934321677306 75.86610831877567 92.85065678322694 66.13389168122433
43.44764154569684 89.37870633994078 36.55235845430316 96.62129366005922
67.03634911446467 55.43346057894833 62.96365088553533 64.56653942105167
35.65875020196438 53.59213454496431 28.341249798035623 60.40786545503569
81.86410943646568 82.84222653766574 72.13589056353432 85.15777346233426
96.10651249224057 45.99886538016345 95.89348750775943 36.00113461983655
96.96539232926312 17.094083403623753 95.03460767073688 26.905916596376247
20.20205732361825 64.14385289069023 25.79794267638175 55.856147109309774
67.00843029876135 95.70977264485172 76.99156970123865 96.29022735514828
13.124865260036303 6.889567081180004 22.8751347399637 9.110432918819997
74.71167929172668 4.168827290125707 77.28832070827332 13.831172709874293
77.95896842278779 33.63924344485772 68.04103157721221 32.36075655514228
40.97488015979643 63.98128278739974 35.02511984020357 72.01871721260025
4.567753599997241 65.20952296220104 7.432246400002759 74.79047703779896
35.31209861054431 29.95245309704039 36.68790138945569 20.04754690295961
3.11063640006941 54.919365492059335 8.88936359993059 63.080634507940665
17.419074021131628 42.510448576985056 24.580925978868372 49.489551423014944
29.41558567951552 9.99578188641365 38.584414320484484 6.004218113586351
81.86296833168541 15.924965548966622 80.13703166831459 6.075034451033379
64.57010849396455 30.369854376165957 69.42989150603545 21.630145623834043
62.970393668835875 11.022034491664602 57.029606331164125 2.977965508335397
84.21299760885375 59.44381720004997 93.78700239114625 56.55618279995003
69.34146570110123 39.59190276198268 76.65853429889877 46.40809723801732
32.83921990606437 35.64943761514622 29.16078009393563 26.35056238485378
12.372749754879157 59.441374094641674 19.627250245120845 52.558625905358326
62.511811637382 40.41774624755638 69.48818836261799 47.58225375244362
52.488315687799414 83.32336002616546 57.511684312200586 74.67663997383454
46.81164819820813 10.148453195401808 53.18835180179187 17.851546804598193
80.21495648532328 73.48262955954698 75.78504351467672 64.51737044045302
21.22165782443022 89.848458740673 18.77834217556978 80.151541259327
30.91472898662424 4.919477562551403 21.08527101337576 3.080522437448596
87.90527756386125 82.4599407585873 92.09472243613875 91.5400592414127
11.481780502762255 38.026927654589905 12.518219497237745 47.973072345410095
79.99993859674969 60.024779603159615 70.00006140325031 59.975220396840385
36.24571078019263 60.5326984552499 31.754289219807372 69.4673015447501
67.1480376988005 89.11543327423367 60.851962301199514 96.88456672576633
21.2374655373549 14.320953914739848 24.7625344626451 23.679046085260154
54.92371243011458 6.870089596268823 45.07628756988542 5.129910403731177
22.57698262831209 73.37366971964032 27.42301737168791 64.62633028035968
6.111802675856664 24.998749859882096 5.888197324143336 15.001250140117904
10.236951653842908 22.707665396032112 17.763048346157092 29.292334603967888
12.987607191000771 14.009324673154964 19.01239280899923 21.990675326845036
85.56062127453207 36.30041659963205 94.43937872546793 31.69958340036795
14.744299628028806 96.31364154602505 7.255700371971194 89.68635845397495
39.57392492846297 30.033048200708127 38.42607507153703 39.96695179929187
85.98890133020406 54.33296173577172 76.01109866979594 53.66703826422828
54.36447118124453 38.27506132494607 57.63552881875547 47.72493867505393
90.99999388075625 42.992177442872055 81.00000611924375 43.007822557127945
53.78454077043653 49.54804627620897 44.21545922956347 52.45195372379103
49.28057012869052 30.3486424706346 58.71942987130948 33.6513575293654
34.33315517854831 80.04466772212972 35.66684482145169 89.95533227787028
46.42551384884827 20.981565841321295 55.57448615115173 25.018434158678705
27.182397933863676 37.77108153329452 34.817602066136324 44.22891846670548
17.34359421998701 35.47652766027263 8.65640578001299 30.523472339727366
72.56418922417576 68.70757252564229 67.43581077582424 77.29242747435771
96.65991769352271 9.187497009769661 87.34008230647729 12.812502990230339
