96.66127678870981 28.95607839008965 95.33872321129019 19.04392160991035
77.2517662774897 32.368938708125285 68.7482337225103 37.631061291874715
37.99546315699807 15.212950339456993 28.004536843001926 14.787049660543007
32.1318619306845 52.92405689372139 33.8681380693155 43.07594310627861
6.696103956344229 87.2964660765257 3.3038960436557714 96.7035339234743
16.74865532194203 87.99367858925781 17.25134467805797 78.00632141074219
93.00877321232208 80.4136053506012 96.99122678767792 89.5863946493988
66.88167652673197 78.47090454256022 71.11832347326803 87.52909545743978
26.891636463162648 33.371640518365766 23.108363536837352 42.628359481634234
76.15813680958998 66.00250135073028 75.84186319041002 75.99749864926972
71.12404249871022 29.872014825623303 68.87595750128978 20.127985174376697
60.93581201847945 59.79859859643867 51.06418798152055 58.20140140356133
88.71929968418983 87.69510474813339 85.28070031581017 78.30489525186661
68.68004412407959 51.95353812837903 67.31995587592041 42.04646187162097
86.89171820832728 24.965063784419826 77.10828179167272 27.034936215580174
9.65292235206993 59.47040804784691 18.34707764793007 54.52959195215309
58.003428119310655 95.18512007212765 67.99657188068934 94.81487992787235
23.20040516810294 70.48979031761905 18.79959483189706 61.51020968238094
55.948744179913874 5.714094560803106 46.051255820086126 4.285905439196894
10.360012369128734 64.75377045970819 15.639987630871266 73.24622954029181
52.78226943998516 72.9952570908048 53.21773056001484 63.0047429091952
32.37964617577109 87.31516734076081 25.620353824228907 94.68483265923919
25.09904493943575 65.00972756560144 34.90095506056425 66.99027243439856
80.62906470040743 81.74699884774627 75.37093529959257 90.25300115225373
48.01663553684881 93.01242276935103 53.98336446315119 84.98757723064897
63.38690259888281 75.60651664582117 58.61309740111719 84.39348335417883
39.46857036631269 25.398747493727015 32.53142963368731 32.601252506272985
49.89014448064486 33.99879303080926 50.10985551935514 24.00120696919074
5.895654766932856 66.91912619664005 4.104345233067144 57.08087380335994
36.008148836190706 10.285345331792517 45.991851163809294 9.714654668207483
54.589026243265266 53.35442360619271 63.410973756734734 48.64557639380729
72.15448326725496 46.23327514881631 81.84551673274504 43.76672485118369
93.84589318031188 76.23179514733854 84.15410681968812 73.76820485266146
92.32784348764021 27.820459695125713 89.67215651235979 18.179540304874287
96.79928751014317 57.59755948611581 87.20071248985683 60.40244051388419
78.86326802904877 56.82586072521548 71.13673197095123 63.17413927478452
40.12759884646984 79.1288070412434 37.87240115353016 88.8711929587566
21.01238334722151 75.64831814814144 30.98761665277849 76.35168185185856
34.745374970055494 78.79571019895602 41.254625029944506 71.20428980104398
70.88363290400707 77.08468619050812 65.11636709599293 68.91531380949188
61.17337633455104 5.694739875684531 70.82662366544896 8.305260124315469
9.540423840364063 71.21777902703958 12.459576159635937 80.78222097296042
44.02159981677963 76.53574617318613 53.97840018322037 77.46425382681387
15.783171805746466 37.26919119786608 8.216828194253534 30.730808802133925
56.110511355895696 29.141954501163834 63.889488644104304 22.858045498836166
85.01437225413015 66.62116497045193 94.98562774586985 67.37883502954807
65.87882920253925 60.83124553123828 74.12117079746075 55.16875446876172
49.95902439046077 53.94612936165647 42.04097560953923 60.05387063834353
30.82504830179923 80.77990598135663 23.17495169820077 87.22009401864337
27.354302947991552 56.15135214252145 36.645697052008444 59.84864785747855
13.871433920536736 30.164174362913265 6.128566079463264 23.835825637086735
16.73796003851475 25.6143862313558 25.26203996148525 20.3856137686442
24.04141765678212 13.600429893481166 27.95858234321788 4.399570106518833
58.91942058458393 64.00064934638395 59.08057941541607 73.99935065361605
96.30579586457871 10.541677000048768 87.69420413542129 5.458322999951231
81.0483660755307 52.06342770879016 88.9516339244693 45.93657229120984
29.95097924043003 27.301569931323897 20.04902075956997 28.698430068676103
5.260008038122269 52.31850269324735 12.739991961877731 45.68149730675265
18.686015266797064 96.37835632415218 11.313984733202938 89.62164367584782
85.40587872255563 54.61687924278214 80.59412127744437 63.38312075721786
45.013502407569774 26.000018231534256 44.986497592430226 35.999981768465744
83.13575030318529 11.842815966650953 92.86424969681471 14.157184033349047
53.773936484040625 18.513551061641937 44.226063515959375 21.486448938358063
45.64055797027798 42.861510602841 36.35944202972202 39.138489397159
11.820401585894297 16.671945576902907 2.179598414105703 19.328054423097093
86.0136331270942 93.63102112690883 95.9863668729058 94.36897887309117
48.49201902926077 70.19585178023453 39.50798097073923 65.80414821976547
54.988979053481614 36.422250033841486 59.011020946518386 45.577749966158514
57.38448057555361 10.546303532235234 64.61551942444639 17.453696467764765
89.34197159057213 55.40864022094127 96.65802840942787 48.59135977905873
22.881391982446637 58.99859301585677 23.118608017553363 49.00140698414323
52.65804855862646 9.59138140257217 45.34195144137354 16.408618597427832
49.13115259942497 38.904915801572095 54.86884740057503 47.095084198427905
6.386293646368957 3.5444065068751742 13.613706353631043 10.455593493124827
8.109184336871026 82.87541896731348 5.890815663128974 73.12458103268652
9.433964484762901 54.0374787541453 18.566035515237097 49.9625212458547
33.140349265023936 92.82365195029422 42.859650734976064 95.17634804970578
66.99981587055419 89.95709008792332 57.000184129445806 90.04290991207668
3.035672175427691 38.99987274797072 2.964327824572309 29.00012725202928
65.56158488692837 29.706017831073332 60.43841511307163 38.29398216892667
20.620148418493955 4.2697654284325885 17.379851581506045 13.730234571567411
75.19888391921899 22.490535548216958 70.80111608078101 13.509464451783042
37.01993960786781 49.55390753120436 46.98006039213219 50.44609246879564
76.11176209003034 41.08143133905424 81.88823790996966 32.91856866094576
3.5056955439320885 46.5762880712135 10.494304456067912 39.4237119287865
11.404018653361653 21.968998593537428 20.595981346638347 18.031001406462572
74.0135843951505 2.6316802805803765 83.9864156048495 3.3683197194196235
31.177445569949633 21.32021542530058 40.82255443005037 18.67978457469942
83.58777857520857 88.51749445150847 76.41222142479143 95.48250554849153
96.91231457924093 39.932290445396156 87.08768542075907 38.067709554603844
