95.35601685216409 19.95835514110308 96.64398314783591 10.04164485889692
68.1329432348205 44.814032732174844 59.8670567651795 39.185967267825156
67.54212905114403 26.305528990417965 62.45787094885597 17.694471009582035
20.148546627527413 44.20971078143676 29.851453372472587 41.79028921856324
3.7674651668429955 56.05925135048517 2.2325348331570045 65.94074864951483
22.662044735944647 81.72264081737215 29.337955264055353 74.27735918262785
96.4819620583879 79.02328295215867 95.5180379416121 88.97671704784133
71.14195597743281 64.19924997884341 62.858044022567185 69.80075002115659
7.308442829399411 37.271043287127696 16.69155717060059 40.728956712872304
88.72197434462916 73.00773581078128 89.27802565537084 82.99226418921872
89.9597260327614 23.890585861948 92.0402739672386 14.109414138052
75.66191469907851 54.80736032337654 66.33808530092149 51.19263967662346
80.05556975841534 82.90999506300977 81.94443024158466 73.09000493699023
74.02392892316503 22.894034078376052 71.97607107683497 13.10596592162395
91.96215270625817 9.614036252818046 82.03784729374183 8.385963747181954
2.6546268939224835 40.18440333858375 5.345373106077517 49.81559666141625
56.12576957723503 92.88560429568648 65.87423042276497 95.11439570431352
25.016669907564797 66.98744312420791 18.983330092435203 59.01255687579208
65.98907085376848 12.669588111476193 56.01092914623152 13.330411888523807
13.585860863843404 69.62142349258608 18.414139136156596 78.37857650741392
60.68717442881898 63.745021593386234 67.31282557118102 56.254978406613766
28.999093070633688 81.10083547569468 27.000906929366312 90.89916452430532
29.245411470042054 48.15758838281093 26.754588529957946 57.84241161718907
82.98607566749172 95.6271066666632 73.01392433250828 96.3728933333368
49.97586388433676 90.49069196503821 40.02413611566324 89.50930803496179
75.99059680339239 81.3065021141357 66.00940319660761 80.6934978858643
15.34484320196181 29.76323916442861 20.655156798038192 38.23676083557139
41.484018100974446 40.21214413412271 32.515981899025554 35.78785586587729
9.809667764673602 74.93400832091399 8.190332235326398 65.06599167908601
29.0039291565961 16.19818205693116 38.9960708434039 15.80181794306884
43.67388148817796 53.50693011902419 52.32611851182204 48.49306988097581
54.34089944682441 57.8146024455508 63.65910055317559 54.1853975544492
90.92592747990965 64.09630318646128 83.07407252009035 57.90369681353872
87.40526528874524 40.7388628594547 90.59473471125476 31.261137140545298
87.15925430930932 45.77499614242827 78.84074569069068 40.22500385757173
59.588522934164196 77.01368248191554 50.411477065835804 80.98631751808446
35.87027244502635 86.90591449877724 30.12972755497365 95.09408550122276
33.993246724589405 76.00507387542552 40.006753275410595 83.99492612457448
49.90698273035984 86.12017402474125 42.09301726964016 79.87982597525875
75.70702718797901 67.7961917499079 70.29297281202099 76.2038082500921
56.01138653713084 4.337247265490102 65.98861346286917 3.662752734509897
13.046487245972356 81.06300477218926 4.953512754027644 86.93699522781074
83.75555941181226 87.53206015639249 88.24444058818774 96.46793984360751
2.665877448113643 32.98882372111112 3.334122551886357 23.011176278888886
85.52900959672797 15.118507038634977 76.47099040327203 10.881492961365023
87.64158935232626 55.5496415310726 96.35841064767374 60.4503584689274
71.15950056192541 59.74717711147998 80.84049943807459 62.25282288852002
44.96389767207532 64.97317611640806 39.03610232792468 73.02682388359194
22.99666702908823 89.81746616636192 13.00333297091177 90.18253383363808
49.34157745727893 74.81634231725964 58.65842254272107 71.18365768274036
10.433386584662863 31.748233609131475 13.566613415337137 22.251766390868525
7.4861178827013095 4.849449319097294 16.513882117298692 9.150550680902706
27.049407542027954 2.2988336038640393 36.95059245797205 3.7011663961359607
54.53435947984615 52.89296793865652 45.46564052015385 57.10703206134348
93.65039025423484 5.8368098658591965 84.34960974576516 2.1631901341408035
84.26604192774248 52.78589092899257 77.73395807225752 45.21410907100743
24.502242550550907 26.328831507256027 19.497757449449093 17.671168492743973
18.571307638565866 68.49939448343868 11.428692361434134 61.500605516561315
20.89951389413875 95.99737836408323 11.10048610586125 94.00262163591677
92.92759959059462 68.84779848712516 83.07240040940538 67.15220151287484
34.139493076869854 41.35903954024764 37.860506923130146 50.64096045975236
67.78859970060063 8.695200830776596 76.21140029939937 3.304799169223404
41.767791030762034 22.322937367154754 38.232208969237966 31.677062632845246
51.96508323875335 42.59765677979236 48.03491676124665 33.40234322020764
35.6863109328866 9.256873544372782 26.313689067113398 12.743126455627218
89.59368167916492 87.61712056533455 94.40631832083508 96.38287943466545
56.66630663354691 64.79599064633312 47.33369336645309 61.20400935366687
43.674550104112264 35.57368293253683 48.325449895887736 44.42631706746317
60.266150783810716 29.674587239038935 67.73384921618928 36.325412760961065
96.20781654775811 53.85192530723234 93.79218345224189 44.14807469276766
31.759993129099634 70.84379840209313 34.240006870900366 61.15620159790688
50.96295919243552 3.3925166222687233 41.03704080756448 4.607483377731277
51.044798288516226 23.092089070655575 52.955201711483774 32.907910929344425
14.293198478157983 3.3129850522340725 23.706801521842017 6.6870149477659275
5.695080753393658 79.70390276679635 2.3049192466063424 70.29609723320365
8.586970234685076 42.34606680122989 15.413029765314924 49.65393319877011
36.005176946908556 94.77252985183483 45.994823053091444 95.22747014816517
63.97705021642277 84.52149070729395 54.02294978357723 85.47850929270605
2.166911443676349 17.93010785453245 3.833088556323651 8.069892145467549
72.28843481209563 37.05089149610128 73.71156518790437 46.94910850389872
8.860229988262178 18.074555414249954 7.139770011737823 27.925444585750046
96.21719819136916 36.849580246055076 93.78280180863084 27.15041975394492
32.549677589731516 52.7208268067867 41.450322410268484 57.2791731932133
79.53942826732009 27.97874217840774 80.46057173267991 18.02125782159226
7.67763132167449 59.82196444186222 10.32236867832551 50.17803555813778
23.017600486329904 30.580840023165397 32.982399513670096 31.419159976834603
42.67970007977502 13.483055701986233 51.32029992022498 18.51694429801377
27.08677244031941 21.072533048138574 36.91322755968059 22.927466951861426
72.99738526455224 90.16168029452024 63.002614735447764 89.83831970547976
85.1881034546129 26.1432098891205 82.8118965453871 35.8567901108795
