95.44265016309963 21.968839015233552 96.55734983690037 12.031160984766448
71.46489912426846 41.74951653858405 62.53510087573154 46.25048346141595
42.99098582788803 11.30010075944725 33.00901417211197 10.69989924055275
30.939010726221547 30.045023603287714 25.060989273778453 21.954976396712286
15.203127450320421 70.06390902235715 16.796872549679577 79.93609097764285
22.4647605601429 86.75847032798433 25.5352394398571 77.24152967201567
92.25153546911417 79.31567808704033 95.74846453088583 88.68432191295967
66.88167652673197 80.47090454256022 71.11832347326803 89.52909545743978
14.410589326770888 16.034862030287215 15.589410673229112 25.965137969712785
73.20166369433441 71.06414555086394 74.79833630566559 80.93585444913606
73.38992723254331 36.96264155651078 74.61007276745669 27.03735844348922
63.77425594979098 63.84742730975692 66.22574405020902 54.15257269024308
94.95269374521878 93.68616664599116 85.04730625478122 92.31383335400884
62.26342240084531 41.18463176920081 67.7365775991547 32.81536823079919
79.24274247054356 19.354411912514355 70.75725752945644 24.645588087485645
18.418508141382052 62.002481547834456 27.581491858617948 57.997518452165544
36.70010842894978 85.29791202444979 33.29989157105022 94.70208797555021
41.73068259541764 65.61883976397067 32.26931740458236 62.38116023602933
41.609687578461845 2.063306831484512 32.390312421538155 5.936693168515488
20.67554525791647 69.49020096747344 29.32445474208353 74.50979903252656
57.9115382094278 92.9162076942246 56.0884617905722 83.0837923057754
41.96811908303067 80.43626887896225 32.03188091696933 81.56373112103775
48.04190550657249 59.3540131624841 57.95809449342751 60.6459868375159
86.5183990357857 83.44741386804174 79.4816009642143 90.55258613195826
57.40255861118311 78.73795114045035 60.59744138881689 69.26204885954965
69.76073701885139 63.83126744528465 64.23926298114861 72.16873255471535
47.88096559929863 10.471237121614315 52.11903440070137 19.528762878385685
50.01301830884159 25.57687199823947 45.98698169115841 16.42312800176053
8.234188692375735 76.67781043073212 11.765811307624265 67.32218956926788
12.406788148583836 5.975450553167579 21.593211851416164 2.024549446832421
59.12995685976498 51.13255455155583 68.87004314023503 48.86744544844417
71.44575948071993 53.29835496087374 76.55424051928007 44.70164503912626
94.02731472246609 61.02063251619808 87.97268527753391 68.97936748380192
87.8243528480802 29.859820343817542 90.1756471519198 20.140179656182458
96.88542599186427 53.93575713391303 87.11457400813573 56.06424286608697
83.08083122981144 74.45355728145164 78.91916877018856 83.54644271854836
47.96898337662698 78.43108640095018 52.03101662337302 87.56891359904982
33.853187474982064 76.79355434569553 42.146812525017936 71.20644565430447
22.491266547302544 64.8386757178695 31.508733452697456 69.1613242821305
66.97136459412309 94.59496698976585 63.02863540587691 85.40503301023415
44.297594906817864 5.6992311024739015 53.702405093182136 2.3007688975260985
17.04829776059442 87.09140928091266 18.95170223940558 96.90859071908734
43.93817577271612 75.91574757937818 52.06182422728388 70.08425242062182
12.785799272014234 43.447800168527415 3.214200727985765 40.552199831472585
54.28428371555597 27.69641540233544 57.71571628444403 18.30358459766456
74.32138414897807 63.763676194364024 83.67861585102193 60.236323805635976
79.55753571776951 71.62621561211786 86.44246428223049 64.37378438788214
42.90213912487433 59.98439423016204 33.09786087512567 58.01560576983796
28.56829415508756 86.71002737387019 23.43170584491244 95.28997262612981
26.739578095622676 48.79073198808047 33.260421904377324 41.20926801191953
10.171472840081405 60.50385453859123 5.828527159918595 51.49614546140877
14.317417306534574 31.75311702942447 23.682582693465427 28.24688297057553
4.851820936005731 15.791524754151327 13.14817906399427 10.208475245848673
50.11065595529576 53.9539049696537 59.88934404470424 56.0460950303463
91.99816337926234 16.13550953546097 82.00183662073766 15.864490464539033
86.03500670583836 41.59062813083181 95.96499329416164 40.40937186916819
38.464335024454485 29.78076593613993 35.535664975545515 20.21923406386007
15.246336872145191 47.17340860428174 20.753663127854807 38.82659139571826
12.47868155647473 89.97703365143244 11.52131844352527 80.02296634856756
86.70180755850576 50.638955400505736 79.29819244149424 57.361044599494264
42.80349626096837 24.14527253056535 45.19650373903163 33.85472746943465
82.09832833231691 10.01328075815213 91.90167166768309 11.98671924184787
53.90145453711626 7.075841999301942 60.09854546288374 14.924158000698057
46.83819448539128 49.20441306518245 39.16180551460872 42.79558693481755
23.686310932886602 33.25687354437278 14.313689067113398 36.74312645562722
96.52581465397472 78.76150077619609 93.47418534602528 69.23849922380391
56.980583941158855 65.44020859268136 47.019416058841145 64.55979140731864
49.86871962106409 30.183526596855717 58.13128037893591 35.816473403144286
60.6286875935406 6.598082523380099 65.3713124064594 15.4019174766199
87.02719772198631 46.52080466950849 96.97280227801369 45.47919533049151
28.829094456009095 39.865922662326255 35.170905543990905 32.134077337673745
28.455884578473643 3.731720338379598 19.544115421526357 8.268279661620403
37.62633028035965 36.576982628312145 46.37366971964035 41.423017371687855
2.7138115770609987 23.008197100588237 3.2861884229390013 32.991802899411766
3.9840253771105596 87.99997448107723 4.01597462288944 78.00002551892277
15.062505975987897 59.08158089474688 22.937494024012103 52.91841910525312
4.208574547517005 93.57092962619116 13.791425452482995 96.42907037380884
50.112007487374825 96.913490692275 43.887992512625175 89.086509307725
2.9989566965104326 73.58212021858435 7.001043303489567 64.41787978141565
59.94493579172119 24.112583554022738 62.05506420827881 33.887416445977266
8.932342383399341 2.9501397374082305 3.0676576166006595 11.04986026259177
74.71744942293259 11.69578188161125 71.28255057706741 2.304218118388749
31.540276272864105 54.260722069963734 40.459723727135895 49.739277930036266
81.686687617277 42.70691883101084 78.313312382723 33.29308116898916
19.47467370936857 49.315405789244586 24.52532629063143 40.684594210755414
7.554100567118796 33.78637387068685 10.445899432881204 24.213626129313152
84.00045803325236 3.0676766040007037 93.99954196674764 2.9323233959992963
27.004063475679104 16.2015396858101 36.995936524320896 15.798460314189901
82.9820748289098 96.42300165383047 73.0179251710902 95.57699834616953
96.80015534417713 32.600532718579025 87.19984465582287 35.399467281420975
