61.86387818402528 16.158744584005856 52.13612181597472 13.841255415994143
55.22863388352751 8.668080860671784 46.77136611647249 3.3319191393282157
91.31784801778679 31.21972282790111 96.68215198221321 22.78027717209889
6.468505189254182 7.113185931285679 15.53149481074582 2.8868140687143207
9.202519718506267 82.16022559873909 2.797480281493733 89.83977440126091
50.83229723392521 86.28409635269273 41.16770276607479 83.71590364730727
87.37997509969186 77.31546904946329 80.62002490030814 84.68453095053671
58.081488243686 85.0006640774858 57.918511756314 94.9993359225142
19.826210454380828 14.497263164323638 24.173789545619172 23.502736835676362
87.58530836910938 83.51495137790099 80.41469163089062 90.48504862209901
85.28545970239149 30.575817373025224 76.71454029760851 25.424182626974776
48.99224940785312 95.27829094449896 39.00775059214688 94.72170905550104
62.46761950495026 78.02842368976492 63.53238049504974 87.97157631023508
81.94091527408037 49.23360828921541 72.05908472591963 50.76639171078459
65.95068053611486 4.7005442379560725 56.04931946388514 3.2994557620439275
43.838343220976896 48.738875550936015 34.161656779023104 51.261124449063985
83.07412657580936 94.14222904639274 92.92587342419064 95.85777095360726
47.50823703211304 36.3253609087262 42.49176296788696 27.674639091273797
86.26637645848483 9.785602307619769 79.73362354151517 2.2143976923802304
36.427679208617256 46.023334520213865 45.572320791382744 41.976665479786135
62.68613891813639 46.62177859277988 55.31386108186361 53.37822140722012
10.975962225133276 56.98208401847677 5.0240377748667235 65.01791598152323
44.68185633523731 65.61711160002686 37.31814366476269 72.38288839997314
22.747756848998634 77.43194231522352 13.252243151001366 80.56805768477648
21.171495478923525 92.865438710828 14.828504521076473 85.134561289172
27.25312156940453 87.15957787664205 24.74687843059547 96.84042212335795
15.006513326206159 44.74487093728208 24.99348667379384 45.25512906271792
39.89048652923873 13.07993559582353 38.10951347076127 22.920064404176472
13.853338716471814 75.99784858393228 14.146661283528186 66.00215141606772
96.63286417954843 77.95978658111864 95.36713582045157 68.04021341888136
9.443753602877784 76.98026934411513 8.556246397122216 67.01973065588487
80.78623529534993 64.51678175498387 85.21376470465007 73.48321824501613
72.13235130981525 76.81490189034506 63.86764869018475 71.18509810965494
73.0244302701054 44.03285305367944 64.9755697298946 49.96714694632056
87.36437435375986 65.69878158421972 80.63562564624014 58.301218415780276
53.97619842651227 91.48728761525085 44.02380157348773 90.51271238474915
68.33158556578866 53.50252798088721 59.66841443421134 58.49747201911279
33.34992381260082 58.586627358247256 28.65007618739918 67.41337264175274
77.99007118848223 81.31494369953936 68.00992881151777 80.68505630046064
93.14483295490355 62.64309759048721 96.85516704509645 53.35690240951279
92.54370025892851 10.472651353371763 85.45629974107149 17.527348646628237
24.703599763982936 58.82901091612505 27.296400236017064 49.17098908387495
67.07107695728405 94.84007002028625 76.92892304271595 93.15992997971375
2.1248652600363034 10.889567081180003 11.875134739963697 13.110432918819997
74.87857365028819 29.36632316184621 71.12142634971181 38.63367683815379
86.99862180984724 37.117388253754825 77.00137819015276 36.882611746245175
48.984661369554736 77.608654844327 39.015338630445264 78.391345155673
6.982094888485779 51.40965144536512 3.017905111514221 60.59034855463488
33.09530216902776 30.999091667151003 32.90469783097224 21.000908332848997
22.010415941378476 82.67743074859816 31.989584058621524 83.32256925140184
3.1231038565941835 43.10267130480188 12.876896143405816 40.89732869519812
33.665948420073526 14.818745312018024 36.334051579926474 5.181254687981976
67.84923948366291 16.88235858321862 74.15076051633709 9.117641416781382
71.04019385652241 25.599908681700917 74.95980614347759 16.400091318299083
89.68173872960143 25.755369610010952 80.31826127039857 22.244630389989048
82.32537410269128 53.7742245405277 91.67462589730872 50.2257754594723
55.543792204137745 33.73235538937502 64.45620779586226 38.26764461062498
30.074764819271323 35.8976355305022 21.925235180728677 30.1023644694978
18.088281849298244 70.9161743270231 19.911718150701756 61.08382567297691
51.025594311732405 32.09586566714657 52.974405688267595 41.90413433285343
53.79601637469873 80.4880347792106 58.20398362530127 71.5119652207894
44.23171059166919 19.83627885759343 49.76828940833081 28.16372114240657
76.81584099845807 76.65861797836213 73.18415900154193 67.34138202163787
35.4205556654958 80.33638344632318 26.579444334504203 75.66361655367682
31.69208517101663 3.628278319617836 24.30791482898337 10.371721680382164
90.22707872570567 72.32487966409906 93.77292127429433 81.67512033590094
11.172637758688122 46.78265664347429 18.827362241311878 53.21734335652571
59.39182726890107 64.67362324931928 52.60817273109893 57.32637675068072
50.363695292383426 64.04065363993752 51.636304707616574 73.95934636006248
96.99920588703102 90.08910947802784 87.00079411296898 89.91089052197216
16.248809527153707 27.056750777726762 17.751190472846293 36.94324922227324
47.534206212685504 12.536861100780632 40.465793787314496 5.463138899219368
31.527555922708483 72.59751749545198 38.47244407729151 65.40248250454802
17.075105386013398 10.097612349713723 24.924894613986602 3.9023876502862773
3.124343180566518 24.840999490665006 10.875656819433482 31.159000509334994
3.712024734264471 17.42837247634104 12.287975265735529 22.57162752365896
94.85973617864495 43.998032218825614 95.14026382135505 34.001967781174386
17.04323368341104 95.96720666819269 10.956766316588961 88.03279333180731
38.182614589648296 27.067264340049817 39.817385410351704 36.93273565995018
70.2017743297522 59.15960403846948 63.79822567024781 66.84039596153052
58.768206974100636 43.71357090441018 51.231793025899364 50.28642909558982
87.80845878645945 45.37066556786143 78.19154121354055 42.62933443213857
46.88857478088209 58.049684053286356 37.11142521911791 55.950315946713644
58.00125792733019 29.887849694959375 67.99874207266981 30.112150305040625
39.428414813648025 87.67854738616901 30.571585186351975 92.32145261383099
50.073092219818065 20.148190323145624 59.926907780181935 21.851809676854376
26.007915784957184 39.71876132925869 35.992084215042816 40.28123867074131
11.844860867839206 35.76415082988241 2.1551391321607944 38.23584917011759
76.86894943038706 87.86275268989831 67.13105056961294 90.13724731010169
96.81236727297356 5.356879224549129 87.18763272702644 2.643120775450871
