54.91785641386137 3.9026008490149984 45.08214358613863 2.0973991509850016
66.8499757676696 15.108240270930612 61.15002423233039 6.891759729069389
82.11963751886756 13.08722677154069 91.88036248113244 10.91277322845931
22.285890275114056 44.575100881457416 13.714109724885942 39.424899118542584
19.608320671258802 96.9399434504255 10.391679328741196 93.0600565495745
50.963981320760105 77.599073824453 41.036018679239895 76.400926175547
85.24260534855974 87.8290558939002 90.75739465144026 96.1709441060998
36.34550829905891 62.76282242410884 41.65449170094109 71.23717757589117
30.99954861630993 25.932816421995785 21.00045138369007 26.067183578004215
55.750198577387316 93.43935478875322 46.249801422612684 96.56064521124678
54.94050408809289 20.922269093679038 47.05949591190711 27.077730906320962
47.81086721835249 89.6378118311403 38.18913278164751 92.3621881688597
62.944430241584584 77.09000493699021 61.055569758415416 86.90999506300979
88.94909202638092 61.711679783619516 79.05090797361908 60.288320216380484
77.53219122825675 9.538873426251076 70.46780877174325 2.461126573748925
36.31330999227571 57.257893008022386 45.68669000772429 60.742106991977614
65.16763067591926 93.71617496687306 74.83236932408074 96.28382503312694
38.02839427868825 9.532105771271347 47.97160572131175 8.467894228728653
94.78687478831334 14.555759798021793 85.21312521168666 17.444240201978207
66.53486166957396 52.39544505507098 73.46513833042604 59.60455494492902
52.82487633123388 54.068511478450944 51.17512366876612 63.931488521549056
4.091083631267007 82.08330690050221 5.908916368732993 91.91669309949779
29.561552345278525 77.49067743120683 22.438447654721475 84.50932256879317
15.568057684776559 35.747756848998606 12.431942315223441 26.252243151001394
33.8225317992378 70.12714359361186 28.177468200762203 61.87285640638814
29.00439680871021 48.10012507450511 30.99560319128979 57.89987492549489
32.365958515645154 42.274546748997786 35.634041484354846 51.725453251002214
43.10985551935529 15.001206969190743 42.89014448064471 24.998793030809257
18.853338716471814 80.99784858393228 19.146661283528186 71.00215141606772
95.88726466126116 94.08211988748891 90.11273533873884 85.91788011251109
3.8761240602157008 39.92264224082059 2.1238759397842992 30.07735775917941
83.09895790779584 73.87240178493923 90.90104209220416 80.12759821506077
81.41298330626904 93.98291529014323 80.58701669373096 84.01708470985677
50.7963989947073 72.25382154903821 43.2036010052927 65.74617845096179
94.89592529428629 55.014847531783815 85.10407470571371 52.985152468216185
58.54466488931783 72.69596926113752 53.45533511068217 81.30403073886248
78.90591449877724 77.12972755497364 87.09408550122276 82.87027244502636
29.83038060463621 87.70871257484853 20.16961939536379 90.29128742515147
66.8359434338513 47.232215161195896 75.1640565661487 52.767784838804104
92.78711766410225 40.44343495525092 83.21288233589775 37.55656504474908
96.80262932730352 23.336253918967582 93.19737067269648 32.663746081032414
39.88474605104472 51.5305298510692 44.11525394895528 42.4694701489308
65.20165085636413 72.5943522860372 74.79834914363587 75.4056477139628
2.0592809584931597 18.232344248447436 11.94071904150684 19.767655751552564
58.29986789335089 27.171921349042094 55.70013210664911 36.828078650957906
87.42628547483088 31.745884806152773 90.57371452516912 22.254115193847227
51.65357604841781 33.04290020789025 50.34642395158219 42.95709979210975
6.157513912494261 77.88657407477218 11.842486087505739 86.11342592522782
96.97344360869742 45.514644217986344 87.02655639130258 44.485355782013656
5.102633636900743 23.373986501945815 8.897366363099257 32.626013498054185
21.803448156063546 34.15525601515179 28.196551843936454 41.84474398484821
15.138669346570294 13.169386282639191 24.861330653429704 10.830613717360809
77.10823827939087 38.53379877777025 72.89176172060913 29.46620122222975
64.90605550696301 35.999117365318405 65.09394449303699 26.000882634681595
80.17681986871087 19.86106404010136 73.82318013128913 12.138935959898639
32.07272214460284 30.84966636729529 41.92727785539716 29.15033363270471
84.1222316372412 22.127567737528317 81.8777683627588 31.872432262471683
8.89763553050227 65.92523518072873 3.1023644694977293 74.07476481927127
13.174219780860348 68.93133724558336 14.825780219139652 59.06866275441664
72.0272605527387 37.405623102833296 75.9727394472613 46.594376897166704
65.01786785933841 88.4223260979229 74.98213214066159 87.5776739020771
56.65386091205803 8.184617402955944 59.34613908794197 17.815382597044056
56.20084849858853 62.402905865159894 65.79915150141147 59.597094134840106
16.806253396136 85.13822931658882 11.193746603864 76.86177068341118
17.977783084834364 2.529175658725144 8.022216915165638 3.470824341274856
96.88817483473106 64.0795177611386 95.11182516526894 73.9204822388614
9.459144962230166 40.243345108946905 12.540855037769834 49.756654891053095
78.86621629658022 65.1488859625294 69.13378370341978 62.851114037470595
46.613793990616614 82.59975067060752 55.386206009383386 87.40024932939248
81.99999965858818 70.0018477332186 72.00000034141182 69.9981522667814
52.89350824476348 11.922303341654043 47.10649175523652 20.077696658345957
38.45588457847364 4.731720338379597 29.544115421526357 9.268279661620403
19.295233448004097 55.82932400188385 16.704766551995903 46.17067599811615
2.7382690552582725 65.78960568451578 9.261730944741728 58.21039431548423
32.96465224630069 18.406511943421325 23.035347753699313 19.593488056578675
9.092658685258536 9.95812380235099 18.907341314741466 8.04187619764901
74.17622675923356 19.344481643655108 77.82377324076644 28.655518356344892
36.68710761065966 86.78343117111378 31.31289238934034 95.21656882888622
46.52869594497629 47.022262312283 47.47130405502371 56.977737687717
68.84761795407418 40.77501013418981 59.15238204592582 43.22498986581019
82.2017161571698 45.14656016029898 79.7982838428302 54.85343983970102
69.63298321769244 19.119716376559055 60.36701678230756 22.880283623440945
32.76674691593175 37.28810244233945 25.23325308406825 30.711897557660553
36.18688960620343 40.354240871162666 45.81311039379657 37.645759128837334
36.30394104000947 79.63263483354214 43.69605895999053 86.36736516645786
22.09507404596822 3.970412997370422 31.90492595403178 2.029587002629578
38.542118743956976 15.02947615764188 37.457881256043024 24.97052384235812
2.2995401777808406 57.20803003180586 7.700459822219159 48.79196996819414
55.05070822598336 47.96246634296161 60.94929177401664 56.03753365703839
90.91231457924093 3.9322904453961534 81.08768542075907 2.0677095546038466
