46.63286977627591 13.435441338259324 39.36713022372409 6.564558661740676
60.39399653740489 12.671619193773186 53.60600346259511 5.328380806226815
79.09388798031698 72.91721069385744 80.90611201968302 63.08278930614256
2.00075970318984 3.912842356907356 11.99924029681016 4.0871576430926435
9.63636846638083 74.01324031983114 10.36363153361917 83.98675968016886
54.7584703279843 95.53523943985718 45.2415296720157 92.46476056014282
93.74659760056483 67.68895689858289 86.25340239943517 74.31104310141711
53.78164048726332 71.1734921864999 60.21835951273668 78.8265078135001
8.126938792857118 19.83781770200943 15.873061207142882 26.16218229799057
95.96070919523503 88.37440885531309 86.03929080476497 89.62559114468691
89.65626958067223 18.410526756008657 82.34373041932777 11.589473243991343
52.538544282238426 83.90199718823808 43.461455717761574 88.09800281176192
48.98310975601986 57.01272357921132 55.01689024398014 64.98727642078869
92.6736026243528 35.22308173805244 83.3263973756472 38.77691826194756
68.97310115634777 2.4820570603507788 59.02689884365223 3.5179429396492212
25.71001762622992 42.321985113116256 16.28998237377008 45.678014886883744
79.21948707404587 89.72773442143004 86.78051292595413 96.27226557856996
39.9624121196913 32.598797524624096 36.0375878803087 23.401202475375904
94.29416934556005 3.2385576805203424 87.70583065443995 10.761442319479658
29.063342164460487 37.206646727613524 38.93665783553951 38.793353272386476
69.54965426365504 31.926200086506533 60.45034573634496 36.07379991349347
5.671201884510625 70.28756068885676 2.3287981154893753 79.71243931114324
45.96872472714811 64.97673347956919 40.03127527285189 73.02326652043081
27.989448243374177 92.3246632512163 18.010551756625823 91.6753367487837
34.44036058822389 80.70147920467357 25.55963941177611 85.29852079532643
33.39355335615661 86.01551248814305 32.60644664384339 95.98448751185695
32.00719991982152 43.26823004934142 41.99280008017848 42.73176995065858
31.28424395923631 22.008086001177738 30.71575604076369 31.991913998822262
10.159199928446665 68.92879855945401 11.840800071553335 59.07120144054599
92.89835088214248 52.87712714834499 95.10164911785752 43.12287285165501
5.008005912676217 95.99999359053211 4.991994087323783 86.00000640946789
79.52185601985522 42.23723250044363 76.47814398014478 51.76276749955637
73.99610339955865 81.19735962332386 64.00389660044135 80.80264037667614
68.11934699466876 53.09235693456388 61.88065300533125 60.90764306543612
75.31364778935874 65.70703900787589 78.68635221064126 56.2929609921241
69.88322609417314 93.92570818062009 60.11677390582686 96.07429181937991
73.28249725818013 56.228367495362264 66.71750274181987 63.771632504637736
43.78504303015009 48.06201382739757 42.21495696984991 57.93798617260243
73.99853161312342 86.87883188288265 64.00146838687658 87.12116811711735
85.66868031402419 66.72858004471273 92.33131968597581 59.27141995528727
73.80161264135124 6.145737158060882 76.19838735864876 15.854262841939118
19.048328087139375 79.69350217547404 28.951671912860625 78.30649782452596
72.97178655036593 91.03799115393164 81.02821344963407 96.96200884606836
6.124865260036303 14.889567081180003 15.875134739963697 17.110432918819996
59.05182314851094 43.09072707437239 60.94817685148906 52.90927292562761
95.67510192675233 20.77580425625351 90.32489807324767 29.22419574374649
58.24651532230207 82.80264884811336 51.75348467769793 75.19735115188664
7.963897672075317 54.973176116408055 2.036102327924683 63.026823883591945
8.62954496470469 42.80851879441411 11.37045503529531 33.19148120558589
10.47962677562576 89.13687292845421 19.52037322437424 84.86312707154579
9.299471836103859 47.63754683181885 16.70052816389614 54.36245316818115
25.394509536861587 14.984411923720316 24.605490463138413 5.015588076279684
65.05127329790074 14.395386635066377 68.94872670209926 23.604613364933623
73.18584663473 21.496896095023715 68.81415336527 12.503103904976285
93.32660534842523 16.711661101997997 96.67339465157477 7.288338898002004
76.04584078542467 35.03397364083353 81.95415921457533 26.966026359166474
48.36971068385378 5.273250932653659 51.63028931614622 14.72674906734634
3.174211457649263 33.654728370014816 6.825788542350737 24.345271629985184
14.21754772463693 80.9952650567818 13.78245227536307 71.0047349432182
46.025594311732405 37.09586566714657 47.974405688267595 46.90413433285343
58.248907231147726 67.44207910927429 67.75109276885227 70.55792089072571
45.0002911527359 20.053957785250127 54.9997088472641 19.946042214749873
74.96985365339347 74.45177133981203 65.03014634660653 75.54822866018797
24.00064039520757 67.99914594980528 15.999359604792433 62.00085405019472
36.119175998562206 2.092220439943741 29.880824001437798 9.907779560056259
88.89179186554476 51.37170403523514 85.10820813445524 60.62829596476486
28.809070814079888 72.27307635629397 37.19092918592011 77.72692364370603
56.13128037893596 38.81647340314421 47.86871962106404 33.18352659685579
55.45034473301148 50.03030392403401 56.54965526698852 59.96969607596599
85.34197159057213 84.40864022094127 92.65802840942787 77.59135977905873
21.15785664493696 54.88633725868649 26.84214335506304 63.11366274131351
39.951078726532266 18.697724475476967 30.04892127346773 17.302275524523033
29.003087129665587 50.17567517265195 38.99691287033441 49.82432482734805
11.918367813281609 10.887954066868872 20.08163218671839 5.112045933131129
18.515234692598575 40.585583739411405 25.484765307401425 33.414416260588595
4.170344451407289 39.00290256570129 3.829655548592711 48.99709743429871
87.41096642785213 41.98513749491055 96.58903357214787 38.01486250508945
26.99062981453853 96.30596413881226 17.00937018546147 95.69403586118774
20.313188212266482 10.00981832558199 19.686811787733518 19.99018167441801
72.82000994357463 43.77393056011019 65.17999005642537 50.22606943988981
40.09108972502262 63.125459191137764 31.908910274977384 68.87454080886224
88.98835982096246 23.340978440091813 79.01164017903754 22.659021559908187
73.97368111194392 39.48765617336377 64.02631888805608 40.51234382663623
56.40725930079866 24.023454308673955 65.59274069920134 27.976545691326045
48.97558617198253 80.50650000488727 39.02441382801747 81.49349999511273
46.058976483049335 28.23430645494399 55.941023516950665 29.76569354505601
17.266066254791358 30.60930770705135 26.733933745208642 27.39069229294865
37.90290050249106 55.01940494460103 28.097099497508943 56.98059505539897
59.97393363799585 90.50988642344483 50.02606636200415 89.49011357655517
87.94820876358531 2.282204742299387 78.05179123641469 3.717795257700613
