53.024465896057286 25.96709862516766 44.975534103942714 20.03290137483234
50.43417166843142 17.748492564599545 53.56582833156858 8.251507435400457
87.25863679425012 11.3169566416613 94.74136320574988 4.683043358338701
19.270045523717656 31.45498522110337 14.729954476282344 22.54501477889663
13.833460756952197 96.27970977608327 4.1665392430478025 93.72029022391673
42.433094108130476 86.36807200730263 37.566905891869524 77.63192799269737
88.49741279999641 89.4318235881096 95.50258720000359 96.5681764118904
50.22266613064938 77.72406519609186 57.77733386935062 84.27593480390814
28.10733907886523 20.001152300564822 27.89266092113477 29.998847699435178
66.92685494578438 96.85211521709216 57.07314505421562 95.14788478290784
59.972532960058594 32.52336981297256 50.027467039941406 31.476630187027435
31.9989204782998 95.10389442542731 22.0010795217002 94.89610557457269
67.93099806094561 76.94916670711655 62.06900193905438 85.05083329288345
71.20168540506978 45.84047009713175 64.79831459493022 38.15952990286825
69.14292851418435 10.888701628400796 62.85707148581566 3.111298371599205
44.760486026091414 57.529588703411264 49.239513973908586 66.47041129658874
68.07781814786928 90.87870689911654 77.92218185213072 89.12129310088346
34.89553742773241 31.53555258837607 39.10446257226759 22.46444741162393
87.80120058733371 17.395877115002033 78.19879941266629 14.604122884997965
48.018052472553165 46.42449833187699 57.981947527446835 45.57550166812301
55.41312894799694 51.258498100357365 58.58687105200306 60.741501899642635
6.169633714081188 66.34706982006266 9.830366285918812 75.65293017993734
22.797674550398106 77.74766729726824 15.202325449601894 84.25233270273176
12.895424751047404 38.626809377218486 9.104575248952596 29.373190622781518
27.171495478923525 74.865438710828 20.828504521076475 67.134561289172
41.30878606660885 67.46339545214525 32.69121393339115 72.53660454785475
25.494321472553548 44.67315644873844 30.505678527446452 53.32684355126156
42.97443709234393 4.406352411386304 39.02556290765607 13.593647588613695
8.7234341297698 88.94738749845655 7.2765658702302005 79.05261250154345
95.95806773227065 90.03110844449752 90.04193226772935 81.96889155550248
4.572197292645081 19.98166486664647 5.427802707354919 10.01833513335353
79.03000077621186 65.5469074103953 88.96999922378814 64.4530925896047
66.75849914466085 71.29752697935645 59.241500855339154 64.70247302064355
57.99485580813838 72.22674976495308 48.00514419186162 71.77325023504692
96.13594811816525 61.52081028539203 91.86405188183475 52.47918971460797
35.12521159392409 82.1746452779599 26.87478840607591 87.8253547220401
66.50252798088724 62.66841443421133 71.49747201911276 71.33158556578867
31.775454179408047 76.7218990651308 24.224545820591953 83.2781009348692
76.1613242821307 73.49126654730264 71.8386757178693 82.50873345269736
94.89781795666309 37.131615426056456 87.10218204333691 30.868384573943544
95.01156233594087 12.000013368779113 94.98843766405913 21.999986631220885
30.75849536308779 59.6475721737192 39.24150463691221 54.3524278262808
54.08100651959629 90.10361663349556 63.91899348040371 91.89638336650444
10.333225927729396 11.600769513121529 17.666774072270606 18.399230486878473
58.79741872294369 12.334243262405177 55.20258127705631 21.665756737594823
90.63615185909207 27.431967315931384 83.36384814090793 20.568032684068616
52.60865484432706 58.015338630445264 53.39134515567294 67.98466136955474
3.2925682698365537 73.00856695852936 2.7074317301634463 82.99143304147064
53.999091667151006 35.90469783097233 44.000908332848994 36.09530216902767
5.060992528491055 30.000372022693263 4.939007471508945 39.99962797730674
32.39359478459407 41.26508054092611 35.60640521540593 50.73491945907389
26.15870619585192 7.750250304293936 35.84129380414808 10.249749695706063
68.71870388441069 26.1962661008199 63.28129611558931 17.8037338991801
65.7038186998689 33.70074481736427 62.296181300131096 24.299255182635733
66.04013544414599 13.969581398743104 59.95986455585401 6.030418601256896
78.0293967415537 50.4586098937707 87.9706032584463 51.5413901062293
75.4524521306635 27.245518367675395 78.5475478693365 36.754481632324605
24.680828296605586 39.2422040910002 15.319171703394414 42.7577959089998
8.879057708974713 61.83157811724121 17.120942291025287 56.16842188275879
70.0272605527387 54.405623102833296 73.9727394472613 63.594376897166704
76.05055688233028 83.29076602947136 85.94944311766972 84.70923397052864
48.32623897435613 3.179098613029012 45.67376102564387 12.820901386970988
80.31040075658996 78.73426034268445 89.68959924341004 75.26573965731555
16.88454377227793 75.63125196576136 13.115456227722069 66.36874803423864
21.83861744137581 5.260071924936751 12.16138255862419 2.7399280750632493
93.72547411825316 67.16516972616851 96.27452588174684 76.83483027383149
24.004446973374908 52.00000197755761 23.995553026625092 61.99999802244239
87.9917894904469 59.286422211191585 78.0082105095531 58.713577788808415
39.50721532078711 73.42222762257634 46.49278467921289 80.57777237742366
89.78206367823243 69.53990857227018 80.21793632176757 72.46009142772982
35.982477340440255 18.40981660555475 32.017522659559745 27.59018339444525
36.85102413202257 6.211430918597769 27.148975867977427 3.7885690814022306
26.714770542487123 67.57620039912734 35.28522945751288 62.42379960087265
2.561632006079777 61.78864255442666 5.438367993920223 52.21135744557334
22.79794628193535 16.06408248335271 21.20205371806465 25.93591751664729
8.147517736921172 6.79442300681152 17.852482263078826 9.20557699318848
91.10412879302179 39.92398111478927 96.89587120697821 48.07601888521073
22.61967421499782 88.08725063134652 13.380325785002182 91.91274936865348
43.46904336385665 24.652147096853962 38.53095663614335 33.347852903146034
84.52430317425768 38.45327092437028 77.47569682574232 45.54672907562972
69.64546400102793 31.589086236442093 74.35453599897207 40.41091376355791
82.4585785352755 26.262979771182344 73.5414214647245 21.737020228817656
51.139389041311645 53.80454245192849 42.860610958688355 48.19545754807151
45.00223903615439 41.14961733943971 54.99776096384561 40.85038266056029
35.80855748401605 89.15101381307103 42.19144251598395 96.84898618692897
23.84550798569404 11.217879207678429 32.15449201430596 16.78212079232157
32.35661836040171 35.57570879914717 39.64338163959829 42.42429120085283
2.774161897148727 47.6725067499429 11.225838102851274 42.3274932500571
61.55144709318882 49.020160616064885 62.44855290681118 58.979839383935115
84.59382355543977 3.025972355440098 75.40617644456023 6.974027644559902
