96.66127678870981 27.95607839008965 95.33872321129019 18.04392160991035
68.81615602226407 50.230627371539114 61.18384397773594 43.769372628460886
61.21972282790106 32.682151982213284 52.78027717209894 27.317848017786712
16.21850674628808 41.461958366270196 25.78149325371192 38.538041633729804
3.7674651668429955 53.05925135048517 2.2325348331570045 62.94074864951483
25.140601140457306 80.10168723357181 30.859398859542694 71.89831276642819
95.78464649261758 73.00463986614997 96.21535350738242 82.99536013385003
75.32723682616043 69.49500070851886 66.67276317383957 74.50499929148114
20.250961080166455 31.4358295048473 29.749038919833545 34.564170495152695
81.60608503123647 78.19822938283626 84.39391496876353 87.80177061716374
90.43504998317583 31.98103719240669 89.56495001682417 22.01896280759331
73.82529683974624 59.3101566350383 64.17470316025376 56.6898433649617
77.9225294709535 96.9993997956884 78.0774705290465 87.0006002043116
66.6360366902343 33.248683392268546 61.3639633097657 24.75131660773145
91.3277625716859 15.504090877567094 82.6722374283141 10.495909122432906
3.1213575052687004 39.00147298137592 2.8786424947312996 48.99852701862408
55.50138027583394 91.81770291267571 64.49861972416606 96.18229708732429
23.10121126258477 59.860081498777234 14.89878873741523 54.139918501222766
61.86767527240372 18.14268869007675 52.13232472759628 15.857311309923253
15.632700495370567 72.19058298079277 18.367299504629433 81.80941701920723
56.206005494156926 64.42042834312274 65.79399450584307 61.57957165687726
35.83392610380544 79.88067204046945 30.16607389619456 88.11932795953055
23.08039376508539 44.38317079557009 26.91960623491461 53.61682920442991
92.91269115552109 96.93030404194806 83.08730884447891 95.06969595805194
57.99969584267569 87.05514962131667 48.00030415732431 86.94485037868333
69.99825343618276 79.13214608464567 60.001746563817235 78.86785391535433
34.50315814770887 44.814041776363766 43.49684185229113 49.185958223636234
32.9961144472453 28.19707975549708 23.0038855527547 27.80292024450292
14.371911894679071 82.40159447971755 9.628088105320929 73.59840552028245
27.09644158323925 16.977299776637043 36.903558416760745 15.022700223362957
44.72575119903194 60.77879541512361 51.27424880096806 53.22120458487639
49.30993987100368 61.73301355632292 58.69006012899632 58.26698644367708
96.31864273952193 67.51978667517203 87.68135726047807 62.48021332482797
78.15943789798895 32.64890644653565 81.84056210201105 23.351093553464352
80.81320688113259 42.353897898446526 71.18679311886741 39.646102101553474
61.999732403182925 73.05172906883627 52.000267596817075 72.94827093116373
36.8875658603568 88.85566673499957 29.1124341396432 95.14433326500043
39.279242983768015 75.80506480876946 44.720757016231985 84.19493519123054
56.47032644093949 82.2396833507077 47.52967355906051 77.7603166492923
85.97925845947105 73.5450437451953 76.02074154052895 74.4549562548047
67.05976275337405 6.770750249464504 76.94023724662595 5.229249750535496
22.59835637689711 83.52842522983534 15.401643623102888 90.47157477016466
87.15992997971375 80.07107695728405 88.84007002028625 89.92892304271595
2.840188423548837 32.99744537339151 3.159811576451163 23.002554626608493
85.96199876697257 18.615278990834792 76.03800123302743 17.384721009165208
85.24628925434958 40.69702321564493 92.75371074565042 47.30297678435507
59.38023762672957 68.9125364348202 68.61976237327043 65.0874635651798
37.102626272542295 71.07906768574995 30.89737372745771 78.92093231425005
28.467502807634418 83.39771957240313 21.532497192365582 90.60228042759687
44.97041334035096 72.96014042781394 53.02958665964904 67.03985957218606
20.938294219267878 23.88597798144445 23.061705780732122 14.114022018555548
15.0545928947026 8.263149565465294 24.9454071052974 9.736850434534706
36.00067096013907 3.081909408514459 45.99932903986093 2.918090591485541
39.88993243432429 54.85859495505723 32.11006756567571 61.14140504494277
95.9306623145772 6.829800662573974 86.0693376854228 5.170199337426026
93.93628582196402 59.60985869801463 90.06371417803598 50.39014130198537
17.38067612893856 36.805593972338826 14.61932387106144 27.194406027661177
20.571307638565866 70.49939448343868 13.428692361434134 63.500605516561315
22.95729603160521 95.34791407388963 13.04270396839479 96.65208592611037
87.78754936550823 69.44200245243265 78.21245063449177 66.55799754756735
34.122781701690286 36.84291617671429 41.877218298309714 43.15708382328571
67.29024934888602 13.678764070479065 76.70975065111398 10.321235929520935
42.68589578962452 20.292797498882553 39.31410421037548 29.707202501117447
53.806253396136 37.13822931658882 48.193746603864 28.86177068341118
41.859871783877324 10.17543449169787 32.140128216122676 7.824565508302131
91.49749973425905 77.02531473528924 92.50250026574095 86.97468526471076
46.80508082675878 66.38246093916433 37.19491917324122 63.61753906083567
45.830442943257445 32.495222294325885 50.169557056742555 41.504777705674115
65.99053038823412 42.012667840308694 74.00946961176588 47.987332159691306
96.78034728723613 42.93873041492479 95.21965271276387 33.06126958507521
26.35954648312903 70.95881228649841 27.64045351687097 61.041187713501586
61.9084937749915 4.047797888644579 52.0915062250085 5.952202111355421
46.34940440250199 14.760384100118955 51.65059559749801 23.239615899881045
17.034337705037743 3.415023100977323 26.965662294962257 4.584976899022677
9.362823952025908 88.81068715214204 6.637176047974093 79.18931284785796
8.651259982929334 40.28705773030747 15.348740017070666 47.71294226969253
35.15692112414226 96.24281414629078 44.84307887585774 93.75718585370922
76.71344867930254 82.33164705545225 67.28655132069746 85.66835294454775
5.881200614117687 11.908080141273988 12.118799385882312 4.091919858726013
80.52298421910001 49.22313655387006 83.47701578089999 58.77686344612994
7.282258730057208 27.30432486967685 10.717741269942792 36.69567513032315
87.04720879731286 36.889105617066434 84.95279120268714 27.110894382933566
28.590132452299144 46.64350510042249 37.409867547700856 51.35649489957751
69.23681750761178 28.994388598025644 68.76318249238822 19.005611401974356
7.761987608094742 63.844308548956086 10.238012391905258 54.155691451043914
27.078885047906432 22.88466243747608 36.92111495209357 21.11533756252392
53.007915784957184 10.718761329258687 62.992084215042816 11.281238670741313
7.0340439916407735 21.417521740284755 16.96595600835923 22.582478259715245
72.60752003102242 92.94184426865986 63.39247996897758 89.05815573134014
74.06511238387353 21.000423980229293 73.93488761612647 30.999576019770707
