48.54520259572384 19.303712786271944 43.45479740427616 10.696287213728056
49.99161515722414 11.006274922052505 44.00838484277586 2.993725077947495
86.20131774654294 9.251155661802489 93.79868225345706 2.7488443381975105
12.42413941535277 38.37304791820684 7.57586058464723 29.626952081793164
11.960894495307837 95.37587997434434 2.039105504692164 96.62412002565566
49.01733352999801 95.9869409788395 42.98266647000199 88.0130590211605
85.92903286230349 86.44905557992837 90.07096713769651 95.55094442007163
54.44942407829376 80.24650504249506 57.55057592170624 89.75349495750494
26.826210454380828 16.497263164323638 31.173789545619172 25.502736835676362
67.9049861247009 94.0298911831698 58.0950138752991 95.9701088168302
74.87168571795075 29.125468020653944 65.12831428204925 26.874531979346056
32.81086721835249 93.6378118311403 23.18913278164751 96.3621881688597
69.64128645074375 65.7545782441414 64.35871354925625 74.2454217558586
83.96075878053077 46.62519782580146 74.03924121946923 45.37480217419854
69.65354441426713 9.413445944053814 62.34645558573287 2.5865540559461855
36.823508358673614 56.14038402567763 39.176491641326386 65.85961597432237
73.007419912148 93.27229408069891 82.992580087852 92.72770591930109
48.43297155176427 31.290730118050824 53.56702844823573 22.709269881949176
89.97065107944009 18.54095087250243 80.02934892055991 17.45904912749757
39.04709658461638 48.68465155946751 48.95290341538362 47.31534844053249
54.41312894799694 49.258498100357365 57.58687105200306 58.741501899642635
13.263227433173872 77.05458129328038 14.736772566826128 86.94541870671962
27.25969580128778 81.38179609646397 18.74030419871222 86.61820390353603
9.815972933317438 55.13162152657084 4.184027066682562 46.86837847342916
22.375665697190016 79.39956958067431 17.624334302809984 70.60043041932569
36.071310181341964 70.09751254829564 27.92868981865804 75.90248745170436
28.644674427134923 45.01264160729669 29.355325572865077 54.98735839270331
43.54511100537986 34.02980342523419 42.45488899462014 43.97019657476581
8.766136568896878 88.99452779505657 9.233863431103122 79.00547220494343
95.95806773227065 92.03110844449752 90.04193226772935 83.96889155550248
3.3567683322940574 39.98725539320698 2.6432316677059426 30.01274460679302
82.00563454572584 69.76269490280886 91.99436545427416 70.23730509719114
60.52182287930443 67.13380361050379 51.47817712069557 62.86619638949621
56.744359463979976 73.42169290803608 47.255640536020024 76.57830709196392
93.07075271253335 65.91289115274661 94.92924728746665 56.0871088472534
42.83870022077123 76.88396051323686 37.16129977922877 85.11603948676314
65.13463348905888 45.07545526959683 66.86536651094112 54.92454473040317
40.47538211463431 73.40532071565765 33.52461788536569 80.59467928434235
74.09168533686187 64.12063291755163 71.90831466313813 73.87936708244837
96.88719597826774 41.92065882744837 95.11280402173226 32.07934117255163
93.74986740861442 12.006260550776929 94.25013259138558 21.99373944922307
17.71293485914039 65.57314447282432 26.28706514085961 60.426855527175675
70.16304992412222 89.26645724896893 79.83695007587778 86.73354275103107
3.240197225376492 14.46889662442853 12.759802774623509 17.53110337557147
58.09323832229773 15.00086941406257 57.90676167770227 24.99913058593743
91.35841064767378 27.450358468927327 82.64158935232622 22.549641531072673
45.7490228934796 59.15902321024343 48.2509771065204 68.84097678975657
2.334782642553507 81.044448984487 3.665217357446493 90.955551015513
67.41586855225398 35.6512795063816 60.58413144774601 28.3487204936184
3.409600371486517 53.01680548887783 2.590399628513483 62.98319451112217
32.93538843192814 35.000417482902066 33.06461156807186 44.999582517097934
23.0545928947026 7.2631495654652936 32.9454071052974 8.736850434534706
75.69056381575828 23.952082553468323 74.30943618424172 14.047917446531677
69.4554657004854 21.7834735908867 66.5445342995146 12.2165264091133
55.970393668835875 11.022034491664602 50.029606331164125 2.977965508335397
81.35611643076268 57.57624292131549 88.64388356923732 64.4237570786845
84.20574264856684 35.33302661708597 87.79425735143316 44.66697338291403
19.9984703600029 25.123669156108033 10.001529639997099 24.876330843891967
12.886996609236707 62.9126985430897 19.113003390763293 55.0873014569103
68.94015377283837 43.11361831466562 71.05984622716163 52.88638168533438
68.05055688233028 81.29076602947136 77.94944311766972 82.70923397052864
37.382000878518404 8.01461382350262 36.617999121481596 17.98538617649738
82.68279745467679 82.52225339382362 91.31720254532321 77.47774660617638
13.223443197521005 70.82222630836475 6.776556802478995 63.17777369163526
18.91472898662424 3.919477562551404 9.08527101337576 2.080522437448596
96.0202486892527 70.00004100110975 95.9797513107473 79.99995899889025
24.700268925313217 42.04928051367878 23.299731074686783 51.95071948632122
76.73560226975168 58.395608793740514 67.26439773024832 61.604391206259486
48.55222470300046 84.64013806464025 53.44777529699954 93.35986193535975
85.98769101936522 75.35062557713827 76.01230898063478 74.64937442286173
26.141464759047523 28.481800282661517 21.858535240952477 37.51819971733848
37.962501624388395 3.611209970421418 28.037498375611605 2.388790029578582
25.404119691848358 72.47413943437036 32.59588030815164 65.52586056562964
3.4602254935117713 76.9787741960368 2.5397745064882287 67.0212258039632
24.438007449405582 11.634668434512347 19.561992550594418 20.36533156548765
6.395853637806583 8.050170193196049 15.604146362193417 11.949829806803951
90.32141982988799 39.778008968237536 95.67858017011201 48.221991031762464
24.85858262918167 88.82016665628882 17.14141737081833 95.17983334371118
52.46904336385665 32.652147096853966 47.53095663614335 41.347852903146034
88.56125448695504 48.95184045903828 79.43874551304496 53.04815954096172
72.42897063784955 35.973749627919 81.57102936215045 40.026250372081
88.19760817766303 32.71663129386682 79.80239182233697 27.28336870613318
50.99730477342228 53.8358506730721 41.00269522657772 54.1641493269279
56.00821701514032 39.713464431413215 65.99178298485968 40.286535568586785
31.61149087240817 85.32331591073874 38.38850912759183 92.67668408926126
36.75094417456095 22.364563680848562 45.24905582543905 27.635436319151438
36.410099696690864 28.034920178672273 37.589900303309136 37.96507982132773
12.599655698611283 47.38615403682893 17.400344301388717 38.61384596317107
59.19619351189939 48.33670908547556 62.80380648810061 57.66329091452444
83.08301406364642 2.1139999729616026 74.91698593635358 7.886000027038397
