95.01170819253133 31.901354843641737 96.98829180746867 22.098645156358263
67.58150288457334 48.488959313003356 60.41849711542666 41.511040686996644
64.02234633084981 18.969971379441066 55.977653669150186 13.030028620558934
36.27244111396946 46.627939488775205 45.72755888603054 43.372060511224795
2.032649484495471 61.40331293765346 5.967350515504529 70.59668706234655
12.861447254551006 84.89223414815123 19.138552745448994 77.10776585184877
95.04637857649786 57.00021510186268 94.95362142350214 66.99978489813732
75.00446130049357 71.00334986597069 68.99553869950643 78.99665013402931
19.47869388357606 38.45029533137821 26.52130611642394 45.54970466862179
93.19288741388428 79.33798926415842 96.80711258611572 88.66201073584158
87.2088996844985 27.851655547626958 84.7911003155015 18.148344452373042
72.92979017982893 60.09139922082543 65.07020982017107 53.90860077917457
87.05556975841534 82.90999506300977 88.94443024158466 73.09000493699023
66.20205504311879 31.935917730856932 67.79794495688121 22.064082269143068
86.99915378043237 13.091986301092847 77.00084621956763 12.908013698907153
3.729620130579847 23.05352100327388 2.270379869420153 32.94647899672612
55.003428119310655 95.18512007212765 64.99657188068934 94.81487992787235
11.998897510659162 47.001469423339834 4.001102489340838 40.998530576660166
71.92720275466368 2.1498982328952394 62.07279724533632 3.8501017671047606
25.137469734888807 75.35985118648713 28.862530265111193 84.64014881351287
58.413824496486995 59.74173462691189 61.586175503513005 50.25826537308811
31.995854069792816 87.41561710455034 28.004145930207184 96.58438289544966
23.12418605589549 55.0015424555648 22.87581394410451 64.9984575444352
83.97880837800581 95.5401444410479 74.02119162199419 96.4598555589521
51.958714490237135 88.35878973471077 42.041285509762865 89.64121026528923
53.88175297926601 82.91903383520693 44.11824702073399 85.08096616479307
25.803078218394432 37.28230841354565 34.19692178160557 42.71769158645435
38.849341840687856 35.10867996744764 33.150658159312144 26.891320032552358
12.448722077127014 70.30011406363377 17.551277922872984 61.699885936366236
31.09644158323925 13.977299776637043 40.903558416760745 12.022700223362957
46.23170928746953 48.286333078958464 53.76829071253047 41.713666921041536
41.28040893293188 60.65089677437771 50.71959106706812 57.34910322562229
89.7200950727664 63.649455214319694 80.2799049272336 60.350544785680306
86.59907041107165 46.983899624262285 87.40092958892835 37.016100375737715
88.76302445030674 52.52105163810443 79.23697554969326 49.47894836189557
65.12521159392409 73.1746452779599 56.87478840607591 78.8253547220401
37.03634911446467 86.43346057894833 32.96365088553533 95.56653942105167
31.59213454496432 67.34124979803562 38.40786545503568 74.65875020196438
39.25811423325277 80.62077530066394 30.741885766747227 75.37922469933606
79.25278019354833 71.53625925937041 74.74721980645167 80.46374074062959
66.19051735949787 8.367068663494534 75.80948264050213 5.632931336505466
18.717320567660487 70.65612084589644 11.282679432339513 77.34387915410356
79.30346775798668 81.63315438670615 86.69653224201332 88.36684561329385
6.318688602941345 34.95336398624591 7.681311397058655 25.04663601375409
79.76962376746262 23.28480389852742 72.23037623253738 16.71519610147258
81.37545270666345 55.09906277544639 90.62454729333655 58.90093722455361
66.13792795354962 68.16629988215976 75.86207204645038 65.83370011784024
49.102626272542295 69.07906768574995 42.897373727457705 76.92093231425005
22.880664117995458 84.84715271487778 15.119335882004542 91.15284728512222
51.09779013992391 61.87385889507129 58.90220986007609 68.12614110492872
13.064611568072008 30.99958251709793 12.935388431927992 21.00041748290207
13.158706195851918 16.750250304293935 22.84129380414808 19.249749695706065
24.012556041137344 2.6458774827769185 33.987443958862656 3.3541225172230815
58.60133857704575 45.53151899911761 51.39866142295425 52.46848100088239
91.97653543712481 8.483833693577632 82.02346456287519 7.516166306422369
74.33069332861798 52.42355836492926 69.66930667138202 43.57644163507074
21.794257351433284 33.66697338291399 18.205742648566716 24.333026617086013
18.510411285886175 51.76640931388269 15.489588714113825 42.23359068611731
12.51268972784359 96.15305165293705 3.48731027215641 91.84694834706295
90.96521683113735 68.58874597220732 81.03478316886265 67.41125402779268
24.634797593406667 23.18998727766425 27.365202406593333 32.81001272233575
87.05340500791654 3.271166696497216 96.94659499208346 4.728833303502784
46.45473418425277 20.385472130947754 39.54526581574723 27.614527869052246
43.66360948721363 38.98867130836532 44.33639051278637 29.011328691634684
34.77111669653144 8.504525002522982 25.228883303468557 11.495474997477018
91.14575664995773 85.35653345023096 94.85424335004227 94.64346654976904
40.71946455233419 70.19577317649534 35.28053544766581 61.804226823504656
49.59765439691333 26.614941778798126 54.40234560308667 35.385058221201874
59.457045638680405 33.911563821667684 68.54295436131959 38.088436178332316
94.78034728723613 51.93873041492479 93.21965271276387 42.06126958507521
28.250563963360953 64.17619461716411 33.74943603663905 55.82380538283588
58.239245370107156 7.651188166091771 49.760754629892844 2.3488118339082287
50.371045062637656 14.272790906672007 53.628954937362344 23.727209093327993
11.057778051698612 5.242080338209891 20.942221948301388 6.757919661790109
7.7769170073122 87.67360310136887 4.2230829926878 78.32639689863113
22.523720128370094 47.40618889560111 29.476279871629906 54.59381110439889
41.01468596292357 94.38294118573052 50.98531403707643 93.61705881426948
68.9679410489076 84.43470208334116 59.032058951092395 85.56529791665884
3.6561385921773244 14.816018741301248 6.343861407822676 5.183981258698752
57.3571738471196 19.277593597389973 60.6428261528804 28.722406402610027
10.70245563832914 9.298761354757524 7.2975443616708615 18.701238645242476
91.44357097034752 28.980285613723872 90.55642902965248 19.019714386276128
31.22151371537481 50.52824294543937 40.77848628462519 53.47175705456063
73.14961733943984 39.99776096384561 72.85038266056016 30.002239036154396
10.433819609119436 64.79000640171854 7.566180390880564 55.20999359828146
30.112757131990694 23.055867960065164 39.88724286800931 20.944132039934836
41.72428481724765 2.4080394146551845 50.27571518275235 7.5919605853448155
33.05249837233797 17.722653197793786 42.94750162766203 16.277346802206214
77.99246007102533 90.72551422765872 68.00753992897467 91.27448577234128
82.15235709965322 27.002321807660557 81.84764290034678 36.99767819233944
