95.428436845766 29.79161436028173 92.571563154234 20.20838563971827
71.97028062511212 43.54434410774348 62.029719374887875 42.45565589225652
66.98417985019198 8.602569224970798 57.01582014980803 9.397430775029202
35.33206045313441 43.20825772310628 44.66793954686559 46.79174227689372
5.11993583416424 61.91279675075135 10.88006416583576 70.08720324924866
14.66178459596198 87.41958694046393 19.33821540403802 78.58041305953607
95.6974982366433 66.00915912063246 96.3025017633567 75.99084087936754
69.94833878315751 67.39522248245973 66.05166121684249 76.60477751754027
26.670391418889274 41.57587027102332 31.329608581110726 50.42412972897668
93.85930060016479 80.131858169772 96.14069939983521 89.868141830228
78.2088996844985 21.851655547626958 75.7911003155015 12.148344452373042
74.48665287478146 54.206795409913504 65.51334712521854 49.793204590086496
87.88478872329007 81.87404388657909 90.11521127670993 72.12595611342091
60.19080730044211 32.136234565006035 65.8091926995579 23.86376543499397
96.89171820832728 13.965063784419824 87.10828179167272 16.034936215580174
6.48738455906227 46.234289714236006 9.51261544093773 55.765710285763994
40.02629067889337 94.48793009350575 49.97370932110663 95.51206990649425
26.508237032113037 72.32536090872621 21.491762967886963 63.6746390912738
80.05588041426745 4.075990070953642 71.94411958573255 9.924009929046358
23.97666547978612 76.42767920861726 28.02333452021388 85.57232079138274
52.08692165328887 80.6195379898151 55.91307834671113 71.3804620101849
25.248988581395412 89.19946409068902 18.751011418604588 96.80053590931098
25.514101652887756 54.02366572703626 26.485898347112244 63.97633427296374
65.97507822224945 95.4985947076527 56.02492177775055 94.5014052923473
51.8225317992378 90.12714359361186 46.1774682007622 81.87285640638814
66.8178149166789 83.33740772714468 57.1821850833211 80.66259227285532
26.398747493727022 32.5314296336873 33.60125250627298 39.4685703663127
45.440233190349396 39.788081907968575 42.559766809650604 30.211918092031425
16.376559574451257 62.98580012504403 15.623440425548742 53.01419987495597
28.008148836190706 7.285345331792517 37.991851163809294 6.714654668207483
55.28352263910238 45.19770779684946 60.71647736089762 36.80229220315054
57.819989034950254 60.743630502101894 66.18001096504975 55.256369497898106
89.44459963491336 67.29031309766329 80.55540036508664 62.709686902336706
89.12222611411411 31.998505854455765 88.87777388588589 22.001494145544235
96.88542599186427 47.93575713391303 87.11457400813573 50.06424286608697
61.22618570140353 67.00511861717612 60.77381429859647 76.99488138282388
32.87573869813762 87.36517483217446 29.124261301862383 96.63482516782554
34.279242983768015 70.80506480876946 39.720757016231985 79.19493519123054
40.838295435043875 85.26130776705513 31.161704564956125 82.73869223294487
82.80096571130898 78.60331526863234 73.19903428869102 81.39668473136766
61.35976179520347 18.862307547841294 70.64023820479653 15.137692452158706
17.14652189054278 73.20601427862461 8.853478109457223 78.79398572137539
73.0527197091743 87.27583308277194 82.9472802908257 88.72416691722806
10.53725366831858 30.97105205121393 9.46274633168142 21.02894794878607
73.94815214700856 30.60485648116268 70.05184785299144 21.39514351883732
84.25411519384728 58.42628547483073 93.74588480615272 61.57371452516927
64.13837301919094 61.8318462860268 73.86162698080906 64.1681537139732
51.52674341810861 67.6854238100313 46.47325658189139 76.3145761899687
22.932416771035708 83.95019359957189 17.067583228964292 92.04980640042811
39.23666447678599 57.47992280022114 48.76333552321401 60.52007719977886
17.715700930954025 39.9919108605162 18.284299069045975 30.0080891394838
27.9793950257107 20.027671680194107 36.0206049742893 25.972328319805893
20.090845421208186 3.9487893978788886 29.909154578791814 2.0512106021211114
58.119146780396164 50.471289706424514 53.880853219603836 59.528710293575486
90.76997390834418 10.500883955887414 81.23002609165582 13.499116044112586
78.94200616530054 56.886783097881256 81.05799383469946 47.113216902118744
23.212122247354237 27.85085143634279 20.787877752645763 18.14914856365721
21.09592037963445 44.91758477710753 22.90407962036555 35.08241522289247
13.307866765025068 95.53816546639348 4.692133234974932 90.46183453360652
82.99883328488337 72.89199171354863 73.00116671511663 73.10800828645137
32.215239680786134 29.847276801358912 37.784760319213866 38.152723198641084
82.05645744784384 7.749257655964424 91.94354255215616 6.250742344035576
52.79915150141152 20.59709413484028 43.20084849858848 23.40290586515972
51.30608903256295 51.826399428043516 48.69391096743705 42.173600571956484
33.81588920912891 17.344325528060708 24.184110790871088 14.655674471939294
88.81004765771245 87.14366255053416 91.18995234228755 96.85633744946584
44.88292969941072 70.1500566581308 37.11707030058928 63.8499433418692
47.674550104112264 30.573682932536833 52.325449895887736 39.42631706746317
64.57257190418953 34.67666609019966 73.42742809581047 39.32333390980034
92.87344442914582 43.87143434172908 95.12655557085418 34.12856565827092
30.591702381420095 66.79757207527956 33.4082976185799 57.202427924720446
65.9930490720997 4.263554479385953 56.006950927900306 3.7364455206140472
50.5749213038711 25.627472891155303 55.4250786961289 34.37252710884469
6.0343377050377445 3.4150231009773218 15.965662294962256 4.584976899022679
6.695080753393658 86.70390276679635 3.3049192466063424 77.29609723320365
13.466706438283554 45.89067558604651 22.533293561716448 50.10932441395349
36.1793488461201 91.32714824062589 45.8206511538799 88.67285175937411
68.99071806538923 89.69547874984241 59.00928193461077 90.30452125015759
2.166911443676349 41.93010785453245 3.833088556323651 32.06989214546755
56.809655547104676 17.003624414713002 57.190344452895324 26.996375585286998
16.82498915423031 9.779835723131427 9.175010845769691 16.220164276868573
84.13237596068461 28.870084669044637 81.86762403931539 19.129915330955363
35.06318862227308 52.20760273804989 44.93681137772692 53.79239726195011
81.84371516497289 39.92830038861216 80.15628483502711 30.071699611387842
5.682544174620687 57.70840154409647 2.317455825379313 48.29159845590353
39.12478874215958 21.159547073095585 46.87521125784042 14.840452926904415
42.405164591258114 8.028328737701997 51.594835408741886 11.971671262298003
30.12213357562597 11.90162886692862 39.877866424374034 14.09837113307138
84.5729284279901 96.02196082862153 75.4270715720099 91.97803917137847
88.1881034546129 36.1432098891205 85.8118965453871 45.8567901108795
