92.34459408660923 17.815814234608254 89.65540591339077 8.184185765391746
76.48895931300342 38.418497115426725 69.51104068699658 45.581502884573275
46.47237089660278 12.764401967432333 37.52762910339722 17.23559803256767
27.80823810510335 40.4940159986452 32.19176189489665 31.505984001354797
9.195159348457043 84.14494138739853 6.804840651542956 93.85505861260147
18.835845311310802 88.99730459729857 19.164154688689198 79.00269540270143
91.84992334893693 74.48589207101188 96.15007665106307 83.51410792898812
73.90696429570721 87.00086563916044 74.09303570429279 96.99913436083956
27.487708765873453 30.417279306944305 20.512291234126547 37.5827206930557
71.02989118316985 72.09501387529909 72.97010881683015 81.90498612470091
68.37748359226016 38.80651005960188 65.62251640773984 29.19348994039812
59.447455645399295 64.2847621937974 50.552544354600705 59.71523780620259
90.3559998649807 83.41013204294508 85.6440001350193 74.58986795705492
65.10918564568425 44.87541866955116 62.89081435431575 35.12458133044884
86.01284734691416 16.009667825331793 79.98715265308584 23.990332174668207
10.204166490013902 63.25448121279977 17.795833509986096 56.74551878720023
45.94867633012933 90.06967979190914 54.05132366987067 95.93032020809086
25.945905594913988 70.07080266966578 18.054094405086012 63.92919733033422
48.875959305646006 6.893193400053944 39.124040694353994 9.106806599946056
12.436889637488122 67.95597851783874 21.56311036251188 72.04402148216126
56.78226943998516 77.9952570908048 57.21773056001484 68.0047429091952
46.74234747068474 79.41565771776108 37.25765252931526 82.58434228223892
25.44741892833411 61.93263317577421 34.55258107166589 66.0673668242258
82.35493320075135 78.18708445726483 79.64506679924865 87.81291554273517
58.40255861118311 87.73795114045035 61.59744138881689 78.26204885954965
68.18136462031967 82.14267979646773 61.81863537968033 89.85732020353227
55.07313578460403 9.055911201635261 48.92686421539597 16.94408879836474
45.75984473316205 36.94192634318703 44.24015526683795 27.058073656812972
4.115106895461275 78.99867486466336 3.8848931045387256 69.00132513533664
30.057906130499745 2.241245635895255 39.942093869500255 3.758754364104745
56.17244914229927 53.30182668443729 65.82755085770073 50.69817331556271
70.67252328135511 57.73201000626689 77.32747671864489 50.26798999373311
95.92001451393185 70.89076213587018 86.07998548606815 69.10923786412982
94.73047968568335 31.946352133522637 93.26952031431665 22.053647866477363
95.73575300721244 59.60394621315004 86.26424699278756 56.39605378684996
81.61939301830301 65.74103531176115 76.38060698169699 74.25896468823885
52.785054828622684 74.06201570313794 51.214945171377316 83.93798429686206
25.128804347052387 76.87241279241724 34.87119565294761 79.12758720758276
34.41083256735429 71.98482802155351 43.58916743264571 68.01517197844649
66.97293819181908 64.9044256824729 65.02706180818092 55.095574317527095
47.007470802592664 2.7267744282918196 56.992529197407336 3.2732255717081804
8.624107404975799 69.19303426609284 11.375892595024201 78.80696573390716
39.12179774283418 75.09687863420814 48.87820225716582 72.90312136579186
22.537729363457885 29.099764802070005 13.462270636542113 24.900235197929995
50.75659508237597 28.644525421523532 59.24340491762403 23.355474578476468
87.00137819015278 63.882611746245125 96.99862180984722 64.11738825375488
78.1666069750401 61.65173838645601 81.8333930249599 52.34826161354399
49.79047703779895 54.567753599997204 40.20952296220105 57.432246400002796
33.7682673388362 84.7136401196673 26.2317326611638 91.2863598803327
24.310587413245706 57.7347649959549 33.689412586754294 54.2652350040451
8.404210446078979 26.38403605493439 3.595789553921021 17.61596394506561
23.348726597489026 18.834572357552023 32.651273402510974 15.165427642447977
16.199598924601347 16.142191909714718 21.800401075398653 7.857808090285282
61.35607402355692 69.75622156196987 66.64392597644309 78.24377843803013
80.04013544414599 11.969581398743104 73.95986455585401 4.030418601256896
85.39014130198541 39.9362858219641 94.60985869801459 36.0637141780359
32.756082254806806 27.542621659873802 23.243917745193194 24.457378340126198
4.5006055165613805 52.571307638565926 11.49939448343862 45.428692361434074
20.744414316477382 96.3135119475504 13.255585683522616 89.6864880524496
96.18201537856133 46.259425721955985 87.81798462143867 51.740574278044015
38.38493194049371 29.2680284063445 41.61506805950629 38.7319715936555
68.87935255987674 5.093395393125617 75.12064744012326 12.906604606874383
56.40259799618022 18.629951290789588 47.59740200381978 23.370048709210412
43.73162218431639 44.61609142838051 34.26837781568361 41.38390857161949
19.956115258837443 21.66100040931809 10.043884741162557 20.33899959068191
86.57522720853919 95.64292894891868 93.42477279146081 88.35707105108132
49.6342515737275 65.87715538818827 40.3657484262725 62.12284461181173
50.73844654310297 38.2102415581197 57.26155345689703 45.7897584418803
64.40155883433827 18.72822010063785 69.59844116566173 27.27177989936215
80.00694937005592 44.73647503568914 89.99305062994408 45.26352496431086
21.69684723884751 53.21034618176707 16.30315276115249 44.78965381823293
67.63662219105214 11.128707757339118 58.36337780894785 14.871292242660882
47.42379960087263 40.71477054248714 52.57620039912737 49.28522945751286
2.403801112555932 5.726856972106575 7.596198887444068 14.273143027893425
2.030278768283703 96.90506276542499 3.969721231716297 87.09493723457501
3.6289176025722947 59.42768174909679 12.371082397427706 54.57231825090321
31.255412953236114 94.57762281793853 40.74458704676389 91.42237718206147
67.97691166324425 94.47994822248165 58.02308833675575 93.52005177751835
4.817385410351614 43.9327356599502 3.182614589648386 34.0672643400498
63.25581194046415 24.537790626913683 58.74418805953585 33.46220937308632
20.339604374704482 3.278838538781918 13.660395625295518 10.721161461218081
73.53042138104472 25.97178571124406 72.46957861895528 16.02821428875594
34.24792720427421 48.445071016373134 43.75207279572579 51.554928983626866
89.49787906057462 30.97514989131396 88.50212093942538 21.02485010868604
12.626817560024485 40.40090957718877 17.373182439975515 31.599090422811226
23.338101341096376 12.807401696943046 32.661898658903624 9.192598303056954
80.02538120452714 4.503157867600329 89.97461879547286 3.4968421323996703
31.00007323162368 22.027061243022484 40.99992676837632 21.972938756977516
86.4128236308954 84.62069844310845 81.5871763691046 93.37930155689155
81.85679011087952 34.18810345461282 72.14320988912048 31.811896545387178
