55.024465896057286 23.96709862516766 46.975534103942714 18.03290137483234
53.54248215607762 11.979023741908911 54.45751784392238 2.020976258091089
86.00185087541814 8.136034291418133 95.99814912458186 7.863965708581867
25.95375174730761 42.60248347198471 22.04624825269239 33.39751652801529
11.104280885135003 96.8556747741848 2.8957191148649972 91.1443252258152
44.637622197509195 95.72421353647623 41.362377802490805 86.27578646352377
87.3154690494633 87.62002490030812 94.6845309505367 94.37997509969188
45.848912428602226 70.11790686389642 52.151087571397774 77.88209313610358
33.20988656847069 17.51486885871853 28.79011343152931 26.48513114128147
61.673743495167095 96.77654770309813 52.326256504832905 93.22345229690187
60.987871225443016 27.651947362605018 51.012128774556984 28.348052637394982
32.98239579350599 94.5807958053003 23.01760420649401 95.4192041946997
65.61857835001278 81.26922795678445 62.38142164998722 90.73077204321555
76.0865774236941 52.88095209265162 67.9134225763059 47.11904790734838
75.70565987954909 11.700077060570027 72.29434012045091 2.2999229394299725
44.07945334856923 53.08547114541591 45.92054665143077 62.91452885458409
72.07781814786928 96.87870689911654 81.92218185213072 95.12129310088346
37.715099384590886 33.83208344386987 40.284900615409114 24.167916556130134
96.99627764856919 13.192898051850944 87.00372235143081 12.807101948149056
50.03590211851272 48.598107200268934 59.96409788148728 47.401892799731066
54.41312894799694 53.258498100357365 57.58687105200306 62.741501899642635
2.8714141548132845 63.0016537054324 3.1285858451867155 72.9983462945676
22.680844177522314 77.77944618612146 17.319155822477686 86.22055381387854
16.65067864419023 42.7196673626024 13.349321355809773 33.2803326373976
24.678595794893226 71.38643366652794 17.321404205106774 64.61356633347206
41.217635048503176 63.314566217975646 32.782364951496824 68.68543378202435
28.419189267282647 46.717545568031 33.58081073271735 55.282454431969
41.804483940147854 6.065143812627952 40.195516059852146 15.934856187372048
14.48846937182999 93.7733069175493 11.51153062817001 84.2266930824507
95.55225330288853 89.51873506705428 88.44774669711147 82.48126493294572
3.0080059126762166 34.999993590532114 2.9919940873237834 25.000006409467886
74.45820104104989 59.90905231617822 83.54179895895011 64.09094768382178
75.40395122581201 80.36753323116464 66.59604877418799 75.63246676883536
57.7963989947073 75.25382154903821 50.2036010052927 68.74617845096179
96.23323925210416 59.81394335808137 89.76676074789584 52.18605664191863
35.57192266176738 78.50123328894986 28.428077338232622 85.49876671105014
61.228367495362264 64.71750274181987 68.77163250463774 71.28249725818013
35.99492612457446 72.99324672458938 28.005073875425534 79.00675327541062
71.25807058221487 64.31324398934031 74.74192941778513 73.68675601065969
95.72858004471267 36.331319685975885 88.27141995528733 29.66868031402412
92.54920250188935 19.21510850494226 95.45079749811065 28.78489149505774
37.66868023676463 50.49793296719642 46.33131976323537 45.50206703280358
48.08100651959629 83.10361663349556 57.91899348040371 84.89638336650444
8.846613198458494 18.21622952153364 17.153386801541508 23.78377047846636
61.38393150810237 3.195342511595494 58.61606849189763 12.804657488404505
87.51416288159962 20.556776523987345 80.48583711840038 13.443223476012653
49.95732054140605 53.0001821569367 50.04267945859395 62.9998178430633
5.421370248822525 77.03359409521812 6.578629751177475 86.96640590478188
62.98837474541753 35.34076003181216 53.01162525458247 34.65923996818784
8.538054975660387 29.021385052598678 9.461945024339613 38.978614947401326
25.987032219119758 32.42310577868157 30.012967780880242 41.57689422131843
26.043066073448657 11.65483283958905 35.95693392655134 10.34516716041095
68.93459359426075 21.04822929643613 63.06540640573925 12.95177070356387
68.26399537805673 31.45806291208836 63.736004621943266 22.54193708791164
70.66467251180863 14.714749773681394 67.33532748819137 5.285250226318606
73.43997412454803 44.9491065324575 82.56002587545197 49.0508934675425
80.52006657218041 28.027120475971643 79.47993342781959 37.97287952402836
23.01498673036852 46.020086988691666 14.985013269631478 51.979913011308334
7.025444176694262 64.01895728442564 12.974555823305739 55.98104271557436
64.18880373368104 51.33957425926855 67.81119626631896 60.66042574073145
73.00001823153426 89.98649759243024 82.99998176846574 90.01350240756976
48.576727893974706 3.2551154757610714 45.423272106025294 12.744884524238929
79.51737044045306 81.21495648532337 88.48262955954694 76.78504351467663
15.51074921923502 80.3239031393072 10.48925078076498 71.6760968606928
17.616160231824338 6.921214385258311 8.383839768175662 3.0787856147416894
96.80216530550172 66.06476638621338 95.19783469449828 75.93523361378662
24.700268925313217 54.04928051367878 23.299731074686783 63.95071948632122
89.9196753617321 59.89263337108028 80.0803246382679 58.10736662891972
39.51218073281706 70.2264904076561 42.48781926718294 79.7735095923439
89.8301070302141 66.70768963608722 80.1698929697859 69.29231036391278
37.155282073434165 19.13529822796899 34.844717926565835 28.86470177203101
32.699104843542855 4.291663478880088 23.300895156457145 7.708336521119912
31.170535359313618 63.21484067501528 38.82946464068638 56.78515932498472
6.22441825964353 57.158863547004124 11.77558174035647 48.841136452995876
22.061641016430812 19.088841031084925 23.938358983569188 28.911158968915075
8.19254776830455 13.625808223002906 17.80745223169545 16.374191776997094
87.61039912727503 42.60596487532614 96.38960087272497 47.39403512467386
29.998267652151377 90.13160728496987 20.001732347848623 89.86839271503013
47.92076951050289 25.383654639487805 44.07923048949711 34.61634536051219
88.27764772923794 37.411230040242 79.72235227076206 42.588769959758
76.42767577221282 26.01832423437031 75.57232422778718 35.98167576562969
81.73013386762524 21.62044240698171 72.26986613237476 18.37955759301829
54.48942166151873 43.20115722861553 45.51057833848127 38.79884277138447
59.133809794477614 40.8510035319123 68.86619020552239 43.1489964680877
34.525412104191616 86.65530038484607 39.474587895808384 95.34469961515393
17.618839278015415 11.590553854484495 26.381160721984585 16.409446145515503
32.93715159637776 37.04791704838718 39.06284840362224 44.95208295161282
2.874474666631934 52.90270308766558 9.125525333368067 45.09729691233442
58.64132661006981 51.591297261139594 63.35867338993019 60.408702738860406
94.97899391664612 2.5421576930853464 85.02100608335388 3.4578423069146536
