95.428436845766 26.79161436028173 92.571563154234 17.20838563971827
70.44508122406387 52.289378280554544 61.55491877593613 47.710621719445456
68.6898649525425 45.37415124616526 61.31013504745751 38.62584875383474
14.061541965564341 38.217930794546994 23.93845803443566 39.782069205453006
4.289395483822708 56.05075346930582 5.710604516177292 65.94924653069418
25.055874593934856 77.60655797808863 28.944125406065144 68.39344202191137
94.04637857649786 72.00021510186268 93.95362142350214 81.99978489813732
71.56537549648554 68.96104277237374 62.434624503514456 73.03895722762626
26.11347647412253 35.940807934770085 35.88652352587747 38.059192065229915
79.35669008634771 78.27776191539519 82.64330991365229 87.72223808460481
91.60862065355217 37.96281985367893 90.39137934644783 28.03718014632107
77.97949605050005 60.45234840892218 68.02050394949995 59.54765159107782
77.27145868585293 92.99262557998044 76.72854131414707 83.00737442001956
62.278659617539404 28.83373867544306 59.721340382460596 19.16626132455694
87.69684495139423 14.714540026526826 78.30315504860577 11.285459973473174
3.946837500351627 38.00028263312503 4.053162499648373 47.99971736687497
57.05990664287841 95.22832803412128 66.94009335712158 96.77167196587872
21.60330322713977 57.46643993937356 14.396696772860233 50.53356006062644
65.97933491969431 14.454118660168085 56.02066508030569 13.545881339831915
16.585860863843404 63.621423492586075 21.414139136156596 72.37857650741392
52.18194574998118 63.336545264432004 61.81805425001882 60.663454735567996
37.76160229733521 84.83184060389326 32.23839770266479 93.16815939610674
20.763016104214643 44.52832212139593 25.236983895785357 53.47167787860407
92.83582935730102 94.2707298796619 83.16417064269898 91.7292701203381
56.93331585981059 90.18612370267878 47.06668414018941 91.81387629732122
66.9907508630026 78.69601673822606 57.00924913699739 79.30398326177394
37.361627491017735 45.1330504913315 46.638372508982265 48.8669495086685
39.903773921701664 24.97621786750638 30.09622607829834 23.02378213249362
18.898826406250528 78.62541438996828 15.101173593749474 69.37458561003172
30.000056173922225 10.023700971851943 39.999943826077775 9.976299028148057
50.85962384106378 54.8907631102889 57.14037615893622 47.1092368897111
54.15448326725497 58.23327514881631 63.84551673274503 55.76672485118369
92.48389417591011 68.21239531260562 83.51610582408989 63.78760468739437
78.24085282930591 37.68032063344371 81.75914717069409 28.319679366556286
78.70703900787586 43.686352210641346 69.29296099212414 40.313647789358654
57.9561609683616 73.66065759337876 48.0438390316384 72.33934240662124
42.8875658603568 89.85566673499957 35.1124341396432 96.14433326500043
39.92398359326379 79.05815740224325 46.07601640673621 86.94184259775675
53.211726866102424 81.69469048414675 44.788273133897576 76.30530951585325
81.88669860192438 72.94161596102819 72.11330139807562 75.05838403897181
63.3929702741937 9.943007232497388 72.6070297258063 6.056992767502612
24.77511313980736 84.72150632429253 17.22488686019264 91.27849367570747
83.31679402672081 77.29183500166813 86.68320597327919 86.70816499833187
2.9748190384103332 29.893771959950126 5.025180961589667 20.106228040049874
86.97198112954675 21.52858646164181 77.02801887045325 20.47141353835819
83.59948850746159 42.62607948657978 92.40051149253841 47.37392051342022
56.41431960210193 67.99287111683958 65.58568039789806 64.00712888316042
39.30357997309636 66.24682010005426 32.69642002690364 73.75317989994574
31.026334332742568 83.42900785693645 26.973665667257432 92.57099214306355
40.22585480449547 73.15982192338315 45.77414519550453 64.84017807661685
23.433386584662863 22.748233609131475 26.566613415337137 13.251766390868525
14.000171496778336 9.95858818559611 23.999828503221664 10.04141181440389
42.06239858216357 2.212540643220468 51.93760141783643 3.787459356779532
40.417871760003806 52.65854551354059 31.582128239996198 57.34145448645941
94.65039025423484 8.836809865859196 85.34960974576516 5.1631901341408035
95.09598803738832 60.53947509599128 90.90401196261168 51.46052490400872
20.19418319208139 34.4928343080496 15.805816807918609 25.5071656919504
13.571307638565866 58.499394483438685 6.428692361434133 51.500605516561315
18.98462977017816 95.6082525631818 9.01537022982184 96.3917474368182
83.61059236877345 68.93453819011361 74.38940763122655 65.06546180988639
30.862377702344478 28.192851674395556 39.137622297655525 33.807148325604444
66.98686616605293 19.982407891424195 75.01313383394707 14.017592108575805
48.62773735273735 19.74617861152717 43.37226264726265 28.25382138847283
56.78168519057394 35.270910747696085 49.21831480942606 28.72908925230391
38.99987616253025 4.9648096694849135 29.000123837469747 5.0351903305150865
88.06583951029748 71.08804069851156 89.93416048970252 80.91195930148844
39.852552532792814 59.79470587967664 30.147447467207186 62.20529412032336
44.80508369811896 35.15389680013981 51.19491630188104 42.84610319986019
72.15237011218238 47.8069224490513 79.84762988781762 54.1930775509487
96.52080466950841 44.9728022780137 95.47919533049159 35.0271977219863
24.35954648312903 68.95881228649841 25.64045351687097 59.041187713501586
66.9084937749915 2.0477978886445793 57.0915062250085 3.9522021113554207
51.453794334775424 14.245081699878806 54.546205665224576 23.754918300121194
15.057778051698612 3.2420803382098926 24.942221948301388 4.757919661790107
15.333241078693817 85.42221506359604 10.666758921306183 76.57778493640396
8.200591379936633 36.85713729675784 13.799408620063367 45.14286270324216
42.03108733618493 96.55669285910479 51.96891266381507 95.44330714089521
72.65235269563338 81.16816638434796 63.347647304366625 84.83183361565204
2.6161839629066743 11.681003806994774 9.383816037093325 4.318996193005226
83.03039366135388 48.09491452183988 84.96960633864612 57.90508547816012
9.343509742247628 25.764075129270264 14.656490257752372 34.23592487072974
87.70361108170599 39.95024559448322 86.29638891829401 30.04975440551678
25.812295392947306 44.26812699342198 34.187704607052694 49.73187300657802
67.23681750761178 33.994388598025644 66.76318249238822 24.005611401974356
5.703985469839691 75.44165704183615 10.29601453016031 66.55834295816385
29.05100858435165 18.712379089978732 38.94899141564835 17.287620910021268
47.00376781197518 7.805928045960526 56.99623218802482 8.194071954039474
10.142045717742219 13.816665646787312 19.85795428225778 16.18333435321269
72.92624950673321 90.85560843696798 63.073750493266786 89.14439156303202
75.06511238387353 25.000423980229293 74.93488761612647 34.99957601977071
