94.31962716848182 14.738993910435992 87.68037283151818 7.261006089564008
74.81615602226407 43.230627371539114 67.18384397773593 36.769372628460886
38.381747244394916 10.682904502566883 31.618252755605088 3.317095497433117
39.90811599475973 23.04585253656279 30.091884005240267 24.95414746343721
18.85922170229361 70.35852451673819 15.140778297706388 79.64147548326181
30.038541063936798 66.61961699924922 39.9614589360632 65.38038300075078
72.5061476871951 76.23224170659242 69.4938523128049 85.76775829340758
66.081488243686 67.0006640774858 65.918511756314 76.9993359225142
13.671252337136899 16.010819208110206 14.328747662863101 25.989180791889794
74.1844147825813 56.26309062493565 65.8155852174187 61.73690937506435
75.53501661275766 35.53605112343237 68.46498338724234 28.46394887656763
58.52224104583729 90.77663359212238 61.47775895416271 81.22336640787762
80.8040777764645 90.13970383282886 75.1959222235355 81.86029616717114
60.70766640622796 49.7630492299889 67.29233359377204 42.2369507700111
88.98138307964798 18.568928528203504 79.01861692035202 19.431071471796496
43.605835173190556 48.6104698677343 48.394164826809444 57.3895301322657
30.845144514718413 84.12096830807111 37.15485548528159 91.87903169192889
48.287471422887265 65.76729765796381 41.712528577112735 58.2327023420362
64.99407747668258 2.756709727091572 55.00592252331743 3.243290272908428
9.533901300832156 70.02858678030384 8.466098699167844 79.97141321969616
59.9137559666465 60.61925731044774 56.0862440333535 51.38074268955226
38.740888078338195 79.58870394619979 29.259111921661805 76.41129605380021
16.037316088568957 66.0491205647015 23.962683911431043 59.9508794352985
66.19538218221498 88.15428384958236 59.80461781778502 95.84571615041764
55.82157700869636 75.85914799667256 58.17842299130364 66.14085200332744
70.31456621797567 63.78236495149681 75.68543378202433 72.21763504850318
50.954026298072684 14.110629998161679 53.045973701927316 23.889370001838323
56.89014448064486 18.99879303080926 57.10985551935514 9.001206969190742
3.600348063288569 69.38653286578786 8.39965193671143 60.61346713421214
43.32365664170345 3.230307146616756 52.67634335829655 6.769692853383244
63.85929430046887 53.802598135636 72.14070569953114 48.197401864364
74.18551065065883 52.23259508812391 81.81448934934117 45.76740491187609
95.24043210070263 53.058031100223616 96.75956789929737 62.941968899776384
73.67918906101602 26.221604668290496 68.32081093898398 17.778395331709504
87.75693467049804 67.70069069628055 80.24306532950196 74.29930930371945
95.59419954790928 79.26095707959446 92.40580045209072 88.73904292040554
46.30702477953596 81.04825431349481 47.69297522046404 90.95174568650519
28.668420401506644 62.497482368689745 37.331579598493356 57.502517631310255
17.704459457676034 41.008742063583284 18.295540542323966 50.991257936416716
54.36434071756522 87.4056660076841 49.63565928243478 78.5943339923159
24.116251629747737 26.631575550239027 27.883748370252263 17.368424449760973
24.69822867560135 66.04899235341249 23.30177132439865 75.95100764658751
34.08100651959629 73.10361663349556 43.91899348040371 74.89638336650444
22.75072131843964 33.44094677623786 13.249278681560359 36.55905322376214
57.494825324927774 27.32713529339871 62.505174675072226 18.67286470660129
82.25158312323771 83.1768654121875 87.74841687676229 74.8231345878125
86.16718326492791 85.1200909389837 91.83281673507209 76.8799090610163
30.966405904781872 54.42137024882247 21.033594095218128 55.57862975117753
28.92263600938234 88.1238409281801 19.07736399061766 89.8761590718199
36.86956064456879 16.817706643904764 45.13043935543121 11.182293356095235
17.555746517877648 58.297459684087364 12.444253482122354 49.702540315912636
19.741243530944672 22.94475055263991 18.258756469055328 13.055249447360092
5.222942122601021 13.276253010800342 12.77705787739898 6.7237469891996575
52.05251663644666 53.090593184936736 53.94748336355334 62.909406815063264
66.76354166401481 22.833126175265892 61.23645833598519 31.166873824734108
86.13242572126552 34.856881178091086 95.86757427873448 37.143118821908914
44.92373387509447 35.94164771748551 51.07626612490553 28.05835228251449
2.3195922915680107 61.22083102203563 7.680407708431989 52.77916897796437
15.335662131798486 93.81829914696873 12.664337868201514 84.18170085303127
86.26460654781587 58.21287126070981 79.73539345218413 65.78712873929018
54.29047358033885 32.23532423479896 47.70952641966115 39.76467576520104
86.26166819385206 24.596311903998355 95.73833180614794 21.403688096001645
80.51355106164198 2.2260635159593596 83.48644893835802 11.77393648404064
86.33638344632327 48.579444334504245 81.66361655367673 57.420555665495755
19.553300960152605 28.934219187262755 10.446699039847395 33.065780812737245
94.13383094797993 95.81272851400972 85.86616905202007 90.18727148599028
50.98750807337728 70.35321837154439 41.01249192662272 69.64678162845561
38.000061403250314 43.97522039684033 47.999938596749686 44.02477960315967
63.38448057555361 7.546303532235234 70.61551942444639 14.453696467764766
84.11543327423352 39.851962301199684 91.88456672576648 46.148037698800316
39.96594484119747 33.974230654270556 46.03405515880253 26.025769345729444
24.146237337501002 4.20559202314469 15.853762662498998 9.794407976855311
28.218131818703274 34.53926843783605 37.78186818129673 37.46073156216395
3.757919661790119 25.057778051698612 2.242080338209881 34.94222194830139
5.116031610506825 94.92123966967438 6.883968389493175 85.07876033032562
26.149528351372997 50.21364112729655 35.85047164862701 47.78635887270345
22.00028106447109 94.946985231174 31.99971893552891 95.053014768826
77.99062981453852 93.30596413881226 68.00937018546148 92.69403586118774
3.9100312536413515 45.87975082683136 6.0899687463586485 36.12024917316864
56.33296173577178 37.01109866979594 55.66703826422822 46.98890133020406
10.824989154230309 2.779835723131427 3.1750108457696906 9.220164276868573
80.54106096216542 14.529998195782566 73.45893903783458 7.470001804217434
22.125830958598755 42.114664144864115 31.874169041401245 39.885335855135885
81.27003425489866 34.83601209586825 78.72996574510134 25.16398790413175
27.01655887139977 30.406588880536166 36.983441128600234 29.593411119463834
9.539227818293744 27.970838295496865 8.460772181706256 18.029161704503135
86.00240060730903 3.15492033493005 95.99759939269097 2.84507966506995
26.152439251365923 7.806839138788905 33.84756074863408 14.193160861211094
45.93641927641487 95.20516371029014 36.06358072358513 96.79483628970986
94.7750001854771 26.51697160219578 85.2249998145229 29.48302839780422
