50.11939391313042 10.90760561146143 43.88060608686958 3.0923943885385707
55.99161515722414 11.006274922052505 50.00838484277586 2.993725077947495
76.17221570938723 56.12354653250859 81.82778429061277 47.87645346749141
3.5060755376129933 7.1919495720384745 12.493924462387007 2.808050427961525
8.4871185827793 87.67733566154081 13.5128814172207 96.32266433845919
52.99730459729856 96.16415468868928 43.00269540270144 95.83584531131072
88.85986901233599 78.82172826718539 81.14013098766401 85.17827173281461
38.460385186243265 69.46855171774612 45.539614813756735 76.53144828225388
12.220705776580893 21.84361652158163 17.779294223419107 30.15638347841837
95.99635605993964 87.8091437129556 86.00364394006036 88.1908562870444
85.65626958067223 17.410526756008657 78.34373041932777 10.589473243991343
51.99399066801901 90.7549342787352 42.00600933198099 91.2450657212648
52.612402394518135 51.19640000777948 55.387597605481865 60.80359999222052
96.66312891070513 35.768245705978835 91.33687108929487 44.231754294021165
65.96215270625817 3.614036252818045 56.03784729374184 2.385963747181955
31.990083117731345 44.68524536836984 22.009916882268655 45.31475463163016
79.98244262118007 89.01322844076445 86.01755737881993 96.98677155923555
42.4323670588971 18.368476907434932 37.5676329411029 9.631523092565068
94.89729111541959 4.867728945050969 87.10270888458041 11.132271054949031
31.020026088117262 33.5529431389998 40.97997391188274 34.4470568610002
71.47450816396255 33.76868274540969 62.525491836037446 38.23131725459031
3.4815177952348844 69.02323994823217 2.5184822047651156 78.97676005176783
46.86241680789414 58.00189327192286 47.13758319210586 67.99810672807713
18.158657304021546 88.77589074491563 9.841342695978453 83.22410925508437
33.973767586014766 82.96533837597363 26.026232413985237 89.03466162402637
36.58771980700163 86.25878224351014 33.41228019299837 95.74121775648986
26.060536417543155 37.22430707262307 35.939463582456845 38.77569292737693
34.59453418591224 20.72584600673622 29.40546581408776 29.27415399326378
8.463516432801487 73.97846889279455 7.536483567198512 64.02153110720545
92.93643631026275 65.99959594940901 93.06356368973725 56.00040405059099
4.095266613662717 96.99909234484834 3.9047333863372833 87.00090765515166
77.98954856109984 45.992182713642514 72.01045143890016 54.007817286357486
58.978927408876594 72.45856499772377 49.021072591123406 71.54143500227623
65.96502845726633 47.00012230237591 66.03497154273367 56.99987769762409
76.81490535724873 75.85752516079148 79.18509464275127 66.14247483920852
66.91479257510508 96.91913760868105 57.08520742489492 95.08086239131895
78.47539070349677 59.40532901950008 71.52460929650323 66.59467098049991
46.82840739779392 44.00294526957447 47.17159260220608 53.99705473042553
68.94650663758841 82.27056728597233 59.05349336241159 83.72943271402767
79.54058409699218 80.61004731409666 86.45941590300782 73.38995268590334
73.83705827552937 9.002655705834695 74.16294172447063 18.997344294165305
16.65257385269014 77.71412684063243 23.34742614730986 70.28587315936757
71.15558511039224 87.887907596396 76.84441488960776 96.112092403604
14.426315805954665 11.97974929943339 23.573684194045335 16.02025070056661
61.35474482201586 50.01260026554388 60.64525517798414 59.98739973445612
88.30297678435507 36.24628925434957 81.69702321564493 43.75371074565043
39.56558403611678 76.50522616693833 32.43441596388322 69.49477383306167
9.43255161097854 55.36439971421931 2.5674483890214597 62.63560028578069
7.920778330368133 31.999372353312037 8.079221669631867 22.000627646687963
23.77374025289582 83.67183991848444 32.22625974710418 78.32816008151556
8.63792874784071 48.55616400077962 17.36207125215929 53.44383599922038
31.263149565465216 16.945407105297388 32.73685043453479 7.054592894702611
69.59392537507497 23.339582585354254 76.40607462492503 30.660417414645746
68.94748336355347 17.909406815063242 67.05251663644653 8.09059318493676
93.47462342132995 24.97742228547318 92.52537657867005 15.02257771452682
79.74979814890384 33.633587709748575 88.25020185109616 28.366412290251425
56.341465701101235 16.591902761982677 63.658534298898765 23.408097238017323
2.5868454426507723 23.796143679774733 5.413154557349228 14.203856320225267
12.260409253076713 78.94499803104767 13.739590746923287 69.05500196895233
44.27041523184316 28.308674331304655 47.72958476815684 37.69132566869535
64.5916171295778 67.64072882699591 73.4083828704222 72.35927117300409
44.00521993982645 22.228412238053796 53.99478006017355 21.771587761946204
72.9558451624695 80.05798774532643 65.0441548375305 73.94201225467357
21.052373392378573 64.92886836316386 12.947626607621427 59.071131636836135
29.312424607269925 2.469586198541264 20.687575392730075 7.530413801458736
86.45594677713297 57.020832144180915 85.54405322286703 66.97916785581909
31.76211773314073 59.34663347947561 40.23788226685927 64.6533665205244
59.989248291353626 46.0080412488695 54.010751708646374 37.9919587511305
50.90032820924949 41.07673161896545 57.09967179075051 48.92326838103455
95.38881936408661 81.96250523730549 96.61118063591339 72.03749476269451
23.07524287230407 57.38531582885852 26.92475712769593 66.61468417114148
44.79440797685538 12.146237337500954 39.20559202314462 3.8537626624990455
37.52755592270849 47.59751749545198 44.47244407729151 40.40248250454802
10.0751053860134 10.097612349713723 17.924894613986602 3.9023876502862773
11.296097233203676 43.69508075339374 20.703902766796325 40.30491924660626
3.995844496739661 33.00000172682103 4.004155503260339 42.99999827317897
87.41096642785213 52.98513749491055 96.58903357214787 49.01486250508945
28.944972429609546 95.73976190115569 19.055027570390454 94.26023809884431
20.75580874768927 20.157274721019842 23.24419125231073 29.842725278980158
79.0357438195255 40.04825952645534 70.9642561804745 45.95174047354466
38.63286634612052 52.11942843290028 29.36713365387948 55.88057156709972
87.89235841922444 23.031905566340168 78.10764158077556 20.968094433659832
75.99940023511529 36.999200479978754 68.00059976488471 43.000799520021246
56.68237321913341 25.478472887089332 65.31762678086659 30.521527112910668
50.746148677894055 83.57291853804463 41.253851322105945 80.42708146195537
50.357858165948045 29.142442681222253 59.642141834051955 32.857557318777744
10.294873548016188 39.69168113746126 19.705126451983812 36.30831886253874
31.999637539123736 50.06020363265421 22.000362460876264 49.93979636734579
68.67248264196141 92.7798612194689 59.32751735803859 89.2201387805311
81.97899391664612 2.5421576930853464 72.02100608335388 3.4578423069146536
