93.92147180491654 26.61605308709841 90.07852819508346 17.38394691290159
77.72044187372853 45.64846247053132 68.27955812627147 42.35153752946868
67.99841881963836 10.125735052730441 58.00158118036165 9.874264947269559
33.244685156649 44.45501432349499 42.755314843351 47.54498567650501
5.337790552416811 62.767667208595384 10.662209447583189 71.23233279140462
11.79399641903345 87.83686604389959 18.20600358096655 80.16313395610041
94.82794625511667 62.06902595842989 93.17205374488333 71.93097404157011
68.94833878315751 70.39522248245973 65.05166121684249 79.60477751754027
17.937541342639495 32.047615027359086 24.062458657360505 39.952384972640914
93.1117993397072 76.37023777430527 96.8882006602928 85.62976222569473
77.78144981341298 26.938556083423254 76.21855018658702 17.061443916576746
70.13586251704155 50.80974042219753 61.86413748295845 45.19025957780247
86.9700223702709 83.89276466655178 89.0299776297291 74.10723533344822
61.031650844561774 32.596259522947506 64.96834915543822 23.403740477052494
93.96330437825982 12.395343362934895 84.03669562174018 13.604656637065105
7.598204348298371 36.01617012185672 8.401795651701628 45.98382987814328
43.06323227006386 96.7926691495581 52.93676772993614 95.2073308504419
18.542256707892903 58.52879829621753 11.457743292107097 51.47120170378247
80.38199566686157 2.592072680580588 71.61800433313843 7.407927319419413
27.585860863843404 74.62142349258608 32.41413913615659 83.37857650741392
51.331311398772385 75.71332985819294 54.668688601227615 66.28667014180706
25.914471948956905 89.88922688695727 18.085528051043095 96.11077311304273
23.559357770337897 53.03138662353744 22.440642229662103 62.96861337646256
72.87723133396132 95.1011877746442 63.122768666038674 92.8988122253558
59.21075769399147 90.69620467370184 50.78924230600853 85.30379532629816
67.99831949526434 83.87037660990214 58.00168050473566 84.12962339009786
23.985688837723686 32.01077348136554 30.014311162276314 39.98922651863446
46.63040522173026 43.2521721942431 41.36959477826974 34.7478278057569
15.027850458737626 70.99992243459317 14.972149541262374 61.000077565406826
36.065321428204925 9.805572711222611 45.934678571795075 8.194427288777389
54.067554425338905 49.049785543908534 59.932445574661095 40.950214456091466
58.407066357061574 59.97609730316206 67.59293364293843 56.02390269683794
87.59353697905048 64.97469441233214 78.40646302094952 61.02530558766786
90.20944345423602 38.99561141798256 89.79055654576398 29.004388582017445
94.98599534179125 50.6260341571267 85.01400465820875 51.3739658428733
63.83870022077123 68.88396051323686 58.16129977922877 77.11603948676314
34.54786043281522 87.24562011609031 31.452139567184783 96.75437988390969
31.345214421534425 70.58788300677716 38.65478557846558 77.41211699322284
46.43055772444266 86.31736019003985 37.56944227555734 81.68263980996015
83.40566600768415 76.63565928243486 74.59433399231585 81.36434071756514
66.16739122905629 15.282923406520437 75.83260877094371 12.717076593479563
23.887231222107253 69.85525304263211 16.112768777892747 76.14474695736789
80.37486691046874 87.10048850908372 89.62513308953126 90.89951149091628
8.101953522148497 30.998960439863623 7.898046477851503 21.001039560136377
71.62218799606855 29.729535506306206 68.37781200393145 20.270464493693794
80.8717372330382 54.179105367633014 89.1282627669618 59.820894632366986
67.0093842933796 64.69380583148306 76.9906157066204 65.30619416851694
48.52674341810861 70.6854238100313 43.47325658189139 79.3145761899687
23.207773765004468 84.16461377791636 16.792226234995532 91.83538622208364
39.745895856635144 61.37272043029182 48.254104143364856 66.62727956970818
12.938294219267878 29.88597798144445 15.061705780732122 20.11402201855555
27.56392075412288 19.69322716239802 36.43607924587712 24.30677283760198
22.002861898455066 7.169147255632171 31.997138101544934 6.830852744367829
57.353256947145205 52.58840371965965 52.646743052854795 61.41159628034035
93.76997390834418 6.500883955887414 84.23002609165582 9.499116044112586
72.85688117809102 59.86757427873447 75.14311882190898 50.13242572126553
20.611917192427274 28.96241446773765 19.388082807572726 19.03758553226235
12.614900602129673 43.98514778655156 13.385099397870327 34.01485221344844
9.686015266797062 93.37835632415218 2.3139847332029375 86.62164367584782
82.83495807962369 72.27404096020561 73.16504192037631 69.72595903979439
24.664572663518953 23.5789391368115 29.335427336481047 32.4210608631885
85.07028672245725 3.8354202542545446 94.92971327754275 2.1645797457454554
52.626217653148956 24.103131468526893 43.373782346851044 27.896868531473107
48.621673289007965 58.961201701375785 47.378326710992035 49.038798298624215
30.956115258837443 14.661000409318087 21.043884741162557 13.338999590681913
92.55751738178505 86.21259528594587 95.44248261821495 95.78740471405413
41.53238802255926 73.53867699261743 34.46761197744074 66.46132300738257
48.37145051288228 31.746680403053027 53.62854948711772 40.25331959694697
64.70023344236253 34.44813645548545 73.29976655763747 39.55186354451455
94.4755201082064 44.97241599658598 95.5244798917936 35.02758400341402
27.794172570094904 64.99576171060016 28.205827429905096 55.00423828939984
67.85102413202257 5.211430918597769 58.14897586797743 2.7885690814022306
53.12587448050602 28.3645222967658 56.87412551949398 37.6354777032342
2.1640762381718828 3.729629436036008 11.835923761828116 6.270370563963992
9.612728161457017 81.73276957787334 6.387271838542984 72.26723042212666
16.667796724918517 43.503599634799485 25.332203275081483 48.496400365200515
37.09851452864409 92.98764374856876 46.90148547135591 91.01235625143124
75.93154725132827 87.1754748591361 66.06845274867173 88.8245251408639
3.035672175427691 33.99987274797072 2.964327824572309 24.00012725202928
54.85979930486697 14.131741340600506 57.14020069513303 23.868258659399494
20.002575580768184 3.0019329818305196 13.997424419231816 10.99806701816948
85.44357097034752 27.980285613723872 84.55642902965248 18.019714386276128
31.050111283482547 51.29388266265924 40.94988871651745 52.70611733734076
81.24774441094597 40.46627865936074 76.75225558905403 31.53372134063926
5.01088692691695 57.896744594216486 2.9891130730830504 48.103255405783514
40.63501231722264 23.438623080593207 49.36498768277736 18.561376919406793
43.22423981327576 2.5194208434198244 52.77576018672424 5.480579156580175
36.02463468346456 14.504278337152561 45.97536531653544 15.495721662847439
88.91056678887938 95.94145303226178 79.08943321112062 94.05854696773822
85.5421576930854 37.021006083353875 86.4578423069146 46.978993916646125
