96.22163683674617 17.679138372430163 87.77836316325383 12.320861627569837
74.63106129187479 46.251766277489644 69.36893870812521 37.748233722510356
33.71492452150706 7.6641775014978 24.285075478492942 4.3358224985022
39.962743480890566 25.609243090135788 30.037256519109434 24.390756909864212
15.98511302521863 76.00002216225093 16.01488697478137 85.99997783774907
27.111424092882565 72.04967880818418 36.888575907117435 69.95032119181582
74.30798353992368 79.00949440045038 73.69201646007632 88.99050559954962
70.86255342877917 70.07496176842237 69.13744657122083 79.92503823157763
11.391159133707603 18.26590757727022 14.608840866292397 27.73409242272978
74.62976222569472 63.11179933970717 65.37023777430528 66.88820066029284
78.07773090632104 41.94050408809283 71.92226909367896 34.05949591190717
61.76573739570317 77.94101672136634 60.23426260429683 68.05898327863366
80.96365605248111 96.9062579439443 79.03634394751889 87.0937420560557
56.51523565515383 51.585584674901554 63.48476434484617 44.414415325098446
92.99711680494869 20.830224743559693 83.00288319505131 21.169775256440307
32.61502865015691 49.32005856558268 39.38497134984309 56.67994143441732
40.898152227084296 90.14083144116573 49.101847772915704 95.85916855883427
49.663252145317664 69.4030256713439 42.336747854682336 62.59697432865611
62.855900234796785 2.808264748486266 53.144099765203215 5.191735251513734
5.63854209043043 79.27610543958824 2.36145790956957 88.72389456041176
58.019502428820125 57.97381913113577 49.980497571179875 52.02618086886423
33.53571008318858 88.3093125175619 28.464289916811417 79.6906874824381
19.10194310652721 66.07446514799119 24.89805689347279 57.925534852008816
69.98973378981736 83.9923208878424 64.01026621018264 92.0076791121576
56.03211550214704 71.99989685838837 55.96788449785296 62.00010314161163
74.75371932652335 71.19715083272924 81.24628067347665 78.80284916727076
43.05576953448744 19.958774076354093 48.94423046551256 28.041225923645907
52.35080919458321 22.720187463155327 55.64919080541679 13.279812536844673
2.9876995320596422 75.89645256921864 5.012300467940358 66.10354743078136
43.572712716714456 2.359436598845009 50.427287283285544 9.640563401154992
63.85962384106378 54.8907631102889 70.14037615893622 47.1092368897111
60.37327822980736 62.89563858929531 69.62672177019263 59.10436141070469
92.64381929969771 59.18743582815485 95.35618070030229 68.81256417184515
74.578307091964 26.74435946397995 71.421692908036 17.25564053602005
89.05837130531867 65.04445137069416 82.94162869468133 72.95554862930584
95.25973723488522 83.16129541105848 92.74026276511478 92.83870458894152
56.956341866643186 78.39861689262685 53.043658133356814 87.60138310737315
29.805064808769444 66.72075701623196 38.194935191230556 61.279242983768036
12.842226537665558 48.13589056353436 15.157773462334442 57.86410943646564
57.904374444536074 94.53964244531291 62.095625555463926 85.46035755468709
26.94269252273561 31.910328991786432 25.05730747726439 22.089671008213568
23.380480649180313 69.19434986945171 20.619519350819687 78.80565013054829
40.177849732968305 81.67830911247518 49.822150267031695 84.32169088752482
18.910918489590518 38.9396167243073 9.089081510409482 37.0603832756927
55.494825324927774 25.32713529339871 60.505174675072226 16.67286470660129
84.47394997849216 81.31498218870487 89.52605002150784 72.68501781129513
89.81887340188061 82.8575165024582 96.18112659811939 75.1424834975418
29.314576189968744 55.52674341810854 20.685423810031256 50.47325658189146
27.779166496242286 86.53045326675357 18.220833503757714 89.46954673324643
38.675871655258376 18.427011117804938 43.324128344741624 9.57298888219506
15.060424960899981 67.9539599212309 8.939575039100019 60.04604007876909
19.919970335195085 25.881960254154205 22.080029664804915 16.118039745845795
2.90117154835852 18.863495298409674 11.09882845164148 13.136504701590326
45.79687662921506 52.14690880420828 48.20312337078494 61.85309119579172
65.78652518850897 23.004559228170265 66.21347481149103 32.995440771829735
83.03960234868065 43.37194336180127 92.96039765131935 44.62805663819873
48.73235538937518 39.456207795862326 53.26764461062482 30.54379220413767
2.393664189144511 62.266967733772105 7.606335810855489 53.733032266227895
9.781353853619997 79.99521709865279 10.218646146380003 70.00478290134721
88.13354882119114 59.18685689257918 79.86645117880886 64.81314310742083
60.20398362530123 28.511965220789385 55.79601637469877 37.488034779210615
79.44592139339873 24.93593409870309 88.55407860660127 29.06406590129691
76.47774660617657 6.68279745467668 81.52225339382343 15.317202545323319
78.85600587597122 50.0738195383946 77.14399412402878 59.9261804616054
21.901299723399134 31.011434867392364 12.098700276600864 32.98856513260764
90.13083996533713 96.89844085647682 83.86916003466287 89.10155914352318
47.99710735587517 74.82994684990209 38.00289264412483 75.17005315009791
39.32327497681172 49.768683990283336 48.67672502318828 46.231316009716664
56.14202009667095 8.816770834178328 65.85797990332905 11.183229165821672
89.78747761678693 49.16859034592293 96.21252238321307 56.83140965407707
41.34254688215738 43.71729256694492 44.65745311784262 34.28270743305508
19.994307049729038 2.992424366290202 12.00569295027096 9.007575633709799
25.148806586987284 37.21075285237824 34.851193413012716 34.78924714762176
3.9754545664652947 27.000060248193726 4.024545433534706 36.999939751806274
6.3570632331826635 94.72236792088881 9.642936766817336 85.27763207911119
27.110127663125876 46.043622790606456 36.88987233687412 43.956377209393544
11.001476569408904 95.12150520084268 20.998523430591096 94.87849479915732
71.93154725132827 95.1754748591361 62.06845274867173 96.8245251408639
2.380722832592943 53.259035937897224 7.619277167407057 44.740964062102776
62.461867448463074 36.39230353698211 55.538132551536926 43.60769646301789
11.339604374704482 2.278838538781918 4.660395625295519 9.721161461218081
73.2769196700561 12.45147580203595 68.7230803299439 3.5485241979640483
21.190847851781513 43.36823083406474 30.809152148218487 40.63176916593526
87.39174384450988 38.67370027264465 80.60825615549012 31.326299727355348
33.07095892531217 30.839377200095566 42.92904107468783 29.160622799904434
8.278335249785535 30.99224693787545 7.721664750214465 21.00775306212455
86.26606625479135 7.60930770705135 95.73393374520865 4.39069229294865
23.570266803279857 9.361740773485785 30.429733196720143 16.638259226514215
37.9056727566975 93.03336935482267 28.094327243302498 94.96663064517733
96.26354449903909 27.2119560056948 89.73645550096091 34.7880439943052
