94.01170819253133 21.901354843641737 95.98829180746867 12.098645156358263
81.10824027093066 42.150024232330466 72.89175972906934 47.849975767669534
43.98417985019197 18.602569224970797 34.01582014980803 19.397430775029203
26.34330269672383 39.41006815653482 33.65669730327617 32.58993184346518
10.775951115527874 63.15214435771623 13.224048884472126 72.84785564228376
22.299627567008443 89.70199251266123 25.700372432991557 80.29800748733877
93.67162254755792 70.28770989236698 90.32837745244208 79.71229010763302
70.21212468167191 80.06246493857822 71.78787531832809 89.93753506142178
27.49733270273591 15.02533161022152 28.50266729726409 24.97466838977848
74.41079184608473 74.72261749013504 79.58920815391527 83.27738250986496
77.87235470322396 37.636193251506576 74.12764529677604 28.363806748493424
64.56091679213608 69.29438065193986 59.43908320786392 60.70561934806013
86.480329560963 81.58988943382482 79.519670439037 74.41011056617518
67.8967675652743 45.99893419284757 68.1032324347257 36.00106580715243
76.77664611312106 20.7232723432901 69.22335388687894 27.2767276567099
9.98639181639489 58.981769499558624 18.013608183605108 53.018230500441376
34.46678763585801 86.02851284073607 35.53321236414199 95.97148715926393
41.29073011805078 63.56702844823581 32.70926988194922 58.43297155176419
42.609687578461845 7.063306831484512 33.390312421538155 10.936693168515488
18.066927068339908 69.91277838271324 25.933072931660092 76.08722161728676
56.13125134078613 95.99827701168532 55.86874865921387 86.00172298831468
43.79344502554703 84.42228154282421 34.20655497445297 81.57771845717579
41.04190550657249 56.3540131624841 50.95809449342751 57.6459868375159
78.09115759287894 87.45829768459615 73.90884240712106 96.54170231540385
56.32011326026088 78.70935033116551 59.67988673973912 69.29064966883449
63.994902408885544 78.41520290754076 60.005097591114456 87.58479709245924
50.283736857341005 8.303784414536501 53.716263142658995 17.6962155854635
51.68884824603979 26.70614402689169 48.31115175396021 17.29385597310831
3.9813689440737017 64.90274565887398 2.0186310559262983 55.09725434112602
33.08013218602411 3.8915720346691325 42.91986781397589 2.1084279653308675
64.00333167279098 55.18249829551591 73.99666832720902 54.81750170448409
77.60789751671898 52.67336912696216 84.39210248328102 45.32663087303784
91.67605197598353 66.22953737178653 82.32394802401647 69.77046262821347
89.68611251647523 22.99013773834816 90.31388748352477 13.00986226165184
96.90325551686955 51.02118166328559 87.09674448313045 52.97881833671441
81.9806186677915 62.985537102274726 76.0193813322085 71.01446289772528
52.04241306835322 75.10986963415837 49.95758693164678 84.89013036584163
31.40128249641776 78.47120041619766 38.59871750358224 71.52879958380234
19.016185348978937 63.598015517379345 28.983814651021063 64.40198448262065
68.88719597826797 96.92065882744834 67.11280402173203 87.07934117255166
53.03587341663431 3.597868935739312 62.96412658336569 2.402131064260688
18.525015658521543 76.0276405441373 17.474984341478457 85.9723594558627
40.88790759639599 76.84441488960773 49.11209240360401 71.15558511039227
18.60824583612088 29.94012121112949 9.391754163879119 26.05987878887051
54.61606849189779 31.80465748840455 57.38393150810221 22.19534251159545
79.22737290958095 56.50935226971688 88.77262709041905 59.49064773028312
68.53705257383064 68.3513089956846 73.46294742616936 59.6486910043154
42.764751278651715 50.48436638576902 33.235248721348285 53.51563361423098
29.865574619392778 87.36107433348221 26.134425380607222 96.63892566651779
20.639698897935418 59.446992909539055 29.360301102064582 54.553007090460945
17.180972084111445 35.74216564632423 8.819027915888553 30.25783435367577
12.41558567951552 16.99578188641365 21.58441432048448 13.00421811358635
9.399584283366016 10.469438955712436 16.600415716633982 3.5305610442875643
48.630145623834125 51.5701084939644 57.369854376165875 56.4298915060356
83.95782605577469 13.351956173795694 74.04217394422531 14.648043826204306
86.12394290947809 35.10637572730559 95.87605709052191 32.89362427269441
45.577409973753724 37.284502051253426 40.422590026246276 28.715497948746574
4.893078865004668 48.91752996937092 11.106921134995332 41.08247003062908
12.152059289125198 87.51316306110138 7.847940710874802 78.48683693889862
96.52273051306226 43.86812085093558 87.47726948693774 48.13187914906442
45.66439341180024 28.27525454711891 52.33560658819976 35.72474545288109
78.44592139339873 5.935934098703089 87.55407860660127 10.06406590129691
59.9428343218535 7.4428002707083305 64.05716567814649 16.557199729291668
45.64055797027798 41.861510602841 36.35944202972202 38.138489397159
20.883300391227287 19.926045955806575 11.116699608772713 22.073954044193425
96.1050163318174 93.8763653376687 93.8949836681826 84.1236346623313
55.99931410891229 62.917184298405985 46.00068589108771 63.082815701594015
56.36017604811645 36.57192742210804 63.63982395188355 43.42807257789196
63.94152623226263 6.443390981493242 68.05847376773737 15.556609018506759
87.75878065932389 42.64802917360722 96.24121934067611 37.35197082639278
26.260471213133382 51.68764755497492 29.739528786866618 42.31235244502508
44.87227227876147 12.877073982128616 35.12772772123853 15.122926017871384
53.62633028035965 43.576982628312145 62.37366971964035 48.423017371687855
3.9754545664652947 14.000060248193725 4.024545433534706 23.999939751806274
3.4198626549911424 92.98234034876621 2.5801373450088576 83.01765965123379
9.52969856614127 49.5995844146454 16.47030143385873 42.4004155853546
9.031087336184932 93.55669285910479 18.96891266381507 92.44330714089521
50.61912101358278 94.9140849150124 41.38087898641722 91.0859150849876
3.253080573155575 39.943896375309905 4.746919426844425 30.056103624690095
64.61283901814211 23.267268198856144 61.38716098185789 32.732731801143856
9.76820697410064 2.713570904410182 2.2317930258993615 9.286429095589817
71.04720879731286 11.889105617066434 68.95279120268714 2.1108943829335667
32.16770138833122 48.28409116797209 41.83229861166878 45.71590883202791
82.01519639965211 34.895852966555815 79.98480360034789 25.104147033444185
21.10292522616283 45.91886743571577 22.89707477383717 36.08113256428423
15.964741667142086 10.95240413681812 24.035258332857914 5.047595863181879
86.17547760995193 4.686994399126621 95.82452239004807 7.313005600873379
34.06586393812073 24.80888894346659 43.93413606187927 23.19111105653341
86.58777857520857 87.51749445150847 79.41222142479143 94.48250554849153
96.7483905154641 27.433862230628925 87.2516094845359 30.566137769371075
