88.55341615244511 11.065526892260653 79.44658384755489 6.934473107739348
57.85277809293683 54.64405139273171 54.14722190706317 45.35594860726829
72.91817540509832 36.61742386134042 69.08182459490168 27.38257613865958
22.01218703271124 24.348886519295444 31.98781296728876 23.651113480704556
2.031345792749419 67.09472640653186 3.968654207250581 76.90527359346814
22.31438399783524 74.95277000249109 23.68561600216476 65.04722999750891
95.78464649261758 79.00463986614997 96.21535350738242 88.99536013385003
56.288516517704416 73.16887951054801 53.711483482295584 82.83112048945199
12.74915250850945 39.63254546097281 21.25084749149055 34.36745453902719
88.04784611515058 63.96455858174494 93.95215388484942 72.03544141825506
90.78144981341298 46.93855608342325 89.21855018658702 37.06144391657675
69.89416963083755 65.97671918585978 60.105830369162454 68.02328081414022
73.79184308631476 92.9369002953934 72.20815691368524 83.0630997046066
86.99228621718866 30.277629835695105 77.00771378281134 29.722370164304895
73.78290310912914 2.542660695416891 64.21709689087086 5.457339304583109
5.487384559062269 40.234289714236006 8.512615440937731 49.765710285763994
66.03656430447154 85.40163939327017 69.96343569552846 94.59836060672983
9.48682303190843 76.97359521869446 10.51317696809157 67.02640478130554
90.6921336386878 18.727391651217047 81.3078663613122 15.272608348782953
19.5848889197559 64.72000592611121 14.415111080244099 73.27999407388879
52.16758340875807 57.861763978597985 49.83241659124193 48.138236021402015
36.04563127441239 84.03463366883699 29.954368725587607 91.96536633116301
9.608319506983685 24.609115758833394 14.391680493016315 33.3908842411666
96.92817897311328 96.84442406938945 87.07182102688672 95.15557593061055
30.745260252027634 83.42440324304515 21.254739747972366 86.57559675695485
54.752218724452426 63.31708108743293 51.247781275547574 72.68291891256706
19.985688837723686 11.01077348136554 26.014311162276314 18.98922651863446
57.97953705912783 34.02709180485631 50.02046294087217 27.972908195143688
5.898826406250526 64.62541438996828 2.1011735937494738 55.374585610031716
55.32365664170345 22.23030714661676 64.67634335829655 25.76969285338324
11.00333167279098 60.18249829551591 20.996668327209022 59.81750170448409
70.27997527930015 40.052115158819774 71.72002472069985 49.947884841180226
68.9124498484533 61.06842258162239 59.087550151546694 62.93157741837761
85.10579003151155 42.918426760852306 78.89420996848845 35.081573239147694
91.11019047419266 52.847162493756876 82.88980952580734 47.152837506243124
55.77101324315275 89.504194988088 46.22898675684725 92.495805011912
48.4121257256992 67.34522257421581 41.5878742743008 74.65477742578419
34.08059730624274 68.06173639318418 27.919402693757263 75.93826360681582
73.95848361686242 73.35700682639168 64.04151638313758 74.64299317360832
85.02071745382585 79.10529511824714 82.97928254617415 88.89470488175286
45.8129556717638 12.26711511523352 54.1870443282362 17.73288488476648
21.194652129564126 81.2788066015178 12.805347870435874 86.7211933984822
89.73354275103105 81.16304992412222 92.26645724896895 90.83695007587778
3.1019535221484973 23.998960439863623 2.8980464778515027 14.001039560136377
87.98044897850421 3.4417329198920847 78.01955102149579 2.5582670801079153
96.55260015256074 37.030630515710286 95.44739984743926 46.969369484289714
48.304291215736654 86.99073209619846 47.695708784263346 77.00926790380154
42.55339873643882 86.03071938420581 41.44660126356118 95.96928061579419
17.695706681128936 78.28234498085294 8.304293318871064 81.71765501914706
34.07055510740807 78.61272613607733 37.92944489259193 69.38727386392267
42.95991911600715 62.6318246296773 33.04008088399285 61.3681753703227
9.735639159089118 11.389401099650534 18.264360840910882 16.610598900349466
55.47072610213917 26.882058084328907 64.52927389786083 31.117941915671093
51.87335446876585 37.908076968365194 46.12664553123415 46.091923031634806
93.21347481149118 11.995440771829731 92.78652518850882 2.0045592281702698
79.0211082907682 51.894623362274615 76.9788917092318 42.105376637725385
31.87000328744274 41.0942741884329 26.12999671255726 32.9057258115671
27.99986739313259 51.03641498440907 18.00013260686741 50.96358501559093
26.35150775137571 96.46259624983819 17.64849224862429 91.53740375016181
74.94164521708383 55.76167089249392 65.05835478291617 54.23832910750608
15.352453445423686 23.580145597807054 22.647546554576312 30.419854402192946
67.08185425540546 10.098977006438467 76.91814574459454 11.901022993561533
35.97426575882905 29.000066225555447 36.02573424117095 38.99993377444456
16.926180461605405 55.85600587597115 7.073819538394593 54.14399412402885
41.807507442153494 5.7591841956159 34.192492557846506 12.2408158043841
86.47881307171073 56.450177100749286 93.52118692828927 63.549822899250714
34.71869826376607 51.65765303670262 27.28130173623393 58.34234696329738
58.31320549475528 42.29311947282744 61.68679450524472 51.70688052717256
42.6286875935406 15.5980825233801 47.3713124064594 24.4019174766199
96.78034728723613 60.93873041492479 95.21965271276387 51.06126958507521
37.93771485423946 56.554885286983136 42.06228514576054 47.445114713016864
35.972805356523935 3.4792247258875997 26.027194643476065 4.520775274112401
40.38948367175845 26.037412991901256 41.61051632824155 35.962587008098744
2.7728177106628404 7.670380102665958 11.22718228933716 2.329619897334042
11.695080753393658 95.70390276679635 8.304919246606342 86.29609723320365
25.147517736921174 44.79442300681152 34.85248226307883 47.20557699318848
58.948754556119496 86.96104799784078 65.0512454438805 79.03895200215922
81.23163589406599 72.52565074716823 76.76836410593401 81.47434925283177
12.313857076415896 6.743578073887896 21.686142923584104 3.2564219261121035
61.03175727082711 37.40369490143898 64.9682427291729 46.59630509856102
11.07455541424995 44.13977001173783 20.92544458575005 45.86022998826217
96.70361108170599 27.95024559448322 95.29638891829401 18.04975440551678
45.31438931181436 51.047229261893335 46.68561068818564 60.952770738106665
80.92830038861217 21.156284835027193 71.07169961138783 22.843715164972807
3.1452185077604216 94.99789071359147 2.8547814922395784 85.00210928640853
49.00108044394103 3.1039387899253685 58.99891955605897 2.8960612100746315
64.14381989338796 19.19059429368088 73.85618010661204 16.80940570631912
30.50729278951268 14.42215199570889 37.492707210487325 21.57784800429111
61.93641927641487 95.20516371029014 52.06358072358513 96.79483628970986
87.11399997296162 21.916985936353576 92.88600002703838 30.083014063646424
