93.86387818402528 11.158744584005857 84.13612181597472 8.841255415994143
96.94180904187333 38.23939274677464 87.05819095812667 39.76060725322536
53.882592408518285 5.077168219118825 44.117407591481715 2.9228317808811752
46.93998948905314 20.92161035179905 39.06001051094686 27.07838964820095
11.986759680168849 89.63636846638077 2.0132403198311506 90.36363153361923
33.111424092882565 77.04967880818418 42.888575907117435 74.95032119181582
70.79487786035416 90.58255641936425 61.20512213964584 93.41744358063575
61.2844740656553 57.30351506245461 64.7155259343447 66.69648493754539
14.980091924735556 37.10512640428679 17.019908075264446 46.89487359571321
52.158136809589976 83.00250135073028 51.841863190410024 92.99749864926972
54.57456332095533 33.28621321289451 49.42543667904467 24.71378678710549
57.709228474221625 66.20238992413445 52.290771525778375 57.79761007586555
79.29087196221761 90.56679134404314 70.70912803778239 85.43320865595686
77.41113099260926 55.277587785489814 82.58886900739074 46.722412214510186
96.6006759968201 18.958004180864634 87.3993240031799 15.041995819135364
26.873978540961367 55.1758281002119 35.12602145903863 60.8241718997881
36.003428119310655 95.18512007212765 45.996571880689345 94.81487992787235
45.877611272320806 64.92237731738389 44.122388727679194 55.07762268261611
68.92720275466368 10.14989823289524 59.07279724533632 11.85010176710476
6.879388999828047 25.07793996511812 5.120611000171953 34.92206003488188
70.68348936354009 46.750693400229416 61.31651063645991 43.249306599770584
22.96536633116306 76.04563127441232 15.03463366883694 69.95436872558768
26.5863494727093 78.79599751737746 29.4136505272907 69.20400248262254
62.324663251216364 79.01055175662583 61.675336748783636 88.98944824337417
49.9065603140026 77.87897424189613 52.0934396859974 68.12102575810387
69.77014021545901 61.5247653311489 74.22985978454099 70.4752346688511
38.32975117599415 6.214285599018724 47.67024882400585 9.785714400981277
40.57351602747329 37.641319484200416 47.42648397252671 30.358680515799584
21.376559574451257 96.98580012504404 20.623440425548743 87.01419987495596
54.101649117857455 11.122872851654995 51.898350882142545 20.877127148345004
78.33497291377779 37.79931161414946 87.66502708622221 34.20068838585054
71.76672485118368 51.15448326725497 74.23327514881632 60.84551673274503
95.89422538246549 57.3726994694073 92.10577461753451 66.62730053059269
72.8243528480802 20.859820343817542 75.1756471519198 11.140179656182458
87.44351281560779 72.70757904006936 78.55648718439221 77.29242095993064
96.40036676153481 67.01605513109764 95.59963323846519 76.98394486890236
56.74123483266963 85.0067004307596 57.25876516733037 94.9932995692404
37.30253181339506 67.28716824065101 46.69746818660494 70.71283175934899
9.662266282356812 44.04405373604058 8.337733717643188 53.95594626395942
66.15072707654876 86.9273456852034 67.84927292345124 77.0726543147966
23.413928973044413 18.378692374796014 18.586071026955587 9.621307625203986
3.502067032803758 55.66868023676453 8.497932967196242 64.33131976323547
46.02859103517715 80.00008174539748 45.97140896482285 89.99991825460252
29.85501250670893 36.19534662742648 20.14498749329107 33.80465337257352
76.66575673759485 33.79741872294361 67.33424326240515 30.20258127705639
81.6123724018839 84.39764969506598 90.3876275981161 79.60235030493402
89.19735115188669 93.24651532230214 96.80264884811331 86.75348467769786
13.620363771583952 59.98556680168605 14.379636228416048 50.01443319831395
16.980266187851758 94.55621097564212 7.019733812148242 95.44378902435788
57.47962677562576 8.136872928454203 66.52037322437424 3.8631270715457964
21.272200808111535 67.83544259647867 18.727799191888465 58.16455740352133
19.588629298627914 26.740913092595243 16.411370701372086 17.259086907404757
14.027952954862968 2.472033920650105 23.97204704513703 3.527966079349895
34.37848010908243 47.27023539239439 37.62151989091757 56.72976460760561
62.570612522460905 19.03266657559503 61.429387477539095 28.96733342440497
85.3902289303666 50.45970415279077 92.6097710696334 43.54029584720923
73.07641162023099 42.870791287624925 82.92358837976901 41.129208712375075
3.441156045539583 80.96867119404807 4.558843954460417 71.03132880595193
29.30825543212171 94.43530797804173 24.69174456787829 85.56469202195827
86.9345381901137 54.38940763122659 83.0654618098863 63.61059236877341
68.53722877581822 70.89915373340001 59.46277122418178 75.10084626659999
85.73141316088184 24.396316763331747 94.26858683911816 29.603683236668253
77.85018495155227 3.1340031489567197 80.14981504844773 12.865996851043281
71.56509569501489 74.63293679624796 76.43490430498511 83.36706320375204
5.758942364575598 39.319602393161325 2.2410576354244016 48.680397606838675
86.53581119876154 87.25189217035299 95.46418880123846 82.74810782964701
41.69694029116222 84.71427882832897 32.30305970883778 81.28572117167103
78.00006140325031 67.97522039684033 87.99993859674969 68.02477960315967
56.20125140973193 38.404283435564274 65.79874859026808 35.595716564435726
91.87006049104812 51.07628242667016 90.12993950895188 60.92371757332984
55.202427924720425 46.59170238142016 64.79757207527958 49.40829761857984
40.568490528638534 19.968031917145357 31.431509471361462 24.031968082854643
23.285064487240813 52.34652866953813 30.714935512759187 45.65347133046187
12.40255097243803 10.61505429624983 7.59744902756197 19.38494570375017
8.03164961068934 82.59625899454116 11.96835038931066 73.40374100545884
22.21969282312419 43.46583194627135 31.78030717687581 40.53416805372865
32.26136719124106 87.4045818404715 41.73863280875894 90.5954181595285
79.9998032556057 96.04435544199525 70.0001967443943 95.95564455800475
26.140014960420537 27.825033866418348 35.85998503957946 30.174966133581652
44.05438543695388 45.926082488347916 35.94561456304612 40.073917511652084
39.24454487101379 12.64269537365746 30.755455128986213 7.357304626342539
55.713462368221826 26.83164784747591 58.286537631778174 17.16835215252409
13.25133932018693 31.993678858930355 12.74866067981307 22.006321141069645
80.26652857211866 26.68989091650531 83.73347142788134 17.31010908349469
50.342675949699384 49.18084286261701 59.657324050300616 52.81915713738299
4.929415696660043 11.99950176078797 5.070584303339957 2.00049823921203
86.02538120452714 3.5031578676003297 95.97461879547286 2.4968421323996703
27.79846031418991 11.004063475679104 28.20153968581009 20.995936524320896
23.73175255254195 81.61570968354862 14.268247447458052 78.38429031645138
75.98285529356828 25.413706566733776 66.01714470643172 24.586293433266224
