47.750551903821275 9.30656323344082 40.249448096178725 2.69343676655918
63.932610560198945 26.912253815002376 62.067389439801055 17.087746184997624
69.5619656305622 68.63041590930908 76.4380343694378 61.36958409069093
2.012187032711239 6.348886519295444 11.987812967288761 5.651113480704556
3.7674651668429955 73.05925135048517 2.2325348331570045 82.94074864951483
51.784539212588115 96.45195885727065 42.215460787411885 93.54804114272935
85.58639464939878 75.00877321232205 76.41360535060122 78.99122678767795
48.20277038460782 74.33417041571842 51.79722961539218 83.66582958428158
10.74915250850945 19.632545460972803 19.25084749149055 14.367454539027197
96.60889575620405 94.93857677393603 87.39110424379595 91.06142322606397
95.96281985367894 18.391379346447927 86.03718014632106 19.608620653552073
35.91128293776518 82.06229007405453 26.088717062234824 83.93770992594547
55.87803742857756 78.47260838390555 60.12196257142244 87.52739161609445
81.66215400069245 40.806742946250885 72.33784599930755 37.193257053749115
74.37538732182588 2.580085583330411 65.62461267817412 7.419914416669589
12.347077647930043 41.52959195215305 3.6529223520699565 46.47040804784695
68.32829915851302 92.21808775534545 77.67170084148698 95.78191224465455
47.0095165341597 38.999990943549555 46.9904834658403 29.000009056450445
91.3393041414469 11.51596305018991 82.6606958585531 16.48403694981009
12.10692048693607 33.02848085973151 21.89307951306393 30.971519140268494
61.71332985819291 36.66868860122769 52.28667014180709 33.33131139877231
14.968166232621904 72.9580176282103 7.031833767378096 79.0419823717897
41.5593577703379 47.03138662353744 40.4406422296621 56.96861337646256
27.747756848998634 93.43194231522352 18.252243151001366 96.56805768477648
14.946768591840613 87.27234589344988 5.053231408159388 88.72765410655012
29.981466360185248 90.02487187071259 38.01853363981475 95.97512812928741
32.01960249245192 33.44231286077713 41.98039750754808 32.55768713922287
30.876883969816966 16.89727485521444 21.123116030183034 19.10272514478556
7.1591999284466645 70.92879855945401 8.840800071553335 61.07120144054599
91.14896323448069 73.64474572960629 94.85103676551931 64.35525427039371
3.7463154950820505 65.99356027018445 4.253684504917949 56.006439729815554
81.25636949789808 52.81998903495027 86.74363050210192 61.18001096504973
73.99770025416314 72.84836830958646 64.00229974583686 73.15163169041354
72.38433182306308 43.31947040340625 65.61566817693692 50.68052959659375
84.40244051388427 95.79928751014315 81.59755948611573 86.20071248985685
63.99849201975843 91.87720941236694 54.00150798024157 92.12279058763306
89.30702477953596 49.0482543134948 90.69297522046404 58.9517456865052
34.82840739779392 48.00294526957447 35.17159260220608 57.99705473042553
73.97603999533787 83.48890281733478 64.02396000466213 82.51109718266522
76.1532153131078 69.22828262175577 85.8467846868922 66.77171737824423
78.87962524494802 13.077982179181983 77.12037475505198 22.922017820818017
27.24398049882118 72.54281512321042 36.75601950117882 69.45718487678958
66.01026688517602 88.32025527759752 75.98973311482398 87.67974472240248
6.86304687668224 16.808134408369984 15.13695312331776 11.191865591630018
59.92640497037535 56.05626907689347 66.07359502962464 63.94373092310653
95.96325051239761 28.9726998620943 90.03674948760239 37.027300137905705
45.6262156121178 80.44246428223056 38.3737843878822 73.55753571776944
16.95902439046077 48.94612936165647 9.040975609539231 55.05387063834353
9.792226234995669 28.83538622208376 16.207773765004333 21.16461377791624
16.25290165143393 92.57005008488305 25.74709834856607 89.42994991511695
19.22284438191911 43.84218727298093 24.77715561808089 52.15781272701907
20.232083567234085 26.50564700051531 29.767916432765915 23.49435299948469
73.59392537507497 25.339582585354254 80.40607462492503 32.66041741464575
71.34068319217774 20.720192980142446 64.65931680782226 13.279807019857554
96.56141913062005 11.968380879096712 95.43858086937995 2.0316191209032883
83.70549828422988 36.76115121269907 90.29450171577012 29.23884878730093
62.459381630563186 2.217719659370151 59.540618369436814 11.78228034062985
3.832356102421989 23.930231568472305 2.167643897578011 14.069768431527695
8.14152743249473 84.17996689382284 15.85847256750527 77.82003310617716
46.54355383351779 57.020877898956115 47.45644616648221 66.97912210104388
52.796417114859175 63.161112570283834 59.203582885140825 70.83888742971617
73.5657243818586 12.633971791117741 80.4342756181414 5.366028208882259
76.9776374072101 49.97041246095068 69.0223625927899 56.02958753904932
20.605316280685116 69.46434618885394 13.394683719314884 62.535653811146055
37.998500501222445 8.877555158218136 28.001499498777555 9.122444841781864
96.10750692189764 46.00115590743779 95.89249307810236 55.99884409256221
33.01249192662273 64.64678162845556 42.98750807337727 65.35321837154444
71.83598325368784 29.729855925475093 62.16401674631216 32.27014407452491
49.84878818232004 49.13433341146005 52.15121181767996 58.86566658853995
91.72840131394736 83.45419346341444 96.27159868605264 74.54580653658556
18.527201190102062 57.654281872260086 23.472798809897938 66.34571812773991
51.99927088663126 20.914614977419323 42.00072911336874 21.085385022580677
19.037125767346257 37.391822928036966 28.962874232653743 38.608177071963034
26.00039338635345 2.937280714435847 35.99960661364655 3.062719285564153
6.997229062037413 50.996301856990065 15.002770937962588 45.003698143009935
4.778067712947289 29.060909938655808 3.221932287052711 38.93909006134419
84.28366889144766 44.66018699985917 93.71633110855234 41.33981300014083
12.899479370266093 94.99754794387887 3.1005206297339063 93.00245205612113
18.564006007818882 6.367652923288407 25.435993992181118 13.632347076711593
62.63613506718933 40.751377645926304 57.36386493281067 49.248622354073696
30.34066840492069 52.01161899631867 29.65933159507931 61.98838100368133
93.98164917527723 24.42798539047467 84.01835082472277 23.57201460952533
56.41958944920433 39.66178933787356 47.58041055079567 44.33821066212644
51.42063780583167 13.508844563334588 58.57936219416833 20.491155436665412
34.997890713591474 77.85478149223967 25.00210928640853 78.14521850776033
26.09507404596822 28.97041299737042 35.90492595403178 27.02958700262958
36.617438696107214 17.406897674937927 45.382561303892786 12.593102325062073
40.81277148519893 37.76537890910637 33.18722851480107 44.23462109089363
46.88805556808113 87.94790078255372 37.11194443191887 90.05209921744628
91.44493202458557 6.710332055337789 82.55506797541443 11.289667944662211
