44.98112019348988 12.014090481287994 39.01887980651012 3.985909518712007
59.25048346141603 19.46489912426842 54.74951653858397 10.53510087573158
74.24461220467977 71.17227013715558 79.75538779532023 62.827729862844414
2.037281966641193 8.609450343650161 11.962718033358808 7.3905496563498385
9.59456800659794 82.03547697300837 8.40543199340206 91.96452302699163
47.19898017760269 94.71451017093318 38.80101982239731 89.28548982906682
95.74248888274651 71.4160810636192 86.25751111725349 74.5839189363808
49.848912428602226 70.11790686389642 56.151087571397774 77.88209313610358
2.105126404286789 22.019908075264443 11.89487359571321 19.980091924735557
96.85541282199125 94.1937195349172 87.14458717800875 91.8062804650828
89.98787122544302 16.651947362605018 80.01212877455698 17.348052637394982
46.99399066801901 83.7549342787352 37.00600933198099 84.2450657212648
49.34210397221633 60.76495705978183 54.65789602778367 69.23504294021816
81.84758958830797 45.22510211138835 72.15241041169203 42.77489788861165
67.66959334660675 4.21257224556458 58.330406653393254 7.78742775443542
23.470411296588722 44.760486026091385 14.52958870341128 49.239513973908615
76.70869860559661 90.43392666854753 85.29130139440339 95.56607333145247
49.719040236065176 41.69519974727263 46.280959763934824 32.30480025272737
93.09279612031676 4.071309103765788 86.90720387968324 11.928690896234212
15.10692048693607 36.02848085973151 24.89307951306393 33.97151914026849
72.81825025614813 35.33583848916267 63.18174974385186 32.66416151083733
13.506186191876184 69.4353599918229 6.493813808123816 76.5646400081771
42.41365052729064 54.20400248262253 39.58634947270936 63.79599751737747
26.91978345618704 95.10796258810055 17.08021654381296 96.89203741189945
22.269207387493203 83.39733438902086 13.730792612506795 88.60266561097914
31.783163648837604 82.00470401309246 32.2168363511624 91.99529598690754
29.000651347485302 36.91929652671978 38.9993486525147 37.08070347328022
39.895386404182055 11.982556166783876 30.10461359581795 14.017443833216124
10.817432467859872 65.85814100576836 13.182567532140128 56.14185899423164
94.414184437255 65.96556342487393 95.585815562745 56.034436575126065
4.269674386620221 90.99272227599343 3.7303256133797786 81.00727772400657
78.1853975544492 49.340899446824416 81.8146024455508 58.659100553175584
76.95989069319928 76.63204771300525 67.04010930680072 75.36795228699475
72.91056180153844 47.93445821575705 67.08943819846156 56.06554178424295
81.98515246821627 87.89592529428631 84.01484753178373 78.10407470571369
66.99488138282388 95.22618570140347 57.005118617176116 94.77381429859653
86.87111496989955 53.0764688780087 85.12888503010045 62.9235311219913
38.115725246223676 51.46969022223736 33.884274753776324 60.53030977776264
78.99565563732064 80.79161393207194 69.00434436267936 81.20838606792806
79.7241118368002 72.5916752141825 88.2758881631998 67.4083247858175
76.31558616785642 25.04706372881999 77.68441383214358 34.95293627118001
21.396543786890433 78.95145865802557 30.603456213109567 75.04854134197443
64.03046039771657 85.4489318178876 73.96953960228343 86.5510681821124
2.2772114699463053 15.64172729172456 11.722788530053695 12.35827270827544
61.21374178822203 61.329959143556046 64.78625821177796 70.67004085644396
93.67725234772831 35.61210756204885 86.32274765227169 42.38789243795115
52.97334759961469 81.01985124747988 47.02665240038531 72.98014875252012
7.749088074755032 57.82357631971568 2.250911925244968 66.17642368028433
7.53249719236571 32.60228042759699 14.46750280763429 25.397719572403016
18.00128905242466 91.1135291266171 27.99871094757534 90.8864708733829
21.06721662203372 51.38867172998308 24.93278337796628 60.61132827001692
20.034585714520095 29.045568837592068 27.965414285479905 22.954431162407932
63.17322107191586 23.781962859821032 70.82677892808414 30.218037140178968
69.86240477041846 23.099590092958756 64.13759522958154 14.900409907041244
96.12625983556005 28.998405591178486 95.87374016443995 19.001594408821514
83.55947835915956 37.363926456826405 88.44052164084044 28.636073543173595
49.822914255990305 2.0031369200999185 50.177085744009695 11.99686307990008
3.832356102421989 35.9302315684723 2.167643897578011 26.069768431527695
13.768518972002637 83.47442649081286 18.231481027997365 74.52557350918714
47.442002452432725 53.212450634491795 44.557997547567275 62.787549365508205
52.21523968078613 56.847276801358916 57.78476031921387 65.15272319864108
68.69710401936852 9.546583236390578 77.30289598063148 4.453416763609423
75.36056440583164 57.553476331078286 66.63943559416836 62.446523668921714
22.354873337464582 70.7074013661282 15.645126662535418 63.2925986338718
35.9583192213285 8.355740347837662 26.0416807786715 9.644259652162338
92.14447576513543 53.132744590324265 89.85552423486457 62.867255409675735
33.76211773314073 65.3466334794756 42.23788226685927 70.6533665205244
56.626579738005816 31.895985212989288 47.373420261994184 28.104014787010712
55.49561393336895 43.024623950991185 54.50438606663105 52.975376049008815
88.92023679991986 83.93891592083814 95.07976320008014 76.06108407916186
17.23008283124348 56.837361548461374 22.76991716875652 65.16263845153863
47.890347348540544 24.041394646914654 38.109652651459456 21.958605353085346
27.006790791591648 41.7394970229229 36.99320920840835 42.2605029770771
17.087239734512554 2.070060983801779 26.912760265487446 3.929939016198221
12.6191791327992 45.41006400941926 21.3808208672008 40.58993599058074
7.170344451407289 41.00290256570129 6.829655548592711 50.99709743429871
83.60144521888641 49.3775440768875 92.39855478111359 44.6224559231125
12.967777404044128 96.56673420919209 3.0322225959558713 95.43326579080791
18.013557668268163 6.411531098208926 21.986442331731837 15.588468901791074
65.63613506718933 44.751377645926304 60.36386493281067 53.248622354073696
30.286237334679782 56.16827220149191 27.713762665320218 65.8317277985081
90.98726847296064 23.6434145563643 81.01273152703936 24.3565854436357
65.92223023836678 38.87843581467728 56.07776976163322 37.12156418532272
50.87278264963951 19.09865258614356 57.12721735036049 26.90134741385644
43.95533227787027 77.33315517854825 34.04466772212973 78.66684482145175
30.020507964205194 32.452392601018275 39.979492035794806 31.547607398981725
18.70410795151046 22.558380641680266 27.29589204848954 17.441619358319734
34.99165826647988 48.71129989490286 25.008341733520123 49.28870010509714
59.723402102280616 88.36003884796894 50.276597897719384 91.63996115203106
83.51983526009494 6.448836846638504 76.48016473990506 13.551163153361497
