96.00538450378029 26.897877295273787 93.99461549621971 17.102122704726213
67.18142541051722 52.74147433624336 58.818574589482786 47.25852566375664
67.97825333113722 46.01621800896938 62.02174666886277 37.98378199103062
27.019017411133923 36.564325294040394 36.98098258886608 37.435674705959606
2.3758799743444023 54.03910550469216 3.6241200256555977 63.96089449530784
24.88533062549118 80.87416784544112 27.11466937450882 71.12583215455888
93.95911323467473 72.00016717555265 94.04088676532527 81.99983282444735
72.6002648779293 68.0410301041389 63.399735122070695 71.9589698958611
24.132706165741467 29.855687660212972 33.86729383425853 32.14431233978703
79.85930060016479 78.131858169772 82.14069939983521 87.868141830228
92.78144981341298 37.93855608342325 91.21855018658702 28.061443916576746
77.960675944242 59.62585475648805 68.039324055758 58.37414524351195
75.70556169428178 94.94996794894293 74.29443830571822 85.05003205105707
65.52988559478064 34.76019433078973 62.470114405219356 25.23980566921027
89.69684495139423 13.714540026526826 80.30315504860577 10.285459973473174
4.511285719074633 41.02394148430511 5.488714280925367 50.97605851569489
53.02629067889337 94.48793009350575 62.97370932110663 95.51206990649425
19.416945576312393 53.65027162393693 12.583054423687605 46.34972837606307
69.96045313071528 13.627618305960704 60.03954686928472 12.372381694039296
14.070241246873326 70.94827028931128 19.929758753126674 79.05172971068872
51.258498100357436 65.58687105200327 60.741501899642564 62.41312894799673
34.4641190714607 83.64935439254543 29.5358809285393 92.35064560745457
21.763016104214643 41.52832212139593 26.236983895785357 50.47167787860407
90.91269115552109 95.93030404194806 81.08730884447891 94.06969595805194
53.97807169088873 88.53223698268013 44.02192830911127 89.46776301731987
66.89987492549488 77.00439680871017 57.100125074505115 78.99560319128983
45.21656252767698 43.54441559902012 54.78343747232302 46.45558440097988
39.748250903970685 22.566560995602018 30.251749096029315 19.433439004397982
12.571548363110063 83.74660254733911 9.428451636889937 74.25339745266089
32.04541674578522 9.327612628721743 41.95458325421478 10.672387371278257
47.66030080955543 58.7210763654276 54.33969919044457 51.2789236345724
52.34089944682441 59.8146024455508 61.65910055317559 56.1853975544492
91.7200950727664 65.64945521431969 82.2799049272336 62.350544785680306
79.65546373649642 38.81583037867031 82.34453626350358 29.18416962132969
78.64531876347768 44.84959822277224 69.35468123652232 41.15040177722776
57.995587733971036 72.78999239966583 48.004412266028964 73.21000760033417
40.28249725818013 87.22836749536226 33.71750274181987 94.77163250463774
36.59213454496432 77.34124979803562 43.40786545503568 84.65875020196438
53.16405656614875 82.76778483880403 44.83594343385125 77.23221516119597
82.92065882744835 72.11280402173213 73.07934117255165 73.88719597826787
71.32796677772141 7.78104058626555 80.67203322227859 4.21895941373445
20.941522580006296 82.92357354202956 13.058477419993704 89.07642645797044
83.64931921996323 76.18588934169152 86.35068078003677 85.81411065830848
3.0603832756927893 29.910918489590536 4.939616724307211 20.089081510409464
83.99674196103909 23.180470980468403 74.00325803896091 22.819529019531597
82.8717372330382 42.179105367633014 91.1282627669618 47.820894632366986
58.52490293328263 68.23013592488385 67.47509706671737 63.76986407511614
36.82155801884836 69.87219061168366 31.178441981151643 78.12780938831634
29.26278455675014 83.54132238777763 24.73721544324986 92.45867761222237
39.80623206902171 72.84705684947008 46.19376793097829 65.15294315052992
25.10945915419508 24.920054573066547 26.89054084580492 15.079945426933453
14.015588076279691 10.394509536861678 23.98441192372031 9.605490463138322
49.01949594310868 2.5588885182982772 58.98050405689132 3.4411114817017228
42.049009854089476 50.06648347516393 33.950990145910524 55.93351652483607
95.06788926459478 11.907279988407465 86.93211073540522 6.092720011592535
96.77422454052761 64.67462589730874 93.22577545947239 55.325374102691256
18.87543399365858 32.63494847171248 15.124566006341421 23.365051528287523
19.049530336381938 60.96236857542131 12.950469663618062 53.03763142457869
15.99070752240868 94.69530601290242 6.009292477591321 95.30469398709758
84.73430775995634 67.60820708679483 75.26569224004366 64.39179291320517
30.814016388753245 25.26549068270492 39.185983611246755 30.73450931729508
68.935427191091 19.911914813499457 77.064572808909 14.088085186500543
49.32648445008443 19.267105519392963 42.67351554991557 26.732894480607037
56.10287199735804 32.857698614846434 47.89712800264196 27.142301385153562
39.991182286420056 3.703184596547541 30.008817713579944 4.2968154034524595
87.89498366818252 73.12363466233131 90.10501633181748 82.87636533766869
37.90898249853613 61.05032067040189 28.091017501463863 62.94967932959811
46.73844654310297 31.210241558119698 53.26155345689703 38.7897584418803
71.44530655114055 48.4837300324583 78.55469344885945 55.5162699675417
96.34693911267169 50.98794880207271 95.65306088732831 41.01205119792729
21.17892542142906 67.65657464014942 24.82107457857094 58.343425359850585
74.92436440587255 2.13360794199426 65.07563559412745 3.86639205800574
53.53701459613725 15.21882088726175 56.46298540386275 24.78117911273825
15.01694725298165 3.58867856798743 24.98305274701835 4.411321432012571
7.019079291719796 84.57420144000548 2.980920708280204 75.42579855999452
10.651259982929334 36.28705773030747 17.348740017070664 43.71294226969253
39.06703211141311 96.81598272663743 48.93296788858689 95.18401727336257
71.55010604400142 79.9271915215482 62.44989395599857 84.0728084784518
2.881200614117687 15.908080141273988 9.118799385882312 8.091919858726012
81.52298421910001 48.22313655387006 84.47701578089999 57.77686344612994
9.645464001027927 23.589086236442093 14.354535998972073 32.41091376355791
87.44357097034752 38.98028561372387 86.55642902965248 29.019714386276128
27.013062258552434 42.98266219229252 34.98693774144757 49.01733780770748
71.41097489319255 35.9830813396096 70.58902510680745 26.016918660390402
5.781852767922777 69.4810515347213 10.218147232077223 60.5189484652787
34.029161704503146 15.539227818293833 43.970838295496854 14.460772181706167
45.013584395150495 7.631680280580376 54.986415604849505 8.368319719419624
11.057397315969636 14.244567204964039 20.942602684030362 15.755432795035961
68.95310887246112 90.68316359501003 59.046891127538885 89.31683640498997
76.67392209287144 28.045625265208557 75.32607790712856 37.95437473479144
