81.17365659065946 2.1363354383999913 74.82634340934054 9.86366456160001
73.0137244868499 16.576561339156413 68.9862755131501 7.423438660843585
74.92283178088127 58.882592408518306 77.07716821911873 49.117407591481694
15.289801175158832 14.30157260569966 18.710198824841168 23.69842739430034
4.375879974344402 65.03910550469216 5.624120025655598 74.96089449530784
35.2178254575699 71.67160078563163 38.7821745424301 62.32839921436837
90.62044781848634 84.08912010930963 81.37955218151366 87.91087989069037
58.21212468167191 80.06246493857822 59.78787531832809 89.93753506142178
19.476984127342316 29.868726339559686 28.523015872657684 34.131273660440314
95.56114499242558 86.70575544155047 90.43885500757442 95.29424455844953
87.78173760132616 26.53884103805796 78.21826239867384 29.46115896194204
50.894169630837546 68.97671918585978 41.105830369162454 71.02328081414022
38.00000958995579 82.00979282726723 47.99999041004421 81.99020717273277
96.40721643518502 38.361449405224484 87.59278356481498 33.638550594775516
86.41344594405388 5.3464555857329294 79.58655405594612 12.65354441426707
5.242671043276622 33.15688440379524 2.757328956723378 42.84311559620476
75.29791202444979 92.29989157105022 84.70208797555021 95.70010842894978
31.400099986035116 44.963881543031114 32.599900013964884 35.036118456968886
86.7495604168879 19.56258626844461 77.2504395831121 16.43741373155539
13.707075881852775 45.050248117602045 12.292924118147225 54.949751882397955
70.99719903255308 59.899550396666534 69.00280096744692 50.100449603333466
20.671201884510623 86.28756068885676 17.328798115489377 95.71243931114324
38.24541147004205 41.15758838281093 35.75458852995795 50.84241161718907
56.97507822224945 93.4985947076527 47.02492177775055 92.5014052923473
15.318953086561798 71.57027578936052 10.681046913438202 80.42972421063948
35.434632260834064 88.49455382518647 42.565367739165936 95.50544617481353
50.246748502295816 36.55132208118524 59.753251497704184 33.44867791881476
36.44472792477228 13.290064120226662 27.55527207522772 8.709935879773338
12.677269096325736 85.42774447649326 17.322730903674262 76.57225552350674
84.26474395382567 39.39458722530017 93.73525604617433 42.60541277469983
9.920742773011161 70.9993717897322 10.079257226988839 61.00062821026781
82.44725125968866 63.481765160166795 89.55274874031134 70.51823483983321
82.55837419164583 70.05456193115157 73.44162580835417 65.94543806884843
79.21229713561156 36.693798960820686 70.78770286438844 31.306201039179314
96.73575300721244 79.60394621315004 87.26424699278756 76.39605378684996
70.2213020842858 91.32033421613731 61.77869791571421 96.67966578386269
68.6013831073732 70.95634186664311 59.39861689262681 67.04365813335689
32.52553292770353 59.02769518815476 31.47446707229647 68.97230481184525
71.91142225746268 74.93507436245743 66.08857774253732 83.06492563754257
76.57595196960757 72.35638982799122 83.42404803039243 79.64361017200878
65.31558616785642 10.047063728819989 66.68441383214358 19.95293627118001
3.6935021754739443 88.95167191286063 2.3064978245260557 79.04832808713937
65.6995080942538 88.55064097211103 74.3004919057462 83.44935902788897
2.216828194253447 3.730808802134025 9.783171805746553 10.269191197865975
67.53975794268457 40.468695183476584 60.460242057315426 47.531304816523416
90.61421435312795 46.07411685105559 81.38578564687205 49.92588314894441
23.690411428802506 81.43461392139089 28.309588571197494 72.56538607860911
22.170583431894446 51.13381315746427 15.829416568105554 58.86618684253573
7.582079932989275 57.281689295086004 2.417920067010724 48.718310704913996
3.000372022693261 94.93900747150896 12.999627977306739 95.06099252849104
25.64360284473581 41.18749683042274 28.35639715526419 50.81250316957726
20.0545928947026 14.263149565465294 29.9454071052974 15.736850434534706
74.00085781918045 43.907385444174565 83.99914218081955 44.092614555825435
61.961911803835285 5.615979911166011 52.038088196164715 4.384020088833989
94.08427379736726 18.91542933239934 95.91572620263274 9.08457066760066
91.52217641494357 66.54884112098799 84.47782358505643 59.45115887901202
54.23886749442116 26.348207707089472 45.76113250557884 31.651792292910528
14.552794837295437 26.06689602290391 5.447205162704562 21.93310397709609
37.24682220093754 96.80238682875627 30.753177799062463 89.19761317124373
63.63052101508807 50.01367015935483 64.36947898491192 59.98632984064517
37.352453445423684 33.58014559780705 44.647546554576316 40.41985440219295
71.04413402418098 25.662866826534078 80.95586597581902 24.337133173465922
51.86361353625892 61.47939684582424 56.13638646374108 70.52060315417576
22.018985711822992 71.98569006218605 15.981014288177006 64.01430993781395
29.94632016399425 2.2693038694068077 20.05367983600575 3.7306961305931923
87.47881307171073 56.450177100749286 94.52118692828927 63.549822899250714
7.917184298406049 40.000685891087706 8.082815701593951 49.999314108912294
56.73560226975168 41.395608793740514 47.26439773024832 44.604391206259486
49.91690228127144 54.93900491486219 44.08309771872856 63.06099508513781
95.86636841148619 59.09681975801159 90.13363158851381 50.90318024198841
25.591702381420095 67.79757207527956 28.408297618579905 58.202427924720446
47.21537590899468 7.170984752726017 40.78462409100532 14.829015247273983
26.027267483684376 20.47852965455619 35.972732516315624 21.52147034544381
9.746803514504855 3.3712513136909137 18.253196485495145 8.628748686309086
18.193255802187288 46.662153515669566 21.806744197812712 37.337846484330434
5.430584093870102 26.9701137281101 14.569415906129898 31.0298862718899
38.00435842688763 75.20872295750902 47.99564157311237 74.79127704249098
52.95712991172279 87.65334756317232 43.04287008827721 86.34665243682768
3.3836546394878013 15.079230489497112 12.616345360512199 18.920769510502886
65.24584269039646 24.006047520092064 64.75415730960354 33.99395247990794
23.036284605848437 26.39872677935668 32.96371539415156 27.60127322064332
96.87594354064719 32.92267436599238 95.12405645935281 23.07732563400762
54.54804627620901 51.215459229563464 57.45195372379099 60.784540770436536
42.85744070180808 2.8145592261027064 33.14255929819192 5.185440773897294
32.81109207130496 75.06622561806215 31.188907928695038 84.93377438193785
54.85899870484915 9.131928919534548 57.14100129515085 18.86807108046545
42.329900744725684 19.395640065795387 49.670099255274316 12.604359934204613
49.178552813233615 24.254149241670724 40.821447186766385 29.745850758329276
61.631099908766444 74.11508259198885 52.368900091233556 77.88491740801115
96.51983526009494 2.448836846638504 89.48016473990506 9.551163153361497
