71.99850732165241 3.1221660975363235 62.00149267834759 2.8778339024636765
56.28252719969276 49.948255529054585 57.71747280030724 40.051744470945415
76.38174724439492 42.682904502566885 69.61825275560508 35.317095497433115
7.048674187735863 24.695968893562696 16.951325812264137 23.304031106437304
2.2031274503204217 43.06390902235715 3.7968725496795783 52.93609097764285
24.835845311310802 76.99730459729857 25.164154688689198 67.00269540270143
90.09872122880194 65.92782840589993 95.90127877119806 74.07217159410007
54.57023885039896 72.71119221089359 49.42976114960104 81.28880778910641
21.01731652233805 38.41577080397087 30.98268347766195 37.58422919602913
91.1117993397072 74.37023777430527 94.8882006602928 83.62976222569473
88.09534060099183 37.86848136857604 79.90465939900817 32.13151863142396
72.08619587331624 75.88149323873807 63.91380412668375 70.11850676126193
77.48709786721982 82.97362356860565 78.51290213278018 73.02637643139435
84.97091443950012 26.538525426669228 75.02908556049988 25.461474573330772
55.88975343140764 6.044179764234687 46.11024656859236 3.955820235765313
9.251528704271847 39.05633832878189 10.748471295728153 48.94366167121811
68.27717177332376 80.66225375520207 75.72282822667624 87.33774624479793
2.486823031908431 69.97359521869446 3.513176968091569 60.026404781305544
84.9355277936957 20.800353295524697 75.0644722063043 19.199646704475303
17.801379650688368 68.14579468314163 20.198620349311632 77.85420531685837
50.739409750766164 60.94502509806289 49.260590249233836 51.05497490193711
35.65293017993733 93.16963371408116 26.347069820062668 96.83036628591884
8.378042176051416 29.092775347883617 17.621957823948584 32.90722465211638
90.97507822224945 96.4985947076527 81.02492177775055 95.5014052923473
34.357438421610944 87.5479130517315 25.642561578389053 92.4520869482685
51.25014502336993 87.31619731833598 54.74985497663007 96.68380268166402
27.465692807130093 11.892855420079526 36.5343071928699 16.107144579920472
47.08275681313665 15.886363941845568 38.91724318686335 10.113636058154432
12.895654766932857 76.91912619664005 11.104345233067143 67.08087380335995
55.08739686598222 28.069231259850937 64.91260313401779 29.930768740149063
13.000907655151664 63.09526661366281 22.999092344848336 62.90473338633719
63.279975279300146 55.052115158819774 64.72002472069985 64.94788484118023
77.55167401626977 54.480680224510124 70.44832598373023 61.519319775489876
82.24064918995934 41.80764925217855 75.75935081004066 34.19235074782145
85.4664388162321 51.247426150256146 76.5335611837679 46.752573849743854
66.99806812298722 91.13897855222652 57.00193187701278 90.86102144777348
54.71767639828558 66.65651645770009 47.28232360171442 73.34348354229991
30.177402305849565 71.00314814889622 29.822597694150435 80.99685185110378
79.96895019399284 67.44364222876052 70.03104980600716 68.55635777123948
87.41659471060679 82.01738534029627 86.58340528939321 91.98261465970373
67.5860710269555 21.62130762520404 72.4139289730445 30.37869237479596
19.850900738197026 90.21192492678365 10.149099261802975 87.78807507321635
92.81815205724537 87.14168388840262 95.18184794275463 96.85831611159738
2.1462337293317404 25.926569105885882 3.8537662706682596 16.073430894114118
87.92507318736904 2.1376461868475753 78.07492681263096 3.8623538131524247
95.16996208435151 36.133303686119916 88.83003791564849 43.866696313880084
47.831619175675534 92.65243712427129 44.168380824324466 83.34756287572871
39.76921872491415 87.0053288393459 40.23078127508585 96.9946711606541
23.67077790216639 86.78433006717763 14.329222097833611 83.21566993282237
33.522786991542375 83.34320339274231 38.477213008457625 74.65679660725769
40.89994593369509 57.87103504106308 33.10005406630491 64.12896495893692
10.015588076279691 17.394509536861676 19.98441192372031 16.605490463138324
61.40702183632796 33.52285923273506 68.59297816367204 40.47714076726494
53.65526193159548 32.763305052919215 48.34473806840452 41.236694947080785
94.77728112456289 14.995037167281545 95.22271887543711 5.004962832718456
68.8496663672952 54.92727785539717 67.1503336327048 45.07272214460283
33.94164771748545 23.0762661249056 26.058352282514548 16.9237338750944
25.991109435607942 45.29803792004603 16.008890564392058 44.70196207995397
11.931337245583343 95.82578021913974 2.068662754416656 94.17421978086026
46.55924810068342 63.94737807757624 37.44075189931658 68.05262192242375
23.248907231147722 30.44207910927429 32.751092768852274 33.55792089072571
82.08053972637423 8.89551434800072 89.91946027362577 15.10448565199928
43.18415900154205 26.341382021637827 46.81584099845795 35.65861797836217
19.640557970277985 58.861510602841 10.359442029722015 55.138489397159
52.859871783877324 10.17543449169787 43.140128216122676 7.824565508302131
84.007953005661 58.718101425489756 93.992046994339 59.281898574510244
35.65979989035069 53.593261858817286 28.34020010964931 60.406738141182714
62.89263337108035 41.08032463826791 61.10736662891965 50.91967536173209
49.45034473301148 20.03030392403401 50.54965526698852 29.96969607596599
93.20643536705839 51.667239645385806 96.79356463294161 42.332760354614194
29.591702381420095 53.797572075279554 32.4082976185799 44.202427924720446
40.41561898710176 3.654299899657577 31.58438101289824 8.345700100342423
36.73714342918298 30.006914138212892 37.26285657081702 39.99308586178711
5.360015500061316 11.427902104816607 12.639984499938684 4.5720978951833935
6.63528370187848 79.986680461177 7.36471629812152 70.013319538823
16.019390405764376 50.43991825355178 25.980609594235624 49.56008174644822
57.483042242570384 81.14408316480412 66.51695775742962 76.85591683519588
84.47994822248172 71.02308833675575 83.52005177751828 80.97691166324425
25.34500043188163 5.825096989427622 34.65499956811837 2.174903010572378
57.94493579172119 56.112583554022734 60.05506420827881 65.88741644597727
7.394303882724424 33.05383369793003 16.605696117275578 36.94616630206997
95.18231506179157 31.996675016272714 94.81768493820843 22.003324983727286
43.835850673072166 43.002695226577714 44.164149326927834 52.997304773422286
81.99993803274583 14.024893145678524 72.00006196725417 13.975106854321476
3.753225730700771 87.94293950990807 2.246774269299229 78.05706049009193
51.09507404596822 15.970412997370422 60.90492595403178 14.029587002629578
59.84389061957679 21.77970408820043 68.15610938042322 16.22029591179957
16.62878290684889 2.5980311794439057 21.37121709315111 11.401968820556094
69.96427733871218 96.59661587671522 60.035722661287814 95.40338412328478
89.89059003235266 24.00119719743023 90.10940996764734 33.99880280256977
