91.85980622758731 6.824294496779261 82.14019377241269 9.175705503220739
65.98000408581855 44.02647773440804 58.01999591418145 37.97352226559196
44.31075804102626 7.533251884777244 35.68924195897374 2.4667481152227557
40.54498567650524 11.244685156649073 37.45501432349476 20.755314843350927
23.524991554035548 87.45395508432591 16.475008445964452 94.54604491567409
21.80101982239723 71.28548982906695 30.19898017760277 76.71451017093305
68.76775829340761 88.50614768719502 59.23224170659239 85.49385231280498
69.46602363144464 59.8921436743977 78.53397636855536 64.1078563256023
11.145600740314242 31.356595711584344 14.854399259685758 40.64340428841566
52.41946895922076 74.01762649009027 51.58053104077924 83.98237350990973
47.5674297076048 47.034351460807386 38.4325702923952 42.965648539192614
61.52448342623478 58.128156414770025 52.47551657376522 53.871843585229975
78.99999041004422 94.99020717273295 69.00000958995578 95.00979282726705
74.77384210918635 39.81993524337007 81.22615789081365 32.18006475662993
85.45288551408764 17.2741615154664 76.54711448591236 12.7258384845336
21.454101241338343 26.696698998368227 26.545898758661657 35.30330100163177
50.28572559222461 96.19913258177156 55.71427440777539 87.80086741822844
30.1462278980717 54.799626565379526 39.8537721019283 57.200373434620474
55.674469098187 23.225362389079162 46.325530901813 26.774637610920838
22.056771644246645 10.393063538814964 25.943228355753355 19.606936461185036
57.86193519922446 45.166870223521954 48.13806480077554 42.833129776478046
4.830537173709507 84.86131224032407 7.169462826290493 75.13868775967593
18.528322121395924 63.236983895785336 27.471677878604076 58.763016104214664
65.40333739487261 77.63132531002746 56.59666260512739 82.36867468997254
47.38081244432343 78.98547709675297 46.61918755567657 69.01452290324703
70.15957787664205 66.74687843059547 79.84042212335795 69.25312156940453
54.34770819523753 15.414786167956187 61.65229180476247 8.585213832043813
44.04007390906551 37.3682301269708 53.95992609093449 38.6317698730292
22.94368683838267 94.95713910017385 29.05631316161733 87.04286089982615
31.84489023300172 29.07190092488206 30.15510976699828 38.92809907511794
54.27501965248913 32.635408424717205 63.72498034751087 29.36459157528279
89.63112180063554 42.59677208441627 94.36887819936446 51.40322791558373
95.06192553794989 23.11406977619923 92.93807446205011 32.88593022380077
67.42537905804193 11.966871326404906 68.57462094195807 2.033128673595095
89.15925430930932 79.77499614242828 80.84074569069068 74.22500385757172
93.42115714419928 67.2558188022919 96.57884285580072 76.7441811977081
51.54629314066672 67.72744742390243 60.45370685933328 72.27255257609757
41.28233159040804 63.34349242504331 48.71766840959196 56.65650757495669
12.033704939517163 61.974941787482436 17.96629506048284 70.02505821251756
66.2971868895816 83.35993676567188 73.7028131104184 76.64006323432812
11.511141922665447 11.973804774505517 10.488858077334553 2.026195225494484
5.955852181804016 62.39840872708881 2.0441478181959836 71.6015912729112
34.724166917228075 63.052719709174305 33.275833082771925 72.9472802908257
14.993895141669858 47.24700468417864 5.006104858330142 46.75299531582136
72.98739973445612 35.354744822015796 63.01260026554388 34.645255177984204
89.7082338706277 94.99147999352408 90.2917661293723 85.00852000647592
93.83184628602673 95.86162698080905 96.16815371397327 86.13837301919095
21.49186588868108 47.97574797870149 20.50813411131892 38.02425202129851
44.98837474541753 96.34076003181215 35.01162525458247 95.65923996818785
49.17723731219559 6.319454454356638 58.82276268780441 3.680545545643362
18.871433920536738 76.16417436291326 11.128566079463262 69.83582563708674
18.91667878759897 19.908993784123037 9.08332121240103 18.091006215876963
26.58777783002686 2.647916769585412 35.41222216997314 7.352083230414588
28.07712622152007 24.125177868847192 37.92287377847993 25.874822131152808
62.25637855679414 15.160422237216569 59.74362144320586 24.83957776278343
88.66838259904246 35.27168597169754 95.33161740095754 42.72831402830246
79.36505152828755 58.87543399365866 88.63494847171245 55.12456600634134
4.319592291568011 93.22083102203564 9.68040770843199 84.77916897796436
48.38531067114643 89.39434784719133 43.61468932885357 80.60565215280867
96.50200132115792 5.025264361440328 95.49799867884208 14.974735638559672
73.80256918649638 72.39116110099279 64.19743081350362 69.60883889900721
80.02401928520361 24.48950579769228 89.97598071479639 23.51049420230772
75.68589578962451 2.292797498882554 72.31410421037549 11.707202501117447
78.19755366670886 81.14553141782211 75.80244633329114 90.85446858217789
6.094385516962716 33.37737807710402 9.905614483037283 42.62262192289598
84.89249307810229 93.99884409256221 85.10750692189771 84.00115590743779
19.634251573727493 82.87715538818827 10.365748426272507 79.12284461181173
52.44240757905332 59.9437044656642 61.55759242094668 64.0562955343358
31.322430103736377 47.23355162385981 40.67756989626363 50.76644837614019
93.50160001320066 56.67079714335833 88.49839998679934 65.32920285664167
83.94645923039998 66.04072118077161 90.05354076960002 73.95927881922839
33.53074523900825 11.114792561743137 24.469254760991753 6.885207438256863
22.88797675381266 55.53203682769285 27.11202324618734 46.46796317230715
15.348970679254252 24.280455299285975 18.651029320745746 33.719544700714025
8.978182340811763 93.98354340187453 15.021817659188237 86.01645659812547
4.110127663125877 57.043622790606456 13.889872336874124 54.956377209393544
30.92398111478925 81.89587120697819 39.07601888521075 76.10412879302181
64.5132375447794 91.84809692030669 55.48676245522059 96.15190307969331
2.6878192722817236 29.530829384114046 11.312180727718276 24.469170615885954
68.76015890522959 52.52999581599539 59.239841094770405 49.47000418400461
41.39872677935683 32.96371539415158 42.60127322064317 23.03628460584842
43.59573342911346 17.662099003897133 50.40426657088654 10.337900996102867
33.95031594671351 41.88857478088205 36.04968405328649 32.11142521911795
71.07169961138786 21.843715164972984 80.92830038861214 20.156284835027016
70.60161445944546 44.61277458991917 75.39838554055454 53.38722541008083
3.9704129973703344 14.904925954031796 2.0295870026296656 5.095074045968204
82.0585319948376 3.7628197388350113 91.9414680051624 2.2371802611649887
15.764150829882455 4.155139132160783 18.235849170117547 13.844860867839216
42.759229905791386 89.53288313443034 33.240770094208614 86.46711686556966
73.20537661860119 30.704590079054938 64.79462338139881 25.295409920945062
