79.95835514110307 3.6439831478360047 70.04164485889693 2.3560168521639953
68.89091578547449 16.99880992178552 69.10908421452551 7.0011900782144805
78.96028133858796 44.9699005603999 85.03971866141204 37.0300994396001
23.62685084871956 10.576043213946425 32.37314915128044 15.423956786053575
8.530919768988825 24.240138167875124 5.469080231011175 33.75986183212488
41.835845311310806 72.99730459729857 42.164154688689194 63.002695402701434
96.1336297909573 66.0017860110867 95.8663702090427 75.9982139889133
43.16606849123376 76.79048770276707 50.83393150876624 83.20951229723293
12.339331831546078 26.189427653044387 21.660668168453924 29.810572346955613
92.19371953491728 87.14458717800876 89.80628046508272 96.85541282199124
80.9241657376573 32.13247951719752 71.0758342623427 33.86752048280248
62.99224940785312 76.27829094449896 53.00775059214688 75.72170905550104
67.6316575087359 84.43260845164536 76.3683424912641 79.56739154835464
90.94482262456907 33.8873920148049 93.05517737543093 24.1126079851951
83.97211335661768 8.527341226289106 74.02788664338232 7.472658773710893
3.993823197265052 9.102285406269768 6.006176802734948 18.89771459373023
73.00001129855073 96.01062945810756 82.99998870144927 95.98937054189244
16.313559675517414 48.95265582096356 17.686440324482586 39.04734417903644
93.96494108341649 18.40893313559032 84.03505891658351 19.59106686440968
28.05063071776652 74.11162858460148 25.94936928223348 83.88837141539852
55.30560873810311 52.99065159064375 54.69439126189689 43.00934840935625
12.394588018578098 84.01559428862431 11.605411981421902 93.98440571137569
26.3078529191768 33.786646929675236 31.6921470808232 42.213353070324764
66.93460234880689 93.19396051017986 57.06539765119311 94.80603948982014
17.761820380887162 68.32068499185077 14.238179619112838 77.67931500814923
47.0877486314983 87.3801196223643 50.9122513685017 96.6198803776357
44.00282124231656 29.83205815364429 53.99717875768344 30.16794184635571
44.92610091985708 13.096083262300516 37.07389908014292 6.903916737699484
7.138299615772523 85.51969852459067 2.8617003842274773 76.48030147540933
63.08739686598222 41.06923125985094 72.91260313401779 42.93076874014906
4.506936528492052 70.3341244244983 9.493063471507948 61.6658755755017
66.86481540939612 54.47882904945547 71.13518459060388 63.52117095054453
93.70623862398823 61.31141538142697 84.29376137601177 64.68858461857303
74.94379166092416 38.74761220788366 65.05620833907584 37.25238779211634
91.9788183367145 56.90325551686953 90.0211816632855 47.09674448313047
86.99987371645513 90.96446382827052 77.00012628354487 91.03553617172948
71.63482516782557 70.87573869813754 62.36517483217443 67.12426130186246
38.09016819720676 50.00081309649134 37.90983180279324 59.99918690350866
77.96895019399284 74.44364222876052 68.03104980600716 75.55635777123948
79.51973958559674 64.22414100861943 82.48026041440326 73.77585899138057
71.20224203216333 22.5111103787492 66.79775796783667 31.4888896212508
3.6935021754739443 95.95167191286063 2.3064978245260557 86.04832808713937
85.06611165929318 79.18960143050636 94.93388834070682 80.81039856949364
3.063878287331958 3.796682143471987 12.936121712668042 2.203317856528013
83.88948864410442 12.858045498836304 76.11051135589558 19.141954501163696
94.57990029046643 39.993881028107864 85.42009970953357 44.006118971892136
36.690411428802506 90.43461392139089 41.309588571197494 81.56538607860911
32.55339873643882 75.03071938420581 31.44660126356118 84.96928061579419
9.835386222083702 53.2077737650044 2.1646137779162973 46.7922262349956
16.114791830258397 90.06524229088498 25.885208169741603 87.93475770911502
29.907460985691912 52.45893399369724 34.09253901430809 61.54106600630276
29.25375012389428 6.688563473992309 36.74624987610572 13.311436526007691
60.090845421208186 49.94878939787889 69.90915457879181 48.05121060212111
65.66132341588438 4.59489929013888 58.33867658411562 11.40510070986112
94.73447112136152 12.94576103060853 93.26552887863848 3.05423896939147
80.6611119892476 57.80942947463896 71.3388880107524 54.19057052536104
35.5326328500867 33.110743813520465 26.4673671499133 28.889256186479535
24.691259200681472 39.3726259077141 17.308740799318528 32.6273740922859
38.99064040148121 95.30579140456112 29.009359598518788 94.69420859543888
59.60820708679492 60.265692240043684 56.39179291320508 69.73430775995632
35.766930166320535 39.33896264904213 44.233069833679465 44.66103735095787
78.05645744784384 26.749257655964424 87.94354255215616 25.250742344035576
54.168696919822224 62.494808142825256 49.831303080177776 71.50519185717474
11.605316280685116 49.464346188853945 4.394683719314884 42.535653811146055
48.39005083577883 8.393209907065735 39.60994916422117 3.606790092934265
76.12704496960076 48.837687660507704 83.87295503039924 55.162312339492296
23.466110607219864 73.21977828051905 20.533889392780136 82.78022171948095
59.491074152802526 32.42055852686008 52.508925847197474 39.57944147313992
43.346493989837725 54.281322444332815 46.653506010162275 63.718677555667185
95.64937442286181 53.98769101936522 96.35062557713819 44.01230898063478
37.837347657446614 77.9293862600296 36.162652342553386 68.0706137399704
46.5368611007807 17.46579378731456 39.4631388992193 24.53420621268544
38.728997591706076 28.545502490569426 43.271002408293924 37.454497509430574
19.065457555226978 3.8064061388242827 28.934542444773022 2.1935938611757173
13.840999490664972 58.87565681943345 20.15900050933503 51.12434318056655
2.006636568444814 37.74247011744766 11.993363431555185 38.25752988255234
56.228602262200866 83.49457807682478 65.77139773779913 80.50542192317522
82.6836140245695 84.24964013161409 73.3163859754305 87.75035986838591
9.056103624690085 8.253080573155653 18.943896375309915 9.746919426844347
62.89688331491456 18.00106341816012 63.10311668508544 27.99893658183988
13.000626192381873 15.920870159220275 22.999373807618127 16.079129840779725
95.05363502544499 34.9096225246892 96.94636497455501 25.090377475310806
47.80043964472958 49.146026889849566 50.19956035527042 58.853973110150434
59.959635541527824 3.634046761062618 50.040364458472176 2.365953238937382
29.59099926580837 68.98058722134296 20.40900073419163 65.01941277865704
48.09507404596822 22.97041299737042 57.90492595403178 21.02958700262958
51.856167649905004 17.867406656000313 54.143832350094996 8.132593343999687
41.976833202265226 15.96935688650727 34.023166797734774 22.03064311349273
64.92179562986986 89.1191323721501 55.07820437013014 90.8808676278499
87.71620098002406 3.008060685839551 88.28379901997594 12.99193931416045
