94.91975163361361 22.914677703824033 93.08024836638639 13.085322296175965
78.67161919377324 27.60600346259518 71.32838080622676 34.39399653740482
42.93227561409692 13.820156854866704 33.06772438590308 12.179843145133296
28.966412163756 47.56776975254669 33.033587836243996 38.43223024745331
3.333930111901134 87.01116339410021 2.666069888098866 96.98883660589979
13.800434436753763 88.85397182310257 16.19956556324624 79.14602817689743
94.00585136143 78.09982974944447 95.99414863857 87.90017025055553
70.04028714543358 77.09296920360387 71.95971285456642 86.90703079639613
27.891636463162648 28.371640518365766 24.108363536837352 37.628359481634234
82.0708943469911 58.00050262610683 81.9291056530089 67.99949737389318
71.78144981341298 23.938556083423254 70.21855018658702 14.061443916576746
63.99224940785312 58.27829094449897 54.00775059214688 57.72170905550103
90.8778832752729 88.92232881418909 89.1221167247271 79.07767118581091
64.15853304291652 43.99748609545876 63.84146695708349 34.00251390454124
85.89171820832728 21.965063784419826 76.10828179167272 24.034936215580174
9.14038402567763 60.17649164132638 18.85961597432237 57.82350835867362
60.07781814786928 96.87870689911654 69.92218185213072 95.12129310088346
24.1539919919295 70.87973382010217 17.8460080080705 63.12026617989783
49.992150156081436 3.2800657407396696 40.007849843918564 2.7199342592603304
11.86220523057513 67.10715476996967 18.137794769424872 74.89284523003033
53.25225506110623 69.84064636819649 50.74774493889377 60.15935363180351
28.746302015670736 89.68862246076027 21.253697984329264 96.31137753923973
22.082791343654158 61.89267376308035 29.917208656345842 68.10732623691965
84.75764427380633 83.70149889926796 77.24235572619367 90.29850110073204
46.7587094485547 91.4695208539621 51.2412905514453 82.5304791460379
64.0448080852269 77.03400154763811 57.955191914773096 84.96599845236189
40.53089260866826 24.459830881715984 33.46910739133174 31.540169118284016
46.62867842048819 34.98619296503744 47.37132157951181 25.01380703496256
5.463516432801488 64.97846889279455 4.536483567198512 55.02153110720545
31.01058248956555 7.674864787249822 40.98941751043445 8.325135212750178
52.01164564711481 54.01546506459978 59.98835435288519 47.98453493540022
71.1767448820693 45.31765324245617 80.8232551179307 42.68234675754383
94.74816314222493 73.5668269766687 85.25183685777507 70.4331730233313
93.90541220159523 32.62270530555561 90.09458779840477 23.377294694444387
95.68976738209535 54.26619438752941 86.31023261790465 57.73380561247059
71.69185194028707 65.62802294625266 64.30814805971293 72.37197705374734
42.43868610256392 79.01928172816237 41.56131389743608 88.98071827183763
23.07646679664227 75.1288967940399 32.923533203357735 76.8711032059601
34.232215161196045 82.1640565661488 39.767784838803955 73.8359434338512
80.89781795666323 80.13161542605627 73.10218204333677 73.86838457394373
54.675665726750566 2.4899934077376784 63.324334273249434 7.510006592262322
8.457184876789785 69.24398049882112 11.542815123210215 78.75601950117888
49.00008174539748 75.97140896482286 58.99991825460252 76.02859103517714
16.94908334775055 39.066714970863664 9.050916652249452 32.933285029136336
52.494825324927774 31.32713529339871 57.505174675072226 22.67286470660129
86.28230312059998 62.34369804863386 95.71769687940002 65.65630195136613
62.14127080881512 67.17965548905816 69.85872919118488 60.82034451094184
48.67779674365283 56.612698550117415 41.32220325634717 63.387301449882585
26.591108272517197 84.52092808711022 19.408891727482803 91.47907191288978
25.210860950751325 56.56328598288961 34.789139049248675 59.43671401711039
12.758647454850362 30.29735792872823 5.241352545149638 23.70264207127177
15.38145271137978 23.915468857167564 24.61854728862022 20.084531142832436
21.88205808432885 15.529273897860808 26.11794191567115 6.470726102139193
56.966979979649714 62.10787677612721 59.033020020350286 71.89212322387279
95.16687382473415 7.76354166401474 86.83312617526585 2.23645833598526
79.99550374305252 48.99399561257087 88.00449625694748 43.00600438742913
34.96241446773766 23.388082807572815 25.03758553226234 24.611917192427185
11.037631424578748 49.049530336382006 18.96236857542125 42.950469663617994
16.6191872605051 94.9139250383407 7.3808127394949015 91.0860749616593
79.09426707488834 53.459730688710344 74.90573292511166 62.540269311289656
42.64060161385136 28.276820314170937 39.35939838614864 37.723179685829066
79.15668679804737 10.758099348662936 88.84331320195263 13.241900651337064
53.22654724817899 16.328614898800513 44.77345275182101 21.671385101199487
45.70269685089169 48.69842348329661 36.29730314910831 45.30157651670339
14.686310932886602 15.256873544372782 5.313689067113398 18.743126455627216
86.0515183312556 95.28408857105045 95.9484816687444 96.71591142894955
38.237882266859316 67.65336652052433 29.762117733140684 62.34663347947568
52.521490467457134 35.657536356272615 57.478509532542866 44.342463643727385
60.152370112182375 18.8069224490513 67.84762988781762 25.1930775509487
86.58865708600088 50.65550810737823 93.41134291399912 43.34449189262177
22.881391982446637 51.99859301585677 23.118608017553363 42.00140698414323
54.65804855862646 7.5913814025721695 47.34195144137354 14.40861859742783
44.584708927467005 42.6536827271636 53.415291072532995 47.3463172728364
4.509093492359005 2.420395028091821 11.490906507640995 9.579604971908179
5.529884316899547 80.76019474148956 2.4701156831004534 71.23980525851044
9.302959784572128 54.71400502177015 18.697040215427872 51.28599497822985
31.016158251842707 94.59835160983211 40.983841748157296 95.40164839016789
64.98464332622825 89.60842508981271 55.01535667377175 90.39157491018729
3.6447374893459035 40.95825711009745 2.3552625106540965 31.041742889902547
61.56158488692837 25.706017831073332 56.43841511307163 34.29398216892667
23.1845426592532 2.5024703036107745 18.8154573407468 11.497529696389226
77.50677147357354 16.326210440937654 72.49322852642646 7.673789559062347
34.02631888805607 54.51234382663618 43.97368111194393 53.48765617336382
81.26652857211866 37.689890916505306 84.73347142788134 28.31010908349469
3.9675814385331156 50.975479551962394 10.032418561466883 43.024520448037606
9.404018653361653 21.968998593537428 18.595981346638347 18.031001406462572
73.15329730067916 2.7713939018562126 82.84670269932084 5.228606098143787
30.000362460876264 18.93979636734574 39.99963753912373 19.06020363265426
85.52645403690141 88.45540948406988 78.47354596309859 95.54459051593012
95.99957601977071 39.06511238387346 86.00042398022929 38.93488761612654
