50.44809394695203 9.620862898950026 43.55190605304797 2.379137101049973
70.62944778426596 38.98625019984102 71.37055221573404 29.013749800158983
71.77362226959949 70.47696796968401 76.22637773040051 61.52303203031598
2.0615746306375184 3.782275444608253 11.93842536936248 2.217724555391747
3.5078345773763697 67.02585645140583 2.4921654226236303 76.97414354859417
53.15463768548124 96.87920882053822 46.84536231451876 89.12079117946178
96.12218567894507 77.17023230135403 87.87781432105493 82.82976769864597
47.21212468167191 75.06246493857822 48.78787531832809 84.93753506142178
10.943144447680439 15.922656843971584 19.05685555231956 10.077343156028416
96.48504862209909 94.58530836910931 89.51495137790091 87.41469163089069
84.24062807638566 9.351024062440414 75.75937192361434 14.648975937559586
41.56093577620681 91.0488691625667 32.43906422379319 86.9511308374333
53.05315681169005 82.9606788660084 58.94684318830995 91.0393211339916
82.81993524337001 43.22615789081373 75.18006475662999 36.77384210918627
70.19592440174668 6.280768782389622 61.80407559825333 11.719231217610378
24.559565917062248 28.488662579288512 17.440434082937752 35.51133742071149
74.02629067889337 94.48793009350575 83.97370932110663 95.51206990649425
51.04886514620247 45.88875054641589 48.95113485379753 36.11124945358411
95.66930132653556 2.6034977145474554 88.33069867346444 9.396502285452545
33.02621976471207 28.511380651823163 42.97378023528793 27.488619348176837
73.93148852154907 44.82487633123381 64.06851147845093 43.17512366876619
20.859585279215914 59.82138371732922 13.140414720784086 66.17861628267079
43.5593577703379 49.03138662353744 42.4406422296621 58.96861337646256
25.93460234880689 95.19396051017986 16.06539765119311 96.80603948982014
12.58988079851223 86.01682218259462 3.4101192014877704 89.98317781740538
30.737458592035726 91.38643141559477 39.26254140796428 96.61356858440523
37.00719991982152 32.26823004934142 46.99280008017848 31.73176995065858
30.986192965037432 15.371321579511898 21.013807034962568 14.628678420488102
6.245347382077156 78.94272186414148 7.754652617922844 69.05727813585852
85.29671272695954 63.206214202750196 90.70328727304046 54.793785797249804
2.4853204090824708 61.973439948234315 3.5146795909175292 52.026560051765685
77.47889441910938 70.68212706879856 82.52110558089062 79.31787293120144
66.98291529014323 77.58701669373106 57.017084709856775 78.41298330626894
72.75051220197092 48.69339173428916 65.24948779802908 55.30660826571084
90.00832211914707 94.98887165819417 81.99167788085293 89.01112834180583
66.77101324315275 93.504194988088 57.22898675684725 96.495805011912
90.79838364447417 46.856444886532884 85.20161635552583 55.143555113467116
36.69874372262822 50.0490650165764 35.30125627737178 59.9509349834236
81.98381465102105 84.40198448262082 72.01618534897895 83.59801551737918
85.73426038452224 70.7861517090443 92.26573961547776 63.21384829095569
64.9717539965961 20.106871128154918 67.0282460034039 29.893128871845082
16.10876637734389 72.03722401080886 25.89123362265611 69.96277598919114
66.00134223953168 88.88415271384349 75.99865776046832 89.11584728615651
3.078534103146639 8.8827080072761 12.921465896853361 7.117291992723899
61.543858605835425 57.21673205431679 64.45614139416458 66.7832679456832
93.46578853290407 33.02174317229263 92.53421146709593 42.97825682770737
41.30789747723516 86.43549424918707 36.69210252276484 77.56450575081293
24.16240765302704 43.22973601798999 15.837592346972961 48.77026398201001
14.485355782013745 27.97344360869743 15.514644217986255 18.02655639130257
19.517608825214964 85.21543886311701 28.482391174785036 80.78456113688299
28.545165875417347 42.02980944346392 27.454834124582653 51.97019055653608
24.10081974514069 20.999015931002432 33.89918025485931 19.000984068997568
72.79016472761558 18.1663388876745 79.20983527238442 25.8336611123255
59.82592268621156 25.219055078611067 52.17407731378844 18.780944921388933
93.73447112136152 22.94576103060853 92.26552887863848 13.05423896939147
86.16552522775781 29.27587369145766 95.83447477224219 26.72412630854234
56.62539179168326 4.271564579744304 53.37460820831674 13.728435420255696
7.7577959089998885 24.680828296605554 4.2422040910001115 15.319171703394446
2.4144804498294867 85.99324119338428 11.585519550170513 82.00675880661572
47.41510375564303 51.017260906684854 46.58489624435697 60.982739093315146
51.46776221468408 65.24056228433966 54.53223778531592 74.75943771566034
61.18461740295594 16.34613908794196 70.81538259704406 13.65386091205804
73.9180678966129 53.939842398285855 68.0819321033871 62.060157601714145
17.60736335119397 55.94221598955283 8.392636648806029 52.05778401044717
39.7964896698219 6.588020238356169 30.203510330178098 9.411979761643831
95.15170729759774 52.07248546516085 96.84829270240226 61.92751453483915
38.01249192662273 68.64678162845556 47.98750807337727 69.35321837154444
61.491074152802526 33.42055852686008 54.508925847197474 40.57944147313992
52.32740175049935 57.77421976473385 57.67259824950065 66.22578023526614
88.7183105770721 74.77233542138595 95.2816894229279 67.22766457861405
23.810142526836966 56.14970010247176 30.189857473163034 63.85029989752824
41.96295919243552 22.392516622268722 32.03704080756448 23.607483377731278
25.128414896366564 38.125903449704644 34.871585103633436 35.874096550295356
28.133729901263205 5.148658054488015 37.86627009873679 2.8513419455119853
3.0257460995041665 44.50675253665077 12.974253900495833 43.49324746334923
8.778067712947289 30.060909938655808 7.221932287052711 39.93909006134419
77.82539966772498 51.75185611283898 86.17460033227502 46.24814388716102
12.916406204919287 94.08953307131388 3.083593795080713 95.91046692868612
15.985456026671894 2.019490532439967 24.014543973328106 7.980509467560033
66.0357438195255 48.04825952645534 57.96425618047449 53.95174047354466
33.2017161571698 47.14656016029898 30.7982838428302 56.85343983970102
89.4585785352755 23.262979771182344 80.5414214647245 18.737020228817656
58.94729659464067 43.96100968270293 53.05270340535933 52.03899031729707
47.50212093942553 13.024850108686023 48.49787906057447 22.975149891313976
33.76425325796657 72.482801629992 24.23574674203343 75.517198370008
48.08870874042468 27.06233366082649 57.91129125957532 28.93766633917351
34.553894214018726 12.712612114252623 43.446105785981274 17.28738788574738
45.02911952668933 39.03922377751192 36.97088047331067 44.96077622248808
25.971252602638245 89.46460522904826 16.028747397361755 90.53539477095174
84.18124675022523 3.258253182051455 75.81875324977477 8.741746817948545
