66.85980622758731 2.824294496779263 57.14019377241268 5.175705503220737
72.48435937690414 12.211452232984463 63.51564062309586 7.788547767015537
86.01501180385394 12.612840234161133 95.98498819614606 13.387159765838867
28.095820104786117 44.86779665758049 19.904179895213883 39.13220334241951
18.960894495307837 90.37587997434436 9.039105504692163 91.62412002565564
53.961458936063224 79.38038300075095 44.038541063936776 80.61961699924905
87.4356729960119 86.49349561405647 94.5643270039881 93.50650438594353
32.62410479443486 71.58100410295677 41.37589520556514 76.41899589704323
26.80073469667607 21.397478576626675 17.19926530332393 18.602521423373325
63.99749864926972 94.15813680958992 54.00250135073028 93.84186319041008
57.60281004154307 15.04701773651929 48.39718995845693 18.95298226348071
46.98663221741659 85.36537532514232 37.01336778258341 84.63462467485768
76.33836912595092 87.27773031889176 69.66163087404908 94.72226968110824
87.29404148091055 60.438514540306834 78.70595851908945 65.56148545969316
82.86358725691969 18.924857058807486 81.13641274308031 9.075142941192514
37.25536633997636 56.42251737500196 46.74463366002364 59.57748262499804
84.33599048214334 89.59778979881375 91.66400951785666 96.40221020118625
36.36765408060341 5.881853151297883 45.63234591939659 2.118146848702117
96.92080799790004 18.886368234879278 87.07919200209996 17.113631765120722
65.02858678030384 57.46609869916786 74.97141321969616 58.53390130083214
45.91744390080717 66.11859935140534 48.08255609919283 75.88140064859466
2.95866691010741 81.00017084535082 3.04133308989259 90.99982915464918
22.949666752516023 82.00025334999884 23.050333247483977 91.99974665000116
7.898812225355888 42.87723133396135 10.101187774644112 33.12276866603865
22.60409075389639 71.38857823041076 27.39590924610361 62.61142176958924
29.52589133779368 57.76788179552014 38.47410866220632 62.23211820447986
32.25512906271793 44.00651332620616 31.744870937282073 53.99348667379384
39.727745809554946 19.16457144868265 42.272254190445054 28.83542855131735
19.57154836311006 77.74660254733911 16.42845163688994 68.25339745266089
95.15839470774797 86.77628410912385 86.84160529225203 81.22371589087615
5.139644509531253 34.92542266511416 6.860355490468747 25.074577334885838
87.53394080405702 74.75181956722038 96.46605919594298 79.24818043277962
73.9907725109149 77.00690401531604 68.0092274890851 68.99309598468396
41.065541784243 69.91056180153836 32.934458215757 64.08943819846164
87.55739917877574 51.943276215605444 78.44260082122426 56.056723784394556
38.18663458805169 89.14703231232954 31.813365411948308 96.85296768767046
67.88955417318871 76.46722839621333 72.11044582681129 85.53277160378667
31.87572762400889 83.36517035043035 28.12427237599111 92.63482964956965
56.1358905635343 55.15777346233421 65.8641094364657 52.84222653766579
92.93539309207748 41.19881648377291 83.06460690792252 42.80118351622709
96.94716171809546 25.93081209907218 89.05283828190454 32.069187900927815
40.300721208703 48.70785796882125 49.699278791297 45.29214203117875
73.02409424903782 68.96814026388655 80.97590575096218 75.03185973611345
3.0946890451488125 19.968464989670213 12.905310954851188 18.031535010329787
65.28480389852749 18.230376232537445 58.71519610147251 25.769623767462555
85.12145983176578 38.095374742690936 94.87854016823422 35.904625257309064
57.820344510941986 30.141270808815 64.17965548905802 37.858729191185
8.595047800930105 77.01642560841434 9.404952199069895 86.98357439158566
96.96174433066022 45.382672536524474 87.03825566933978 46.617327463475526
16.602977352206963 53.2639189609645 13.397022647793037 62.7360810390355
12.476475186736733 22.237766055371583 15.523524813263267 31.762233944628417
23.0545928947026 12.263149565465294 32.9454071052974 13.736850434534706
68.38534014658414 25.962075499687487 69.61465985341586 16.037924500312513
72.69945011055601 25.827894984883912 75.30054988944399 16.172105015116088
76.82821720579098 11.123249620974683 71.17178279420902 2.876750379025318
42.70448303213331 34.55901035143849 51.29551696786669 29.440989648561512
83.98074710096319 29.561641338346245 74.01925289903681 30.438358661653755
22.455833075146053 54.64467177964522 17.544166924853947 63.35532822035478
10.005750528232783 49.58508113825221 13.994249471767217 40.41491886174779
69.8432444875888 34.221262227190344 78.1567555124112 39.778737772809656
60.161002664973154 82.99740714189583 59.838997335026846 73.00259285810417
56.52073047615484 9.778256420566954 65.47926952384516 14.221743579433046
53.01684959618517 66.58986337281334 62.98315040381483 67.41013662718666
13.186910415250646 83.99650522832418 12.813089584749354 74.00349477167582
23.9956022482404 2.7903379448363164 14.004397751759601 3.2096620551636836
94.23783348307275 52.058431200471354 95.76216651692725 61.941568799528646
2.8909398536468833 56.4665834849349 7.109060146353117 65.5334165150651
68.88552597303635 63.06378379701291 59.11447402696365 60.93621620298709
58.044951492483406 88.33104986123215 67.9550485075166 89.66895013876785
94.89112183505554 66.96224897270929 85.10887816494446 69.03775102729071
49.37499425872445 6.60006792427134 44.62500574127555 15.39993207572866
43.34704789386353 8.285532286291387 36.65295210613647 15.714467713708613
26.330716104582333 48.49897939597573 17.669283895417667 43.50102060402427
2.021225803963212 70.46022549351186 11.978774196036788 69.53977450648814
13.97091429493203 13.538526761118138 4.02908570506797 12.461473238881862
5.169297013149928 5.709919129341966 14.830702986850072 8.290080870658034
78.05631621523733 23.251674779073575 87.94368378476267 24.748325220926425
47.79430390840509 92.58061631901319 38.20569609159491 95.41938368098681
39.839910632516464 37.35083568107635 36.160089367483536 46.64916431892365
67.8106552289749 48.36293663386695 58.18934477102511 45.63706336613305
82.18891757117977 47.26998725609909 73.81108242882023 52.73001274390091
57.8041464085345 20.6142953830758 48.1958535914655 23.3857046169242
26.491027734776402 38.33529477943251 21.508972265223598 29.66470522056749
47.237083947826974 39.5213910345314 56.762916052173026 36.4786089654686
26.37513395244548 74.09983841682413 35.62486604755452 77.90016158317587
23.815754954727584 7.7371688660207365 32.18424504527242 2.262831133979264
31.455288574343413 27.02077191584154 30.544711425656587 36.979228084158464
2.765348207961902 51.994490818541294 3.234651792038098 42.005509181458706
47.87529276360517 51.473895807693836 52.12470723639483 60.526104192306164
93.91231457924093 6.932290445396154 84.08768542075907 5.067709554603846
