94.26957970473377 18.946360903963964 95.73042029526623 9.053639096036036
82.95655613826234 35.96778276858708 77.04344386173766 44.03221723141292
40.898593901794456 18.99811288794488 31.10140609820554 21.00188711205512
27.284345733988047 36.34573061908265 34.71565426601195 29.654269380917352
12.723454805968055 64.00765358216621 13.276545194031945 73.99234641783379
23.056115656606178 84.91010003424533 24.943884343393822 75.08989996575467
96.42270943807587 71.20668195768215 93.57729056192413 80.79331804231785
72.20277038460782 86.33417041571842 75.79722961539218 95.66582958428158
26.758375617967427 21.00584164668286 27.241624382032573 30.99415835331714
72.115642746859 71.07883019508401 73.884357253141 80.92116980491599
73.43504998317583 40.98103719240669 72.56495001682417 31.01896280759331
59.63547402863862 68.24903243625785 54.36452597136138 59.75096756374215
89.60349477268792 77.46624082014087 82.39650522731208 70.53375917985913
67.80953985678731 44.99637117654878 68.19046014321269 35.00362882345122
73.08202937460224 21.062857008681437 66.91797062539776 28.937142991318563
7.96375925110994 60.97256115305725 14.036240748890059 53.02743884694275
30.950046716066982 86.11148303658888 33.049953283933014 95.88851696341112
42.15050193300523 64.78806988867207 33.84949806699477 59.21193011132794
41.70472885076673 6.307213409563035 32.29527114923327 9.692786590436965
16.740141608559437 62.53983856226754 21.259858391440563 71.46016143773245
53.08918295940803 93.91634135496787 54.91081704059197 84.08365864503213
44.76789272509845 87.50572207327689 35.23210727490155 84.49427792672311
34.13659047839814 54.83928994783694 43.86340952160186 57.16071005216306
81.93138059119437 79.38808401941691 78.06861940880563 88.61191598058309
58.83705470248488 90.50795603793529 63.16294529751512 81.49204396206471
66.99490240888554 86.41520290754076 63.005097591114456 95.58479709245924
48.868854332439426 7.129629431063901 51.131145667560574 16.8703705689361
51.263206851008896 24.78833486475636 44.736793148991104 17.21166513524364
6.066784186727447 71.88487169728626 3.933215813272553 62.11512830271375
24.01388908200695 3.3724216877016095 33.986110917993045 2.6275783122983905
61.11093278857767 52.04738808576149 70.88906721142233 49.95261191423851
75.67252328135511 53.73201000626689 82.32747671864489 46.26798999373311
95.9124498484533 65.06842258162239 86.0875501515467 66.93157741837761
88.4706065198394 17.977803682698287 87.5293934801606 8.022196317301711
96.59259984422103 48.0231270473647 87.40740015577897 51.9768729526353
84.31916000947133 59.26059137943896 77.68083999052867 66.73940862056105
50.21244114705453 82.14922826089197 47.78755885294547 91.85077173910803
27.036915852171088 70.6064616571304 36.963084147828916 69.3935383428696
25.014660150006033 66.38260499220756 34.98533984999396 65.61739500779244
67.88719597826797 79.92065882744834 66.11280402173203 70.07934117255166
52.020047551424966 2.5527041136657393 61.979952448575034 3.4472958863342607
15.611715334269766 78.03756064522506 14.388284665730234 87.96243935477494
36.493569755902236 80.16612244692698 45.506430244097764 75.83387755307302
11.997445373391507 27.15981157645125 2.002554626608494 26.84018842354875
53.366508777856225 31.725643493449248 56.633491222143775 22.274356506550752
87.22737290958095 56.50935226971688 96.77262709041905 59.49064773028312
73.23952021826344 66.1689028982004 78.76047978173656 57.83109710179961
49.580222620030746 47.99461705628109 40.419777379969254 52.00538294371891
32.34025457756343 74.58149250173847 27.659745422436572 83.41850749826153
23.443021675510543 55.05765608159703 32.55697832448946 50.94234391840297
14.393389433685547 38.67218029940678 7.606610566314453 31.327819700593217
19.232083567234085 17.50564700051531 28.767916432765915 14.49435299948469
11.460682702883101 10.531746461784754 18.5393172971169 3.4682535382152455
52.72475192996804 51.22207066241943 59.27524807003196 58.77792933758057
82.99984784776353 13.960993600340185 73.00015215223647 14.039006399659815
87.53643915718405 33.25313661425136 96.46356084281595 28.74686338574864
47.77524649697422 39.27834011156315 40.22475350302578 32.72165988843685
3.091456555378313 49.11821874497362 10.908543444621687 42.88178125502638
9.304693987097666 95.99070752240867 8.695306012902334 86.00929247759133
95.55924810068342 42.94737807757624 86.44075189931658 47.05262192242376
47.28813882635526 29.799308512294893 52.71186117364474 38.20069148770511
72.28335584070312 4.340702596105611 81.71664415929688 7.659297403894389
55.103131468526925 8.373782346851026 58.896868531473075 17.626217653148974
43.20010488197872 40.71276961432012 34.79989511802128 35.28723038567988
21.98391716362152 23.400711499908404 12.016082836378482 22.599288500091596
88.4356700503047 94.74898639801025 91.5643299496953 85.25101360198975
51.993378435529394 68.74276120123504 42.006621564470606 69.25723879876496
57.59765439691333 38.614941778798126 62.40234560308667 47.385058221201874
63.6286875935406 11.5980825233801 68.3713124064594 20.4019174766199
87.46768048844 38.11141654941239 96.53231951156 33.88858345058761
17.780007938575842 57.4801378602911 22.219992061424158 48.5198621397089
43.83011466927579 12.707718187991937 34.16988533072421 15.292281812008063
50.00611337471618 42.9918660893539 57.99388662528382 49.0081339106461
2.2668547267009536 12.309988543549048 5.733145273299046 21.690011456450954
3.6800427942951037 86.95353831093767 2.3199572057048963 77.04646168906233
8.467405699648728 52.53847106942048 15.532594300351272 45.46152893057952
13.384201007556394 93.07791788381542 22.615798992443608 96.92208211618458
46.68310777004556 95.75171390761703 37.31689222995444 92.24828609238297
2.8611574024215236 40.9980719015534 3.1388425975784764 31.001928098446598
62.9390489049794 24.391302858279992 59.0609510950206 33.60869714172001
12.591044368062736 2.52086212595636 5.408955631937263 9.47913787404364
69.21719819136916 11.84958024605508 66.78280180863084 2.150419753944921
36.00632114106965 45.25133932018702 45.99367885893035 44.74866067981298
78.59790147397301 33.79938743209099 81.40209852602699 24.20061256790901
18.796229530435525 39.995846034030016 19.203770469564475 30.00415396596998
15.039329610299498 12.625898781552321 24.960670389700503 11.374101218447679
85.06466039068161 2.19848709262236 94.93533960931839 3.80151290737764
35.00130702850012 25.114317875582454 44.99869297149988 24.885682124417546
86.46405530653307 86.39440423323967 79.53594469346693 93.60559576676033
94.69084050434147 24.269099840305774 85.30915949565853 27.730900159694226
