51.024465896057286 8.967098625167662 42.975534103942714 3.032901374832339
63.52431216957929 11.761981983341862 60.47568783042071 2.2380180166581383
83.03002862055901 53.022346330849864 88.96997137944099 44.977653669150136
2.3641198389691676 8.873129769279412 11.635880161030833 5.126870230720589
8.072376937978804 85.00052386955905 7.927623062021196 94.99947613044095
36.664183482751895 93.19850272294838 27.335816517248105 96.80149727705162
89.74659760056483 78.68895689858289 82.25340239943517 85.31104310141711
43.848912428602226 71.11790686389642 50.151087571397774 78.88209313610358
18.14560074031424 21.356595711584344 21.85439925968576 30.643404288415656
96.98665162646459 87.63488966561052 87.01334837353541 88.36511033438948
86.88526941184632 20.14717041123789 79.11473058815368 13.852829588762107
57.83390796154018 93.72198050900681 48.16609203845982 96.27801949099319
55.16471028708643 74.00271368427545 54.83528971291357 83.99728631572455
96.4847643448463 32.414415325098574 89.5152356551537 39.585584674901426
78.99678700278433 3.1792195547522324 69.00321299721567 2.8207804452477676
27.655572242854422 45.823635679504946 18.344427757145578 42.176364320495054
84.58028178342421 91.66203274486828 93.41971821657579 96.33796725513172
44.73117147968727 21.188162168367274 39.26882852031273 12.811837831632726
93.96045313071528 8.627618305960704 84.03954686928472 7.372381694039295
34.328052268438036 33.78126482970753 43.671947731561964 30.21873517029247
57.23066086450621 43.52516457201381 52.76933913549379 52.47483542798619
2.5230603714084063 73.0227991209236 3.4769396285915937 82.9772008790764
42.211402254382655 57.004471090380726 41.788597745617345 66.99552890961928
14.02834610370728 82.97858264664201 7.97165389629272 75.02141735335799
21.88395992759624 86.92904928888667 12.11604007240376 89.07095071111333
33.38690259888281 81.60651664582117 28.61309740111719 90.39348335417883
26.018459099251377 40.57075618330769 35.98154090074863 41.42924381669231
36.63176987302944 17.04007390906554 35.36823012697056 26.95992609093446
9.154976068143743 69.11167105045688 14.845023931856257 60.88832894954312
95.50093469088368 59.975031036811394 96.49906530911632 50.024968963188606
3.0080059126762166 96.99999359053211 2.9919940873237834 87.00000640946789
75.10773520820645 68.08025777694343 76.89226479179355 77.91974222305657
71.98936392052207 76.67404345597507 62.01063607947793 77.32595654402493
75.46965260439515 55.652493126675445 70.53034739560485 64.34750687332455
81.9788183367145 78.90325551686954 80.0211816632855 69.09674448313046
72.94387605620489 96.74705390761576 63.05612394379511 95.25294609238424
88.28249725818013 55.228367495362264 81.71750274181987 62.771632504637736
37.26458237603147 60.00700529078054 36.73541762396853 69.99299470921946
68.95594626395939 82.66226628235697 59.04405373604061 81.33773371764303
86.71492700592634 75.94862398816046 85.28507299407366 66.05137601183954
72.63293133650545 9.19051735949788 75.36706866349455 18.809482640502118
21.727921395000205 73.45394867647823 26.272078604999795 64.54605132352177
73.07761304711691 89.89921290768739 80.92238695288309 96.10078709231261
13.267643604801659 15.386059806304656 22.73235639519834 18.613940193695345
66.71972104180497 60.658791330797584 59.280278958195034 67.34120866920242
94.38762759811607 28.60235030493398 85.61237240188393 33.397649695066015
46.24651532230207 80.80264884811336 39.75348467769793 73.19735115188664
9.793771445027891 60.743115257966444 2.2062285549721086 67.25688474203356
12.833539317970818 30.99722831591057 13.166460682029182 21.00277168408943
22.609269618035093 81.6746356930749 29.390730381964907 74.3253643069251
2.02507367300025 55.50010802925446 11.97492632699975 54.49989197074554
28.928554963703448 19.55072691573581 33.07144503629655 10.449273084264188
54.02683379181154 21.517317954194947 63.97316620818846 20.482682045805053
70.20312337078506 19.853091195791688 67.79687662921494 10.146908804208312
95.14837881014581 22.5149162216055 90.85162118985419 13.4850837783945
75.26101122590956 45.1830539675465 80.73898877409044 36.8169460324535
61.00313692009992 37.1770857440097 70.99686307990008 36.8229142559903
5.01023438711976 22.901057440140832 6.98976561288024 13.098942559859168
15.579396189162825 76.79394251244577 18.420603810837175 67.20605748755423
47.18880373368105 36.33957425926855 50.81119626631895 45.66042574073145
59.07363452102664 71.85494044680291 68.92636547897337 70.14505955319709
49.16185744256542 16.261894050204063 58.83814255743458 13.738105949795939
80.36473298641208 89.69845534380914 73.63526701358792 82.30154465619086
36.04502412183807 78.56266110302973 31.954975878161935 69.43733889697027
29.750367505721496 6.693227620166708 22.249632494278504 13.306772379833292
90.0071208815927 62.994669229314326 95.9928791184073 71.00533077068567
29.294078747801425 51.3000177998957 32.70592125219858 60.6999822001043
53.87008777844641 60.16582068145367 46.12991222155359 53.83417931854633
48.10990420403009 60.919884034721925 53.89009579596991 69.08011596527807
96.57360638221483 80.28678786382333 91.42639361778517 71.71321213617667
24.856839324033235 49.00204991813076 25.143160675966765 58.99795008186924
43.66722904312799 9.793592222045637 34.33277095687201 6.206407777954363
39.12805968937463 44.636360584926045 42.87194031062537 35.363639415073955
14.682197874311449 10.521226844891078 23.31780212568855 5.478773155108922
2.213830096325564 43.44657445475891 11.786169903674436 40.55342554524109
8.035493399518575 26.10839970770777 5.964506600481425 35.89160029229223
93.1587674262804 47.648640942197396 96.8412325737196 38.351359057802604
22.999803255605705 94.04435544199525 13.000196744394295 93.95564455800475
25.469170615885933 22.687819272281736 30.530829384114067 31.312180727718264
80.69301588751554 49.27500670159947 71.30698411248446 52.72499329840053
43.80406027550544 49.6139968003967 34.19593972449456 52.3860031996033
80.3262104409377 23.49322852642654 71.6737895590623 28.50677147357346
65.63978804308043 52.13657119393096 56.36021195691957 55.86342880606904
58.05772535543136 27.75757596163943 67.94227464456864 26.24242403836057
45.837128041960725 85.73422264766775 36.162871958039275 88.26577735233225
47.79758603212534 29.29080882132472 56.20241396787466 34.709191178675276
17.00586549855355 35.24211687562463 26.99413450144645 34.75788312437537
15.975365316535443 50.49572166284738 6.024634683464557 49.50427833715262
66.73175255254195 90.61570968354862 57.26824744745805 87.38429031645138
93.94185859725043 3.760285212786598 84.05814140274957 2.239714787213402
