50.174236449230605 7.7524080485848454 41.825763550769395 2.2475919514151546
71.12960972453257 20.899428544301223 64.87039027546743 13.100571455698777
68.39190084037018 69.26589015019589 73.60809915962982 60.73410984980411
2.019017411133923 8.56432529404039 11.980982588866077 9.43567470595961
2.9851130252186318 81.00002216225093 3.0148869747813682 90.99997783774907
50.7318685134598 95.18770753816058 45.2681314865402 86.81229246183942
90.74659760056483 84.68895689858289 83.25340239943517 91.31104310141711
46.65005782810197 73.28814231887333 53.34994217189803 80.71185768112667
14.704576131198758 24.760343272220645 21.295423868801244 17.239656727779355
96.96070919523503 95.37440885531309 87.03929080476497 96.62559114468691
89.49429085606508 17.808801765907546 80.50570914393492 22.191198234092454
40.99997232623727 87.01663540986816 31.00002767376273 86.98336459013184
45.98310975601986 81.01272357921131 52.01689024398014 88.98727642078869
76.23175429402121 36.66312891070505 67.76824570597879 31.336871089294952
73.63768722927469 2.131348838487366 64.36231277072531 5.868651161512634
24.115225456761152 39.1601198194246 15.884774543238846 44.8398801805754
60.08984697750331 89.05639134400609 69.91015302249669 90.94360865599391
48.8007209522045 48.66448325672756 45.1992790477955 39.33551674327244
93.16089018277488 2.125884197337748 86.83910981722512 9.874115802662253
22.05024811760204 33.29292411814723 31.94975188239796 34.70707588185277
75.31337489315348 46.74453559435882 68.68662510684652 39.25546440564118
13.539673009596767 67.69302182448928 8.460326990403233 76.30697817551072
43.94966675251602 53.00025334999885 44.05033324748398 62.99974665000115
34.970024495257164 95.45332229189057 25.029975504742836 96.54667770810943
19.623792962741792 82.09722869537627 10.376207037258208 85.90277130462373
35.93015525700748 91.09545807950099 44.06984474299252 96.90454192049901
50.17207274371656 36.30043008579296 59.82792725628344 33.69956991420704
35.989345653534485 11.673763966495802 26.010654346465515 12.326236033504198
2.7661365688968784 76.99452779505657 3.2338634311031216 67.00547220494343
76.02113091317634 66.0279697471935 83.97886908682366 59.9720302528065
3.1824982955158263 61.99666832720902 2.8175017044841737 52.00333167279098
79.71395176910676 76.00818906511847 80.28604823089324 85.99181093488153
68.99429274231765 73.76116950774 59.00570725768234 74.23883049226
71.07560118434883 49.10354095728345 62.92439881565117 54.89645904271655
80.09816494646209 94.92445842945413 73.90183505353791 87.07554157054587
73.96693618587594 95.57406003643887 64.03306381412406 94.42593996356113
89.34782138135158 47.286229409540056 82.65217861864842 54.713770590459944
40.95689803529501 43.092419521796046 39.04310196470499 52.907580478203954
74.8793670824484 83.0916853368618 65.1206329175516 80.9083146631382
80.86838457394362 70.89781795666315 87.13161542605638 63.10218204333685
60.21895941373444 19.327966777721414 63.78104058626556 28.672033222278586
19.331243163033406 70.78961157720822 28.668756836966594 67.21038842279178
54.0041253732428 84.7969317510697 63.9958746267572 85.2030682489303
3.046636013754078 13.318688602941425 12.953363986245922 14.681311397058575
59.48330257587732 59.02676928225676 60.51669742412268 68.97323071774325
94.161449495099 35.070818216911626 95.838550504901 44.929181783088374
40.65168585006117 80.95734864144434 39.34831414993883 71.04265135855566
25.303579973096358 51.246820100054265 18.696420026903642 58.753179899945735
13.798194694693304 39.853417765671594 16.201805305306696 30.146582234328402
14.517608825214964 90.21543886311701 23.482391174785036 85.78456113688299
30.89054084580508 46.07994542693348 29.10945915419492 55.92005457306652
26.083321212401 22.09100621587713 35.916678787599004 23.90899378412287
73.71692315219265 24.420222351485187 82.28307684780735 29.579777648514813
55.36985437616591 17.429891506035528 46.63014562383409 12.57010849396447
93.49205933632585 23.767191516484097 96.50794066367415 14.232808483515903
80.21299760885375 39.44381720004997 89.78700239114625 36.55618279995003
56.91014851238872 3.0008073941711304 57.08985148761128 12.99919260582887
10.765700974255449 27.165440927561264 5.2342990257445505 18.834559072438736
7.564692021958313 82.3082554321218 16.435307978041685 77.6917445678782
48.19733971332818 53.06484686517228 49.80266028667182 62.93515313482772
52.47402662966369 73.45493134175385 59.52597337033631 80.54506865824615
73.16185744256542 14.261894050204061 82.83814255743458 11.738105949795939
69.70157655539404 57.792686829418884 64.29842344460596 66.20731317058112
21.759106219787505 65.53326709635989 12.240893780212495 62.46673290364011
38.917806072195276 6.097124905493987 29.08219392780472 7.902875094506013
90.90527756386125 54.459940758587294 95.09472243613875 63.540059241412706
42.14959910766425 66.78607612115562 51.85040089233575 69.21392387884438
65.95893728960743 34.96952978969319 60.041062710392566 43.03047021030681
55.363695292383426 61.04065363993752 56.636304707616574 70.95934636006248
91.80648368410378 76.49315993170698 96.19351631589622 67.50684006829302
29.877825356297645 60.09461583269685 36.12217464370236 67.90538416730314
35.92371243011458 30.870089596268823 26.076287569885427 29.129910403731177
20.855471211889103 47.796941387394455 29.144528788110897 42.203058612605545
23.03001613775407 3.547046989768739 32.969983862245925 2.452953010231261
8.26723042212668 54.6127281614571 17.73276957787332 51.3872718385429
10.374191776997103 32.19254776830455 7.625808223002897 41.80745223169545
74.68709979128549 52.5296030893542 83.31290020871451 47.4703969106458
11.899479370266093 96.99754794387887 2.1005206297339063 95.00245205612113
15.102969871584346 2.924804736573721 20.897030128415654 11.075195263426279
65.26831083521436 45.21606761629909 58.73168916478564 52.78393238370091
35.079129840779736 44.00062619238187 34.920870159220264 53.99937380761813
94.89064794645009 30.14051883560404 87.10935205354991 23.85948116439596
54.53293856479766 41.02848348226103 53.46706143520234 50.97151651773897
39.85038266056031 14.002239036154391 40.14961733943969 23.997760963845607
32.449627455430125 72.64117844714848 27.550372544569875 81.35882155285152
45.02567468018659 20.493949001914622 54.97432531981341 21.506050998085378
44.00045803325235 28.067676604000702 53.99954196674765 27.932323395999298
44.02911952668933 33.03922377751192 35.97088047331067 38.96077622248808
26.921795629869866 92.1191323721501 17.078204370130134 93.8808676278499
82.03202455537811 3.043181103816475 73.96797544462189 8.956818896183524
