54.3560664988109 26.454523305641516 45.6439335011891 21.545476694358484
50.51728277387238 18.77509681863566 53.48271722612762 9.224903181364338
82.14515581424882 9.184364348434443 89.85484418575118 2.815635651565557
16.42413941535277 31.373047918206836 11.57586058464723 22.626952081793164
11.573762120137498 96.02007427298982 2.4262378798625024 91.97992572701018
41.7318685134598 87.18770753816058 36.2681314865402 78.81229246183942
84.3154690494633 87.62002490030812 91.6845309505367 94.37997509969188
48.951523495403016 79.06574745604163 57.048476504596984 84.93425254395837
26.32402549100668 21.045904879476854 27.67597450899332 30.954095120523146
60.99997320318531 94.98363028928729 51.00002679681469 95.01636971071271
58.923911687069435 31.868961275282757 49.076088312930565 30.131038724717243
27.98239579350599 93.5807958053003 18.01760420649401 94.4192041946997
69.02473312192512 74.42829837095866 64.97526687807488 83.57170162904134
69.5855846749015 47.484764344846226 62.41441532509851 40.515235655153774
68.86401038524654 11.098468557058832 63.13598961475345 2.9015314429411685
45.1586300698316 57.351413464259096 48.8413699301684 66.6485865357409
71.17313288831396 94.30435956933803 80.82686711168604 91.69564043066197
35.50824608856353 29.334877442885908 40.49175391143647 20.665122557114092
84.36414209857308 15.440136009213852 75.63585790142692 10.559863990786148
50.02621976471207 46.51138065182317 59.97378023528793 45.48861934817683
56.91744390080717 51.11859935140534 59.08255609919283 60.88140064859466
10.750326532756223 69.15868651859158 13.249673467243777 78.84131348140842
23.561552345278525 76.49067743120683 16.438447654721475 83.50932256879317
13.213557498458577 38.4833205552378 8.786442501541423 29.516679444762197
24.52776126990879 72.31397994459283 19.47223873009121 63.68602005540718
44.263859964081014 67.38858310361844 35.736140035918986 72.61141689638156
28.724204912660515 41.54794915567651 33.27579508733949 50.45205084432349
44.566560995602096 6.251749096029342 41.433439004397904 15.748250903970657
9.636980129822005 86.95925965384068 8.363019870177995 77.04074034615932
94.67289144902472 89.39261969629386 87.32710855097528 82.60738030370614
2.3120633869095926 18.952448204309633 3.6879366130904074 9.047551795690367
78.03435413573808 66.41488364341906 87.96564586426192 67.58511635658094
68.36196133050524 70.44403219110897 59.63803866949476 65.55596780889103
59.89788936647375 74.00532569537606 50.10211063352625 71.99467430462394
96.52183476895985 63.317447092677014 91.47816523104015 54.682552907322986
33.691851940287066 82.62802294625266 26.308148059712934 89.37197705374734
67.352879217192 58.758213635598096 72.647120782808 67.2417863644019
31.475382114634304 74.40532071565765 24.524617885365696 81.59467928434235
77.47057275151955 71.65301595592426 72.52942724848045 80.34698404407574
95.95187852532959 34.06311216266052 88.04812147467041 27.93688783733948
95.74986740861442 9.006260550776929 96.25013259138558 18.99373944922307
28.80534787043597 65.72119339848236 37.194652129564034 60.278806601517644
57.04083474855739 90.36228532329567 66.95916525144261 91.63771467670433
8.274459643150013 11.665281263812183 15.725540356849987 18.334718736187817
58.63349122214394 12.274356506550806 55.36650877785606 21.725643493449194
95.8107839306159 25.23696243941132 88.1892160693841 18.76303756058868
53.13183766690615 58.00173841925167 52.86816233309385 67.99826158074832
5.154876752018287 69.1352019890187 2.8451232479817126 78.8647980109813
58.99722831591057 36.166460682029275 49.00277168408943 35.833539317970725
4.060992528491055 25.000372022693263 3.939007471508945 34.99962797730674
37.75025478580811 45.53472884684248 42.24974521419189 54.46527115315752
24.083321212401 9.091006215877128 33.916678787599004 10.908993784122872
71.64505487113024 28.24307491434103 66.35494512886976 19.75692508565897
63.203123370785065 29.853091195791688 60.796876629214935 20.146908804208312
64.68259499573429 13.21944120575952 59.31740500426571 4.7805587942404815
74.05131894098466 49.285468141967954 83.94868105901534 50.714531858032046
80.53566497554564 28.219234063860032 83.46433502445436 37.780765936139964
25.431716679019623 37.68485696405183 16.568283320980377 42.31514303594817
7.032898665605382 62.04337099326462 14.967101334394618 55.95662900673538
71.1077439434471 53.37189379805963 74.8922560565529 62.62810620194037
70.09445836015485 85.03270417154555 79.90554163984515 86.96729582845445
50.157184033349054 4.135750303185288 47.842815966650946 13.864249696814712
78.40759186277664 81.97731825995832 87.59240813722336 78.02268174004168
17.30608903256295 71.82639942804352 14.693910967437048 62.173600571956484
21.879645762354833 5.0904390097261265 12.120354237645165 2.9095609902738735
93.64128881172405 66.18814963794033 96.35871118827595 75.81185036205967
23.96479175340574 49.10833935292081 26.03520824659426 58.89166064707919
90.95964993867992 62.63393413360721 81.04035006132008 61.36606586639279
40.10990420403009 75.91988403472193 45.89009579596991 84.08011596527807
90.85192530723236 71.79218345224197 81.14807469276764 74.20781654775803
37.45142193847736 13.642187420327495 32.54857806152264 22.357812579672505
38.78097457649783 6.463653681333592 29.219025423502167 3.536346318666408
32.76038410011894 68.65059559749798 41.23961589988106 63.34940440250201
2.068962089097094 61.612059473451716 5.931037910902906 52.387940526548284
21.19046148449566 18.003628874580702 20.80953851550434 27.996371125419298
4.504209667830905 3.811879964632906 13.495790332169095 8.188120035367094
91.248143887161 43.82539966772499 96.751856112839 52.17460033227501
21.47499426968053 85.7696578095892 12.525005730319469 90.2303421904108
46.18652978064455 27.146945632739474 39.81347021935545 34.853054367260526
91.26831083521436 37.21606761629909 84.73168916478564 44.78393238370091
67.34350974224763 35.76407512927026 72.65649025775237 44.23592487072974
85.80845878645945 22.37066556786143 76.19154121354055 19.62933443213857
52.23474455740333 53.65837140624535 43.76525544259667 48.34162859375465
46.00125792733019 40.88784969495937 55.99874207266981 41.11215030504063
36.80855748401605 89.15101381307103 43.19144251598395 96.84898618692897
20.84550798569404 12.217879207678429 29.15449201430596 17.78212079232157
34.239331770583114 36.70494697034259 41.760668229416886 43.29505302965741
2.0766645040768417 48.09958684124665 9.923335495923158 41.90041315875335
62.55144709318882 51.020160616064885 63.44855290681118 60.979839383935115
81.84607192301051 2.7689082418401254 72.15392807698949 5.231091758159875
