58.57235975408604 26.498320423772864 51.42764024591396 19.501679576227136
54.45565589225661 11.970280625112132 55.54434410774339 2.0297193748878675
78.00498624348214 8.223243302693009 87.99501375651786 7.776756697306992
25.461958366270107 39.78149325371194 22.538041633729893 30.218506746288057
11.053817386464894 95.92686941922507 2.9461826135351057 90.07313058077493
51.04313289030613 95.5635082987269 46.95686710969387 86.4364917012731
87.93101763831626 90.0942500898552 96.06898236168374 95.9057499101448
39.05640394110627 54.958311956364604 44.94359605889373 63.041688043635396
37.02508809514667 9.018939586416467 30.97491190485333 16.981060413583535
64.73289699761627 96.6123541825402 55.26710300238373 93.3876458174598
55.99318590458547 31.739050728590787 46.00681409541453 32.26094927140922
36.97432082850775 95.49390485570994 27.02567917149225 96.50609514429006
70.2846335986796 83.16784556153847 67.7153664013204 92.83215443846153
80.93019952870314 52.090878785164755 73.06980047129686 45.909121214835245
73.02936577987968 11.569647090471353 68.97063422012032 2.4303529095286462
46.823508358673614 53.14038402567763 49.176491641326386 62.85961597432237
72.01996418341398 94.44636673881504 81.98003581658602 93.55363326118496
36.06581233200751 27.0858009321756 43.93418766799249 20.9141990678244
96.96494108341649 11.408933135590319 87.03505891658351 12.591066864409681
52.094037072943436 49.03484314313859 61.905962927056564 50.96515685686141
57.91744390080717 59.11859935140534 60.08255609919283 68.88140064859466
2.2632274331738733 67.05458129328038 3.7367725668261267 76.94541870671962
28.968724727148107 79.97673347956919 23.031275272851893 88.02326652043081
17.65067864419023 37.7196673626024 14.349321355809773 28.2803326373976
28.304465355110967 74.75240039399733 21.695534644889033 67.24759960600267
39.44268803149978 67.37399681222311 32.55731196850022 74.62600318777689
27.848303076907168 46.11840155284357 34.15169692309283 53.88159844715643
43.63176987302944 2.0400739090655424 42.36823012697056 11.959926090934458
18.151874476583746 93.8655097564587 15.848125523416256 84.1344902435413
96.95460127767576 91.05959617181831 89.04539872232424 84.94040382818169
5.703792612459189 39.950219788923306 4.296207387540811 30.049780211076698
80.84121440526361 63.22430146143118 89.15878559473639 68.77569853856882
74.75849914466085 81.29752697935645 67.24150085533915 74.70247302064355
60.85260780090034 76.18706967800233 53.14739219909966 69.81293032199767
95.13594811816525 59.52081028539203 90.86405188183475 50.47918971460797
47.91807600332787 73.89376748582043 40.08192399667213 80.10623251417957
63.46653043638738 64.4624029563808 70.53346956361261 71.5375970436192
40.65875020196438 73.59213454496431 33.34124979803562 80.40786545503569
72.75751245733127 64.15683732398828 75.24248754266873 73.84316267601172
95.29572129010963 31.558667347995613 86.70427870989037 26.441332652004387
95.48885807733447 17.026195225494494 96.51114192266553 26.973804774505506
39.91981240598486 49.93858405847523 46.08018759401514 42.06141594152477
56.00008174539748 82.97140896482286 65.99991825460252 83.02859103517714
11.997996560672231 21.002673112320128 20.00200343932777 26.997326887679872
60.63349122214394 8.274356506550806 57.36650877785606 17.725643493449194
90.63615185909207 22.431967315931384 83.36384814090793 15.568032684068616
52.83370011784045 56.13792795354958 55.16629988215955 65.86207204645042
8.55339873643882 73.03071938420581 7.446601263561179 82.96928061579419
65.97344360869742 37.514644217986344 56.02655639130258 36.485355782013656
10.148238778528713 26.00219795664731 9.851761221471287 35.99780204335269
30.72779919188859 35.1645574035213 33.27220080811141 44.8354425964787
28.138669346570296 6.169386282639192 37.861330653429704 3.8306137173608077
68.02879148551493 23.569902089575017 63.97120851448506 14.430097910424983
65.02757566557996 29.570441654845624 60.97242433442005 20.429558345154376
67.74670270342243 12.684979153193401 64.25329729657757 3.3150208468065987
76.40487561222072 43.02900231840925 85.59512438777928 46.97099768159075
80.43319864890549 28.018801456417698 79.56680135109451 37.9811985435823
19.34821967021085 49.5316026050104 10.651780329789151 54.4683973949896
6.433362462062894 67.50415420222598 13.566637537937105 60.49584579777403
70.18880373368104 50.33957425926855 73.81119626631896 59.66042574073145
75.01313981616316 86.63774938666336 84.98686018383684 87.36225061333664
49.06406590129692 7.445921393398733 44.93593409870308 16.554078606601266
81.15481130339938 81.23456328081377 90.84518869660062 78.76543671918623
19.948966022777984 80.03777158795553 14.051033977222014 71.96222841204447
11.9583192213285 2.355740347837661 2.0416807786715 3.644259652162339
95.93298428866086 67.00044913072847 96.06701571133914 76.99955086927153
26.273913883195302 50.5469880247397 21.726086116804698 59.4530119752603
89.9196753617321 58.89263337108028 80.0803246382679 57.10736662891972
50.51218073281706 79.2264904076561 53.48781926718294 88.7735095923439
89.85192530723236 73.79218345224197 80.14807469276764 76.20781654775803
38.37499425872445 14.60006792427134 33.62500574127555 23.39993207572866
26.668574563816318 2.2099129791858516 17.331425436183682 5.790087020814148
28.285064487240813 65.34652866953813 35.71493551275919 58.65347133046187
10.738269055258272 49.78960568451577 17.26173094474173 42.21039431548423
26.103233776696726 17.001065834865503 25.896766223303274 26.998934165134497
4.011891598061388 15.65536313239958 13.98810840193861 16.34463686760042
88.09280686458153 42.88008945600377 95.90719313541847 49.11991054399623
36.99527258348133 89.78262516999484 27.00472741651867 90.21737483000516
47.319058290984096 24.26050109492599 40.680941709015904 31.73949890507401
90.58566536316471 33.51531867979282 83.41433463683529 40.48468132020718
73.94605983186318 28.09031866670198 72.05394016813682 37.90968133329802
81.80845878645945 23.37066556786143 72.19154121354055 20.62933443213857
54.187704607052744 41.73187300657795 45.812295392947256 36.26812699342205
60.00397655266544 42.80062669766666 69.99602344733457 43.19937330233334
40.084823381473655 86.9377659739009 45.915176618526345 95.0622340260991
12.159077538686441 8.798857290563728 19.840922461313557 15.201142709436272
30.3670353580423 25.749412135456957 35.6329646419577 34.25058786454304
3.3733917213071054 51.25451865083489 8.626608278692895 42.74548134916511
65.44272335525147 53.24869602617126 68.55727664474853 62.75130397382874
84.93492787284728 2.195955915515236 75.06507212715272 3.804044084484764
