76.6199250937759 25.25863739980329 71.3800749062241 16.74136260019671
80.36247525093125 11.443114750684526 71.63752474906875 6.556885249315475
93.50138476326251 45.77013127410748 96.49861523673749 36.22986872589252
58.83028932498483 43.213858068880334 51.16971067501517 36.786141931119666
11.232332791404605 88.33779055241679 2.7676672085953937 93.66220944758321
57.41755307486879 96.64970286194026 50.58244692513121 89.35029713805974
80.09982974944447 96.99414863857 89.90017025055553 95.00585136143
64.95152349540301 90.06574745604163 73.04847650459699 95.93425254395837
18.15442750007476 32.997614645730565 17.84557249992524 23.002385354269432
63.667913026007035 94.39800147640462 56.332086973992965 87.60199852359538
64.99999994648938 8.000731509513338 55.00000005351062 7.999268490486663
51.06518145709198 83.95027374179303 44.93481854290802 76.04972625820697
72.72132638206574 83.54942177431624 77.27867361793426 92.45057822568376
58.99637117654877 57.190460143212775 49.00362882345123 56.809539856787225
91.45042194982544 22.75382034435644 94.54957805017456 13.246179655643559
15.694043523203147 63.75108674566784 22.30595647679685 56.24891325433216
76.98244262118007 82.01322844076445 83.01755737881993 89.98677155923555
9.077622682616123 3.877611272320895 18.922377317383877 2.122388727679105
91.50432667233848 36.974500437990535 90.49567332766152 27.02549956200947
65.80049131815761 40.713692471731164 74.19950868184239 35.286307528268836
46.08184003436652 39.11844060365524 43.91815996563348 48.88155939634476
4.091083631267007 76.08330690050221 5.908916368732993 85.91669309949779
19.45628345402448 87.64492576487088 14.54371654597552 96.35507423512912
11.577506324378358 41.011575464723144 2.4224936756216406 36.988424535276856
22.02192830911128 77.46776301732004 31.97807169088872 76.53223698267996
29.314465879309047 67.62111878793841 36.68553412069095 74.37888121206159
44.09199433209276 5.1267470723723765 35.90800566790724 10.873252927627624
45.81899764313091 9.257880511017962 54.18100235686909 14.742119488982038
15.418305601460947 85.96604788808045 16.581694398539053 76.03395211191955
86.02796974719342 85.9788690868237 79.97203025280658 78.0211309131763
2.2257360240666566 29.93968777308565 3.7742639759333434 20.06031222691435
87.50919402489652 79.42029698938839 94.49080597510348 86.57970301061161
71.13235130981525 79.81490189034506 62.86764869018475 74.18509810965494
58.99987769762409 68.96502845726627 49.00012230237591 69.03497154273373
50.317447092677064 50.47816523104023 41.682552907322936 55.52183476895977
24.48728761525091 86.02380157348775 23.51271238474909 95.97619842651225
60.50730995058527 82.80552144692872 69.49269004941473 87.19447855307128
37.28733280057168 78.42730152230344 28.712667199428317 83.57269847769656
79.15845394190508 51.6485167651537 82.84154605809492 42.3514832348463
83.85610063437538 68.19091839721244 74.14389936562462 65.80908160278756
91.43415426679341 54.632518688597344 86.56584573320659 63.367481311402656
15.761024641319427 45.34838013499316 24.238975358680573 50.65161986500684
41.13466090984994 61.8474048681962 50.86533909015006 64.1525951318038
21.01117627888888 42.665877448113726 30.98882372111112 43.334122551886274
48.83117270987428 18.711679291726632 39.16882729012572 21.288320708273368
64.31192810352341 53.261615148056556 73.68807189647659 56.738384851943444
84.68703062639398 25.622751836178928 77.31296937360602 32.37724816382107
8.076340798714977 73.08605518143706 9.923659201285023 82.91394481856294
74.70120737361911 61.70254199073892 65.29879262638089 58.29745800926108
38.917630952704386 51.93952839884068 33.082369047295614 60.06047160115932
38.70616267118393 2.3112037090415747 29.293837328816068 5.688796290958425
22.928554963703448 19.55072691573581 27.071445036296552 10.449273084264188
78.7156664812658 20.770033599017264 85.2843335187342 13.229966400982736
87.775570355335 44.939482829601246 86.224429644665 35.060517170398754
86.85517849061947 9.183959611154798 79.14482150938053 2.816040388845202
34.71326389599244 47.446441047695146 39.28673610400756 38.553558952304854
86.9368306251815 52.953393288322175 81.0631693748185 61.046606711677825
43.825755906250976 83.13984045444025 46.174244093749024 92.86015954555975
4.3130383334689775 61.216661831661725 9.686961666531023 52.783338168338275
83.29448038176072 72.309412787708 92.70551961823928 75.690587212292
38.93172648922363 70.08893619453967 31.068273510776372 63.91106380546032
49.18461740295594 5.346139087941964 58.81538259704406 2.653860912058036
71.30154465619091 43.36473298641214 78.69845534380909 36.63526701358786
24.58682306203943 60.37910687995797 29.41317693796057 51.62089312004203
12.212415008539647 13.69361463387581 3.787584991460352 8.30638536612419
89.15679358651336 68.19840029754486 96.84320641348664 61.801599702455135
11.476489363507644 62.406391548120716 4.523510636492356 69.59360845187928
65.63982395188361 68.42807257789188 58.36017604811639 61.57192742210811
49.10990420403009 73.91988403472193 54.89009579596991 82.08011596527807
78.53075773995808 74.11476577942098 69.46924226004192 69.88523422057902
40.94324922227323 15.248809527153655 31.05675077772677 16.751190472846346
39.60179042746031 25.955383558725668 30.39820957253969 22.044616441274332
14.410853541469386 34.655964731592164 7.589146458530613 27.34403526840784
14.186983796192392 67.64542441263494 23.813016203807607 70.35457558736506
34.0356746788873 29.951835003212054 25.964325321112703 24.048164996787946
9.110127663125876 19.043622790606456 18.889872336874124 16.956377209393544
56.02212849561327 23.46988858872567 65.97787150438673 22.53011141127433
38.973532880986824 96.01971419452804 33.026467119013176 87.98028580547196
51.18652978064455 26.146945632739474 44.81347021935545 33.853054367260526
67.8106552289749 33.36293663386695 58.18934477102511 30.63706336613305
71.96173299070698 47.38258139894398 62.03826700929302 48.61741860105602
67.41106009320328 12.645738150895372 58.588939906796725 17.354261849104628
28.114664144864253 38.87416904140122 25.885335855135747 29.125830958598783
62.00006196725417 26.975106854321428 71.99993803274583 27.024893145678572
54.729324488770196 74.39974411301849 63.270675511229804 79.60025588698151
13.020507964205192 7.452392601018274 22.979492035794806 6.547607398981726
42.72880237192416 29.668929170501965 35.27119762807584 36.33107082949803
2.943062259769008 54.95665662553012 9.056937740230993 47.04334337446988
52.75297755565989 32.36128812537795 61.24702244434011 37.63871187462205
96.38379519935799 8.404649589874975 87.61620480064201 3.595350410125025
