74.90135484364171 4.988291807468757 65.09864515635829 3.011708192531243
62.68957437431612 35.70588338504624 59.31042562568388 26.294116614953758
84.52589916038444 47.977472088708865 85.47410083961556 38.022527911291135
14.037281966641192 13.609450343650161 23.962718033358808 12.390549656349839
11.135018655763105 30.104918739227987 4.864981344236895 37.89508126077202
43.61961699924913 75.96145893606321 42.38038300075087 66.03854106393679
88.92048301225834 70.11792635520754 91.07951698774166 79.88207364479246
52.2844740656553 70.30351506245461 55.7155259343447 79.69648493754539
9.297742523014762 22.639451001085256 16.70225747698524 29.360548998914744
92.85930060016479 86.131858169772 95.14069939983521 95.868141830228
82.63564519493292 33.87371119084434 73.36435480506708 30.12628880915566
63.184269336979156 69.73713173150581 54.815730663020844 64.26286826849419
68.90986456915265 78.87589849565786 77.09013543084735 73.12410150434214
87.15853304291652 33.99748609545876 86.84146695708348 24.00251390454124
71.907232147915 8.958682766335968 62.092767852085004 7.0413172336640315
2.5982043482983705 15.016170121856721 3.4017956517016295 24.98382987814328
77.03598505104611 95.40120488765992 86.96401494895389 96.59879511234008
15.400099986035116 56.963881543031114 16.599900013964884 47.036118456968886
83.81836061588746 18.228021407463025 76.18163938411254 11.771978592536977
27.137469734888807 72.35985118648713 30.862530265111193 81.64014881351287
51.99408164836362 46.585154128233796 48.00591835163638 37.414845871766204
22.995854069792816 86.41561710455034 19.004145930207184 95.58438289544966
19.81444120306197 33.14614282163301 26.18555879693803 40.85385717836699
69.99875815325515 93.88856874197464 60.00124184674485 94.11143125802536
21.983364463151332 78.98757723064907 16.016635536848668 87.01242276935093
49.30650211413576 74.00940319660761 48.69349788586424 83.99059680339239
41.42960866044709 27.972310920446695 50.57039133955291 32.027689079553305
43.19659428901953 12.844708695259982 36.80340571098047 5.155291304740019
14.138299615772523 81.51969852459067 9.861700384227477 72.48030147540933
71.10438923358646 41.98363627387839 80.89561076641354 44.01636372612161
17.174928795814903 72.2200668134239 24.825071204185097 65.7799331865761
70.43850247964357 48.211397843205255 67.56149752035643 57.788602156794745
96.99994765988123 66.02287790305557 87.00005234011877 65.97712209694443
77.11571889005864 37.839165021271995 68.88428110994136 32.160834978728005
96.02920183737739 58.977931149282185 89.97079816262261 51.022068850717815
73.9079953040272 91.11890569009411 66.0920046959728 84.88109430990589
67.23869315241981 66.6520709567486 58.761306847580194 61.3479290432514
34.95689803529501 46.092419521796046 33.04310196470499 55.907580478203954
76.9015520635518 69.01268679321554 67.0984479364482 70.98731320678446
85.71909450644048 77.00789702593305 86.28090549355952 86.99210297406695
69.96539232926312 17.094083403623753 68.03460767073688 26.905916596376247
9.144746957367946 83.8872312221072 2.855253042632053 76.1127687778928
78.06611165929318 90.18960143050636 87.93388834070682 91.81039856949364
4.767564519223146 7.662046186876028 13.232435480776854 2.337953813123972
88.72953550630623 5.37781200393154 79.27046449369377 8.62218799606846
92.65630195136615 33.28230312059998 89.34369804863385 42.71769687940002
40.41257275310919 96.74131571779698 43.58742724689081 87.25868428220302
27.46658854612306 87.02181809004263 26.53341145387694 96.97818190995737
10.152847285122284 66.88066411799541 3.847152714877716 59.1193358820046
33.77374025289582 86.67183991848444 42.22625974710418 81.32816008151556
38.109910705119006 62.001208182280415 37.890089294880994 71.99879181771958
28.099934175364297 13.005336783510513 37.9000658246357 14.994663216489487
74.809565228421 47.27231665599879 83.190434771579 52.72768334400121
66.11914678039616 13.471289706424512 61.880853219603836 22.528710293575486
95.08427379736726 14.91542933239934 96.91572620263274 5.08457066760066
82.8496663672952 70.92727785539718 81.1503336327048 61.07272214460283
36.56878006706788 32.03131698628335 27.431219932932127 27.96868301371665
23.631836565923855 44.436533596288335 16.368163434076145 37.563466403711665
11.998300985028415 94.86966480496825 2.0016990149715843 95.13033519503175
66.18201537856133 48.259425721955985 57.81798462143866 53.740574278044015
26.43778129105067 32.95398913695145 35.56221870894933 37.04601086304855
73.13575030318529 24.842815966650953 82.86424969681471 27.157184033349047
50.767791030762034 58.32293736715475 47.232208969237966 67.67706263284525
11.449379841605127 46.71898728080751 2.5506201583948727 51.28101271919249
50.79654137385666 11.253655420691409 43.20345862614334 4.746344579308592
80.27903821770448 56.35302706454989 89.72096178229552 59.64697293545011
29.42793655304355 47.62905912938702 24.57206344695645 56.37094087061298
68.09779616677254 38.07525046542721 61.90220383322746 45.92474953457279
40.71119181282434 44.00834798578464 41.28880818717566 53.99165201421536
94.30230479150919 47.951082850856864 95.69769520849081 38.048917149143136
32.43184726188467 73.79059635313114 29.56815273811533 64.20940364686886
51.7282037304128 15.373934354427686 42.2717962695872 18.626065645572314
40.88584074615444 34.46895920903605 45.11415925384556 43.53104079096395
22.001250140117904 4.111802675856753 31.998749859882096 3.888197324143247
20.116031610506827 57.921239669674385 21.883968389493173 48.078760330325615
3.110127663125877 44.043622790606456 12.889872336874124 41.956377209393544
50.30728106404702 90.37102756738273 57.69271893595298 83.62897243261727
80.55010604400142 77.9271915215482 71.44989395599858 82.0728084784518
11.053750277185703 9.731172811009479 20.946249722814297 8.268827188990521
56.116146882470126 34.0787396262103 57.883853117529874 43.9212603737897
12.019741964537799 18.443880502178434 21.9802580354622 17.556119497821566
95.57201460952541 28.98164917527723 96.42798539047459 19.01835082472277
47.13484157529586 50.130489285464094 44.86515842470414 59.869510714535906
57.93448635271386 3.8067493011343037 48.06551364728614 2.1932506988656963
12.624708273615902 63.25569106942835 7.3752917263840985 54.74430893057165
33.05100858435165 24.712379089978732 42.94899141564835 23.287620910021268
52.04524947468646 27.033540545619857 57.95475052531354 18.966459454380143
25.84791478641554 20.354011306282935 22.15208521358446 29.645988693717065
54.949539241828106 95.29143716326377 45.050460758171894 96.70856283673623
85.7691239510055 13.184054513487691 92.2308760489945 20.81594548651231
