96.75920336671766 29.680299511198964 93.24079663328234 20.319700488801036
66.99766825319743 37.847317221067414 57.002331746802575 38.152682778932586
43.819526356532734 15.331227140155384 34.180473643467266 12.668772859844616
29.46850518925418 49.11318593128568 38.53149481074582 44.88681406871432
3.358090531847086 66.27727480172837 6.641909468152914 75.72272519827163
12.410497530767014 90.48072866270417 19.589502469232986 83.51927133729583
95.42270943807587 80.20668195768215 92.57729056192413 89.79331804231785
66.21212468167191 76.06246493857822 67.78787531832809 85.93753506142178
20.801999597885857 42.064739455206954 19.198000402114143 51.935260544793046
81.60608503123647 71.19822938283626 84.39391496876353 80.80177061716374
76.37748359226016 25.80651005960188 73.62251640773984 16.19348994039812
75.94899773768718 43.712335168559804 66.05100226231282 42.287664831440196
88.8352897129135 84.99728631572455 89.1647102870865 75.00271368427545
63.46147457333086 33.97091443950012 64.53852542666914 24.029085560499876
96.78290310912914 13.542660695416892 87.21709689087086 16.45733930458311
7.605835173190554 55.6104698677343 12.394164826809446 64.38953013226569
49.019964183413975 96.44636673881504 58.980035816586025 95.55363326118496
18.358275089335365 70.9871473770445 17.641724910664635 61.012852622955506
80.95386935969196 2.3223729882117152 71.04613064030804 3.6776270117882848
18.291861530014437 76.64594140071866 25.708138469985563 83.35405859928134
50.175123668766275 68.93148852154908 51.824876331233725 59.068511478450915
32.91447194895691 89.88922688695727 25.085528051043095 96.11077311304273
22.091032551262053 64.93331727544636 27.908967448737947 73.06668272455364
73.97858264664207 86.97165389629279 66.02141735335793 93.02834610370721
47.98555074645302 87.90190674392791 46.01444925354698 78.09809325607209
61.30878606660885 80.46339545214525 52.69121393339115 85.53660454785475
33.080703473280224 32.0006513474853 32.919296526719776 41.9993486525147
45.102725144785644 31.876883969816944 42.897274855214356 22.123116030183056
3.289488012406835 54.9916126342769 2.710511987593165 45.0083873657231
43.237446840013554 4.477473350544188 52.762553159986446 7.522526649455812
51.81101286825937 54.72990600755986 60.18898713174063 49.27009399244014
64.38799476046374 50.06883256280299 73.61200523953626 53.93116743719701
96.94810452424781 69.71851347733937 87.05189547575219 68.28148652266063
87.08030737650539 39.91468874683734 88.91969262349461 30.085311253162658
95.99176255443398 57.713108731135264 86.00823744556602 58.286891268864736
66.25339280624407 64.20323357996843 59.746607193755935 71.79676642003157
42.011405476054684 78.00857956877657 35.988594523945316 85.99142043122343
32.00314814889622 72.82259769415045 41.99685185110378 73.17740230584955
31.895596327518874 85.07621416366452 26.104403672481126 76.92378583633548
79.67476755351495 79.77385126789248 70.32523244648505 76.22614873210752
70.24830309128912 8.443922724365052 79.75169690871088 11.556077275634948
10.457184876789785 74.24398049882112 13.542815123210215 83.75601950117888
49.066111659293185 74.18960143050636 58.933888340706815 75.81039856949364
9.053926968246657 26.88766180761337 6.946073031753343 17.11233819238663
69.64452542152345 19.243404917624076 64.35547457847655 10.756595082375924
87.22737290958095 62.50935226971688 96.77262709041905 65.49064773028313
64.00471740250062 60.21714458574827 73.99528259749938 59.78285541425173
44.21961877742321 58.51967718987679 39.78038122257679 67.48032281012321
24.880664117995458 87.84715271487778 17.119335882004542 94.15284728512222
29.122306949161626 56.900859198372174 38.877693050838374 59.099140801627826
13.628623373842856 30.986188865410547 14.371376626157144 21.013811134589453
22.032392629630127 26.568222679806894 31.967607370369873 25.431777320193106
29.986651202411732 9.989953511517815 36.01334879758827 2.010046488482186
56.44243644821137 59.01961346989071 55.55756355178863 68.9803865301093
91.5517229581724 2.9307445512827055 82.4482770418276 7.0692554487172945
78.6036986282467 52.801077220712024 81.3963013717533 43.198922779287976
27.63688883015985 33.87063143797457 18.36311116984015 30.12936856202543
14.441156045539584 47.96867119404807 15.558843954460416 38.03132880595193
11.619187260505099 96.9139250383407 2.3808127394949015 93.0860749616593
81.74882947776632 65.43519375285706 72.25117052223368 68.56480624714294
38.23116669736578 28.059464062193197 39.76883330263422 37.94053593780681
84.07028672245725 11.835420254254544 93.92971327754275 10.164579745745456
58.86599685104327 15.850184951552214 49.13400314895673 18.14981504844779
46.221657824430224 49.848458740673 43.778342175569776 40.151541259327
13.999728813124065 13.052074900067261 4.000271186875934 12.947925099932739
85.60484511621502 89.32945190535378 92.39515488378498 96.67054809464622
32.59360845187934 67.47648936350758 25.40639154812066 60.52351063649242
49.674550104112264 25.573682932536833 54.325449895887736 34.42631706746317
69.26615078381072 28.674587239038935 76.73384921618928 35.325412760961065
89.52537923682515 50.59541521275557 96.47462076317485 43.40458478724443
24.532996683148003 52.978143017436246 25.467003316851997 43.021856982563754
58.89112796935693 10.962277885282207 49.10887203064307 13.037722114717793
46.34940440250199 36.760384100118955 51.65059559749801 45.239615899881045
7.57379184866219 2.6743428023393627 16.42620815133781 7.325657197660638
3.4198626549911424 86.98234034876621 2.5801373450088576 77.01765965123379
12.300117252930747 54.29380476972863 21.699882747069253 57.70619523027137
35.05354256412483 94.72976628798217 44.94645743587517 93.27023371201783
61.99071806538923 89.69547874984241 52.00928193461077 90.30452125015759
2.8611574024215236 36.9980719015534 3.1388425975784764 27.001928098446598
58.984142493065626 22.00002514611585 59.015857506934374 31.99997485388415
23.716370400582164 5.802222987480029 18.283629599417836 14.197777012519971
87.21992654147752 23.82518928518428 80.78007345852248 16.17481071481572
31.003417931628157 52.815155108198944 40.99658206837184 53.184844891801056
81.06237159637693 38.99961096326158 80.93762840362307 29.00038903673842
8.67763132167449 44.82196444186222 11.32236867832551 35.17803555813778
19.029161704503146 21.53922781829383 28.970838295496854 20.46077218170617
57.02947615764188 4.457881256043036 66.97052384235812 5.542118743956964
29.163437639792903 15.73206288175321 38.8365623602071 18.26793711824679
81.4128236308954 84.62069844310845 76.5871763691046 93.37930155689155
95.77757209885567 34.84246548593298 90.22242790114433 43.15753451406702
