91.98389480998082 3.5990105699071346 82.01610519001918 4.400989430092865
74.27300027201784 12.835232187542033 71.72699972798216 3.164767812457966
72.82358552154912 50.86139755284115 79.17641447845088 43.13860244715885
14.85331690753124 3.114335897742671 21.14668309246876 10.88566410225733
11.462567663634982 29.392975578853203 4.537432336365018 36.6070244211468
42.29962756700844 55.70199251266124 45.70037243299156 46.29800748733876
91.4819620583879 74.02328295215867 90.5180379416121 83.97671704784133
37.49500070851889 71.67276317383956 42.50499929148111 80.32723682616044
10.41727930694431 19.512291234126543 17.58272069305569 26.487708765873457
95.72197434462916 77.00773581078128 96.27802565537084 86.99226418921872
79.9241657376573 35.13247951719752 70.0758342623427 36.86752048280248
63.887252238451275 77.05582458663974 54.112747761548725 74.94417541336026
45.02637643139435 85.4870978672199 54.97362356860565 86.5129021327801
83.77489788861173 39.84758958830799 86.22510211138827 30.15241041169201
87.98814762540638 10.655931304602424 78.01185237459362 11.344068695397576
6.242671043276622 18.15688440379524 3.757328956723378 27.84311559620476
80.06323227006386 94.7926691495581 89.93676772993614 93.2073308504419
17.963384937453874 45.906311186857906 16.036615062546126 36.093688813142094
85.95386935969196 16.322372988211715 76.04613064030804 17.677627011788285
17.40189279973107 62.03590211851272 18.59810720026893 71.96409788148728
52.9115382094278 65.9162076942246 51.0884617905722 56.083792305775404
18.415657717761114 78.25765252931525 21.584342282238886 87.74234747068475
31.082234533074455 41.0849510126837 32.917765466925545 50.9150489873163
63.690140219807134 93.2672032091017 54.309859780192866 96.7327967908983
9.004302292799922 68.41930438480388 4.995697707200078 77.58069561519612
36.62297935102479 88.31276098735178 43.37702064897521 95.68723901264822
49.003279087617095 32.18105282034633 58.996720912382905 31.818947179653673
46.7201874631553 10.649190805416874 37.2798125368447 7.350809194583126
11.159199928446665 95.92879855945401 12.840800071553335 86.07120144054599
57.264743953825665 43.39458722530017 66.73525604617433 46.60541277469983
2.0538150676126974 73.90965722568524 3.9461849323873026 64.09034277431476
69.94404592135261 64.44225353639618 74.05595407864739 73.55774646360382
96.97494881549643 67.5001157302028 87.02505118450357 68.4998842697972
70.54620770418812 43.081344639981694 61.45379229581187 38.918655360018306
89.02920183737739 58.977931149282185 82.97079816262261 51.022068850717815
88.99806812298722 88.13897855222652 79.00193187701278 87.86102144777348
69.19176255868443 75.72564242915526 60.80823744131557 70.27435757084474
41.29690258854958 44.17112397386168 38.70309741145042 53.82887602613832
76.35655647033369 77.54634645461229 67.64344352966631 82.45365354538771
76.11636709599301 67.91531380949182 81.88363290400699 76.08468619050818
68.6208212398235 11.038691605212994 67.3791787601765 20.961308394787004
5.291789920199578 96.83024624652519 2.708210079800422 87.16975375347481
76.07107695728405 83.84007002028625 85.92892304271595 82.15992997971375
3.4622706365420504 5.900235197930133 12.537729363457949 10.099764802069867
72.71972104180497 22.658791330797587 65.28027895819503 29.341208669202413
96.8145268138822 46.650803365550665 87.1854731861178 49.349196634449335
29.433079674200307 86.50386634867785 36.56692032579969 79.49613365132215
25.030935893942836 74.00009570386933 24.969064106057164 83.99990429613067
13.149679237222248 59.78929421685246 4.850320762777753 54.21070578314754
15.517608825214964 95.21543886311701 24.482391174785036 90.78456113688299
27.068201633639056 46.087592056389546 28.931798366360944 55.912407943610454
32.829345480208524 10.242167358858964 41.170654519791476 15.757832641141036
55.17175919581013 47.70073453953551 64.82824080418986 50.29926546046449
67.41487679779723 4.347792933599451 60.585123202202766 11.65220706640055
91.49205933632585 29.767191516484097 94.50794066367415 20.232808483515903
79.396178031238 63.6696014470425 72.603821968762 56.3303985529575
45.90862942770946 34.95150257037212 36.09137057229054 33.04849742962788
24.552794837295437 35.06689602290391 15.447205162704563 30.93310397709609
38.01895728442559 96.9745558233058 29.98104271557441 91.0254441766942
63.17318673322437 55.49697219389691 58.82681326677563 64.50302780610309
35.1120871378504 36.94723798889183 44.8879128621496 39.05276201110817
80.04413402418098 21.662866826534078 89.95586597581902 20.337133173465922
48.01437279876352 63.10397632510538 45.98562720123648 72.89602367489462
18.893534628986945 57.13693928740731 11.106465371013055 50.86306071259269
48.710382536659495 5.676990267811128 39.289617463340505 2.3230097321888716
79.67053996635984 55.5757920537487 84.32946003364016 64.4242079462513
13.091708293752605 68.00084111186122 12.908291706247395 77.99915888813878
74.95526122865132 27.9412570207473 67.04473877134868 34.0587429792527
48.68454448652813 50.29231374527702 45.31545551347187 59.70768625472298
96.29231036391286 61.83010703021407 93.70768963608714 52.16989296978593
29.097934346682514 79.62408328757927 32.902065653317486 70.37591671242073
52.41136452249531 12.344512057924373 45.58863547750469 19.655487942075627
36.807085177381154 18.50654647506636 41.192914822618846 27.49345352493364
24.096606713540233 4.978127945772581 33.90339328645977 3.021872054227419
25.25570742013327 59.4622622104439 20.74429257986673 50.5377377895561
2.24600318195625 47.54903655671191 11.753996818043749 44.45096344328809
53.00435842688763 82.20872295750902 62.99564157311237 81.79127704249098
71.88163642552068 86.91850760103011 62.11836357447932 89.08149239896989
10.208168377164643 13.57229215229618 19.791831622835357 16.427707847703818
62.33296173577178 17.011098669795942 61.66703826422822 26.988901330204058
21.275061324946073 22.635528818755457 30.724938675053927 19.364471181244543
95.48513802763848 40.973421070994895 96.51486197236152 31.026578929005105
52.87843581467735 36.077769761633235 51.12156418532265 45.922230238366765
60.903325252378465 3.9784689414527605 51.096674747621535 2.0215310585472395
35.92904107468786 63.16062279990461 26.07095892531214 64.83937720009538
46.058976483049335 26.23430645494399 55.941023516950665 27.76569354505601
49.45064259930834 21.521656150471724 56.54935740069166 14.478343849528276
31.40196882055608 23.628782906848866 22.59803117944392 28.371217093151134
57.59749822511378 90.03454583618044 48.40250177488622 93.96545416381956
96.25019249621192 5.534954229798811 91.74980750378808 14.46504577020119
