81.68048896098868 5.615623985423533 74.31951103901132 12.384376014576468
68.85277809293683 16.64405139273171 65.14722190706317 7.355948607268289
69.17228777768075 65.65397335965568 72.82771222231925 56.34602664034431
17.39054965634984 14.037281966641192 18.60945034365016 23.962718033358808
5.860744291120209 67.13152011098076 8.13925570887979 76.86847988901924
30.056115656606178 66.91010003424533 31.943884343393822 57.08989996575467
96.84142501788328 81.75075871177185 87.15857498211672 84.24924128822815
53.21212468167191 79.06246493857822 54.78787531832809 88.93753506142178
21.199265303323948 33.60252142337326 30.800734696676052 36.39747857662674
93.92566713653034 86.94531483266255 88.07433286346966 95.05468516733745
83.99318590458547 24.739050728590787 74.00681409541453 25.260949271409213
44.15446732333075 56.21784233743358 35.84553267666925 61.78215766256642
39.09000493699021 78.05556975841543 48.90999506300979 79.94443024158457
96.66215400069245 40.806742946250885 87.33784599930755 37.193257053749115
92.77664611312106 3.7232723432900965 85.22335388687894 10.276727656709904
7.9850018980598065 29.410907773350054 4.0149981019401935 38.589092226649946
74.2414434808883 90.46502773496734 83.7585565191117 93.53497226503266
37.05529843979287 37.90994286750286 38.94470156020713 28.09005713249714
91.99888322648516 19.10567160434698 82.00111677351484 18.89432839565302
18.389066986432336 39.19682470575935 15.610933013567664 48.80317529424065
68.78226943998516 54.9952570908048 69.21773056001484 45.0047429091952
23.07555860510637 86.4511477846858 18.92444139489363 95.5488522153142
36.298554057695235 45.00892141169529 35.701445942304765 54.99107858830471
49.81291554273518 93.35493320075128 40.18708445726482 90.64506679924872
15.512751884450438 76.44182993685098 8.487248115549562 83.55817006314902
31.687844881506738 87.25438543479993 38.31215511849326 94.74561456520007
42.366541942071514 34.87911320186347 51.633458057928486 31.120886798136528
34.997691752345474 15.848088352855973 25.002308247654526 16.15191164714403
8.675095793891483 90.73430207939876 15.324904206108517 83.26569792060124
87.26474395382567 44.39458722530017 96.73525604617433 47.60541277469983
11.530603701815338 61.97176625673612 10.469396298184662 52.02823374326388
76.90249787993102 59.07501839288792 83.09750212006898 66.92498160711207
83.03159533380975 72.95740410908003 74.96840466619025 67.04259589091997
83.43104812252648 35.31642235696657 74.56895187747352 30.68357764303343
94.98311061192209 77.41061981119941 85.01688938807791 76.58938018880059
65.58852293416419 91.01368248191554 56.411477065835804 94.98631751808446
72.41336702699847 74.3499343575944 63.58663297300153 69.6500656424056
31.412116993222828 71.34521442153442 24.587883006777172 78.65478557846558
65.63355560759979 75.56528405155824 58.36644439240022 82.43471594844176
76.64006323432828 74.29718688958145 83.35993676567172 81.70281311041855
57.38309598357237 4.2686554340589185 60.61690401642763 13.731344565941082
3.865890570281192 84.92445261123488 2.134109429718808 75.07554738876512
65.571911534641 83.32207505110293 74.428088465359 78.67792494889707
5.2744596431500135 2.665281263812183 12.725540356849987 9.334718736187817
70.94375986865177 34.95843126549661 65.05624013134823 43.04156873450339
86.90229725636944 51.98360643053645 77.09770274363056 50.01639356946355
17.166606975040093 89.651738386456 20.833393024959907 80.348261613544
24.657060076529397 53.28256935368707 21.342939923470603 62.71743064631293
5.552730870284992 60.75279147916927 2.447269129715008 51.24720852083073
2.07146707306683 95.15764426271582 11.928532926933169 96.84235573728418
23.519643747750695 38.658590912857 28.480356252249305 47.341409087143
26.015239569865845 20.609918656984537 35.98476043013416 21.390081343015463
74.0000028658782 39.994646610997435 83.9999971341218 40.005353389002565
52.9068562495658 3.9606048855263505 43.0931437504342 2.0393951144736495
95.42938747753925 25.967333424404988 96.57061252246075 16.032666575595012
90.48365349378558 70.33952362855725 85.51634650621442 61.660476371442755
63.79381704972464 16.85336446107595 58.20618295027536 25.14663553892405
12.023573499867343 20.968308658338156 3.976426500132658 15.031691341661844
34.39382322631128 96.3862769026095 25.60617677368872 91.6137230973905
62.518310582575175 52.224584157343855 65.48168941742483 61.775415842656145
39.28813882635525 41.79930851229489 44.71186117364475 50.20069148770511
67.16185744256542 21.261894050204063 76.83814255743458 18.738105949795937
52.85018495155226 54.13400314895672 55.14981504844774 63.86599685104328
24.018985711822992 72.98569006218605 17.981014288177008 65.01430993781395
38.991182286420056 2.703184596547541 29.008817713579944 3.296815403452459
90.44218725689186 59.70376979536785 95.55781274310814 68.29623020463215
14.63204482438718 35.273856784735464 11.36795517561282 44.726143215264536
58.78975844188029 31.738446543102953 51.21024155811971 38.26155345689705
60.39007093858703 37.324755922207665 53.60992906141297 44.675244077792335
96.49839964538742 61.331050589860155 91.50160035461258 52.668949410139845
26.015197336641876 65.9020570900636 27.984802663358124 56.09794290993641
46.01057417362553 7.007952512168853 39.98942582637447 14.992047487831147
25.012097685373313 24.652393182256553 34.98790231462669 25.347606817743447
15.533877666955092 2.7519449948283063 24.466122333044908 7.248055005171693
17.63854941165206 57.407215801250395 22.36145058834794 48.592784198749605
3.271055855217467 23.376088895435775 12.728944144782533 26.623911104564225
37.15692112414226 67.24281414629078 46.84307887585774 64.75718585370922
46.995209527950905 86.21881903909059 37.004790472049095 85.78118096090941
4.203145084438617 8.746710472432962 11.796854915561383 15.253289527567038
63.54842631355714 25.020433632763552 64.45157368644286 34.97956636723645
20.12632652389755 28.88317107472296 29.87367347610245 31.11682892527704
91.63523515312812 33.72504031665065 88.36476484687188 24.27495968334935
57.9705716030387 50.10711974645509 60.0294283969613 59.89288025354491
38.76291605217301 8.478608965468558 29.23708394782699 11.521391034531442
35.81109207130496 73.06622561806215 34.18890792869504 82.93377438193785
53.52219865414859 9.223379522905368 56.47780134585141 18.77662047709463
41.49747755266336 19.17423356869258 50.50252244733664 14.825766431307422
50.94750162766202 22.277346802206164 41.05249837233798 23.722653197793836
55.999445848783935 71.0744392710676 46.000554151216065 70.9255607289324
96.97980685337114 6.973262910350472 89.02019314662886 13.026737089649528
