49.11939391313042 10.90760561146143 42.88060608686958 3.0923943885385707
63.172217467666194 14.503495450554588 58.827782532333806 5.496504549445413
72.75667862535138 53.80537336679956 79.24332137464862 46.19462663320044
2.397516528015321 6.953751747307691 11.60248347198468 3.046248252692309
7.775951115527875 80.15214435771624 10.224048884472126 89.84785564228376
46.94988947412955 94.29388797354706 37.05011052587045 95.70611202645294
85.50650438594353 75.43567299601189 78.49349561405647 82.56432700398811
42.399292015989765 72.53086437078558 49.600707984010235 79.46913562921442
11.293667970327501 21.795744186521386 16.7063320296725 30.204255813478614
96.99226418921872 82.7219743446291 87.00773581078128 83.2780256553709
84.9927372740863 16.00965929303001 77.0072627259137 9.990340706969992
51.9989204782998 90.10389442542731 42.0010795217002 89.89610557457269
51.86570504781254 51.13036192705843 54.13429495218746 60.86963807294157
95.42165651729607 36.35414390332732 88.57834348270393 43.64585609667268
71.99678700278433 3.1792195547522324 62.00321299721567 2.8207804452477676
31.89771459373022 44.993823197265 22.10228540626978 47.006176802735
83.64645530162154 88.29139676482131 90.35354469837846 95.70860323517869
35.8007209522045 17.664483256727557 32.1992790477955 8.335516743272441
93.359313847763 2.2966217486965075 86.640686152237 9.703378251303493
27.11162858460147 34.94936928223349 36.88837141539853 37.05063071776651
66.51276853031405 30.847113520919606 57.48723146968595 35.152886479080394
4.741321388132413 70.05526111917955 3.2586786118675866 79.94473888082045
47.68806921058212 60.009739567656496 48.31193078941788 69.9902604323435
21.05924677245641 86.91933479414442 12.940753227543588 81.08066520585558
33.357438421610944 79.5479130517315 24.642561578389053 84.4520869482685
32.91241824948463 87.08395555980141 31.08758175051537 96.91604444019859
23.036474112536602 39.39716439680398 32.9635258874634 40.60283560319602
33.81291832974351 21.34024387658753 30.18708167025649 30.65975612341247
10.418305601460947 74.96604788808045 11.581694398539053 65.03395211191955
96.28534533179243 62.9918511638093 95.71465466820757 53.0081488361907
3.4853204090824708 93.97343994823432 4.514679590917529 84.02656005176568
76.05903929458167 43.04496794017984 69.94096070541833 50.95503205982016
59.934811114724894 75.80476037550791 50.065188885275106 74.19523962449209
64.44259050277769 49.03116767716938 65.55740949722231 58.96883232283062
77.39605378685005 67.73575300721247 80.60394621314995 58.264246992787534
61.99806812298722 95.13897855222652 52.00193187701278 94.86102144777348
82.4121257256992 50.34522257421581 75.5878742743008 57.65477742578419
47.35168185185857 46.01238334722151 46.64831814814143 55.98761665277849
64.86410943646568 80.84222653766574 55.13589056353432 83.15777346233426
78.66868031402419 75.72858004471273 85.33131968597581 68.27141995528727
73.48885807733447 12.026195225494494 74.51114192266553 21.973804774505506
17.95351275402775 77.93699522781088 26.04648724597225 72.06300477218912
74.67564894640003 89.26520548457766 81.32435105359997 96.73479451542234
14.39175416387906 12.05987878887065 23.60824583612094 15.94012121112935
59.7880754391037 52.06249687571932 58.2119245608963 61.93750312428068
88.96325051239761 34.972699862094295 83.03674948760239 43.027300137905705
43.31238623552918 79.74541018136557 36.68761376447082 72.25458981863443
10.893168489036093 56.922062274378305 5.106831510963907 65.0779377256217
8.65923996818793 37.98837474541753 9.34076003181207 28.011625254582466
24.42160092333866 79.49214261566581 31.57839907666134 72.50785738433419
11.771807308809997 52.33122002290046 20.228192691190003 57.66877997709954
28.34957104615489 22.957513709108625 29.65042895384511 13.042486290891375
65.2299664009827 20.71566648126584 72.7700335990173 27.28433351873416
68.16781784231036 17.997182923588277 67.83218215768964 8.002817076411722
93.86449046453912 25.998163379262344 94.13550953546088 16.001836620737656
78.1024321139826 34.13192665525326 85.8975678860174 27.86807334474674
51.497757449449196 5.671168492743913 56.502242550550804 14.328831507256087
2.3545258910489206 20.958161269530653 3.6454741089510794 11.041838730469347
14.346824011799168 75.95715252220847 15.653175988200832 66.04284747779153
40.025594311732405 26.09586566714657 41.974405688267595 35.90413433285343
53.17388315909824 69.69286716896697 62.82611684090176 72.30713283103303
38.102445516998095 21.00695585108183 47.897554483001905 18.99304414891817
74.20731317058116 80.70157655539396 65.79268682941884 75.29842344460604
24.200104881978714 65.71276961432012 15.799895118021286 60.28723038567988
36.74429039487637 2.4214853028610186 27.255709605123627 5.578514697138981
90.93298428866086 57.00044913072847 91.06701571133914 66.99955086927153
34.3030597088378 64.28572117167097 43.6969402911622 67.71427882832903
56.51796866184881 41.5530123127073 49.48203133815119 34.4469876872927
48.445306551140554 39.4837300324583 55.554693448859446 46.5162699675417
93.62003715985361 77.80579884720689 96.37996284014639 68.19420115279311
25.836366776197597 59.49237409794708 30.163633223802403 68.50762590205292
45.42240601609065 15.374008355411295 40.57759398390935 6.625991644588705
35.46529945526475 47.536367070744824 42.53470054473525 40.463632929255176
13.969391213780677 7.958748521326474 22.030608786219325 2.0412514786735256
3.4617330254576997 51.0986025988211 12.5382669745423 46.9013974011789
3.170344451407289 29.00290256570129 2.829655548592711 38.99709743429871
87.3444816436551 51.823773240766435 96.6555183563449 48.176226759233565
24.91614276798409 93.91188830719432 15.083857232015909 92.08811169280568
21.75580874768927 20.157274721019842 24.24419125231073 29.842725278980158
75.0357438195255 38.04825952645534 66.9642561804745 43.95174047354466
40.80406027550544 53.6139968003967 31.195939724494558 56.3860031996033
88.99355096392289 21.25386762437297 79.00644903607711 20.74613237562703
72.8922375155984 33.86145143065008 65.1077624844016 40.13854856934992
52.55632384393262 21.707895678639773 61.44367615606738 26.292104321360227
47.933774381937866 85.8110920713049 38.066225618062134 84.1889079286951
46.1058212879257 27.97676262075765 55.8941787120743 30.02323737924235
12.704107951510458 38.558380641680266 21.29589204848954 33.441619358319734
32.8656915140745 50.848893536694604 23.134308485925505 53.151106463305396
74.7028338616275 95.69804407184556 65.2971661383725 92.30195592815444
86.95998238199958 2.368672216472472 77.04001761800042 3.631327783527528
