64.7965684021708 10.411712280635305 55.20343159782919 7.588287719364695
55.803691137071 53.99614479677436 56.196308862929 44.00385520322564
74.38174724439492 41.682904502566885 67.61825275560508 34.317095497433115
9.027401437534415 19.52274614925907 18.972598562465585 18.47725385074093
2.9851130252186318 48.00002216225093 3.0148869747813682 57.99997783774907
24.446087125535954 75.98006087075561 23.553912874464046 66.01993912924439
91.02809391386886 64.97908291366053 96.97190608613114 73.02091708633947
55.57023885039896 70.71119221089359 50.42976114960104 79.28880778910641
21.034862030287215 34.58941067322912 30.965137969712785 33.41058932677088
86.43935478875326 65.24980142261268 89.56064521124674 74.75019857738732
83.88526941184632 36.147170411237894 76.11473058815368 29.85282958876211
68.98314400941193 77.02234409031895 61.01685599058808 70.97765590968105
77.9700223702709 81.89276466655178 80.0299776297291 72.10723533344822
83.90506302574786 26.969719914945166 74.09493697425214 25.030280085054834
52.92321607397267 3.872893744379656 43.07678392602733 2.127106255620344
8.59820434829837 36.01617012185672 9.40179565170163 45.98382987814328
71.4569579214409 81.4719902452573 78.5430420785591 88.5280097547427
5.313559675517415 78.95265582096356 6.686440324482585 69.04734417903644
82.94874417991387 21.714094560803108 73.05125582008613 20.285905439196892
18.2290126328313 66.05979975308021 19.7709873671687 75.94020024691979
51.652994547225745 56.95717642628275 50.347005452774255 47.04282357371725
35.51391597810863 91.84952039242972 26.486084021891372 96.15047960757028
10.137618273925902 23.824782306346716 17.862381726074098 30.175217693653284
82.99435448125526 96.23753592478944 73.00564551874474 95.76246407521056
33.86543871082806 82.82850452107654 26.134561289171945 89.17149547892346
51.168667906686046 85.34744986442936 54.831332093313954 94.65255013557064
30.803078218394432 16.28230841354565 39.19692178160557 21.71769158645435
44.132508986137736 18.81467040334936 35.867491013862264 13.185329596650641
12.48846937182999 67.7733069175493 9.51153062817001 58.226693082450694
54.14284208989871 25.813401063399937 63.85715791010129 28.186598936600063
19.01162767831822 59.659204489056656 28.98837232168178 60.340795510943344
65.59837003384601 54.20047570711647 68.40162996615399 63.79952429288353
83.10883957303548 55.150888320360615 74.89116042696452 60.849111679639385
79.17370298107164 40.8636264555385 72.82629701892836 33.1363735444615
87.38528394086441 51.40193354570784 78.61471605913559 46.59806645429216
68.99116174376653 86.70283935731419 59.00883825623347 87.29716064268581
50.4121257256992 70.34522257421581 43.5878742743008 77.65477742578419
29.351681851858572 71.01238334722152 28.648318148141428 80.98761665277848
82.9948077019195 68.22780698155609 73.0051922980805 67.77219301844391
89.41659471060679 81.01738534029627 88.58340528939321 90.98261465970373
68.57574078918944 20.01803210347132 69.42425921081056 29.98196789652868
20.972359455862705 88.52501565852148 11.027640544137295 87.47498434147852
93.23488157801866 77.32192807276522 96.76511842198134 86.67807192723478
3.0603832756927893 22.910918489590536 4.939616724307211 13.089081510409464
78.92507318736904 3.1376461868475753 69.07492681263096 4.862353813152424
92.16996208435151 35.133303686119916 85.83003791564849 42.866696313880084
47.4191626985785 92.79436932609111 44.5808373014215 83.20563067390889
40.29256826983655 85.00856695852936 39.70743173016345 94.99143304147064
24.701207373619116 84.70254199073892 15.298792626380884 81.29745800926108
34.22585480449547 74.15982192338315 39.77414519550453 65.84017807661685
38.341409087142985 60.51964374775067 29.658590912857015 65.48035625224932
10.004662508691887 12.78412191419328 19.995337491308113 13.21587808580672
61.53056104428754 34.399584283366046 68.46943895571246 41.600415716633954
56.08357134106174 33.064064560414806 49.91642865893826 40.935935439585194
91.60309251573574 11.984221548941722 92.39690748426426 2.015778451058279
73.93552981475382 55.91169868433587 72.06447018524618 46.08830131566413
32.287169805897726 22.57297008443527 23.712830194102274 17.42702991556473
24.944007287324347 40.25381507460701 15.055992712675652 41.74618492539299
19.88136102185961 96.0827347663531 10.118638978140389 93.9172652336469
52.13354882119115 63.18685689257918 43.86645117880885 68.81314310742083
22.013139816163157 28.637749386663366 31.986860183836843 29.362250613336634
81.87352936273669 10.176484446686406 90.12647063726331 15.823515553313594
43.59709413484032 23.200848498588467 46.40290586515968 32.79915150141153
26.8544685821779 55.197553666708785 17.1455314178221 52.802446333291215
49.91472898662424 11.919477562551403 40.08527101337576 10.080522437448597
87.03977763175114 58.37056052115904 96.96022236824886 59.62943947884096
38.72692364370604 48.80907081407989 33.27307635629396 57.19092918592011
62.112036789658035 41.00125538182204 61.887963210341965 50.99874461817796
47.51218073281706 21.2264904076561 50.48781926718294 30.7735095923439
92.53637458014089 53.78098322841047 95.46362541985911 44.21901677158953
31.67564604973859 48.821419564239044 34.32435395026141 39.178580435760956
39.37400835541134 5.577593983909427 30.625991644588662 10.422406016090573
37.959288914066605 26.109507137760517 40.040711085933395 35.89049286223948
2.4818649384731297 9.55284754652593 9.51813506152687 2.4471524534740694
10.116031610506825 82.92123966967438 11.883968389493175 73.07876033032562
16.000835774307923 46.091416872406306 25.999164225692077 45.908583127593694
55.488767758270164 84.55966966790977 62.511232241729836 77.44033033209023
84.4207697363769 74.20610665990621 81.5792302636231 83.79389334009379
27.255861750829396 5.578971903726117 36.744138249170604 2.421028096273883
60.03175727082711 58.40369490143898 63.96824272917289 67.59630509856102
4.709980199978028 28.431784643878274 13.290019800021973 33.568215356121726
96.3565854436358 27.987268472960633 95.6434145563642 18.012731527039367
43.40093150155512 43.036018036478076 44.59906849844488 52.963981963521924
85.8661902055224 18.148996468087642 76.1338097944776 15.851003531912356
4.839377200095477 93.92904107468785 3.1606227999045235 84.07095892531215
51.24989821506147 17.560939791511444 60.75010178493853 14.439060208488554
61.9434326827771 18.9230568931923 70.0565673172229 13.0769431068077
19.570266803279853 5.361740773485786 26.429733196720147 12.638259226514215
69.96427733871218 92.59661587671522 60.035722661287814 91.40338412328478
88.28220474229944 22.05179123641468 89.71779525770056 31.94820876358532
