94.3125657104442 16.5301733128584 85.6874342895558 11.469826687141603
53.1329432348205 61.814032732174844 44.8670567651795 56.185967267825156
79.8613975528411 34.17641447845095 72.1386024471589 27.82358552154905
33.759814846350395 35.649684861029606 42.240185153649605 30.350315138970394
9.375879974344402 56.03910550469216 10.624120025655598 65.96089449530784
30.715903647307364 80.83229723392523 33.284096352692636 71.16770276607477
95.0915225379075 87.08322578300874 96.9084774620925 96.91677421699126
63.11912791466537 62.12685392065693 60.88087208533463 71.87314607934307
36.051494296347556 25.284254723439105 45.948505703652444 26.715745276560895
73.79344301447682 82.51322986217939 78.20655698552318 91.48677013782061
91.46115896194213 35.781737601326135 88.53884103805787 26.218262398673865
86.90493456607594 71.97036946701422 77.09506543392406 70.02963053298578
74.04262550765993 93.56373542566361 69.95737449234007 84.43626457433639
66.96075878053077 26.625197825801457 57.03924121946923 25.374802174198543
70.78014018043027 6.4663764371525225 61.219859819569734 3.533623562847478
17.529475651407473 32.68702504888601 12.470524348592527 41.31297495111399
59.6217580826896 86.58525410995149 68.3782419173104 91.41474589004851
20.048865146202477 59.88875054641589 17.951134853797523 50.11124945358411
96.92080799790004 21.886368234879278 87.07919200209996 20.113631765120722
25.135784546377295 58.13070914154735 22.864215453622705 67.86929085845264
56.58027490372275 65.794202817049 59.41972509627725 56.205797182951
29.568300896906674 86.03240157716276 28.431699103093326 95.96759842283724
26.08039376508539 24.383170795570084 29.91960623491461 33.61682920442991
88.96561881625344 96.5853458564557 79.03438118374656 95.4146541435443
18.797357101518557 87.59097024853644 9.202642898481445 90.40902975146356
41.42128649753551 87.20625984309504 38.57871350246449 96.79374015690496
22.62372512712274 16.581691037724266 31.37627487287726 21.418308962275734
53.97953705912783 18.027091804856312 46.02046294087217 11.972908195143686
16.9813689440737 65.90274565887398 15.0186310559263 56.09725434112602
30.06532142820493 13.805572711222611 39.934678571795075 12.194427288777389
38.074577334885824 67.13964450953134 47.925422665114176 68.86035549046866
66.94404592135261 42.44225353639618 71.05595407864739 51.55774646360382
87.0825951208239 67.88659264175341 78.9174048791761 62.11340735824659
87.14473460299031 36.516648478987044 82.85526539700969 27.483351521012956
94.81320688113259 54.353897898446526 85.18679311886741 51.646102101553474
71.9806186677915 62.985537102274726 66.0193813322085 71.01446289772528
47.38099205298039 74.19449680578558 44.61900794701961 83.80550319421442
25.956898035295016 82.09241952179605 24.043101964704984 91.90758047820395
59.356556470333686 78.54634645461229 50.643443529666314 83.45365354538771
85.9745852031481 77.50348987737598 76.0254147968519 76.49651012262402
51.14573715806088 10.198387358648755 60.85426284193912 7.8016126413512445
22.717320567660487 74.65612084589644 15.282679432339513 81.34387915410356
82.61097410932446 81.32379223759989 89.38902589067554 88.67620776240011
9.15800783132211 25.876465727606558 2.8419921686778915 18.123534272393442
85.97323071774323 2.4833025758772638 76.02676928225677 3.5166974241227362
83.0150443282604 39.988760835134656 88.9849556717396 48.011239164865344
52.04267945859411 77.9998178430633 51.95732054140589 68.0001821569367
35.898690177733414 84.08142744645914 34.101309822266586 93.91857255354086
16.701207373619116 74.70254199073892 7.298792626380883 71.29745800926108
35.87385889507125 79.90220986007606 42.12614110492875 72.09779013992394
29.318756068455002 45.51959243156172 20.681243931544998 40.48040756843828
16.015239569865845 11.609918656984537 25.984760430134155 12.390081343015463
59.80956522842099 17.27231665599879 68.190434771579 22.72768334400121
57.65526193159548 39.763305052919215 52.34473806840452 48.236694947080785
96.41564019813437 11.795410600712529 93.58435980186563 2.204589399287471
85.03397364083348 56.9541592145754 76.96602635916652 51.0458407854246
23.725366850446576 33.19194173748716 18.274633149553424 24.808058262512834
12.355328220354817 50.455833075145975 3.644671779645182 45.544166924854025
19.89951389413875 96.99737836408323 10.10048610586125 95.00262163591677
74.70551961823931 59.69058721229194 65.29448038176069 56.30941278770806
6.7964171148591745 14.161112570283835 13.203582885140825 21.838887429716166
55.070286722457254 13.835420254254544 64.92971327754275 12.164579745745456
42.93528342872034 41.114677224292905 45.06471657127966 50.885322775707095
39.37910687995793 44.41317693796065 30.62089312004207 39.58682306203935
39.84284516094735 6.756275453692074 30.15715483905265 9.243724546307925
93.05935613628928 63.11351204068748 90.94064386371072 72.88648795931252
34.375252741559244 48.579842268058066 25.62474725844076 53.420157731941934
60.87269405559036 30.098723602452637 67.12730594440964 37.90127639754736
50.10990420403009 23.919884034721925 55.89009579596991 32.080115965278075
96.17265086396804 82.997018278851 95.82734913603196 73.002981721149
29.094615832696835 68.12217464370232 36.90538416730317 61.87782535629767
31.99927088663126 3.914614977419323 22.00072911336874 4.0853850225806765
48.47618574179807 33.027513838842346 49.52381425820193 42.972486161157654
2.0012501401179046 3.111802675856753 11.998749859882096 2.888197324143247
2.944821312541662 90.88739173154083 5.055178687458338 81.11260826845917
16.716569789822763 42.229179657568466 23.283430210177237 49.770820342431534
42.82539966772497 96.75185611283898 51.17460033227503 91.24814388716102
70.68710761065965 73.78343117111378 65.31289238934035 82.21656882888622
6.41153109820892 9.986442331731823 15.58846890179108 6.013557668268178
71.11914253224167 33.913355869364075 76.88085746775833 42.086644130635925
5.959701022274931 33.94550236302634 14.040298977725069 28.054497636973657
95.65902155990828 41.98835982096246 96.34097844009172 32.01164017903754
37.73927793003625 54.54027627286411 42.26072206996375 63.45972372713589
76.27296246937786 21.596496049542193 67.72703753062214 16.403503950457807
2.1029252261628315 74.91886743571577 3.8970747738371685 65.08113256428423
47.152583568687575 5.2257870701888995 56.847416431312425 2.7742129298111005
75.26039805909 16.18265241268769 80.73960194091 7.817347587312309
35.122133575625966 18.90162886692862 44.877866424374034 21.09837113307138
64.99738526455224 95.16168029452024 55.002614735447764 94.83831970547976
84.48079112565235 15.658839395866055 79.51920887434765 24.341160604133947
