89.99850732165241 8.12216609753632 80.00149267834759 7.877833902463679
76.45755820574571 50.61182658136856 69.54244179425429 43.38817341863144
30.12354653250854 7.827784290612842 21.87645346749146 2.1722157093871584
45.609243090135855 10.037256519109444 44.390756909864145 19.962743480890556
22.0200742729899 86.42623787986254 17.9799257270101 95.57376212013746
38.1985027229482 61.335816517248176 41.8014972770518 70.66418348275182
57.17094410609978 88.24260534855972 48.82905589390022 93.75739465144028
76.3619206120582 57.132322407065544 85.6380793879418 60.867677592934456
6.604721874497099 42.329565904353885 13.395278125502902 49.670434095646115
53.13386343689672 74.1039892250044 46.86613656310328 81.8960107749956
36.0084908740835 50.99361774091566 29.991509125916497 43.00638225908434
62.56093577620681 60.048869162566696 53.43906422379319 55.951130837433304
93.77865146329273 84.52877935292824 84.22134853670727 87.47122064707176
75.84100053109076 35.875657667471565 82.15899946890924 28.12434233252844
86.96215270625817 13.614036252818046 77.03784729374183 12.385963747181954
15.434853616946338 25.3665745321872 8.565146383053662 32.6334254678128
54.42795964341831 78.97603187332696 63.57204035658169 83.02396812667304
17.416657027968746 50.719072636816094 22.583342972031254 59.280927363183906
50.80120058733371 26.395877115002033 41.19879941266629 23.604122884997967
26.88627977049305 22.125615192623073 29.11372022950695 31.874384807376927
64.9450250980629 44.26059024923393 55.05497490193709 45.73940975076607
2.4316991030934814 89.96759842283726 3.5683008969065186 80.03240157716274
31.015943551408437 56.398975334140935 40.98405644859156 55.601024665859065
72.26201251133095 79.21063667934568 65.73798748866905 86.78936332065432
49.4925405753682 64.77203548089068 46.5074594246318 55.22796451910932
71.08774481663907 64.88643943687207 78.91225518336093 71.11356056312793
56.659224493004345 9.720110080610237 63.340775506995655 2.2798899193897633
57.08760234357428 40.93185259839906 66.91239765642572 39.06814740160094
27.640471474860732 88.4483690568411 36.35952852513927 83.5516309431589
24.128147489297145 36.09939834317782 17.871852510702855 43.90060165682218
40.33497291377779 35.79931161414946 49.66502708622221 32.20068838585054
82.93007698789717 37.087265853256035 81.06992301210283 46.912734146743965
89.24150085533921 31.702473020643474 96.75849914466079 38.297526979356526
64.8243528480802 18.859820343817542 67.1756471519198 9.140179656182458
77.9555486293059 76.05837130531862 70.0444513706941 69.94162869468138
88.31908823899978 55.6160838355937 95.68091176100022 62.3839161644063
54.4273117661605 65.7126610524168 59.5726882338395 74.2873389475832
59.192891158697435 53.37539252138096 68.80710884130256 50.62460747861904
27.963909768763862 59.027323810352456 34.03609023123614 66.97267618964754
71.9792825461743 94.89470488175289 74.0207174538257 85.10529511824711
24.765952236677872 16.289012579948718 17.234047763322128 9.710987420051282
4.278806601517816 72.80534787043585 9.721193398482184 81.19465212956415
42.15350680148692 60.353446129888844 45.84649319851308 69.64655387011115
13.979671305288125 59.549584978836116 4.020328694711875 60.450415021163884
58.729535506306235 35.37781200393154 49.270464493693765 38.62218799606846
94.10210026168153 79.91871691195252 95.89789973831847 70.08128308804748
87.31296937360614 96.3772481638212 94.68703062639386 89.6227518361788
14.938094365502106 38.555057096725115 19.061905634497894 29.444942903274885
34.36919429576181 89.5689218017755 25.630805704238192 94.4310781982245
39.021385052598674 6.461945024339617 48.978614947401326 5.538054975660383
21.8000151332324 72.3999481135885 12.199984866767602 69.6000518864115
12.511969835783443 16.84544013752685 3.488030164216556 21.15455986247315
33.92591291588477 11.056652614937919 40.07408708411523 18.943347385062083
33.0008826346816 29.90605550696287 42.9991173653184 30.09394449303713
59.46629554310272 25.689507948609712 64.53370445689728 34.310492051390284
93.06371417803588 41.39014130198541 96.93628582196412 50.60985869801459
64.17104182193911 56.29659666609894 73.82895817806089 53.70340333390106
4.697661714873675 95.438382410388 9.302338285126325 86.561617589612
40.503004697707475 80.76875003315011 37.496995302292525 71.23124996684989
89.18880373368104 17.33957425926855 92.81119626631896 26.66042574073145
66.33560658819984 71.72474545288102 59.66439341180016 64.27525454711898
76.05340500791654 22.271166696497215 85.94659499208346 23.728833303502785
74.60348700829783 6.26409149009189 71.39651299170217 15.73590850990811
80.69842348329668 80.29730314910833 77.30157651670332 89.70269685089167
2.378944821876022 48.55210797776648 9.621055178123978 55.44789202223352
86.44248261821485 79.78740471405416 83.55751738178515 70.21259528594584
25.891660647079185 75.96479175340569 16.108339352920815 78.03520824659431
42.15457567649997 49.76636183374773 51.84542432350003 52.23363816625227
21.494185789636514 46.832596414673425 30.505814210363486 51.167403585326575
90.53684020920669 47.465772880170434 83.46315979079331 54.534227119829566
82.92230334165404 64.10649175523652 91.07769665834596 69.89350824476348
25.772316022493207 11.28171172201963 18.227683977506793 4.7182882779803705
25.285064487240813 41.34652866953813 32.71493551275919 34.65347133046187
3.044882030368443 33.94107178144083 10.955117969631557 40.05892821855917
12.859685274449566 95.86823195079002 15.140314725550434 86.13176804920998
6.110127663125877 66.04362279060645 15.889872336874124 63.956377209393544
27.454228395656415 82.3033762255371 32.545771604343585 73.6966237744629
64.55010604400142 90.9271915215482 55.44989395599857 95.0728084784518
3.6021214645243465 26.378794734146375 12.397878535475654 21.621205265853625
42.29224646001809 45.763125462497676 35.70775353998191 38.236874537502324
50.37985158150621 14.730234571567468 53.62014841849379 5.269765428432533
54.99717593879443 21.997880395590254 61.00282406120557 14.002119604409746
32.368230834064654 23.809152148218512 29.631769165935346 14.190847851781488
75.01050510694301 18.323945538876885 84.98949489305699 17.676054461123115
69.54783997369347 35.383013526045296 76.45216002630653 42.616986473954704
7.88152950286325 11.086170300431526 2.11847049713675 2.913829699568474
84.07259764446985 3.8489440657169123 93.92740235553015 2.1510559342830877
22.19111105653341 21.065863938120728 23.80888894346659 30.934136061879272
49.85456518305863 88.19716201219171 40.14543481694137 85.80283798780829
75.94185859725043 27.7602852127866 66.05814140274957 26.2397147872134
