94.8338385981895 29.929981053936146 93.1661614018105 20.070018946063854
47.58150288457334 51.488959313003356 40.41849711542666 44.511040686996644
70.91817540509832 45.61742386134042 67.08182459490168 36.38257613865958
34.075979365746285 39.86834370697531 43.924020634253715 38.13165629302469
2.358090531847086 57.27727480172837 5.641909468152914 66.72272519827163
24.299627567008443 70.70199251266123 27.700372432991557 61.29800748733876
95.263668903404 64.05451554282234 96.736331096596 73.94548445717766
61.94837582665074 66.09076550861292 60.05162417334926 75.90923449138708
31.088072066986086 26.934325414873033 40.911927933013914 25.065674585126967
86.0708943469911 73.00050262610682 85.9291056530089 82.99949737389318
91.42340828265296 35.373453131744874 86.57659171734704 26.626546868255122
75.27724491299224 70.58943545088152 66.72275508700776 65.41056454911848
80.35855067219123 88.98712757160584 79.64144932780877 79.01287242839416
62.098603817125266 34.538266411169275 57.901396182874734 25.461733588830725
86.82840404782044 6.298658673782757 77.17159595217956 3.7013413262172423
5.242671043276623 41.15688440379524 2.757328956723377 50.84311559620476
58.24144348088829 92.46502773496734 67.7585565191117 95.53497226503266
15.416945576312395 52.65027162393693 8.583054423687605 45.34972837606307
85.89729111541959 17.86772894505097 78.10270888458041 24.13227105494903
14.620583109155852 69.0386618131163 13.379416890844148 78.9613381868837
48.648402116166984 71.46243697531936 57.351597883833016 66.53756302468064
28.999093070633688 87.10083547569468 27.000906929366312 96.89916452430532
23.911260875074237 37.11997468061324 26.088739124925763 46.88002531938676
96.95489067397807 94.05922208361558 89.04510932602193 87.94077791638442
52.94336380260631 92.7504360832754 43.05663619739369 91.2495639167246
57.97512812928741 79.98146636018525 52.02487187071259 88.01853363981475
24.090616698058895 33.05239481078783 33.909383301941105 34.94760518921217
39.5219424018254 13.13355030748598 30.478057598174598 8.86644969251402
9.418305601460947 74.96604788808045 10.581694398539053 65.03395211191955
18.017016793899167 2.5878369646401502 27.982983206100833 3.4121630353598498
43.959625970895964 66.94539941348225 52.040374029104036 61.05460058651775
59.293245858865305 52.31285286506736 68.7067541411347 55.68714713493264
80.0825951208239 68.88659264175341 71.9174048791761 63.11340735824659
75.99467430462403 40.89788936647377 78.00532569537597 31.10211063352623
91.00832211914707 56.98887165819417 82.99167788085293 51.01112834180583
55.91774360858489 76.09678474314123 46.08225639141511 77.90321525685877
40.54786043281522 79.24562011609031 37.45213956718478 88.75437988390969
28.206445654304453 75.85318747498208 33.79355434569555 84.14681252501792
51.43953384765851 81.6998827822273 42.56046615234149 86.3001172177727
80.96034748543826 74.37154727806602 71.03965251456174 75.62845272193398
63.27654909469299 9.337051596210102 70.723450905307 2.6629484037898967
23.887231222107253 78.85525304263211 16.112768777892747 85.14474695736789
90.99246924378494 77.42071836825353 95.00753075621506 86.57928163174647
10.641727291724475 31.722788530053723 7.358272708275525 22.277211469946277
96.88949176615262 16.04540435656531 87.11050823384738 13.954595643434688
79.82313458781248 43.25158312323775 88.17686541218752 48.74841687676225
34.02292773322968 73.47827988808413 43.97707226677032 72.52172011191587
32.82068659558831 60.34327364765278 29.179313404411687 69.65672635234722
19.695706681128936 88.28234498085294 10.304293318871064 91.71765501914706
34.675871655258376 67.42701111780494 39.324128344741624 58.57298888219506
18.80286508831569 28.996112271216013 19.19713491168431 19.003887728783987
13.000171496778336 11.95858818559611 22.999828503221664 12.04141181440389
47.12935671900019 12.870029190973751 56.87064328099981 15.129970809026249
51.35061689340466 53.28875136461712 44.64938310659534 60.71124863538288
96.68325953159446 9.381360557958665 89.31674046840554 2.618639442041334
83.52353833506898 64.13016453147672 74.47646166493102 59.86983546852328
14.712534161037382 25.697576688813072 11.287465838962618 16.302423311186928
15.971156560998072 64.03807761060213 8.028843439001928 57.96192238939787
19.931518710176377 94.17530417050871 10.068481289823623 95.82469582949129
67.99201869587333 59.71760074353632 58.00798130412668 60.28239925646368
25.050556882330277 19.290766029471364 34.94944311766972 20.709233970528636
72.06687829333096 12.184947715057051 81.93312170666904 13.815052284942949
43.103131468526925 17.373782346851026 46.896868531473075 26.626217653148974
47.70269685089169 34.69842348329661 38.29730314910831 31.301576516703395
45.999728813124065 3.0520749000672613 36.000271186875935 2.9479250999327387
90.06583951029748 61.08804069851156 91.93416048970252 70.91195930148844
37.807532330723646 53.62608847117187 28.19246766927635 56.37391152882813
50.021784226028906 41.97117196663007 57.978215773971094 48.02882803336993
60.57018802648232 40.361815036819216 67.42981197351767 47.638184963180784
92.70412008961544 46.829150573119634 95.29587991038456 37.170849426880366
19.794172570094904 72.99576171060016 20.205827429905096 63.00423828939984
60.9084937749915 5.047797888644579 51.0915062250085 6.952202111355421
50.27581660122724 29.807289085823957 55.72418339877276 38.19271091417604
5.005627883117364 4.762835166803234 14.994372116882637 5.237164833196766
4.85250452454724 95.92678759798171 3.14749547545276 86.07321240201829
16.46152893057949 47.46740569964876 23.53847106942051 54.53259430035124
32.56928601072852 91.68293859699965 41.43071398927148 96.31706140300035
71.11313881395752 80.08740920552236 64.88686118604248 87.91259079447764
3.455452187411471 18.30409995579226 8.54454781258853 9.69590004420774
76.19421692339452 45.14470948965171 73.80578307660548 54.85529051034829
4.541280825536675 34.737297340949745 13.458719174463326 39.262702659050255
84.78989761640952 39.93721194153042 83.21010238359048 30.062788058469582
35.53416370388791 45.39611615495837 42.46583629611209 52.60388384504163
66.24774441094597 30.46627865936074 61.75225558905404 21.53372134063926
2.4270814619554453 81.74614867789408 5.572918538044554 72.25385132210592
36.1058212879257 6.97676262075765 45.8941787120743 9.02323737924235
70.70410795151045 22.558380641680266 79.29589204848955 17.441619358319734
28.14204571774222 14.816665646787312 37.85795428225778 17.18333435321269
83.97983938393511 94.55144709318877 74.02016061606489 95.44855290681123
73.84641674246103 26.072162878292175 72.15358325753897 35.927837121707825
