96.40098943009295 29.983894809980818 95.59901056990705 20.016105190019182
69.92657859242442 43.095477436117775 62.07342140757558 36.904522563882225
63.743250317805106 14.581637260133242 54.256749682194894 11.418362739866758
33.30150118848986 44.289997392330115 42.69849881151014 47.710002607669885
4.0490429495889275 70.96368330199064 9.950957050411073 79.03631669800936
11.929854123638666 89.94641664017644 18.070145876361334 82.05358335982356
96.22084030048792 56.00487942471051 95.77915969951208 65.99512057528949
68.28851651770442 68.16887951054801 65.71148348229558 77.83112048945199
20.72454044207235 38.40761778116631 29.27545955792765 43.59238221883369
93.52249487880846 79.22328788633303 96.47750512119154 88.77671211366697
84.57456332095533 30.28621321289451 79.42543667904467 21.71378678710549
71.08619587331624 57.88149323873808 62.91380412668375 52.11850676126192
87.97526687807482 78.57170162904133 92.02473312192518 69.42829837095867
61.1932570537492 32.66215400069249 64.80674294625081 23.33784599930751
94.7567405719585 14.459409486241093 85.2432594280415 17.540590513758907
4.034102696816069 28.0001163007456 3.965897303183931 37.9998836992544
47.019964183413975 95.44636673881504 56.980035816586025 94.55363326118496
12.94590559491399 48.07080266966578 5.05409440508601 41.92919733033422
74.95386935969196 6.322372988211715 65.04613064030804 7.677627011788285
22.740141608559437 76.53983856226755 27.259858391440563 85.46016143773245
61.4968207586256 67.76869501732928 64.5031792413744 58.23130498267072
25.045631274412393 89.03463366883699 18.954368725587607 96.96536633116301
20.075655070758152 57.11707401563854 17.924344929241848 66.88292598436145
82.97507822224945 96.4985947076527 73.02492177775055 95.5014052923473
51.61497785130399 86.9240528662107 42.38502214869601 83.0759471337893
66.94526566225724 82.26220088797866 57.05473433774276 83.73779911202134
31.074826430010702 39.13821968838987 40.9251735699893 40.86178031161013
40.092589146727576 36.54104290477396 35.907410853272424 27.458957095226037
13.331724710205552 67.9551395678679 14.668275289794448 58.0448604321321
31.406788148583836 13.97545055316758 40.593211851416164 10.02454944683242
52.21067626918643 50.149659398639876 57.78932373081357 41.850340601360124
50.72678406102906 60.59607887763926 59.27321593897094 55.40392112236074
90.18084874456665 65.74235369255234 81.81915125543335 60.25764630744766
91.29659699585285 44.991195269877856 90.70340300414715 35.008804730122144
89.99777161248576 49.14926121207977 80.00222838751424 48.85073878792023
61.05022674324994 72.03816749284339 54.94977325675006 79.96183250715661
31.794564161453906 86.33314458436676 28.205435838546094 95.66685541563324
33.279242983768015 68.80506480876946 38.720757016231985 77.19493519123054
38.303204537558386 83.54606180363653 29.69679546244161 78.45393819636347
77.13161542605634 72.10218204333682 70.86838457394366 79.89781795666318
69.19051735949787 15.367068663494534 78.80948264050213 12.632931336505466
21.537220995925548 71.46615398949197 14.462779004074452 78.53384601050803
76.40872238721236 80.02005811137926 85.59127761278764 83.97994188862074
9.276352618204447 34.99235708162102 8.723647381795553 25.00764291837898
76.93637098220096 27.08301532440017 69.06362901779904 20.91698467559983
81.02502909172982 53.96691472615659 88.97497090827018 60.03308527384341
68.00926790380154 62.30429121573675 77.99073209619846 61.69570878426325
54.67578073180312 72.77623420685863 49.32421926819688 81.22376579314137
20.49303264557189 85.66585784403502 15.50696735442811 94.33414215596498
44.745895856635144 63.37272043029182 53.254104143364856 68.62727956970818
14.1954615799821 29.934847305714243 15.8045384200179 20.065152694285757
22.41381448132943 16.00829159053431 31.58618551867057 19.99170840946569
13.026833791811544 3.5173179541949464 22.973166208188456 2.4826820458050536
63.01441015320834 44.01084828212382 56.98558984679166 51.98915171787618
92.79541060071256 9.584359801865723 83.20458939928744 12.415640198134277
76.44381720004988 54.787002391146274 73.55618279995012 45.212997608853726
26.87000328744274 31.094274188432898 21.12999671255726 22.905725811567102
14.70196207995406 43.991109435607946 15.29803792004594 34.008890564392054
9.857773219733707 95.18081527050934 2.1422267802662938 88.81918472949066
84.97473563855968 68.50200132115785 75.02526436144032 67.49799867884215
28.22077236928877 23.327276058002816 31.77922763071123 32.672723941997184
83.00996701223615 5.31554838143859 92.99003298776385 4.68445161856141
49.029905186835684 22.040293226497788 40.970094813164316 27.959706773502212
47.53499369664515 54.971295781237515 46.46500630335485 45.028704218762485
35.990151468857846 6.313669121616804 26.00984853114215 5.686330878383196
90.19473240689273 82.00379351010132 89.80526759310727 91.99620648989868
46.53238802255926 72.53867699261743 39.46761197744074 65.46132300738257
45.988979053481614 30.422250033841483 50.011020946518386 39.577749966158514
67.42128931563136 35.99116738655299 76.57871068436864 40.00883261344701
96.69403570607913 49.9515971603804 95.30596429392087 40.0484028396196
28.92979463414295 69.88412330668369 31.07020536585705 60.11587669331632
59.697820701980376 7.711864671066198 50.302179298019624 4.288135328933802
53.70476655199581 27.170675998116177 56.29523344800419 36.82932400188382
2.940536326095039 2.0809668244012656 11.059463673904961 7.919033175598734
5.938940953507054 86.60874255939873 2.0610590464929457 77.39125744060127
20.400415585354573 48.5296985661413 27.599584414645427 55.4703014338587
37.3444816436551 94.82377324076643 46.6555183563449 91.17622675923357
74.65235269563338 85.16816638434796 65.34764730436662 88.83183361565204
6.035672175427691 19.99987274797072 5.964327824572309 10.000127252029282
54.79390265656449 17.513003843183416 59.20609734343551 26.486996156816584
15.716370400582164 11.802222987480029 10.283629599417836 20.19777701251997
91.09508329110558 29.999095835023823 90.90491670889442 20.000904164976177
32.27578822058155 53.36237273373824 41.72421177941845 56.63762726626176
81.41097489319255 41.9830813396096 80.58902510680745 32.0169186603904
9.350004092888126 65.81430046311874 6.649995907111875 56.18569953688126
35.24989821506147 22.560939791511444 44.75010178493853 19.439060208488556
41.770171978984735 5.333812663627317 50.229828021015265 10.666187336372683
40.00217462815584 14.85254983027871 49.99782537184416 15.14745016972129
84.99246007102533 90.72551422765872 75.00753992897467 91.27448577234128
86.23955540598443 35.0057419762828 85.76044459401557 44.9942580237172
