95.96508849030936 29.99987811716357 96.03491150969064 20.00012188283643
78.89942854430127 32.8703902754675 71.10057145569873 39.1296097245325
46.968439795055595 13.5608974976838 37.031560204944405 12.4391025023162
31.12706383593692 45.63595838261569 34.87293616406308 36.36404161738431
10.195159348457043 87.14494138739853 7.804840651542956 96.85505861260147
16.097608994343403 80.99904715763147 15.902391005656598 71.00095284236853
91.69369302275717 79.56367853658901 96.30630697724283 88.43632146341099
70.64545732074502 85.01258589160808 71.35454267925498 94.98741410839192
31.20988656847069 34.51486885871853 26.79011343152931 43.48513114128147
73.72197434462916 72.00773581078128 74.27802565537084 81.99226418921872
68.62714909903141 34.7278309836035 65.37285090096859 25.272169016396496
60.62966187994716 61.88844668374941 51.37033812005284 58.11155331625059
90.94684318830986 88.03932113399168 85.05315681169014 79.96067886600832
67.19410449951087 45.855318160970285 64.80589550048913 36.144681839029715
79.19592440174668 21.28076878238962 70.80407559825332 26.71923121761038
8.696698998368213 61.545898758661636 17.303301001631787 56.454101241338364
34.297912024449786 91.29989157105022 43.702087975550214 94.70010842894978
31.29073011805078 69.5670284482358 22.70926988194922 64.4329715517642
46.97933491969431 4.454118660168086 37.02066508030569 3.5458813398319142
14.472481269001038 63.456469048752155 21.527518730998963 70.54353095124785
56.82559972293367 76.93136746729463 55.17440027706633 67.06863253270537
39.76927577364029 84.49866439628981 30.230724226359712 87.50133560371019
27.04190550657249 61.3540131624841 36.95809449342751 62.6459868375159
81.7758907449157 83.8413426959785 76.2241092550843 92.1586573040215
48.744010399177114 92.7945397243056 55.255989600822886 85.2054602756944
69.61356858440523 78.73745859203572 64.38643141559477 87.26254140796428
45.0412259236459 22.055769534487425 36.9587740763541 27.944230465512575
47.54171390836273 34.97895308857312 48.45828609163727 25.02104691142688
4.895654766932856 68.91912619664005 3.1043452330671437 59.08087380335994
31.01058248956555 7.674864787249822 40.98941751043445 8.325135212750178
51.038251278807294 53.61729217372533 60.961748721192706 52.38270782627467
73.3006502761249 45.363749637007075 80.6993497238751 38.636250362992925
81.59353697905048 70.97469441233214 72.40646302094952 67.02530558766786
92.66086719779915 32.716091618201965 89.33913280220085 23.28390838179804
95.4828443094014 47.78547817855242 86.5171556905986 52.21452182144758
76.57192266176737 55.501233288949855 69.42807733823263 62.498766711050145
45.12759884646984 79.1288070412434 42.87240115353016 88.8711929587566
23.128804347052387 74.87241279241724 32.87119565294761 77.12758720758276
34.745374970055494 72.79571019895602 41.254625029944506 65.20428980104398
69.66590502759898 72.23000595553039 64.33409497240102 63.76999404446962
62.00097668154723 3.9011776261898534 71.99902331845277 4.098822373810147
11.089648133850252 71.00080374339063 10.910351866149748 80.99919625660937
40.10339754492948 75.01157520580396 49.89660245507052 72.98842479419604
23.42161736427051 37.33437355279345 14.57838263572949 32.66562644720655
52.75659508237597 30.644525421523532 61.24340491762403 25.355474578476468
86.06636172128445 62.18808046285816 95.93363827871555 63.81191953714184
67.16718326492791 59.120090938983694 72.83281673507209 50.879909061016306
45.507445616732525 52.835991217162295 36.492554383267475 57.164008782837705
29.040353080247414 82.05457184997915 20.959646919752586 87.94542815002085
22.122306949161626 54.900859198372174 31.877693050838374 57.099140801627826
17.641281656215508 28.426524171826088 10.358718343784494 21.573475828173912
22.348726597489026 20.834572357552023 31.651273402510974 17.165427642447977
19.04141765678212 12.600429893481166 22.95858234321788 3.3995701065188326
62.48400509411528 71.02669634376696 63.51599490588472 80.97330365623304
95.2144696419947 13.690398787671658 86.7855303580053 8.309601212328342
78.6604763714428 46.48365349378567 87.3395236285572 41.51634650621433
31.6975766888131 28.2874658389627 22.3024233111869 31.7125341610373
4.4175825456722295 49.00036253571001 13.582417454327771 44.99963746428999
21.246822200937537 96.80238682875627 14.753177799062462 89.19761317124373
84.25144441782933 56.53558536497503 79.74855558217067 65.46441463502497
43.187991029509035 30.003535312561077 42.812008970490965 39.99646468743892
78.77750382541308 9.322216204470786 87.22249617458692 14.677783795529214
56.40259799618022 13.629951290789588 47.59740200381978 18.370048709210412
46.999984571760834 46.98757896326419 37.000015428239166 47.01242103673581
15.9583192213285 16.35574034783766 6.0416807786715 17.64425965216234
87.05843120047136 95.76216651692725 96.94156879952864 94.23783348307275
51.2835444478067 65.5790011561968 42.7164555521933 60.420998843803204
52.941257020747315 40.04473877134867 59.058742979252685 47.95526122865133
63.765296353627136 10.187298553500142 70.23470364637286 17.812701446499858
86.75878065932389 46.64802917360722 95.24121934067611 41.35197082639278
18.751190472846204 48.94324922227325 17.248809527153796 39.05675077772675
55.41561898710176 4.654299899657577 46.58438101289824 9.345700100342423
48.20305861260552 40.855471211889125 53.79694138739448 49.144528788110875
2.9713582876775355 5.021642376761429 9.028641712322464 12.978357623238571
4.593488056578533 90.9646522463007 3.4065119434214672 81.0353477536993
5.273761654272086 54.63176931561145 14.726238345727914 51.36823068438855
24.208574547517003 93.57092962619116 33.791425452483 96.42907037380884
65.9161427679841 95.91188830719432 56.08385723201591 94.08811169280568
6.471304055023622 31.97773768771701 5.528695944976378 22.02226231228299
62.177592077791985 29.499100896183343 57.822407922208015 38.50089910381666
16.286237334679782 2.1682722014919085 13.713762665320218 11.83172779850809
75.38570461692429 17.80414640853448 72.61429538307571 8.195853591465522
23.06318862227308 50.20760273804989 32.93681137772692 51.79239726195011
82.59790147397301 30.79938743209099 85.40209852602699 21.20061256790901
5.383013526045271 43.45216002630651 12.616986473954729 36.54783997369349
21.51336671029964 16.206835228047737 30.48663328970036 11.793164771952261
82.18832928872564 5.3593472574234085 91.81167071127436 2.640652742576592
33.821447186766356 22.74585075832923 42.178552813233644 17.25414924167077
86.33611162006338 89.27570687801321 79.66388837993662 96.72429312198679
95.99880280256977 36.8905900323526 86.00119719743023 37.1094099676474
