96.91846405148581 17.105742983122305 89.08153594851419 10.894257016877694
67.9543308073425 37.3257550508776 58.045669192657506 38.6742449491224
47.945838115404335 5.733951862327269 38.054161884595665 4.266048137672731
41.86779665758056 16.904179895213932 36.13220334241944 25.095820104786068
21.334202990834715 84.57829259249571 16.665797009165285 93.42170740750429
21.33618151079309 64.59758408213435 28.66381848920691 71.40241591786565
76.16791285697667 90.7619743692961 67.83208714302333 85.2380256307039
67.49500070851889 57.672763173839556 72.50499929148111 66.32723682616044
12.308782862890991 28.294706747167737 15.691217137109009 37.70529325283226
48.79344301447682 68.51322986217939 53.20655698552318 77.48677013782061
62.34510937847911 61.71621356302502 55.65489062152089 54.28378643697498
65.52448342623478 68.12815641477003 56.47551657376522 63.871843585229975
73.87404388657907 96.11521127671001 64.12595611342093 93.88478872328999
75.57834348270407 41.6458560966728 82.42165651729593 34.3541439033272
86.92321607397267 22.872893744379656 77.07678392602733 21.127106255620344
24.975054179656794 43.033552437122516 33.024945820343206 48.966447562877484
53.91034584048763 89.87658284351123 62.08965415951237 84.12341715648877
26.19107711361497 52.630963596976954 35.80892288638503 55.369036403023046
66.89453311205624 10.978459195633842 57.10546688794376 13.021540804366158
26.300543196218733 22.29767647092615 29.699456803781267 31.70232352907385
66.58544659095082 52.993409030163534 57.41455340904918 49.006590969836466
2.845369094837742 88.51193591072831 7.154630905162258 79.48806408927169
32.98470513315091 62.97949779866597 41.01529486684909 57.02050220133403
58.48332055523784 80.7864425015415 49.51667944476216 85.2135574984585
39.20658982217304 74.99573024145364 38.79341017782696 65.00426975854636
70.23179482255874 70.4952676697092 79.76820517744126 73.5047323302908
52.003279087617095 8.181052820346329 61.996720912382905 7.818947179653671
42.5347536838947 44.249794509840406 51.4652463161053 39.750205490159594
22.833210094991056 96.5061093537054 27.166789905008944 87.4938906462946
43.60541277469984 25.26474395382567 40.39458722530016 34.73525604617433
46.038251278807294 33.61729217372533 55.961748721192706 32.38270782627467
81.44725125968866 41.481765160166795 88.55274874031134 48.518234839833205
96.89076213587026 24.079985486068168 95.10923786412974 33.92001451393183
74.65546373649642 17.81583037867031 77.34453626350358 8.18416962132969
93.99961539500046 71.06201533741239 84.00038460499954 70.93798466258761
93.671612153033 57.179690287125695 96.328387846967 66.8203097128743
51.34522257421582 64.58787427430079 58.65477742578418 71.41212572569921
44.036915852171084 60.6064616571304 53.963084147828916 59.3935383428696
13.443642228760352 61.03104980600718 14.556357771239648 70.96895019399281
74.86560959352671 84.81190610918317 83.13439040647329 79.18809389081683
10.113486270378504 12.874438257448602 7.886513729621497 3.1255617425513975
9.215765828318162 63.17131221729674 2.7842341716818377 70.82868778270326
34.67379957565426 69.77497978357131 29.326200424345743 78.22502021642869
17.80223748021435 42.60769429232495 8.197762519785648 45.39230570767505
73.71172190280038 35.35009261308877 66.28827809719962 28.649907386911227
89.50935226971681 84.77262709041902 92.49064773028319 75.22737290958098
93.08570218071769 87.61903278393767 96.91429781928231 78.38096721606233
15.93020157342791 56.88421245714228 18.06979842657209 47.11578754285772
38.97176248276339 95.46936093718382 29.02823751723661 96.53063906281618
62.03413596314663 3.4167381655839413 71.96586403685336 4.583261834416059
25.519479516778993 75.55151572303616 18.480520483221007 68.44848427696384
12.841293804148041 18.24974969570622 3.158706195851959 15.750250304293779
27.346884590395305 4.586094933348507 34.653115409604695 11.413905066651493
29.174077313788498 39.78094492138886 36.8259226862115 46.21905507861114
61.612316862852225 22.01505247919587 62.387683137147775 31.98494752080413
85.67933116590503 37.48368904423949 94.32066883409497 42.51631095576051
76.06316937481864 59.046606711677924 81.93683062518136 50.953393288322076
8.46853000185714 86.31180468580183 13.53146999814286 77.68819531419817
48.30825543212171 96.43530797804173 43.69174456787829 87.56469202195827
91.06651427502067 20.000442434452978 90.93348572497933 29.999557565547022
72.84819441336579 80.22270639575032 63.15180558663421 77.77729360424968
80.92343498522018 28.104897639068145 89.07656501477982 33.89510236093186
81.71262471147524 6.008265287142624 82.28737528852476 15.991734712857376
81.51028771065127 86.0261075149981 80.48971228934873 95.9738924850019
3.3136691216168694 47.009848531142154 2.6863308783831306 56.990151468857846
84.37056052115896 96.96022236824886 85.62943947884104 87.03977763175114
28.412648490674957 82.3512833299592 19.587351509325043 77.6487166700408
63.310069719675894 72.26663507428498 72.6899302803241 75.73336492571502
40.83968034179689 50.22660130136889 49.16031965820311 55.77339869863111
94.47462076317483 49.404584787244396 87.52537923682517 56.595415212755604
82.48670515019634 58.44236605335187 89.51329484980366 65.55763394664812
32.408618597427896 18.658048558626398 25.591381402572104 11.3419514413736
21.565395225994152 56.98107605748109 22.434604774005848 47.01892394251891
20.452953010231266 27.03001613775407 21.547046989768734 36.96998386224593
9.112165180051303 96.62991141303905 12.887834819948697 87.37008858696095
2.0644366262953295 65.04752611837944 7.935563373704671 56.95247388162057
31.410966427852127 85.98513749491055 40.58903357214787 82.01486250508945
63.85858262918167 87.82016665628882 56.14141737081833 94.17983334371118
10.116803129906438 23.074424649711855 19.883196870093563 20.925575350288145
62.99893658183988 43.8968833149145 53.00106341816012 44.1031166850855
48.35453599897218 18.41091376355785 43.64546400102782 9.58908623644215
54.44357097034752 24.980285613723872 53.55642902965248 15.019714386276128
34.5282429454393 38.77848628462517 37.4717570545607 29.221513715374833
60.00125792733018 17.887849694959602 69.99874207266981 18.112150305040398
69.31745582537923 42.29159845590357 72.68254417462077 51.70840154409643
2.722023409103383 33.83391930353831 5.277976590896618 24.166080696461695
86.03492017867227 6.589900303309135 95.96507982132773 5.410099696690865
20.36380267504357 4.040639863478527 21.63619732495643 13.959360136521472
39.80275777895209 88.60949012347443 30.197242221047908 91.39050987652557
76.05806598806896 27.92097593904468 67.94193401193104 22.07902406095532
