96.74767156745081 20.943782684061432 95.25232843254919 11.056217315938568
79.66808086067186 30.771366116472542 74.33191913932814 39.22863388352746
44.39162520292628 14.609680339991588 35.60837479707372 19.390319660008412
21.62695208179321 38.42413941535285 30.37304791820679 33.57586058464715
11.333930111901134 67.01116339410021 10.666069888098866 76.98883660589979
21.056115656606178 75.91010003424533 22.943884343393822 66.08989996575467
96.5061476871951 85.23224170659242 93.4938523128049 94.76775829340758
68.57090292788475 78.62970396720759 73.42909707211525 87.37029603279241
24.801999597885857 21.064739455206958 23.198000402114143 30.935260544793042
67.46108044896701 63.0291282738825 68.53891955103299 72.97087172611751
70.34805263739507 46.98787122544301 69.65194736260493 37.01212877455699
48.929790179828935 66.09139922082544 41.070209820171065 59.90860077917457
94.47122064707185 81.7786514632927 91.52877935292815 72.2213485367073
65.6127294319758 46.732769144933975 62.38727056802421 37.267230855066025
77.7145400265269 22.303155048605806 74.2854599734731 31.696844951394194
2.384257802927107 65.92221850218978 11.615742197072894 62.07778149781022
36.7985955253508 86.51069957131465 41.2014044746492 95.48930042868535
36.925682375012954 61.858867359076335 27.074317624987046 60.141132640923665
46.42343507042553 3.355813901763451 39.57656492957447 10.644186098236549
12.436889637488122 57.95597851783874 21.56311036251188 62.04402148216126
54.8694818584115 89.998296211182 55.1305181415885 80.001703788818
40.97676005176784 82.48151779523482 31.023239948232163 81.51848220476518
28.13659047839814 53.83928994783694 37.86340952160186 56.16071005216306
81.47903554553808 72.65783662629345 76.52096445446192 81.34216337370655
60.736952662448914 86.83784160789759 63.263047337551086 77.16215839210241
68.0448080852269 86.03400154763811 61.955191914773096 93.96599845236189
54.615509027281576 15.195503694822818 57.384490972718424 24.80449630517718
53.51951872465537 27.55147686840281 46.48048127534463 20.44852313159719
6.981368944073702 81.90274565887398 5.018631055926298 72.09725434112602
29.21160044602987 2.560823252154676 38.78839955397013 5.439176747845324
53.03629992816485 54.39860030190915 62.96370007183515 55.60139969809085
67.96930812060816 53.95863532281434 76.03069187939184 48.04136467718566
94.98291529014323 66.58701669373106 85.01708470985677 67.41298330626894
94.67918906101602 27.221604668290496 89.32081093898398 18.778395331709504
93.84530838195415 53.76590653361879 84.15469161804585 56.23409346638121
79.11890569009418 68.09200469597286 72.88109430990582 75.90799530402714
49.38099205298039 76.19449680578558 46.61900794701961 85.80550319421442
28.027695188154755 70.47446707229648 37.97230481184524 71.52553292770352
27.140428604992508 64.82332423462327 36.85957139500749 67.17667576537673
61.45495625480479 70.97925845947105 60.54504374519521 61.02074154052895
52.01138653713084 3.337247265490103 61.98861346286916 2.662752734509897
15.134109429718944 73.07554738876509 16.865890570281056 82.92445261123491
34.23596004726067 77.51786802084484 43.76403995273933 74.48213197915516
11.940719041506814 24.76765575155273 2.0592809584931855 23.23234424844727
55.34533656574903 37.23706998418139 60.65466343425097 28.76293001581861
87.13501646004258 59.84590504899147 96.86498353995742 62.15409495100853
74.49556189492223 62.768298017950436 77.50443810507777 53.231701982049564
47.9293164767562 49.16224163866907 38.0706835232438 50.83775836133093
27.789294216852536 78.8503207627778 22.210705783147464 87.1496792372222
22.8210139689184 51.74519138713949 31.1789860310816 46.25480861286051
11.920569421470898 37.0583585665105 6.079430578529101 28.9416414334895
20.10081974514069 16.999015931002432 29.89918025485931 15.000984068997566
13.522859232735026 15.592978163672019 20.477140767264974 8.407021836327981
51.97242433442016 59.42955834515433 56.02757566557984 68.57044165484567
85.99038941859158 13.309860373086435 76.00961058140842 12.690139626913565
86.08830131566415 38.93552981475391 95.91169868433585 37.06447018524609
41.33142136883545 34.49775677871077 32.66857863116455 29.502243221289227
3.260008038122269 50.31850269324735 10.739991961877731 43.68149730675265
19.179966893822773 93.85847256750533 12.820033106177227 86.14152743249467
96.03285349633293 44.04431180989685 87.96714650366707 49.95568819010315
47.58777020934586 31.62037131287586 52.41222979065414 40.37962868712414
73.37666075392274 3.096126523194976 82.62333924607726 6.903873476805024
60.192420624799574 14.06564942948407 61.807579375200426 23.93435057051593
44.37910687995793 42.41317693796065 35.62089312004207 37.58682306203935
12.91472898662424 19.919477562551403 3.0852710133757597 18.080522437448597
86.94783536318467 94.55945394794207 91.05216463681533 85.44054605205793
52.80508082675878 72.38246093916433 43.19491917324122 69.61753906083567
57.521490467457134 42.657536356272615 62.478509532542866 51.342463643727385
62.57018802648232 10.361815036819216 69.42981197351767 17.638184963180784
81.03704439862625 43.6075127149229 90.96295560137375 42.3924872850771
17.57821595797427 54.96645409783921 16.42178404202573 45.03354590216079
56.993049072099694 9.263554479385952 47.006950927900306 8.736445520614048
48.11352870203237 43.854313930145956 55.88647129796763 50.145686069854044
2.329619897334021 4.772817710662854 7.670380102665979 13.227182289337147
3.5228723295533966 95.77682884822148 6.477127670446603 86.22317115177852
3.229179657568441 59.28343021017721 10.77082034243156 52.71656978982279
24.001967781174386 93.85973617864504 33.998032218825614 94.14026382135496
57.7938933400938 96.42076973637681 48.2061066599062 93.57923026362319
2.166911443676349 45.93010785453245 3.833088556323651 36.06989214546755
67.69519093389991 21.296136938895483 64.30480906610009 30.703863061104517
18.207703315807247 3.1645548579390184 11.79229668419275 10.835445142060982
72.30164965169335 14.827598593943634 69.69835034830665 5.172401406056365
31.43649389341563 40.9568622133671 40.56350610658437 45.0431377866329
82.58463156917178 26.965702964166077 81.41536843082822 17.034297035833923
15.510152740805774 33.77287703008065 18.489847259194224 24.227122969919353
24.277863834236538 11.643602759789829 33.722136165763466 8.356397240210171
83.27882054473766 2.3536511453495845 92.72117945526234 5.646348854650416
29.18630282559134 23.64784634264811 38.81369717440866 26.35215365735189
85.46405530653307 79.39440423323967 78.53594469346693 86.60559576676033
95.92014375527347 31.10995200834817 86.07985624472653 32.890047991651834
