48.76595491380368 3.4881555107781295 39.23404508619632 6.51184448922187
65.44508122406387 8.289378280554544 56.55491877593613 3.7106217194454567
83.41264795184479 6.0109798426646845 92.58735204815521 9.989020157335315
24.078389648201018 44.93998948905309 17.921610351798982 37.06001051094691
13.998956503371936 94.89785364717513 4.001043496628064 95.10214635282487
50.99730459729856 85.16415468868928 41.00269540270144 84.83584531131072
85.83208714302337 89.23802563070383 94.16791285697663 94.76197436929617
30.58255396490447 71.65774242940303 39.41744603509553 76.34225757059697
31.72101707898498 23.646814421825397 22.27898292101502 20.353185578174603
65.98893541305566 96.33245066454917 56.01106458694434 95.66754933545083
53.145596873341596 16.204641961440288 44.854403126658404 21.795358038559712
54.9989204782998 91.10389442542731 45.0010795217002 90.89610557457269
75.71497699600488 87.80132164709366 70.28502300399512 96.19867835290634
86.78616951533931 65.55342426038709 77.21383048466069 68.44657573961291
78.69118615021199 11.951995729577636 77.30881384978801 2.048004270422365
36.13593443364359 54.84204224335 45.86406556635641 57.15795775665
79.12129310088345 82.07781814786928 80.87870689911655 91.92218185213072
25.172842676697954 10.303285147652439 34.827157323302046 7.6967148523475615
92.97065107944009 16.54095087250243 83.02934892055991 15.459049127497568
56.33616740280096 61.19759452250509 65.66383259719905 64.8024054774949
43.41312894799694 65.25849810035737 46.58687105200306 74.74150189964263
3.6549108886200132 81.04307638469514 2.3450891113799868 90.95692361530486
26.58016726912789 80.25625976664226 23.41983273087211 89.74374023335774
12.155575930610638 37.92817897311328 13.844424069389362 28.071821026886717
24.7587094485547 72.4695208539621 29.2412905514453 63.530479146037905
23.52589133779368 54.76788179552014 32.47410866220632 59.23211820447986
31.033141417093923 43.107902411819126 28.966858582906077 52.892097588180874
37.897274855214484 28.123116030183027 40.102725144785516 37.87688396981697
18.505063682465135 82.9754435019991 19.494936317534865 73.0245564980009
96.29799525597733 89.55484574477529 87.70200474402267 84.44515425522471
2.659204489056569 39.98837232168177 3.340795510943431 30.011627678318227
87.74687734308738 79.37113186613392 96.25312265691262 84.62886813386608
72.77696860791646 83.15793763188513 67.22303139208354 74.84206236811487
40.49836331649349 70.5723177498387 33.50163668350651 63.42768225016129
88.4828443094014 58.78547817855242 79.5171556905986 63.21452182144758
38.253392806244065 89.20323357996843 31.746607193755935 96.79676642003157
61.12967340216176 76.36298820171666 64.87032659783824 85.63701179828334
30.87572762400889 86.36517035043035 27.12427237599111 95.63482964956965
60.31324398934031 57.74192941778512 69.68675601065969 54.25807058221488
91.93539309207748 42.19881648377291 82.06460690792252 43.80118351622709
96.66464422493992 29.598473474362645 89.33535577506008 36.40152652563736
38.43130256521445 49.03150283026727 47.56869743478555 44.96849716973273
71.87086781120463 70.18037815169234 80.12913218879537 75.81962184830766
8.369605255190784 25.88664901538235 17.630394744809216 22.11335098461765
63.11850703863506 18.470990403272065 58.88149296136494 27.529009596727935
75.04103157721218 37.36075655514245 84.95896842278782 38.63924344485755
61.16875446876189 31.878829202539134 66.83124553123811 40.12117079746086
8.682084842903846 81.01011724056681 9.317915157096154 90.98988275943319
95.87003508497098 47.86741081095053 86.12996491502902 50.13258918904947
14.409600371486517 61.01680548887783 13.590399628513483 70.98319451112216
20.64360284473581 27.187496830422738 23.35639715526419 36.81250316957726
16.00485626106851 16.22031574481533 25.99514373893149 15.77968425518467
66.95520573715206 22.889622168257997 69.04479426284794 13.110377831742003
74.53175126530401 26.779565425126393 77.46824873469599 17.220434574873607
73.56300800776371 9.507844628345397 66.43699199223629 2.4921553716546025
45.035006705838356 32.59062813083181 54.964993294161644 31.409371869168186
81.0435621467942 28.058978890756975 72.9564378532058 33.941021109243025
19.298037920046095 53.00889056439206 18.701962079953905 62.99110943560794
11.166982395193296 58.65188633357143 14.833017604806704 49.34811366642857
64.70351327806392 44.4426181653443 73.29648672193608 49.5573818346557
55.257913488517374 82.46114634128621 50.742086511482626 73.53885365871379
48.56018746254684 8.700420770603076 57.43981253745316 13.299579229396924
49.264091490091815 68.3965129917024 58.735908509908185 71.6034870082976
13.663609487213627 89.98867130836531 14.336390512786373 80.01132869163469
14.946320163994253 4.269303869406808 5.053679836005747 5.730696130593192
93.23783348307275 57.058431200471354 94.76216651692725 66.94156879952864
6.13613886892167 59.07519097363034 7.86386113107833 68.92480902636966
65.5927855829662 69.97644139526011 56.40721441703379 66.02355860473989
58.23639178579316 88.48077757338132 67.76360821420684 91.51922242661868
96.9387304149248 73.21965271276396 87.0612695850752 74.78034728723604
42.90538416730313 14.877825356297631 35.09461583269687 21.12217464370237
39.88691094988573 10.85485719439349 32.11308905011427 17.14514280560651
22.410853541469386 49.655964731592164 15.589146458530614 42.344035268407836
5.0654575552269785 76.80640613882429 14.934542444773022 75.19359386117571
11.887391731540863 16.0551786874582 2.1126082684591374 13.9448213125418
2.00290256570129 9.82965554859272 11.99709743429871 10.17034445140728
83.18436358783002 21.65476918494163 92.81563641216998 24.34523081505837
49.93154725132827 95.1754748591361 40.06845274867173 96.8245251408639
36.2596056147383 40.161261146195244 33.7403943852617 49.838738853804756
64.78613601880008 50.44668656230179 55.21386398119993 47.55331343769821
79.76820697410064 55.71357090441018 72.23179302589936 62.28642909558982
57.98846493079207 17.984681194990852 50.01153506920793 24.015318805009148
27.28409116797223 35.83229861166875 24.71590883202777 26.167701388331253
46.29308116898912 39.68668761727687 55.70691883101088 36.31331238272313
27.37513395244548 76.09983841682413 36.62486604755452 79.90016158317587
27.15258356868757 5.2257870701888995 36.847416431312425 2.7742129298111005
33.397005149377584 29.19912751548091 30.602994850622416 38.80087248451909
8.06601311831354 52.88504002353957 5.93398688168646 43.11495997646043
50.638425590889966 52.01309074208516 51.361574409110034 61.98690925791484
96.42509444809748 7.327775574538249 87.57490555190252 2.6722244254617515
