61.22163683674618 26.679138372430163 52.77836316325382 21.320861627569837
57.846737868990914 13.927781953497611 56.153262131009086 4.072218046502389
82.34980261789092 11.837298099771992 91.65019738210908 8.162701900228008
21.20971078143668 35.85145337247261 18.79028921856332 26.148546627527388
14.248110580850271 96.63695970634137 5.7518894191497285 91.36304029365863
45.96420152338685 92.90615077451749 44.03579847661315 83.09384922548251
81.19975413631944 87.7506721655735 88.80024586368056 94.2493278344265
52.399292015989765 79.53086437078558 59.600707984010235 86.46913562921442
31.715745276560906 20.051494296347556 30.284254723439094 29.948505703652444
59.91123310081229 96.93797091078865 50.08876689918771 95.06202908921135
62.85130161129075 31.210319245607458 53.14869838870925 28.789680754392542
31.979496050500046 95.45234840892218 22.020503949499954 94.54765159107782
67.70089518915066 87.29819656349565 64.29910481084934 96.70180343650435
72.33324226584375 45.42221443723394 67.66675773415625 36.57778556276606
76.86865116151272 13.63768722927465 73.13134883848728 4.36231277072535
40.823508358673614 54.14038402567763 43.176491641326386 63.85961597432237
72.02629067889337 95.48793009350575 81.97370932110663 96.51206990649425
36.50824608856353 33.33487744288591 41.49175391143647 24.665122557114092
96.96045313071528 15.627618305960704 87.03954686928472 14.372381694039296
55.018052472553165 44.42449833187699 64.98194752744683 43.57550166812301
56.086244033353616 48.38074268955221 59.913755966646384 57.61925731044779
2.091083631267007 64.08330690050221 3.908916368732993 73.91669309949779
22.107326236919643 80.08279134365415 15.892673763080357 87.91720865634585
15.670066006848964 33.22738069247018 10.329933993151036 24.772619307529823
24.11409642805603 74.84151554292012 15.885903571943969 69.15848445707988
38.68723901264821 65.62297935102478 31.31276098735179 72.37702064897522
25.69956991420703 53.17207274371657 28.30043008579297 62.82792725628343
46.89048652923873 3.07993559582353 45.10951347076127 12.92006440417647
11.7234341297698 89.94738749845655 10.2765658702302 80.05261250154345
96.49030188296942 85.58019451507039 89.50969811703058 78.41980548492961
3.7900786691455877 20.93718297175233 2.2099213308544123 11.062817028247673
76.03435413573808 61.41488364341907 85.96564586426192 62.58511635658093
65.64112753659072 78.42668794352227 58.35887246340929 71.57331205647773
55.616076157688966 74.92141638028187 46.383923842311034 71.07858361971813
95.95931600406848 59.030192152747084 90.04068399593152 50.969807847252916
40.22130208428579 77.32033421613731 31.77869791571421 82.67966578386269
58.134509058666026 62.902566453847854 63.865490941333974 71.09743354615215
35.14681252501791 75.20644565430443 26.853187474982093 80.79355434569557
73.26130776705521 74.16170456495614 70.73869223294479 83.83829543504386
91.50237732684577 34.174534066577266 82.49762267315423 29.82546593342273
93.13769245215869 19.359761795203475 96.86230754784131 28.640238204796525
31.62574497634719 54.42196056698868 40.374255023652815 49.57803943301132
51.408722387212364 89.02005811137926 60.591277612787636 92.97994188862074
9.29653150582817 16.303714609998373 18.70346849417183 19.696285390001627
63.63349122214394 10.274356506550806 60.36650877785606 19.725643493449194
89.4515533480683 24.617565408591602 82.5484466519317 17.382434591408398
54.912114902969975 57.08389926834487 53.087885097030025 66.91610073165512
4.7264870133456265 78.05305987306899 3.273512986654373 87.94694012693101
61.9816679092093 35.427767275927316 52.0183320907907 34.572232724072684
3.2354398735984096 28.00554626951856 2.7645601264015904 37.99445373048144
27.987032219119758 35.42310577868157 32.012967780880246 44.57689422131843
24.13763240871329 7.834932874378186 33.86236759128671 10.165067125621814
71.41936453230464 26.375691403632842 66.58063546769536 17.624308596367158
67.7038186998689 31.700744817364267 64.2961813001311 22.299255182635733
71.82820083247209 13.653781442670933 68.17179916752791 4.346218557329067
73.01353045653042 49.63241124602313 82.98646954346958 50.36758875397687
77.73573394162499 26.006988538928542 78.26426605837501 35.99301146107146
22.471446524327717 41.76255369224699 13.528553475672283 46.23744630775301
10.621643675847892 60.68601526679712 17.378356324152108 53.31398473320288
69.51831058257517 55.224584157343855 72.48168941742483 64.77541584265614
77.02599726890496 83.50921197065568 86.97400273109504 82.49078802934432
52.157184033349054 5.135750303185288 49.842815966650946 14.864249696814712
78.25273272062952 77.5695392248104 87.74726727937048 74.4304607751896
11.803430255513486 75.66343642751765 8.196569744486514 66.33656357248235
13.164763379954742 7.766721162131802 4.835236620045258 2.233278837868198
93.32419183185208 62.04588218550825 94.67580816814792 71.95411781449175
22.30853846615821 59.04804271552983 23.69146153384179 68.95195728447017
85.96995823612583 56.54727975585165 76.03004176387417 55.45272024414835
40.47650742852792 69.68352166208085 45.52349257147208 78.31647833791915
81.66856398211549 66.20988538219083 72.33143601788451 69.79011461780917
40.52710289136035 13.685634348310499 35.47289710863965 22.3143656516895
40.98768894664902 3.350655060529772 31.012311053350974 2.649344939470228
28.3440352684079 69.41085354146945 35.6559647315921 62.58914645853055
2.8142214266171477 59.85735825062411 5.185778573382852 50.14264174937589
25.364716298121444 23.013319538822987 24.635283701878556 32.986680461177016
9.217262919979781 11.542115908791217 18.78273708002022 14.457884091208783
89.14785189588277 43.81237471086296 96.85214810411723 50.18762528913704
28.76880205180708 87.4971603576294 19.23119794819292 90.5028396423706
48.00104330348952 23.41787978141562 43.99895669651048 32.58212021858438
87.0357438195255 37.04825952645534 78.9642561804745 42.95174047354466
72.61399680039675 31.195939724494547 75.38600319960325 40.804060275505456
81.67069977343797 22.78453456856584 72.32930022656203 19.21546543143416
51.23474455740333 50.65837140624535 42.76525544259667 45.34162859375465
52.00561140197435 40.23681750761164 61.99438859802565 39.76318249238836
36.525412104191616 85.65530038484607 41.474587895808384 94.34469961515393
25.267003021441642 12.387939330869507 34.73299697855836 15.612060669130493
33.66995514834787 36.576100024945255 38.33004485165213 45.423899975054745
4.546225247818228 44.61544464225242 11.453774752181772 37.38455535774758
63.725514227658785 52.00753992897467 64.27448577234122 61.99246007102533
91.7750001854771 3.5169716021957798 82.2249998145229 6.483028397804221
