94.8338385981895 21.929981053936146 93.1661614018105 12.070018946063854
75.67161919377324 36.60600346259518 68.32838080622676 43.39399653740482
42.86064445478162 8.827764748780897 33.13935554521838 11.172235251219103
24.50009041790658 43.33017922046623 29.49990958209342 34.66982077953377
10.93994345042558 86.39167932874123 7.060056549574418 95.60832067125877
21.31438399783524 90.95277000249109 22.68561600216476 81.04722999750891
93.08912010930966 78.37955218151365 96.91087989069034 87.62044781848635
71.73255369740305 87.00715787599616 72.26744630259695 96.99284212400384
26.441591622886236 31.636672101818185 21.558408377113764 40.363327898181815
72.52249487880846 64.22328788633303 75.47750512119154 73.77671211366697
69.0330149264212 35.56802477105243 64.9669850735788 26.43197522894757
59.524483426234774 63.12815641477003 50.475516573765226 58.87184358522997
88.47122064707185 87.7786514632927 85.52877935292815 78.2213485367073
62.61272943197579 46.732769144933975 59.38727056802421 37.267230855066025
88.71888412877625 12.657859841847426 81.28111587122375 19.342140158152574
5.986391816394891 62.981769499558624 14.01360818360511 57.018230500441376
43.70869860559662 90.43392666854753 52.29130139440338 95.56607333145247
27.419197710087747 67.3389509612549 18.580802289912253 62.661049038745105
46.982544511542116 2.582567142522829 37.017455488457884 3.417432857477171
14.961580509449412 71.05192130051772 23.038419490550588 76.94807869948228
54.13125134078613 74.99827701168532 53.86874865921387 65.00172298831468
45.352910431371825 78.53988399126092 36.647089568628175 83.46011600873908
25.25625976664226 61.419832730872116 34.74374023335774 64.58016726912788
80.01590063488352 72.10429311538739 77.98409936511648 81.89570688461261
53.916058810505604 85.54501805482978 58.083941189494396 76.45498194517022
68.83307096010472 79.88008386796389 63.16692903989528 88.11991613203611
52.40519156382274 8.338761082137571 45.59480843617726 15.661238917862429
44.67348049800437 35.95443478298058 43.32651950199563 26.045565217019423
2.940585538494452 78.99964697971407 3.059414461505548 69.00035302028593
23.08739686598222 2.069231259850936 32.91260313401778 3.930768740149064
55.30428110240113 55.71762162152578 64.69571889759887 52.28237837847422
69.60789751671898 49.67336912696216 76.39210248328102 42.32663087303784
96.86665291686774 72.14703504163681 87.13334708313226 69.85296495836319
95.55740949722245 39.96883232283061 94.44259050277755 30.031167677169393
94.98311061192209 60.4106198111994 85.01688938807791 59.5893801888006
82.61939301830301 51.74103531176115 77.38060698169699 60.25896468823885
49.612243427747224 78.03762577134893 48.387756572252776 87.96237422865107
27.398612218295117 74.04366912758168 36.60138778170489 77.95633087241832
33.56046615234157 72.30011721777285 42.43953384765843 67.69988278222715
66.80980165676941 69.66096749217957 63.19019834323059 60.33903250782043
52.000013368779115 3.9884376640591372 61.999986631220885 4.011562335940862
7.653598332749338 68.01201384475398 8.346401667250662 77.98798615524602
40.12179774283418 75.09687863420814 49.87820225716582 72.90312136579186
22.73235639519829 28.61394019369549 13.267643604801709 25.38605980630451
53.71108804100816 26.570065020192445 62.28891195899184 21.429934979807555
83.02174317229263 64.53421146709593 92.97825682770737 65.46578853290407
68.84658416168352 62.51251595313388 73.15341583831648 53.48748404686612
44.580222620030746 51.99461705628109 35.419777379969254 56.00538294371891
32.00264901705058 81.00198813403397 25.99735098294942 88.99801186596603
21.040539539160637 56.63541477585198 30.959460460839363 55.36458522414802
12.84929648143094 32.10871142341553 7.150703518569059 23.891288576584472
20.60697461275019 19.387745368957642 29.39302538724981 14.61225463104236
15.056744440377962 15.041936010225045 20.943255559622038 6.9580639897749545
59.13316559219463 67.36158116446629 62.86683440780537 76.63841883553371
83.74171143209603 11.316563818008317 76.25828856790397 4.6834361819916825
80.29512158306521 38.69237084643444 89.70487841693479 35.30762915356556
37.98119854358231 23.433198648905417 28.01880145641769 22.566801351094583
2.037631424578749 52.049530336382006 9.962368575421252 45.950469663617994
22.35150775137571 96.46259624983819 13.64849224862429 91.53740375016181
95.8726378429913 48.83729923371942 88.1273621570087 55.16270076628058
34.05921283217049 30.08930559850775 35.94078716782951 39.91069440149225
65.74491503938461 2.2046842161454507 72.25508496061539 9.79531578385455
60.179281426024716 16.25525834328897 51.820718573975284 21.74474165671103
44.95305373981491 46.683563201544295 35.04694626018509 45.316436798455705
15.897933353462943 21.0051113694687 6.1020666465370565 18.9948886305313
85.27075732465792 96.33057788805598 92.72924267534208 89.66942211194402
48.190929185920155 64.72692364370596 39.809070814079845 59.273076356294034
48.67280288886532 37.2677407132332 55.32719711113468 44.7322592867668
64.76529635362714 15.187298553500142 71.23470364637286 22.812701446499858
82.00694937005592 43.73647503568914 91.99305062994408 44.26352496431086
19.59816442084906 52.73770730247576 16.40183557915094 43.26229269752424
62.45588457847364 8.731720338379597 53.54411542152636 13.268279661620403
47.71881558744446 42.22722531141832 54.28118441255554 49.77277468858168
3.478773155108902 6.682197874311459 8.521226844891098 15.31780212568854
3.030278768283703 92.90506276542499 4.9697212317162975 83.09493723457501
4.95735896868509 54.942287119220204 13.042641031314911 49.057712880779796
32.06703211141311 95.81598272663743 41.93296788858689 94.18401727336257
66.94497242960955 92.73976190115569 57.05502757039046 91.26023809884431
5.0744246497117675 36.883196870093585 2.925575350288232 27.11680312990642
59.78280398676855 27.845965578955195 54.21719601323145 36.154034421044805
18.002575580768184 3.0019329818305196 11.997424419231816 10.99806701816948
75.44357097034752 24.980285613723872 74.55642902965248 15.019714386276128
24.019939607867812 48.55390753120436 33.98006039213219 49.44609246879564
90.3239455388768 29.989494893056992 89.6760544611232 20.010505106943008
13.697652822753257 39.754264657816556 20.302347177246745 32.245735342183444
20.72277806794077 14.589473410543444 29.27722193205923 9.410526589456556
84.03492017867227 4.589900303309135 93.96507982132773 3.4100996966908648
31.00834173352012 18.28870010509709 40.99165826647988 17.71129989490291
83.33611162006338 89.27570687801321 76.66388837993662 96.72429312198679
82.87678566260068 33.10315982570633 73.12321433739932 30.896840174293672
