56.267751272785354 23.605052604773842 47.732248727214646 18.394947395226158
57.15268277893268 11.997668253197425 56.84731722106732 2.002331746802576
80.20736694232832 9.425015219045969 89.79263305767168 6.57498478095403
24.20971078143668 39.85145337247261 21.79028921856332 30.148546627527388
14.461771419352313 96.25667804559065 5.538228580647687 91.74332195440935
46.201152411776214 92.48942402320517 41.798847588223786 83.51057597679483
86.3154690494633 89.62002490030812 93.6845309505367 96.37997509969188
52.585787191632186 80.34717220510231 59.414212808367814 87.65282779489769
27.88800962236414 18.079487942237243 26.11199037763586 27.920512057762757
58.96469912702761 96.59309575794413 49.03530087297239 95.40690424205587
57.87168571795075 29.125468020653944 48.12831428204925 26.874531979346056
33.98663221741659 95.36537532514232 24.013367782583405 94.63462467485768
66.78269391913696 83.328597385081 63.21730608086303 92.671402614919
72.85478300167256 45.104901218465734 67.14521699832744 36.895098781534266
74.37364417573765 15.8076087276797 71.62635582426235 6.192391272320301
42.73887555093606 58.1616567790231 45.26112444906394 67.83834322097691
78.08984697750331 95.05639134400609 87.91015302249669 96.94360865599391
35.50824608856353 31.334877442885908 40.49175391143647 22.665122557114092
96.94874417991387 13.714094560803106 87.05125582008613 12.285905439196894
53.01140272987233 43.33748670562672 62.98859727012767 42.66251329437328
56.005918351636495 48.414845871766154 59.994081648363505 57.585154128233846
2.7842005680132424 57.00465911021538 3.2157994319867576 66.99534088978461
21.038488258512896 77.02915763308599 14.961511741487104 84.97084236691401
16.81597293331744 40.13162152657084 11.184027066682562 31.868378473429157
26.61893411021484 76.45011824520893 19.38106588978516 69.54988175479107
37.44268803149978 66.37399681222311 30.557311968500223 73.62600318777689
28.784026924734167 50.15011242602176 31.215973075265833 59.84988757397824
45.28424395923631 5.0080860011777375 44.71575604076369 14.991913998822262
11.066784186727446 89.88487169728626 8.933215813272554 80.11512830271374
95.67289144902472 86.39261969629386 88.32710855097528 79.60738030370614
3.9619025754098676 18.90660202537559 2.0380974245901324 9.09339797462441
76.00005956082106 62.02440501307329 85.99994043917894 61.97559498692671
67.92592747990965 79.09630318646128 60.074072520090354 72.90369681353872
56.54620770418813 76.0813446399817 47.45379229581187 71.9186553600183
95.09816494646209 56.92445842945413 88.90183505353791 49.07554157054587
38.12521159392409 79.1746452779599 29.87478840607591 84.8253547220401
53.85566673499958 60.112434139643184 60.14433326500042 67.88756586035682
37.83208990930748 72.7882890966054 30.167910090692523 79.2117109033946
72.48890281733485 76.02396000466213 71.51109718266515 85.97603999533787
96.1067735172687 32.852088932319674 87.8932264827313 27.147911067680326
93.21895941373444 18.327966777721414 96.78104058626556 27.672033222278586
37.805347870435966 53.721193398482356 46.194652129564034 48.278806601517644
49.31139242156637 88.26306045716763 58.68860757843363 91.73693954283237
8.29653150582817 22.303714609998373 17.70346849417183 25.696285390001627
62.87857365028819 10.36632316184621 59.12142634971181 19.63367683815379
90.38789243795122 22.677252347728256 83.61210756204878 15.322747652271746
50.39324578734645 50.01548821340201 49.60675421265355 59.98451178659799
4.7264870133456265 72.05305987306899 3.273512986654373 81.94694012693101
59.90966395517326 33.94615001309118 50.09033604482674 32.05384998690882
4.799248629299203 26.004031736773968 5.200751370700797 35.99596826322603
29.519643747750692 41.65859091285701 34.48035625224931 50.34140908714299
23.099934175364297 7.005336783510512 32.9000658246357 8.994663216489487
69.49536239618824 28.332801231500206 64.50463760381176 19.667198768499794
65.02757566557996 32.570441654845624 60.97242433442005 23.429558345154376
68.16272771307696 13.862927540612016 65.83727228692304 4.1370724593879835
76.17528518755444 49.687701642701484 85.82471481244556 52.312298357298516
83.52006657218041 26.027120475971643 82.47993342781959 35.97287952402836
21.853527733626095 43.814042686071495 14.146472266373905 50.185957313928505
15.254857153855445 59.31268849455729 22.745142846144557 52.68731150544271
68.3525535782805 50.27920342658533 71.6474464217195 59.72079657341467
76.01786785933841 86.4223260979229 85.98213214066159 85.5776739020771
50.90102299356154 2.0818542554054584 49.09897700643846 11.918145744594542
76.37378234685112 79.89686853147327 85.62621765314888 76.10313146852673
16.43490430498521 75.36706320375198 11.56509569501479 66.63293679624802
19.014256718809335 9.980896340950839 10.985743281190665 4.0191036590491604
93.23783348307275 61.058431200471354 94.76216651692725 70.94156879952864
25.222220207910347 56.060864590333956 26.777779792089653 65.93913540966605
84.98603045988685 57.373497326738146 75.01396954011315 56.626502673261854
43.02136354035467 72.40815965428216 46.97863645964533 81.59184034571784
86.63661112932898 68.1286803492234 77.36338887067102 71.8713196507766
39.06228514576049 14.445114713016842 34.93771485423951 23.554885286983158
34.99999964757845 3.0018772893754004 25.00000035242155 2.9981227106245996
31.285064487240813 66.34652866953813 38.71493551275919 59.65347133046187
7.155942106900353 61.92824170197609 8.844057893099647 52.07175829802391
22.01597462288936 15.000025518922767 21.98402537711064 24.99997448107723
8.147517736921172 13.79442300681152 17.852482263078826 16.20557699318848
88.2040703288131 42.745630947264445 95.7959296711869 49.254369052735555
25.713448679302537 88.33164705545225 16.286551320697463 91.66835294454775
44.343861407822615 24.183981258698736 41.656138592177385 33.816018741301264
92.1362996103559 35.19090307512013 83.8637003896441 40.80909692487987
76.4692696155746 31.028247264892624 77.5307303844254 40.97175273510737
78.57090341863217 23.026534464926932 69.42909658136783 18.973465535073068
48.3680693967589 44.43309879476735 39.6319306032411 39.56690120523265
48.00821701514032 37.713464431413215 57.99178298485968 38.286535568586785
36.30141943195215 85.79076456850481 41.69858056804785 94.20923543149519
24.239589541807035 11.470787042453843 33.760410458192965 14.529212957546157
29.293253384300932 33.79601108964336 34.70674661569907 42.20398891035664
2.244261140314839 51.30067048004656 9.755738859685161 44.69932951995344
63.46460522904832 49.02874739736175 64.53539477095168 58.97125260263825
85.62757542663289 2.106446285202483 76.37242457336711 5.893553714797517
