46.8338385981895 17.929981053936146 45.1661614018105 8.070018946063854
59.25048346141603 15.46489912426842 54.74951653858397 6.535100875731579
86.98378199103067 15.978253331137301 95.01621800896933 10.021746668862699
3.782275444608165 22.938425369362495 2.217724555391835 13.061574630637505
15.44825432911105 90.71679317109799 6.55174567088895 95.28320682890201
40.66381848920682 89.40241591786575 33.33618151079318 82.59758408213425
92.5825564193643 77.20512213964582 95.4174435806357 86.79487786035418
41.98631508261344 82.010300359837 48.01368491738656 89.989699640163
27.06484459540942 23.389666654125335 30.93515540459058 32.610333345874665
63.98893541305566 95.33245066454917 54.01106458694434 94.66754933545083
75.60223839446778 22.95432897959546 66.39776160553222 19.04567102040454
48.98895307247997 95.6678144485493 39.01104692752003 96.3321855514507
52.284633598679605 75.16784556153847 49.715366401320395 84.83215443846153
87.85531816097031 40.805895500489214 78.14468183902969 43.194104499510786
83.63414717635226 5.877413099961326 74.36585282364774 2.122586900038674
40.105109066557716 51.081033594838935 33.894890933442284 58.918966405161065
85.30518300202063 95.72008527564302 94.69481699797937 92.27991472435698
37.89553742773241 34.53555258837607 42.10446257226759 25.46444741162393
83.03423467189245 17.95380273750648 74.96576532810755 12.04619726249352
47.01298234422634 47.63992375668235 56.98701765577366 48.36007624331765
59.47886372437625 56.02298387249182 58.52113627562375 65.97701612750818
9.84952039242975 77.48608402189136 14.15047960757025 86.51391597810864
33.21335307032475 68.30785291917678 24.78664692967525 73.69214708082322
8.633333333941154 60.95972669490154 7.366666666058846 51.04027330509846
20.22067574176246 76.47979901892347 15.77932425823754 67.52020098107653
31.802849167270757 76.75371932652334 24.197150832729243 83.24628067347666
35.211349623150575 38.06258867592589 36.788650376849425 47.93741132407411
33.06814740160116 9.087602343574236 34.93185259839884 18.912397656425764
12.736245058258014 74.68886479839999 9.263754941741986 65.31113520160001
90.97545055316749 72.5932118514162 87.02454944683251 63.4067881485838
11.88045351902507 50.632914262403986 8.11954648097493 41.367085737596014
76.03000077621186 72.5469074103953 85.96999922378814 71.4530925896047
62.69058921662411 74.73158101193377 53.30941078337589 71.26841898806623
54.839165021272066 59.884281109941405 49.160834978727934 68.1157188900586
96.02524942772762 58.99993624623349 95.97475057227238 49.00006375376651
30.26742577590807 91.39441422188496 21.73257422409193 96.60558577811504
71.13463348905888 51.07545526959683 72.86536651094112 60.92454473040317
42.3478125079213 56.28622141050308 35.6521874920787 63.71377858949692
71.7677848388041 72.8359434338513 66.2322151611959 81.1640565661487
94.45495625480456 44.97925845947107 93.54504374519544 35.02074154052893
91.14159679738417 17.897618846172925 96.85840320261583 26.102381153827075
20.005386688055026 65.00716884927202 27.994613311944974 58.99283115072798
68.17784973296831 91.67830911247518 77.82215026703169 94.32169088752482
9.846613198458494 4.216229521533642 18.153386801541508 9.783770478466359
63.52858646164188 2.0280188704532556 62.47141353835812 11.971981129546744
89.74588480615274 24.5737145251692 80.25411519384726 21.4262854748308
49.74541018136562 58.68761376447089 42.25458981863438 65.31238623552912
2.990721314301233 79.10292367482452 5.009278685698767 88.89707632517548
51.3544549785867 38.41095701110409 46.6455450214133 29.589042988895915
2.8864708733829127 50.00128905242466 3.1135291266170873 59.99871094757534
26.222844381919106 34.84218727298094 31.777155618080894 43.15781272701906
20.034585714520095 15.045568837592068 27.965414285479905 8.954431162407932
66.78519684484999 14.850180748615209 69.21480315515001 5.14981925138479
55.120771820378025 31.633411426682795 58.879228179621975 22.366588573317205
52.90662827217822 19.917115534140635 51.09337172782178 10.082884465859365
80.05131894098466 58.285468141967954 89.94868105901534 59.714531858032046
70.04341287257256 25.092358910062785 71.95658712742744 34.907641089937215
9.252725409422716 13.797338200752709 2.7472745905772835 6.202661799247291
14.330447511750549 61.713023921961366 17.66955248824945 52.286976078038634
72.86812085093561 43.47726948693773 77.13187914906439 52.52273051306227
54.14527253056535 88.19650373903163 63.85472746943465 85.80349626096837
35.91714231748772 3.4544853014867964 40.08285768251228 12.545514698513204
87.50295787242263 89.97523357475941 88.49704212757737 80.02476642524059
20.878048050115165 86.08862316938456 15.121951949884835 77.91137683061544
25.998058497887943 3.1393242681305877 16.001941502112057 2.8606757318694123
92.55751738178505 63.212595285945866 95.44248261821495 72.78740471405413
28.222220207910347 45.060864590333956 29.777779792089653 54.939135409666044
73.55759242094672 69.05629553433573 64.44240757905328 64.94370446566427
37.53716160395849 69.02146802569777 38.46283839604151 78.97853197430223
77.3310505898602 80.50160035461265 68.6689494101398 85.49839964538735
19.944087384279634 29.000312631833538 20.055912615720366 38.99968736816646
50.98113675592811 2.566091462699834 41.01886324407189 3.433908537300166
22.227225311418298 69.2811844125555 29.772774688581702 62.71881558744449
3.070060983801702 73.91276026548744 4.929939016198298 64.08723973451256
15.19046148449566 25.003628874580702 14.80953851550434 34.9963711254193
14.421248553315582 15.716305219063452 19.578751446684418 24.28369478093655
76.93487803526831 31.088851873941152 85.06512196473169 36.91114812605885
24.263578435259998 90.38812348561692 15.736421564740002 95.61187651438308
44.343861407822615 37.183981258698736 41.656138592177385 46.816018741301264
90.84761795407418 49.77501013418981 81.15238204592582 52.22498986581019
62.52086212595637 31.408955631937253 69.47913787404363 38.59104436806275
91.92539111157232 29.860536110831134 82.07460888842768 28.139463889168866
56.96398196352192 52.40093150155507 47.03601803647808 53.59906849844493
54.18688960620343 41.354240871162666 63.81311039379657 38.645759128837334
29.245735342183565 84.69765282275311 36.754264657816435 91.30234717724689
39.99680652466157 18.004262695260508 48.00319347533843 23.995737304739492
30.74751772586714 19.536108916570964 35.25248227413286 28.463891083429036
7.397769977555504 34.73633391508427 10.602230022444495 25.263666084915727
64.2051637102902 43.063580723585126 65.7948362897098 52.936419276414874
96.13275984627788 4.185697945672277 87.86724015372212 9.814302054327722
