63.815814234608276 2.65540591339085 54.184185765391724 5.34459408660915
70.55880619624784 12.053603190748476 61.441193803752164 7.9463968092515245
87.03156020494438 10.43910250231637 96.96843979505562 11.56089749768363
25.9401180452962 44.078225103713386 18.0598819547038 37.921774896286614
16.971031323400958 94.46255457787184 7.028968676599041 95.53744542212816
52.99259536839656 79.72798623662533 43.00740463160344 80.27201376337467
86.08866923737747 89.88527823628455 93.91133076262253 96.11472176371545
30.62410479443486 69.58100410295677 39.37589520556514 74.41899589704323
24.691557170600614 21.728956712872233 15.308442829399386 18.271043287127767
59.99892599220394 95.896371217956 50.00107400779606 96.103628782044
54.41508133996199 16.65328809575624 45.58491866003801 21.34671190424376
46.99224940785312 85.27829094449896 37.00775059214688 84.72170905550104
74.93099806094561 85.94916670711655 69.06900193905439 94.05083329288345
87.70390231174933 61.304917983836994 78.29609768825067 64.695082016163
81.73360178360099 13.992898155410284 82.26639821639901 4.007101844589715
35.228558102744714 51.505562908277206 44.771441897255286 54.494437091722794
78.8981522270843 90.14083144116573 87.1018477729157 95.85916855883427
36.3048002527274 7.71904023606526 45.6951997472726 4.28095976393474
96.94874417991387 16.714094560803108 87.05125582008613 15.285905439196894
61.07793996511812 57.12061100017196 70.92206003488188 58.87938899982804
48.17440027706647 64.06863253270535 49.82559972293353 73.93136746729465
4.133183610204737 78.00177410214656 3.8668163897952628 87.99822589785344
22.211402254382655 85.00447109038072 21.788597745617345 94.99552890961928
9.149402599572419 35.6449208025036 12.850597400427581 26.3550791974964
24.527864411520476 70.34609544673987 29.472135588479524 61.65390455326013
32.487616932093125 55.84630572075159 41.512383067906875 60.15369427924841
30.993440517144975 42.00000430268339 31.006559482855025 51.99999569731661
40.727745809554946 19.16457144868265 43.272254190445054 28.83542855131735
22.40493697836013 80.79855729223236 19.59506302163987 71.20144270776764
90.00739628867116 85.99011287170646 81.99260371132884 80.00988712829354
3.659204489056569 33.98837232168177 4.3407955109434315 24.011627678318227
82.53394080405702 73.75181956722038 91.46605919594298 78.24818043277962
76.3286164141454 81.7309935362423 69.6713835858546 74.2690064637577
42.7963989947073 69.25382154903821 35.2036010052927 62.74617845096179
85.82303251726192 55.68153220083535 76.17696748273808 58.31846779916465
36.118905690094174 89.09200469597286 29.881094309905823 96.90799530402714
64.04903124740362 73.39633614102935 67.95096875259638 82.60366385897065
31.115725246223676 82.46969022223736 26.884274753776324 91.53030977776264
57.02209681924114 52.469552896903906 66.97790318075886 51.530447103096094
91.88669860192444 41.94161596102842 82.11330139807556 44.05838403897158
92.66464422493992 26.598473474362645 85.33535577506008 33.40152652563736
39.300721208703 46.70785796882125 48.699278791297 43.29214203117875
70.92070588453299 65.10874430056485 79.07929411546701 70.89125569943515
2.078534103146639 16.8827080072761 11.921465896853361 15.1172919927239
63.58031204868479 20.717245076891263 58.41968795131521 29.282754923108737
76.03368714670177 39.57942785846449 85.96631285329823 38.42057214153551
56.026652400385395 32.98014875252005 61.973347599614605 41.01985124747995
9.820430640544405 81.1411301595707 12.179569359455595 90.8588698404293
93.99666702908823 48.817466166361925 84.00333297091177 49.182533833638075
15.685389222205186 55.29261610130695 12.314610777794814 64.70738389869305
17.64360284473581 24.187496830422738 20.35639715526419 33.81250316957726
21.00919091488168 14.696974133281667 30.99080908511832 15.303025866718333
64.73297431640468 35.99286463708966 65.26702568359532 26.00713536291034
70.61538980509081 28.804461947830738 73.38461019490919 19.195538052169262
75.30463837960991 11.437188517431846 70.69536162039009 2.562811482568155
45.99550374305252 33.99399561257087 54.00449625694748 28.006004387429133
79.85085143634281 31.787877752645848 70.14914856365719 34.21212224735415
21.531469998143013 59.68819531419827 16.468530001856987 68.31180468580173
9.663278387168239 47.81800532687423 12.336721612831761 38.18199467312577
67.61687924278213 39.59412127744437 76.38312075721787 44.40587872255563
57.63774938666328 83.98686018383684 58.36225061333672 74.01313981616316
55.52073047615484 9.778256420566954 64.47926952384516 14.221743579433046
54.03419875863903 67.4162037758791 63.96580124136097 68.5837962241209
18.05170485365934 86.88814043382445 15.94829514634066 77.11185956617555
25.998058497887943 3.1393242681305877 16.001941502112057 2.8606757318694123
92.8457403017039 54.002380171973705 93.1542596982961 63.997619828026295
3.6565695589144873 56.583176054245115 8.343430441085513 65.41682394575489
65.95964993867992 62.63393413360721 56.04035006132008 61.36606586639279
56.005504101819085 88.765456351495 65.99449589818092 89.234543648505
96.72819411827928 67.37390640494797 87.27180588172072 70.62609359505203
50.739528786866565 2.3123524450250583 47.260471213133435 11.68764755497494
41.65804855862646 11.59138140257217 34.34195144137354 18.408618597427832
23.568206464629995 52.03260662611159 14.431793535370005 47.96739337388841
4.0654575552269785 73.80640613882429 13.934542444773022 72.19359386117571
12.905062765425015 10.969721231716157 3.094937234574985 9.030278768283843
4.243434939701 3.4588676801965477 13.756565060299 6.541132319803452
77.00990758413064 25.685392814635307 86.99009241586936 26.314607185364693
44.916406204919284 95.08953307131388 35.083593795080716 96.91046692868612
40.67653631385419 33.28945587131081 37.32346368614581 42.71054412868919
63.91113698809478 46.93847401890906 54.08886301190522 45.06152598109094
79.14063428675868 49.19729635827859 70.85936571324132 54.80270364172141
56.88910561706645 22.952791202687223 47.11089438293355 25.047208797312777
29.070141642128316 35.946419934227684 22.929858357871684 28.053580065772316
44.142559298191905 40.18544077389725 53.857440701808095 37.81455922610275
28.311636612975686 75.26240144129609 37.68836338702431 78.73759855870391
26.01688281349426 9.022379439872264 33.983117186505744 2.9776205601277357
30.67076033482655 21.01085165154648 31.32923966517345 30.98914834845352
2.244567204964188 49.94260268403039 3.755432795035812 40.05739731596961
49.27785388874003 49.305938563304466 52.72214611125997 58.694061436695534
95.85679011087952 5.188103454612821 86.14320988912048 2.811896545387179
