89.3125657104442 13.530173312858397 80.6874342895558 8.469826687141603
54.065438187012404 56.99957176602962 53.934561812987596 47.00042823397038
74.11660304683816 40.90983189516366 67.88339695316184 33.09016810483634
8.148546627527413 27.209710781436765 17.851453372472587 24.790289218563235
3.7674651668429955 67.05925135048517 2.2325348331570045 76.94074864951483
22.88533062549118 78.87416784544112 25.11466937450882 69.12583215455888
92.66645446012319 78.1811146212973 95.33354553987681 87.8188853787027
60.603614743900025 74.03656880364535 59.396385256099975 83.96343119635465
23.324939194971265 44.773078246802456 32.675060805028735 41.226921753197544
86.8948724488859 69.14554247026093 95.1051275511141 74.85445752973907
89.37748359226016 48.80651005960188 86.62251640773984 39.19348994039812
74.99892047829981 62.10389442542732 65.00107952170019 61.89610557457268
73.9700223702709 79.89276466655178 76.0299776297291 70.10723533344822
81.75032230044292 32.560268580057524 72.24967769955708 29.439731419942476
60.6006759968201 6.958004180864636 51.3993240031799 3.041995819135364
4.556546038274739 46.031070889288046 3.443453961725261 55.968929110711954
68.52797977842128 84.22159477782981 71.47202022157872 93.77840522217019
6.400099986035115 82.9638815430311 7.599900013964885 73.0361184569689
86.66127186283435 16.809017584422186 77.33872813716565 13.190982415577814
20.73268391433575 69.8128245051908 15.267316085664248 78.1871754948092
50.652994547225745 66.95717642628276 49.347005452774255 57.04282357371725
40.687939929046024 89.6237448141842 33.312060070953976 96.3762551858158
7.381796096464 31.74030419871221 12.618203903536 40.25969580128779
96.98944824337417 95.3246632512163 87.01055175662583 94.6753367487837
39.634790355299614 84.566590750723 32.365209644700386 91.433409249277
56.083429905669824 75.1187932189365 53.916570094330176 84.8812067810635
19.002878290713006 18.996166109594835 26.997121709286994 25.003833890405165
45.480404180468895 30.341381704194234 40.519595819531105 21.658618295805766
13.524080422070394 72.31613461594063 8.475919577929606 63.683865384059374
53.355254270393694 29.148963234480746 62.644745729606306 32.851036765519254
17.275019652489128 65.63540842471721 26.724980347510872 62.364591575282795
71.68234675754383 48.1767448820693 74.31765324245617 57.8232551179307
88.67605197598353 59.22953737178654 79.32394802401647 62.77046262821346
81.89645904271663 44.07560118434877 76.10354095728337 35.92439881565123
90.20705119527177 54.7019845003927 81.79294880472823 49.2980154996073
64.65504921164295 88.17502963388927 55.344950788357046 91.82497036611073
56.1488695733819 67.11610756974017 49.8511304266181 74.88389243025983
30.48024847164779 76.02708753859717 31.51975152835221 85.97291246140283
69.92981447546329 66.83482287792842 60.07018552453672 65.16517712207158
84.77385126789257 87.32523244648507 81.22614873210743 96.67476755351493
52.91088261306264 21.122654175138734 61.08911738693736 26.877345824861266
27.999196256609373 88.08964813385019 18.000803743390627 87.91035186614981
85.39921919626802 75.26317608323856 88.60078080373198 84.73682391676144
3.1891818834936516 30.996419739669378 2.8108181165063484 21.003580260330622
86.92507318736904 2.1376461868475753 77.07492681263096 3.8623538131524247
95.57371452516928 33.254115193847284 92.42628547483072 42.745884806152716
49.831619175675534 88.65243712427129 46.168380824324466 79.34756287572871
44.595047800930104 87.01642560841434 45.404952199069896 96.98357439158566
26.961744330660224 82.38267253652447 17.038255669339776 83.61732746347553
35.37272043029177 82.25410414336483 40.62727956970823 73.74589585663517
42.954442217781484 69.32657419810013 33.045557782218516 70.67342580189987
5.735639159089118 12.389401099650534 14.264360840910882 17.610598900349466
62.063244365680546 36.91747585968025 69.93675563431945 43.08252414031975
52.01441015320834 40.01084828212382 45.98558984679166 47.98915171787618
95.34278246275802 14.95661831380444 96.65721753724198 5.043381686195558
78.59062813083172 56.96499329416166 77.40937186916828 47.03500670583834
32.148614233607056 36.884099433321325 25.851385766392944 29.115900566678672
17.582417454327842 51.99963746429015 8.417582545672158 56.00036253570985
26.998300985028415 95.86966480496825 17.001699014971585 96.13033519503175
63.48483525791414 57.78951301533571 54.51516474208586 62.21048698466429
15.020221484059661 33.55077184841215 24.97977851594034 34.44922815158785
67.56018746254685 3.700420770603074 76.43981253745315 8.299579229396926
40.06153055466974 34.000378615250746 39.93846944533026 43.999621384749254
32.98204068561108 57.423403598137625 23.01795931438892 56.576596401862375
41.807507442153494 7.7591841956159 34.192492557846506 14.2408158043841
85.00115590743779 64.89249307810238 94.99884409256221 65.10750692189762
36.833079160083855 61.78946980195936 29.166920839916145 68.21053019804063
59.89263337108035 44.08032463826791 58.10736662891965 53.91967536173209
46.51218073281706 17.2264904076561 49.48781926718294 26.7735095923439
95.86642116705002 58.924359284342245 94.13357883294998 49.075640715657755
39.61994838525836 57.98553515383577 40.38005161474164 48.01446484616423
40.87227227876147 2.877073982128617 31.12772772123853 5.122926017871383
36.130598626660415 20.07616600076371 37.869401373339585 29.92383399923629
3.4071218564368033 8.976226292300424 12.592878143563198 5.023773707699576
13.362823952025908 90.81068715214204 10.637176047974092 81.18931284785796
26.000835774307923 51.091416872406306 35.99916422569208 50.908583127593694
64.23249597732632 79.16424320669255 69.76750402267368 70.83575679330745
81.7517139076171 70.31689222995448 78.2482860923829 79.68310777004552
15.116803129906438 10.074424649711855 24.883196870093563 7.9255753502881445
65.69059410729263 46.17449938263985 68.30940589270737 55.82550061736015
3.343509742247628 35.76407512927026 8.656490257752372 44.23592487072974
94.71744942293259 27.69578188161125 91.28255057706741 18.30421811838875
44.31438931181436 55.047229261893335 45.68561068818564 64.95277073810666
75.87738968425504 23.89951380384734 66.12261031574496 26.10048619615266
6.839377200095477 96.92904107468785 5.160622799904523 87.07095892531215
62.00600715726434 10.754978599495834 71.99399284273565 11.245021400504166
56.03492017867227 17.589900303309136 65.96507982132773 16.410099696690864
23.445382688196432 12.483653065093495 30.554617311803568 19.516346934906505
62.9056727566975 95.03336935482267 53.0943272433025 96.96663064517733
84.51697160219582 25.224999814522896 87.48302839780418 34.775000185477104
