95.61639966638857 27.985263361554054 96.38360033361143 18.014736638445946
69.54071996850021 39.90671020456712 60.45928003149979 44.09328979543288
46.21972282790106 14.682151982213288 37.78027717209894 9.317848017786712
34.738424480734984 39.99315313681858 35.261575519265016 30.00684686318142
7.594568006597941 75.03547697300837 6.405431993402059 84.96452302699163
12.79399641903345 82.83686604389959 19.20600358096655 75.16313395610041
95.56874434187425 76.03245232800066 94.43125565812575 85.96754767199934
70.20277038460782 79.33417041571842 73.79722961539218 88.66582958428158
19.89481993822394 37.12367176750245 22.10518006177606 46.87632823249755
79.89637121795606 68.00107400779606 80.10362878204394 77.99892599220394
74.95332689704925 31.908275443306177 73.04667310295075 22.091724556693823
71.33842075767474 43.51442052442958 62.66157924232526 48.48557947557042
89.74810012722251 86.99365061393914 90.25189987277749 77.00634938606086
59.27489803594436 34.692975944282196 62.72510196405564 25.307024055717804
94.66959334660675 14.21257224556458 85.33040665339325 17.78742775443542
7.0221146135981245 58.53025849678078 16.977885386401876 59.46974150321922
59.13055179285183 96.1351097558833 68.86944820714817 93.8648902441167
29.962412119691297 71.59879752462409 26.037587880308703 62.401202475375904
55.97450043799054 4.495673327661616 46.02549956200946 5.504326672338384
17.472481269001037 65.45646904875215 24.527518730998963 72.54353095124785
54.39266107235884 70.98455788232557 53.60733892764116 61.015442117674425
30.045631274412393 87.03463366883699 23.954368725587607 94.96536633116301
32.602721006606345 67.62009717545887 41.397278993393655 72.37990282454113
85.97858264664207 80.97165389629279 78.02141735335793 87.02834610370721
47.77039710576767 88.99472546902831 48.22960289423233 79.00527453097169
62.17012540043242 82.24136734147723 53.82987459956758 87.75863265852277
33.56956558429166 24.71078880118688 28.43043441570834 33.28921119881312
50.71575604076384 25.99191399882227 51.28424395923616 16.00808600117773
2.853338716471814 62.997848583932274 3.146661283528186 53.002151416067726
32.293483472500895 2.3121901243393106 41.706516527499105 5.687809875660689
49.23170928746953 52.286333078958464 56.76829071253047 45.713666921041536
64.5561000922196 52.291670484521994 73.4438999077804 47.708329515478006
94.81256417184514 69.64381929969767 85.18743582815486 72.35618070030233
91.20944345423602 29.995611417982555 90.79055654576398 20.004388582017445
93.45508464690728 51.38580713260823 86.54491535309272 58.61419286739177
68.75013876739386 66.69296821525865 61.249861232606136 73.30703178474135
41.956341866643186 87.39861689262685 38.043658133356814 96.60138310737315
32.24561641775566 77.45215092696816 41.75438358224434 80.54784907303184
33.738692232944956 92.8382954350439 36.261307767055044 83.1617045649561
76.20914489877494 81.4854964960656 71.79085510122506 72.5145035039344
61.55022848139952 3.7197514538428096 70.44977151860049 8.28024854615719
9.732174124723596 65.54388444949788 14.267825875276404 74.45611555050212
45.08100651959629 74.10361663349556 54.91899348040371 75.89638336650444
12.283035239482524 38.44834239861108 7.716964760517476 29.55165760138892
68.99402273716936 24.99999642723163 69.00597726283064 15.000003572768371
83.00536599101079 63.231583929166774 92.99463400898921 62.768416070833226
67.44979842014598 60.072598751011405 76.55020157985402 55.927401248988595
50.79377144502789 56.743115257966444 43.20622855497211 63.256884742033556
23.82504830179923 86.77990598135663 16.17495169820077 93.22009401864337
33.29261610130695 54.314610777794826 42.70738389869305 57.685389222205174
12.328784220942314 26.73084382015724 5.671215779057685 19.26915617984276
16.042486290891365 23.349571046154967 25.957513709108635 24.650428953845033
24.90738544417448 12.99914218081955 25.09261455582552 3.0008578191804505
58.832182157689786 51.002817076411716 59.167817842310214 60.997182923588284
94.86076750086141 7.171724926153528 85.13923249913859 4.828275073846472
77.83876749000585 47.8738364727691 84.16123250999415 40.1261635272309
25.993011461071454 28.735733941624922 16.006988538928546 29.264266058375078
9.378100413974469 52.4470049882105 16.62189958602553 45.5529950117895
12.120319545383373 96.83248421777276 3.8796804546166275 91.16751578222724
82.48200830049171 53.65953518660844 77.51799169950829 62.34046481339156
44.80443879754668 21.336953718232223 41.19556120245332 30.663046281767777
77.05340500791654 8.271166696497216 86.94659499208346 9.728833303502784
64.52060315417575 14.863613536258885 55.479396845824255 19.136386463741115
46.83819448539128 47.20441306518245 39.16180551460872 40.79558693481755
11.998058497887943 14.139324268130588 2.0019415021120572 13.860675731869412
85.86616905201998 90.1872714859904 94.13383094798002 95.8127285140096
33.370940870613026 60.42793655304347 24.629059129386974 55.57206344695653
50.01075170864647 32.991958751130426 55.98924829135353 41.008041248869574
67.25405876597726 28.821506642425565 72.74594123402274 37.17849335757443
85.95382923399725 47.937431213210736 94.04617076600275 42.062568786789264
27.51523661924319 43.76487754173226 24.48476338075681 34.23512245826774
59.999205360196896 11.089139029490948 50.000794639803104 10.910860970509052
43.75913517384594 38.35140310234092 52.24086482615406 43.64859689765908
2.701573306435475 2.445880198570954 11.298426693564526 7.554119801429046
2.7223688241185475 79.99228614265836 3.2776311758814525 70.00771385734164
21.007071532918417 51.26582949912744 30.992928467081583 50.73417050087256
44.04400908632014 93.3380679313384 53.95599091367986 94.6619320686616
65.16982800267422 85.24091782867673 56.83017199732578 90.75908217132327
3.7311728110093907 31.946249722814308 2.2688271889906093 22.053750277185692
58.61283901814211 23.267268198856144 55.38716098185789 32.732731801143856
20.789217994768705 2.8502695295165914 15.210782005231296 11.149730470483409
79.50677147357354 24.326210440937654 74.49322852642646 15.673789559062346
34.09385026000671 48.03579321265416 43.90614973999329 49.96420678734584
77.68187588048458 40.823126455480065 80.31812411951542 31.176873544519932
2.0194127786571245 46.59099926580841 5.9805872213428755 37.40900073419159
12.020507964205192 19.452392601018275 21.979492035794806 18.547607398981725
71.02538120452714 3.5031578676003297 80.97461879547286 2.4968421323996703
29.26366608491578 17.397769977555352 38.73633391508422 20.602230022444648
81.64801024140614 89.58064022387292 74.35198975859386 96.41935977612708
96.97899391664612 33.54215769308534 87.02100608335388 34.45784230691466
