52.12556454885587 9.824839314584754 43.87443545114413 4.175160685415246
66.92124038150632 20.057875630604862 61.07875961849368 11.942124369395138
70.17221570938723 63.12354653250859 75.82778429061277 54.87645346749141
2.1703438476113295 10.706005622232361 11.82965615238867 13.293994377767639
2.1171021519162454 81.07856815653726 3.8828978480837546 90.92143184346274
49.288098400879385 93.76675044383543 42.711901599120615 86.23324955616457
92.12218567894507 85.17023230135403 83.87781432105493 90.82976769864597
47.715348889408936 72.23024310045159 54.284651110591064 79.76975689954841
11.639451001085222 27.70225747698521 18.36054899891478 20.29774252301479
94.80177061716373 92.60608503123643 85.19822938283627 95.39391496876357
86.53184803596514 15.887571686679319 77.46815196403486 20.11242831332068
35.91128293776518 83.06229007405453 26.088717062234824 84.93770992594547
47.77856637496158 83.17607983876863 54.22143362503842 90.82392016123137
81.36533221997405 35.43800627752606 72.63466778002595 30.561993722473943
71.49603954058853 2.8123920713563706 62.503960459411466 7.187607928643629
23.115225456761152 39.1601198194246 14.884774543238846 44.8398801805754
60.03598505104612 90.40120488765992 69.96401494895389 91.59879511234008
50.50823703211304 46.3253609087262 45.49176296788696 37.6746390912738
95.84203187158305 2.8001888965534176 88.15796812841695 9.199811103446581
21.020026088117262 34.5529431389998 30.979973911882738 35.4470568610002
76.18067406706524 43.85788964060646 69.81932593293476 36.14211035939354
12.38781453878501 66.60701220939929 7.61218546121499 75.39298779060071
44.298554057695235 52.00892141169529 43.701445942304765 61.99107858830471
29.9830221712243 96.41169168207175 20.0169778287757 95.58830831792825
19.745260252027634 81.42440324304515 10.254739747972366 84.57559675695485
35.56552860033441 89.6901377951168 44.43447139966559 94.3098622048832
49.11062999816168 33.045973701927316 58.88937000183832 30.954026298072687
31.997691752345474 14.848088352855973 22.002308247654526 15.151911647144027
3.463516432801488 76.97846889279455 2.536483567198512 67.02153110720545
74.02113091317634 66.0279697471935 81.97886908682366 59.9720302528065
4.095266613662717 61.999092344848336 3.9047333863372833 52.000907655151664
83.1501052586711 74.00225366676946 82.8498947413289 83.99774633323054
73.99429274231765 70.76116950774 64.00570725768235 71.23883049226
70.35603702727663 46.54542439167277 61.64396297272337 51.45457560832723
78.02920183737739 91.97793114928218 71.97079816262261 84.02206885071782
72.9561609683616 96.66065759337876 63.0438390316384 95.33934240662124
90.21617325454557 46.171654456982004 83.78382674545443 53.828345543017996
40.17740230584956 47.00314814889622 39.82259769415044 56.99685185110378
75.8793670824484 79.0916853368618 66.1206329175516 76.9083146631382
78.86838457394362 72.89781795666315 85.13161542605638 65.10218204333685
61.0569927675026 19.392970274193708 64.94300723249741 28.607029725806292
20.46745301303507 72.11092818706727 29.53254698696493 67.88907181293273
57.01661607096605 86.40728935150103 66.98338392903395 85.59271064849897
4.124865260036303 16.889567081180004 13.875134739963697 19.110432918819996
60.223731906509606 56.060626775892636 61.776268093490394 65.93937322410737
94.8556197249177 37.002085001106245 95.1443802750823 46.997914998893755
40.78095072002216 81.99519943675337 41.21904927997784 72.00480056324663
26.4954787905732 49.42485971958401 19.5045212094268 56.57514028041599
13.968308639322517 39.89240359499331 16.03169136067748 30.107596405006692
12.281025809713771 88.65265924842734 21.71897419028623 85.34734075157266
32.73137003995774 45.309332906212944 29.268629960042258 54.690667093787056
27.042486290891365 19.349571046154967 36.95751370910864 20.650428953845033
75.33401902608175 27.203163460124177 84.66598097391825 30.796836539875823
52.66550278965921 15.798077784658433 43.33449721034079 12.201922215341567
92.74362144320602 18.83957776278347 95.25637855679398 9.16042223721653
80.14399447545597 41.191306151078656 89.85600552454403 38.808693848921344
57.08467255334956 3.000716995537334 56.91532744665044 12.999283004462665
9.392134549147363 33.39063688988005 4.607865450852637 24.60936311011995
7.78274742450874 80.68603438446203 16.21725257549126 75.31396561553797
48.54355383351779 51.020877898956115 49.45644616648221 60.979122101043885
55.352453445423684 74.58014559780706 62.647546554576316 81.41985440219294
71.14057122726604 15.177264627314228 80.85942877273396 12.822735372685772
70.70157655539404 51.792686829418884 65.29842344460596 60.207313170581116
24.572765284600653 65.02232975845956 15.427234715399347 60.97767024154044
38.998500501222445 7.8775551582181365 29.001499498777555 8.122444841781864
87.55751738178505 58.212595285945866 90.44248261821495 67.78740471405413
43.24609348963966 66.45068631621818 52.75390651036034 69.54931368378182
67.02882803336993 32.0217842260289 60.971171966630074 39.9782157739711
56.62411945996455 61.01414863642901 57.37588054003545 70.98585136357099
93.3704122727862 75.7269909920915 96.6295877272138 66.2730090079085
30.61300498868255 62.32192104580248 37.38699501131745 69.67807895419752
33.999205360196896 30.089139029490948 24.0007946398031 29.910860970509052
20.227225311418298 47.28118441255551 27.772774688581702 40.71881558744449
22.03001613775407 4.547046989768739 31.96998386224593 3.452953010231261
9.213830096325564 54.44657445475891 18.786169903674434 51.55342554524109
5.290080870658045 38.16929701314993 2.709919129341955 47.83070298685007
74.52114960794272 50.222588393195714 83.47885039205728 45.777411606804286
12.976911663244255 96.47994822248165 3.0230883367557446 95.52005177751835
12.469170615885933 3.687819272281736 17.530829384114067 12.312180727718264
66.76312546249774 40.70775353998198 59.23687453750227 47.29224646001802
35.77413811027352 49.0602924999326 34.22586188972648 58.9397075000674
89.33403299806565 28.493222407182742 80.66596700193435 23.506777592817258
55.09761435797426 38.00095294709909 54.90238564202574 47.99904705290091
41.85038266056031 17.002239036154393 42.14961733943969 26.997760963845607
31.674393420199053 71.77535565591658 26.325606579800947 80.22464434408342
47.02567468018659 20.493949001914622 56.97432531981341 21.506050998085378
49.007915784957184 25.718761329258687 58.992084215042816 26.281238670741313
43.1299946959504 31.18164164602484 34.8700053040496 36.818358353975164
29.936419276414867 89.20516371029014 20.063580723585133 90.79483628970986
80.5812755148137 3.510807301538664 73.4187244851863 10.489192698461336
