46.51076155650885 13.560133886996331 39.48923844349115 6.439866113003669
60.39399653740489 12.671619193773186 53.60600346259511 5.328380806226815
80.43910250231629 75.9684397950556 81.56089749768371 66.0315602049444
2.0121724668652865 2.65132178200627 11.987827533134713 3.34867821799373
10.63636846638083 76.01324031983114 11.36363153361917 85.98675968016886
50.8091506801989 95.36823599395078 41.1908493198011 92.63176400604922
90.85986901233599 75.82172826718539 83.14013098766401 82.17827173281461
52.91714422174066 71.06350406446889 59.08285577825934 78.93649593553111
7.072340988145245 18.90589355603332 14.927659011854754 25.09410644396668
96.97952008131828 89.5479162027367 87.02047991868172 90.4520837972633
86.7730679473079 15.280847187084122 79.2269320526921 8.719152812915878
51.64212534838873 84.1424014831383 42.35787465161127 87.8575985168617
47.582852719550424 58.34991719769044 54.417147280449576 65.65008280230957
92.81068678628984 34.637174756538315 83.18931321371016 37.362825243461685
71.9248570588075 2.1364127430803945 62.075142941192496 3.8635872569196055
23.430645523200695 40.682807680027054 14.569354476799303 45.317192319972946
79.21948707404587 89.72773442143004 86.78051292595413 96.27226557856996
41.65766200065458 36.23518980569663 36.34233799934542 27.76481019430337
94.09279612031676 2.0713091037657883 87.90720387968324 9.928690896234212
26.11162858460147 35.94936928223349 35.88837141539853 38.05063071776651
71.7130850273742 29.33062001786859 62.286914972625794 32.66937998213141
5.42228154282429 73.20655497445298 2.5777184571757092 82.79344502554702
47.17521769365328 68.1376182739259 40.82478230634672 75.8623817260741
31.989448243374177 90.3246632512163 22.010551756625823 89.6753367487837
32.62379296274179 79.09722869537627 23.376207037258208 82.90277130462373
37.7402949522097 84.05510734355812 36.2597050477903 93.94489265644188
27.000880305006913 43.09382044090826 36.999119694993084 42.90617955909174
33.31590982666206 23.176268941152063 30.684090173337946 32.82373105884794
10.159199928446665 70.92879855945401 11.840800071553335 61.07120144054599
95.50093469088368 57.975031036811394 96.49906530911632 48.024968963188606
2.3986003019090676 96.96370007183513 3.6013996980909324 87.03629992816487
80.35471075764156 43.18702184057207 77.64528924235844 52.81297815942793
71.99770025416314 81.84836830958646 62.00229974583686 82.15163169041354
66.76690340383662 52.835357691969534 61.233096596163385 61.164642308030466
76.64610210155355 66.81320688113261 79.35389789844645 57.18679311886739
65.95827464604433 94.3553973825728 56.04172535395567 95.6446026174272
73.53759704361919 57.46653043638737 66.46240295638081 64.53346956361263
43.61223157099955 42.03762430851196 42.38776842900045 51.96237569148804
77.99125793641673 85.70445945767621 68.00874206358327 86.29554054232379
85.93688783733955 72.95187852532965 92.06311216266045 65.04812147467035
72.63293133650545 11.19051735949788 75.36706866349455 20.809482640502118
19.0914092809127 75.9517022394058 28.9085907190873 74.0482977605942
69.55802027308879 91.70460981405999 78.44197972691121 96.29539018594001
3.0025546266084886 13.840188423548923 12.99744537339151 14.159811576451077
60.48330257587732 43.02676928225676 61.51669742412268 52.97323071774324
96.5260500215078 19.685017811295104 91.4739499784922 28.314982188704896
56.758889971075604 84.16995517092192 51.241110028924396 75.83004482907808
8.821558018848357 51.872190611683656 3.178441981151644 60.127809388316344
8.798194694693304 38.853417765671594 11.201805305306696 29.146582234328402
8.200999497725434 91.40342230963044 17.799000502274566 88.59657769036956
8.419074021131632 45.510448576985056 15.580925978868368 52.489551423014944
23.871335453661 20.998344269307125 24.128664546339 11.001655730692875
63.711076492927006 17.168988077750722 66.288923507073 26.831011922249278
73.18584663473 25.496896095023715 68.81415336527 16.503103904976285
93.00201278973921 16.583453622284654 96.99798721026079 7.416546377715345
74.70549828422988 32.76115121269907 81.29450171577012 25.23884878730093
45.497757449449196 2.671168492743913 50.502242550550804 11.328831507256087
3.441156045539583 32.96867119404807 4.558843954460417 23.031328805951933
15.130335195031837 78.99830098502841 14.869664804968163 69.00169901497159
47.28359226071686 36.0515901593446 48.71640773928314 45.9484098406554
58.276820314170934 68.35939838614865 67.72317968582907 71.64060161385135
42.00521993982645 19.228412238053796 51.99478006017355 18.771587761946204
72.99442836509712 76.23597734194908 63.005571634902886 75.76402265805092
23.48221608102508 67.58805952640844 16.51778391897492 60.411940473591564
36.25365542069147 3.2034586261433984 29.746344579308523 10.796541373856602
91.31364334554222 48.17565121900244 88.68635665445778 57.82434878099756
28.809070814079888 67.27307635629397 37.19092918592011 72.72692364370603
58.48305237956598 36.21410057632163 49.51694762043402 31.78589942367837
53.84878818232004 44.13433341146005 56.15121181767996 53.86566658853995
85.34197159057213 86.40864022094127 92.65802840942787 79.59135977905873
19.877825356297645 53.09461583269685 26.122174643702355 60.90538416730315
38.98080952282838 16.43764882874528 29.01919047717162 15.562351171254718
26.019129353237687 48.43695262926497 35.98087064676231 47.56304737073503
15.820066089894084 8.743747894240043 24.179933910105916 3.2562521057599567
13.273605727768102 40.33376449796282 20.7263942722319 33.66623550203718
3.9499654924284844 37.09107287045376 2.0500345075715156 46.90892712954624
86.56062127453207 45.30041659963205 95.43937872546793 40.69958340036795
28.931308660991217 96.82595090049773 19.068691339008783 95.17404909950227
19.573924928462976 12.033048200708127 18.426075071537024 21.966951799291873
74.1362996103559 43.19090307512013 65.8637003896441 48.80909692487987
39.18891757117977 58.26998725609909 30.811082428820228 63.73001274390091
90.9972210228861 20.16667947811647 81.0027789771139 19.83332052188353
74.92582617604086 37.14195776127818 65.07417382395914 38.85804223872182
53.68237321913341 22.478472887089332 62.31762678086659 27.521527112910668
47.99966392304761 79.9420288297845 38.00033607695239 80.0579711702155
45.073092219818065 26.148190323145624 54.926907780181935 27.851809676854376
17.212786010306782 29.44311545514749 26.787213989693218 26.55688454485251
37.68913879849603 53.26449507968453 28.31086120150397 56.73550492031547
57.99899821454852 89.89991578076099 48.00100178545148 90.10008421923901
86.92014375527347 3.109952008348169 77.07985624472653 4.890047991651831
