87.8978772952738 9.994615496219799 78.1021227047262 12.005384503780201
71.77784302360573 46.157353501472414 66.22215697639427 37.842646498527586
31.77013127410745 5.498615236737582 22.22986872589255 2.501384763262418
50.868138069315656 8.075943106278636 49.131861930684344 17.924056893721364
25.85922170229361 83.35852451673819 22.14077829770639 92.64147548326181
35.69591144537608 58.173059660437175 38.30408855462392 67.82694033956282
48.976320884321424 87.98234969247545 43.023679115678576 96.01765030752455
77.06065824258707 57.22353171122258 86.93934175741293 58.77646828877742
5.077343156028394 36.94314444768045 10.922656843971605 45.05685555231955
49.461497853227705 70.39194891775352 42.538502146772295 77.60805108224648
38.79535803855978 54.145596873341546 33.20464196144022 45.854403126658454
68.97084308084905 66.53918370299468 59.02915691915094 65.46081629700532
95.27289811281958 81.22003466376978 88.72710188718042 88.77996533623022
75.87244276561931 32.524765210973314 80.12755723438069 23.475234789026686
96.9874884228908 15.353495730568596 87.0125115771092 14.646504269431404
18.852053915025245 20.812260889636878 11.147946084974754 27.187739110363122
50.84514451471841 76.12096830807111 57.15485548528159 83.87903169192889
15.644243836887746 58.58973777424079 20.355756163112254 67.41026222575921
47.44664309972902 22.28634318150891 38.55335690027098 17.71365681849109
30.707075881852774 12.050248117602044 29.292924118147226 21.949751882397955
55.74150189964262 43.413128947996896 46.25849810035738 46.586871052003104
3.9945860626675573 84.90008148543954 2.0054139373324427 75.09991851456046
20.78664692967522 58.692147080823176 29.21335307032478 53.307852919176824
71.47903554553808 78.65783662629345 66.52096445446192 87.34216337370655
53.89985057348803 70.91836039197955 52.10014942651197 61.081639608020446
69.37399681222313 59.55731196850021 76.62600318777687 66.44268803149978
61.996166109594796 9.997121709286962 68.0038338904052 2.0028782907130385
42.5347536838947 43.249794509840406 51.4652463161053 38.750205490159594
28.92027768329011 92.89065145227495 37.07972231670989 87.10934854772505
23.62698864895409 38.105012917603396 14.37301135104591 41.894987082396604
50.19590441008537 31.38588078959296 59.80409558991463 28.61411921040704
81.49836477067905 31.024898739186707 80.50163522932095 40.97510126081329
83.91740487917616 25.113407358246512 92.08259512082384 30.886592641753488
57.089438198461714 23.065541784243052 62.910561801538286 14.934458215756946
75.73575300721244 74.60394621315004 66.26424699278756 71.39605378684996
86.83504525598067 50.23356692105685 95.16495474401933 55.76643307894315
56.99325626979186 77.00506669131336 63.00674373020814 84.99493330868664
55.061104435539114 52.779301355926314 64.93889556446089 51.220698644073686
23.93538226212461 63.44617154512269 28.06461773787539 72.55382845487732
74.44133265200466 85.29572129010978 79.55866734799534 76.70427870989022
16.858403202615733 14.102381153827142 11.141596797384267 5.897618846172858
2.134073030848124 67.90287141921468 7.865926969151876 76.09712858078532
41.07269448467083 59.38637957233348 44.92730551532917 68.61362042766652
15.997445373391507 54.15981157645125 6.002554626608494 53.84018842354875
47.99999642723163 36.00597726283073 38.00000357276837 35.99402273716927
90.32489807324762 75.22419574374646 95.67510192675238 66.77580425625354
87.2545898186345 96.31238623552925 94.7454101813655 89.68761376447075
12.897373727457849 37.92093231425017 19.102626272542153 30.07906768574983
41.2359736646235 90.34358754847517 32.7640263353765 95.65641245152483
41.021385052598674 4.461945024339617 50.978614947401326 3.5380549756603834
18.18097208411145 75.74216564632422 9.819027915888551 70.25783435367578
12.984411923720323 15.6054904631385 3.015588076279678 16.3945095368615
35.377221889497235 3.2706669387668335 38.622778110502765 12.729333061233167
24.007206577433887 31.731646055403388 33.99279342256611 32.26835394459661
56.46629554310272 36.689507948609716 61.53370445689728 45.310492051390284
85.74686338574863 31.53643915718405 90.25313661425137 40.46356084281595
63.956437853205905 56.94102110924317 72.0435621467941 51.05897889075683
3.8345590724387835 91.76570097425552 12.165440927561217 86.23429902574448
35.46163932143368 72.35204915541766 30.53836067856632 63.64795084458235
88.83729923371943 3.1273621570086965 95.16270076628057 10.872637842991303
64.71186117364483 80.20069148770504 59.28813882635516 71.79930851229496
87.11629550590189 21.927885074105422 96.88370449409811 24.072114925894578
70.1487766077074 12.002213938052263 69.8512233922926 21.997786061947735
83.9418492057295 86.08950918199955 82.0581507942705 95.91049081800045
2.3947094058433667 40.73239400600302 7.605290594156633 49.26760599399698
86.1736383588961 78.50280982107122 81.8263616411039 69.49719017892878
24.669493939006966 79.2123125682667 15.330506060993034 82.7876874317333
45.200580729194066 54.598010462586615 54.799419270805934 57.401989537413385
14.163410186850747 48.732167605974325 23.836589813149253 51.267832394025675
86.65802840942784 44.59135977905869 79.34197159057216 51.40864022094131
81.6421874203275 62.54857806152265 90.3578125796725 67.45142193847735
22.00757563370987 9.994307049728986 15.99242436629013 2.0056929502710137
27.37327348321105 45.72797640006543 30.62672651678895 36.27202359993457
2.2103943154842023 27.738269055258304 9.789605684515799 34.26173094474169
15.548309675755906 96.97955578852012 16.451690324244094 87.02044421147988
3.006636568444814 63.74247011744766 12.993363431555185 64.25752988255233
34.42717773412079 79.49784806079934 41.57282226587921 72.50215193920066
60.95731859842341 94.34808565460995 51.04268140157659 95.65191434539005
2.082280961980431 21.903349026179743 11.91771903801957 20.096650973820257
40.95174047354473 48.03574381952546 35.04825952645527 39.96425618047454
55.37985158150621 12.730234571567468 58.62014841849379 3.2697654284325326
50.89400092184036 26.53483934476082 55.10599907815964 17.46516065523918
35.5123438266361 27.97368111194394 34.4876561733639 18.02631888805606
74.00561140197436 18.23681750761187 83.99438859802564 17.76318249238813
66.42371192878647 31.505695543932116 73.57628807121353 38.49430445606789
7.737168866020662 11.184245045272466 2.262831133979338 2.8157549547275353
71.66011233789717 7.483017333875811 80.33988766210283 2.516982666124189
23.36380267504357 17.04063986347853 24.63619732495643 26.95936013652147
47.999445848783935 82.0744392710676 38.000554151216065 81.9255607289324
73.99957601977071 26.065112383873466 64.00042398022929 25.934887616126534
