95.79061652759493 29.995613932389453 96.20938347240507 20.004386067610547
68.22863388352751 43.668080860671786 59.77136611647249 38.331919139328214
63.43743045674365 16.30417250690218 54.56256954325635 11.69582749309782
32.01901741113392 47.564325294040394 41.98098258886608 48.435674705959606
2.2643316277569427 66.81477377467968 7.735668372243057 75.18522622532032
10.79399641903345 87.83686604389959 17.20600358096655 80.16313395610041
95.4819620583879 54.023282952158674 94.5180379416121 63.976717047841326
66.77646828877744 66.06065824258707 65.22353171122256 75.93934175741293
18.679948307147804 38.48262967144584 27.320051692852196 43.51737032855416
93.774513544393 78.15250756090082 96.225486455607 87.84749243909918
79.57456332095533 26.28621321289451 74.42543667904467 17.71378678710549
71.64540294653803 55.422139295436686 64.35459705346197 48.577860704563314
88.28502300399508 79.19867835290631 93.71497699600492 70.80132164709369
62.35706450090921 34.7223683619374 65.64293549909078 25.2776316380626
94.7567405719585 12.459409486241093 85.2432594280415 15.540590513758907
4.20857534704961 27.004352261757926 3.79142465295039 36.99564773824207
59.00001129855073 96.01062945810756 68.99998870144927 95.98937054189244
10.542256707892903 54.52879829621753 3.4577432921070965 47.47120170378247
72.96494108341649 7.40893313559032 63.03505891658351 8.591066864409681
21.070241246873326 70.94827028931128 26.929758753126674 79.05172971068872
61.00659096983655 64.58544659095085 64.99340903016345 55.41455340904915
25.045631274412393 89.03463366883699 18.954368725587607 96.96536633116301
20.160710052163076 55.13659047839815 17.839289947836924 64.86340952160185
82.95464683466295 96.67191870324045 73.04535316533705 95.32808129675955
52.8150615657036 86.34728694734419 43.1849384342964 83.65271305265581
65.97710176958054 81.52202722332942 56.02289823041945 82.47797277667058
29.060536417543155 39.22430707262307 38.939463582456845 40.77569292737693
41.19659428901953 33.84470869525998 34.80340571098047 26.155291304740018
13.245347382077156 67.94272186414148 14.754652617922844 58.057278135858525
35.441964082947166 14.055312282563483 44.558035917052834 9.944687717436517
50.28352263910238 51.19770779684946 55.71647736089762 42.80229220315054
50.407066357061574 59.97609730316206 59.592933642938426 56.02390269683794
91.75849914466085 67.29752697935645 84.24150085533915 60.702473020643545
91.902659897169 44.91784557606711 90.097340102831 35.08215442393289
92.96574461082952 49.58427772507397 83.03425538917048 48.41572227492603
61.38391616440629 71.31908823899977 54.61608383559371 78.68091176100023
34.115736070619334 83.46969527741453 29.88426392938067 92.53030472258547
30.345214421534425 65.58788300677716 37.65478557846558 72.41211699322284
38.06492563754263 78.9114222574626 29.93507436245737 73.0885777425374
78.92332762593001 72.94362777947161 73.07667237406999 81.05637222052839
67.16739122905629 13.282923406520437 76.83260877094371 10.717076593479563
17.331319763235456 74.50206703280374 8.668680236764542 79.49793296719626
78.87086781120463 86.18037815169234 87.12913218879537 91.81962184830766
9.927430211430545 39.99947333484108 10.072569788569455 30.000526665158922
76.71172190280038 29.350092613088773 69.28827809719962 22.649907386911227
80.64158935232626 52.5496415310726 89.35841064767374 57.4503584689274
68.10018651757997 60.99590553643151 77.89981348242003 59.00409446356849
53.37462765677412 70.59987005968193 48.62537234322588 79.40012994031807
21.7164475052007 81.80227288267938 16.2835524947993 90.19772711732062
41.88922714711228 62.15367841733205 50.11077285288772 67.84632158266794
14.628623373842856 31.986188865410547 15.371376626157144 22.013811134589453
18.181254687981955 13.665948420073596 27.818745312018045 16.334051579926403
19.090845421208186 3.9487893978788886 28.909154578791814 2.0512106021211114
60.94433074682102 43.95884713808988 55.05566925317898 52.04115286191012
95.84189449656897 5.7525795880718125 86.15810550343103 8.247420411928188
75.44381720004988 53.787002391146274 72.55618279995012 44.212997608853726
26.01114306752327 33.99161839695462 19.98885693247673 26.008381603045382
14.78911434301605 50.99555074438029 15.21088565698395 41.00444925561971
12.307866765025068 94.53816546639348 3.692133234974932 89.46183453360652
86.94164521708383 68.76167089249392 77.05835478291617 67.23832910750608
29.55105922334699 24.214545933168708 32.44894077665301 33.78545406683129
79.00996701223615 3.3155483814385898 88.99003298776385 2.6844516185614102
50.81362983250676 19.766390948086883 43.18637016749324 26.233609051913117
46.448151140019746 49.97987555624626 45.551848859980254 40.02012444375374
37.977783084834364 6.529175658725144 28.022216915165636 7.470824341274856
90.75854330374538 83.00583353663158 91.24145669625462 92.99416646336842
44.71946455233419 74.19577317649534 39.28053544766581 65.80422682350466
46.44608151601441 30.70145369023937 51.55391848398559 39.29854630976063
67.18627354914072 37.64795057179931 76.81372645085928 40.35204942820069
96.86642116705002 46.924359284342245 95.13357883294998 37.075640715657755
22.34254688215738 66.71729256694492 25.65745311784262 57.28270743305508
59.726981359138136 5.629615669524748 50.273018640861864 2.3703843304752525
51.34940440250199 26.760384100118955 56.65059559749801 35.239615899881045
2.615054296249827 2.597449027561975 11.384945703750173 7.402550972438025
5.695080753393658 85.70390276679635 2.3049192466063424 76.29609723320365
20.523720128370094 46.40618889560111 27.476279871629906 53.59381110439889
37.20324498513811 96.41107807275053 46.79675501486189 93.58892192724947
70.65235269563338 85.16816638434796 61.347647304366625 88.83183361565204
4.210143487382977 21.995582019615984 3.7898565126170234 12.004417980384016
54.79390265656449 21.513003843183416 59.20609734343551 30.486996156816584
13.53734768575577 14.242210377380966 10.46265231424423 23.757789622619036
89.44357097034752 29.980285613723872 88.55642902965248 20.019714386276128
38.17306105963651 52.695906266404684 47.82693894036349 55.304093733595316
81.3239455388768 41.98949489305699 80.6760544611232 32.01050510694301
6.350004092888125 64.81430046311874 3.649995907111875 55.18569953688126
33.05100858435165 21.712379089978732 42.94899141564835 20.287620910021268
41.81734758731228 3.2603980590900457 50.18265241268772 8.739601940909955
40.021458005231814 16.4627305980045 49.978541994768186 15.537269401995497
76.9495392418281 90.29143716326377 67.0504607581719 91.70856283673623
85.97784783423094 34.00004907208563 86.02215216576906 43.99995092791437
