95.22163683674617 15.679138372430163 86.77836316325383 10.320861627569837
77.62769881247168 48.893252149357885 68.37230118752832 45.106747850642115
44.968439795055595 3.5608974976837997 35.031560204944405 2.4391025023162003
46.95132581226416 23.304031106437478 37.04867418773584 24.695968893562522
9.98420064560316 88.97904895511772 2.0157993543968398 95.02095104488228
31.01291232281519 72.3591051379073 40.98708767718481 71.6408948620927
65.11472176371545 89.08866923737747 58.885278236284556 96.91133076262253
62.04103010413893 70.39973512207068 65.95896989586107 79.60026487792932
18.801999597885857 14.064739455206958 17.198000402114143 23.935260544793042
57.52393982427236 63.45290990882565 50.47606017572764 70.54709009117435
78.0084908740835 40.99361774091566 71.9915091259165 33.00638225908434
40.332656626785564 66.4225233816808 35.667343373214436 57.577476618319196
71.09705320059072 87.99905797888513 70.90294679940928 78.00094202111487
59.87244276561931 59.524765210973314 64.12755723438069 50.475234789026686
95.99033217466827 27.012847346914086 88.00966782533173 20.987152653085914
26.738875550936065 46.16165677902309 29.261124449063935 55.83834322097691
44.24144348088829 92.46502773496734 53.75855651911171 95.53497226503266
35.60330322713977 67.46643993937356 28.39669677286023 60.53356006062644
64.95136320662847 3.936223113654849 57.04863679337153 10.06377688634515
7.548972841162193 50.21517814497602 10.451027158837807 59.78482185502398
47.07079053927887 60.90321621401467 38.92920946072113 55.09678378598533
30.17861628267085 79.85958527921586 23.82138371732915 72.14041472078414
24.917765466925452 63.91504898731631 23.082234533074548 54.08495101268369
63.757644273806335 84.70149889926796 56.242355726193665 91.29850110073204
45.64121026528932 73.95871449023713 44.35878973471068 64.04128550976287
63.93015525700748 65.09545807950097 72.06984474299252 70.90454192049903
33.57021693177696 10.630085327906661 38.42978306822304 19.369914672093337
56.70993587977342 26.44472792477232 61.29006412022658 17.55527207522768
8.564797680463098 73.78959228974617 11.435202319536902 64.21040771025383
50.85216384718486 14.133535968869126 53.14783615281514 23.866464031130874
86.00333167279098 42.18249829551591 95.99666832720902 41.81750170448409
65.84121440526361 61.224301461431175 74.15878559473639 66.77569853856882
88.97649256145694 66.09628077094342 87.02350743854306 75.90371922905658
79.20944345423602 29.995611417982555 78.79055654576398 20.004388582017445
85.01059078437753 63.422061086277346 80.98940921562247 72.57793891372265
96.13897855222659 81.00193187701278 95.86102144777341 90.99806812298722
54.27255257609758 75.54629314066672 49.72744742390242 84.45370685933328
20.00294526957447 68.17159260220609 29.99705473042553 67.82840739779391
15.617395007792451 65.01466015000604 16.382604992207547 74.98533984999396
52.80083523094327 88.84257007488819 59.19916476905673 81.15742992511181
33.78637143070575 29.151642355760767 28.213628569294254 20.848357644239233
20.877570166269813 77.12761339091894 23.122429833730187 86.87238660908106
38.82228751154077 83.2528708869491 47.17771248845923 88.7471291130509
12.982232656519088 35.42113864262822 3.0177673434809114 34.57886135737178
67.6899459150474 27.952168679912813 66.3100540849526 18.047831320087187
86.44322347601255 83.5141628815995 93.55677652398745 76.4858371184005
87.43303681470226 96.96775127663584 88.56696318529774 87.03224872336416
19.44090274621892 51.29747313338486 10.55909725378108 46.70252686661514
21.980266187851758 95.55621097564212 12.019733812148242 96.44378902435788
44.739578095622676 14.790731988080474 51.260421904377324 7.2092680119195265
20.128964958936987 63.89994593369504 13.871035041063013 56.10005406630496
24.22031574481524 26.995143738931496 23.77968425518476 17.004856261068504
2.7169231521926465 6.420222351485186 11.283076847807354 11.579777648514813
31.628239099280773 43.191853576350034 34.371760900719224 52.808146423649966
74.25637855679415 17.16042223721657 71.74362144320585 26.83957776278343
68.49779632316951 58.17489357264533 77.50220367683049 53.82510642735467
49.34499826380114 48.4118854477229 56.65500173619886 41.5881145522771
3.9635850155910206 71.99986739313259 4.036414984408979 62.00013260686741
15.419549619035703 90.79425477828364 12.580450380964297 81.20574522171636
90.08382314480744 48.11514497384442 81.91617685519256 53.88485502615558
57.80443879754668 47.33695371823222 54.19556120245332 56.66304628176778
89.6791734109728 27.262071326842907 96.3208265890272 34.73792867315709
80.5205897892951 3.236828084911119 77.4794102107049 12.763171915088881
79.4234035981377 58.017959314388925 78.5765964018623 67.98204068561107
26.98391716362152 32.400711499908404 17.01608283637848 31.599288500091596
81.15425969829602 89.9976198280263 80.84574030170398 80.0023801719737
42.99291296232147 77.26612055666973 33.00708703767853 76.73387944333027
39.310069719675894 49.26663507428498 48.689930280324106 52.73336492571502
57.31089878071581 14.735606451735967 66.6891012192842 11.264393548264033
94.57677401520544 49.71511544209625 89.42322598479456 58.28488455790375
42.76210774672405 45.8099939312518 49.23789225327595 38.1900060687482
30.98080952282838 3.4376488287452815 21.01919047717162 2.5623511712547185
15.78696475667186 44.83097957774918 22.21303524332814 37.16902042225082
11.975454566465295 21.000060248193726 12.024545433534705 30.999939751806274
3.938358983569097 87.91115896891509 2.061641016430903 78.08884103108491
30.007071532918417 39.26582949912744 39.99292846708158 38.73417050087256
34.08544394740525 95.07959856263456 43.91455605259475 96.92040143736544
83.39374063063373 96.38642897877108 74.60625936936627 91.61357102122892
3.746710472432928 46.796854915561354 10.253289527567071 39.203145084438646
66.44781105809078 32.71592977526405 57.552188941909215 37.28407022473595
13.952465731628225 3.6878104223171597 4.047534268371775 2.3121895776828403
71.09508329110558 11.999095835023823 70.90491670889442 2.000904164976177
31.125830958598755 35.114664144864115 40.874169041401245 32.885335855135885
84.58463156917178 27.965702964166077 83.41536843082822 18.034297035833923
45.15569145104389 30.761987608094813 54.84430854895611 33.23801239190519
4.01667978370451 28.999972178404153 3.98332021629549 19.000027821595847
86.00240060730903 3.15492033493005 95.99759939269097 2.84507966506995
25.634285547003323 11.302437800267683 32.36571445299668 18.697562199732317
36.999445848783935 91.0744392710676 27.000554151216065 90.9255607289324
90.08301406364642 34.1139999729616 81.91698593635358 39.8860000270384
