59.62272818331961 17.905356697089186 50.37727181668039 14.094643302910814
63.520066668362944 14.550933771598709 56.479933331637056 7.449066228401291
89.46674811522283 36.310758041026304 94.53325188477717 27.689241958973696
3.2724411139694585 5.627939488775203 12.727558886030542 2.372060511224797
10.613757645772388 85.26758135191832 7.386242354227611 94.73241864808168
53.98853145834393 87.33845810540306 44.01146854165607 86.66154189459694
84.8038126455405 73.75484833056663 77.1961873544595 80.24515166943337
55.168726275068025 73.00284766651029 54.831273724931975 82.99715233348971
18.442043006576302 9.703855679822336 23.557956993423698 18.296144320177664
83.33289163691745 82.57760058221777 78.66710836308255 91.42239941778223
90.32976121782399 25.500633479066327 81.67023878217601 20.499366520933673
39.99634591075902 96.19112179373805 30.00365408924098 95.80887820626195
59.284633598679605 87.16784556153847 56.715366401320395 96.83215443846153
88.500949524446 41.82251214047258 79.499050475554 46.17748785952742
68.23773470433504 9.653602188662509 59.76226529566497 4.346397811337491
47.99802807215223 45.85958849769951 38.00197192784777 46.14041150230049
84.39333287294698 91.0561332400267 93.60666712705302 94.9438667599733
41.042373318342825 29.563848291576015 36.957626681657175 20.436151708423985
79.66127186283435 8.809017584422186 70.33872813716565 5.190982415577814
37.06334216446049 40.206646727613524 46.93665783553951 41.793353272386476
68.39391056531743 44.613883920679484 59.60608943468257 49.386116079320516
6.254126308474466 62.15983810163418 3.745873691525534 71.84016189836582
46.242141948318405 67.19362172308713 39.757858051681595 74.80637827691287
12.912691155521085 80.93030404194806 3.0873088444789154 79.06969595805194
23.678595794893226 90.38643366652794 16.321404205106774 83.61356633347206
34.2481996030295 79.19878975339708 27.751800396970502 86.80121024660292
22.036474112536602 43.39716439680398 31.963525887463398 44.60283560319602
34.718236297455604 8.051855234432075 33.281763702544396 17.948144765567925
14.766136568896878 72.99452779505657 15.233863431103122 63.00547220494343
95.7193280025244 74.947986178718 94.2806719974756 65.052013821282
2.7136395511967413 95.83169502304881 5.286360448803259 86.16830497695119
72.34910322562227 60.28040893293188 75.65089677437773 69.71959106706812
70.74816314222493 79.5668269766687 61.25183685777508 76.4331730233313
69.47852979155536 50.77676566548844 60.52147020844463 55.22323433451156
89.36437435375986 69.69878158421972 82.63562564624014 62.301218415780276
51.97619842651227 93.48728761525085 42.02380157348773 92.51271238474915
75.33158556578866 53.50252798088721 66.66841443421134 58.49747201911279
34.12758720758277 55.12880434705239 31.87241279241723 64.8711956529476
71.64851676515376 85.84154605809479 62.35148323484624 82.15845394190521
90.9839213034939 61.57552474471445 95.0160786965061 52.42447525528555
92.3542365764599 5.29202252041108 85.6457634235401 12.70797747958892
22.958107339453576 69.89024127052025 25.041892660546424 60.10975872947975
75.0041253732428 95.7969317510697 84.9958746267572 96.2030682489303
4.6625446276677485 10.512736263878299 13.33745537233225 15.487263736121701
66.58031204868479 33.71724507689126 61.41968795131521 42.28275492310874
81.8145268138822 33.650803365550665 72.1854731861178 36.349196634449335
47.984661369554736 80.608654844327 38.015338630445264 81.391345155673
9.793771445027891 52.743115257966444 2.2062285549721086 59.256884742033556
22.398635605568984 32.963704349083514 23.601364394431016 23.036295650916482
17.443021675510543 77.05765608159703 26.556978324489457 72.94234391840297
2.574672397125532 49.327332294116445 11.425327602874468 44.672667705883555
28.784121914193193 22.99533749130811 29.215878085806807 13.00466250869189
65.52285923273503 21.59297816367202 72.47714076726497 14.407021836327981
72.34473806840467 24.236694947080878 77.65526193159533 15.763305052919122
93.34949845105008 22.466143390866172 84.65050154894992 17.533856609133828
81.6604763714428 51.48365349378567 90.3395236285572 46.51634650621433
54.12756773752832 27.877768362758804 63.87243226247168 30.122231637241196
12.618644392032788 25.259425025525772 7.381355607967213 16.740574974474228
19.781353853619997 62.99521709865279 20.218646146380003 53.00478290134721
47.71157851548486 28.5544261214991 52.28842148451514 37.4455738785009
54.8472768013589 68.78476031921385 63.1527231986411 63.215239680786155
38.99678971678642 11.418826726565852 43.00321028321358 20.581173273434146
72.97731825995825 74.5924081372234 69.02268174004175 65.4075918627766
35.665228351280156 75.40089710708398 28.33477164871984 68.59910289291602
32.572164662821 3.501480367113408 25.427835337179 10.498519632886591
88.18282479964142 78.77057691069017 95.81717520035858 85.22942308930983
23.280535447665905 47.8042268235046 28.719464552334095 56.1957731764954
57.26155345689712 59.78975844188023 50.73844654310288 52.21024155811977
46.02136354035467 55.40815965428215 49.97863645964533 64.59184034571784
95.60180198610533 90.95535635644173 86.39819801389467 87.04464364355827
17.031352476050422 40.00009829874171 16.968647523949578 49.99990170125829
51.0946831638082 9.869419765044086 42.9053168361918 4.130580234955914
35.12805968937463 68.63636058492605 38.87194031062537 59.363639415073955
12.941071781440797 9.955117969631528 19.058928218559203 2.0448820303684716
5.634668434512344 30.56199255059442 14.365331565487656 35.438007449405575
2.5723182509031863 17.628917602572308 7.427681749096814 26.371082397427692
95.12150520084259 45.9985234305911 94.87849479915741 36.0014765694089
20.62637427965423 96.44229713764838 13.37362572034577 89.55770286235162
32.182614589648296 26.067264340049817 33.817385410351704 35.93273565995018
89.75035842696728 53.43984141340023 80.24964157303272 56.56015858659977
59.59104436806274 36.52086212595636 52.40895563193726 43.47913787404364
79.99355096392289 41.25386762437297 70.00644903607711 40.74613237562703
39.93681137772693 51.79239726195004 30.06318862227307 50.20760273804996
76.06551364728615 26.19325069886564 85.93448635271385 27.80674930113436
39.543841267471116 86.91349418020786 30.456158732528884 91.08650581979214
50.21362612931313 20.554100567118866 59.78637387068687 23.445899432881134
21.000458033252354 39.0676766040007 30.999541966747646 38.9323233959993
11.919267510454011 40.10512170626862 2.080732489545989 41.89487829373138
71.59749822511378 92.03454583618044 62.40250177488622 95.96545416381956
87.99613199346702 2.8033655578103307 78.00386800653298 3.1966344421896693
