93.69227319113953 20.371515784034283 86.30772680886047 13.628484215965717
77.77784302360573 40.157353501472414 72.22215697639427 31.842646498527582
41.97747208870886 4.474100839615652 32.02252791129114 3.5258991603843484
44.87182683685466 20.875142999442705 35.12817316314534 23.124857000557295
19.876343907190073 85.84184263957756 12.123656092809927 92.15815736042244
38.000952842368534 68.09760899434349 47.999047157631466 67.90239100565651
73.83506079334023 75.34891927776506 70.16493920665977 84.65108072223494
62.91714422174066 68.06350406446889 69.08285577825934 75.93649593553111
15.894819938223938 15.12367176750245 18.10518006177606 24.87632823249755
63.1360118211466 58.19047936200221 54.8639881788534 63.80952063799779
81.42340828265296 38.373453131744874 76.57659171734704 29.626546868255122
48.93833185392308 63.60899876589993 45.06166814607692 54.39100123410007
76.53238049504965 94.97157631023508 75.46761950495035 85.02842368976492
65.2634224008453 45.18463176920081 70.7365775991547 36.81536823079919
90.3277625716859 23.504090877567094 81.6722374283141 18.495909122432906
31.529591952153073 48.65292235206994 36.47040804784693 57.34707764793006
48.70869860559662 91.43392666854753 57.29130139440338 96.56607333145247
38.33487744288586 63.49175391143655 29.665122557114138 58.50824608856345
61.423352393946786 3.668915788958876 52.576647606053214 8.331084211041123
7.135784546377294 71.13070914154736 4.864215453622706 80.86929085845264
55.85835617251597 58.1801081186035 48.14164382748403 51.8198918813965
35.16499056535408 84.86238593517997 32.83500943464592 75.13761406482003
25.74567365307472 63.94408442516005 24.25432634692528 54.05591557483995
66.62906470040743 82.74699884774627 61.370935299592574 91.25300115225373
51.77039710576767 78.99472546902831 52.22960289423233 69.00527453097169
73.88841439497133 67.086173864033 80.11158560502867 74.913826135967
36.78103986188804 9.173997434756972 43.21896013811196 16.82600256524303
54.18532959665072 25.132508986137786 59.81467040334928 16.867491013862214
11.895654766932857 86.91912619664005 10.104345233067143 77.08087380335995
50.71465466820749 12.008148836190703 51.28534533179251 21.991851163809297
70.12995685976497 46.13255455155583 79.87004314023503 43.86744544844417
59.008189065118465 54.28604823089325 68.99181093488153 53.71395176910675
87.56003502665462 63.21183742177247 90.43996497334538 72.78816257822753
74.9857993299202 23.588747216974205 71.0142006700798 14.411252783025796
85.40193354570792 58.61471605913563 80.59806645429208 67.38528394086437
96.67666444676712 83.28950147723756 93.32333555323288 92.71049852276244
60.502527129082594 74.6713330033132 55.497472870917406 83.3286669966868
20.712667199428292 73.57269847769652 29.287332800571708 68.42730152230348
18.42269714449005 54.255306574498185 21.57730285550995 63.744693425501815
57.076672374070135 88.05637222052849 62.923327625929865 79.94362777947151
28.06918790092771 30.947161718095543 21.93081209907229 23.052838281904457
25.35116299073429 78.01234678892583 24.64883700926571 87.98765321107417
42.25363027877369 84.42774859852945 51.74636972122631 87.57225140147055
11.833411389613094 41.27989622187051 2.1665886103869054 38.72010377812949
59.881492961365105 36.52900959672801 64.1185070386349 27.47099040327199
87.09537782427681 81.12312754540231 94.90462217572319 74.87687245459769
86.08570218071769 94.61903278393767 89.91429781928231 85.38096721606233
24.9692806157942 49.55339873643875 15.0307193842058 48.44660126356125
27.779166496242286 92.53045326675357 18.220833503757714 95.46954673324643
43.243740371779886 9.300077818083036 50.756259628220114 2.699922181916964
17.75864745485036 65.29735792872823 10.241352545149638 58.702642071271775
21.08863491104069 18.620247125068914 24.91136508895931 9.379752874931086
2.1269482179993116 18.119538445047745 11.873051782000688 15.880461554952257
39.628239099280776 53.191853576350034 42.371760900719224 62.808146423649966
67.43858086938008 19.031619120903272 68.56141913061992 28.968380879096728
78.01741862109915 48.416992569035216 87.98258137890085 47.583007430964784
49.061541238516355 38.08034780245555 56.938458761483645 31.919652197544455
2.5441669248541032 70.35532822035486 7.455833075145897 61.64467177964514
15.433437734255087 83.96779701668999 16.566562265744913 74.03220298331001
87.36300099695671 52.55782426910866 78.63699900304329 57.44217573089134
56.6227462578319 42.038932866977476 55.3772537421681 51.961067133022524
89.81164819820813 28.148453195401807 96.18835180179187 35.85154680459819
81.23597734194914 4.005571634902887 80.76402265805086 13.994428365097113
75.78565838384786 52.847879172218356 70.21434161615214 61.152120827781644
20.075474435357616 31.103362617318744 11.924525564642384 36.896637382681256
80.32858014416433 88.98919182722622 79.67141985583567 79.01080817277378
47.78282205785389 72.54239471635623 38.21717794214611 75.45760528364377
38.01051246463876 48.324058844154614 47.98948753536124 47.675941155845386
56.2264904076561 12.487819267182935 65.7735095923439 9.512180732817065
90.45667243234507 55.2441467622606 93.54332756765493 64.7558532377394
45.39798593577792 36.26960452613477 50.60201406422208 27.730395473865233
22.94120926506813 4.923172164559558 15.058790734931868 11.076827835440442
20.627472891155293 41.42507869612888 29.372527108844707 36.57492130387112
10.931037910902857 25.387940526548263 7.068962089097143 34.61205947345174
5.2457257154335295 96.99395823698744 4.7542742845664705 87.00604176301256
39.037777384196815 43.613471035348375 48.962222615803185 42.386528964651625
32.06703211141311 96.81598272663743 41.93296788858689 95.18401727336257
71.96777740404413 96.56673420919209 62.03222259595587 95.43326579080791
5.233680214802352 57.1650299934123 10.766319785197648 48.8349700065877
68.2017743297522 33.15960403846948 61.79822567024781 40.84039596153052
15.664981237459637 2.2005695195008075 6.335018762540363 5.7994304804991925
75.70361108170599 12.95024559448322 74.29638891829401 3.0497544055167802
33.241528024812965 35.535234334347564 42.758471975187035 32.464765665652436
83.67120599332951 33.95474343579146 82.32879400667049 24.045256564208543
35.057060490091935 27.75322573070086 44.942939509908065 26.24677426929914
2.902037467068485 32.53856290144971 7.097962532931515 23.46143709855029
86.0000383681104 8.980412258122179 95.9999616318896 9.019587741877821
28.941624894964434 7.443346411348584 33.058375105035566 16.556653588651415
41.97393363799585 90.50988642344483 32.02606636200415 89.49011357655517
91.45732282945856 36.38794811043575 84.54267717054144 43.61205188956425
