52.99013396917226 2.686052600404026 43.00986603082774 3.313947399595974
72.45755820574571 16.611826581368565 65.54244179425429 9.388173418631435
82.03272651152736 10.571134039185896 91.96727348847264 9.428865960814104
19.410068156534752 40.65669730327623 12.589931843465246 33.34330269672377
13.99947613044095 96.07237693797875 4.000523869559049 95.92762306202125
39.498497188295964 84.1825496665353 30.501502811704036 79.8174503334647
78.98234969247545 91.02367911567858 87.01765030752455 96.97632088432142
49.339295656269044 81.59423375614396 56.660704343730956 88.40576624385604
20.904264735093623 16.97374915050904 11.095735264906377 15.026250849490959
65.99635605993964 94.8091437129556 56.00364394006036 95.1908562870444
58.49429085606507 14.808801765907546 49.50570914393493 19.191198234092454
52.69274745383153 90.72572342354088 43.30725254616847 87.27427657645912
75.25189987277741 80.00634938606086 74.74810012722259 89.99365061393914
87.92678736912549 63.14749415284963 78.07321263087451 64.85250584715037
78.08253768535198 15.999318706633609 77.91746231464802 6.000681293366391
32.00197192784777 53.14041150230044 41.99802807215223 52.85958849769956
79.52797977842128 77.22159477782981 82.47202022157872 86.77840522217019
28.43615170842402 7.042373318342907 37.56384829157598 2.9576266816570933
92.40606366398833 22.36359958302623 83.59393633601167 17.63640041697377
59.22179881423719 60.5273176077732 68.77820118576281 63.4726823922268
41.330620017868625 62.28691497262578 44.669379982131375 71.71308502737422
3.697052715810679 78.00918614422434 4.302947284189321 87.99081385577566
23.075655070758152 87.11707401563855 20.924344929241848 96.88292598436145
11.445162763240202 47.36132767185218 6.5548372367597985 38.63867232814782
24.68104691343836 81.42972421063956 29.31895308656164 72.57027578936044
27.450717041987488 59.925385682123796 36.54928295801251 64.0746143178762
32.53884520335966 39.24269451894279 29.461154796640347 48.75730548105721
43.84808835285603 20.002308247654522 44.15191164714397 29.997691752345478
17.418305601460947 91.96604788808045 18.581694398539053 82.03395211191955
94.42728728328545 96.64056340115508 87.57271271671455 89.35943659884492
2.7463154950820505 33.993560270184446 3.2536845049179495 24.006439729815554
85.15413617062336 78.80479556117415 92.84586382937664 85.19520443882585
69.8457014632667 91.9279599262807 68.1542985367333 82.0720400737193
35.065541784243 69.91056180153836 26.934458215756997 64.08943819846164
84.36080160992839 56.55389916012319 75.63919839007161 61.44610083987681
34.313323952224714 87.00982684659517 33.686676047775286 96.99017315340483
55.92399301163242 70.05815005263851 62.07600698836758 77.94184994736149
28.52553292770353 87.02769518815475 27.47446707229647 96.97230481184525
64.42694185924756 52.497607113842655 71.57305814075244 45.502392886157345
95.03373773956022 36.04551868368615 86.96626226043978 41.95448131631385
95.19963892721489 30.2865090969341 86.80036107278511 35.713490903065896
34.95351275402775 46.93699522781088 43.04648724597225 41.06300477218912
72.64083416934531 68.55098524690999 81.35916583065469 73.44901475309001
8.912685657706097 30.879906503218216 17.0873143422939 25.120093496781784
65.35009261308883 19.288278097199687 58.64990738691116 26.711721902800313
72.2823031205999 39.34369804863408 81.7176968794001 42.65630195136592
60.026652400385395 34.98014875252005 65.9733475996146 43.01985124747995
8.421370248822525 82.03359409521812 9.578629751177475 91.96640590478188
96.999091667151 46.90469783097233 87.000908332849 47.09530216902767
17.34734075157264 64.28102580971378 20.65265924842736 73.71897419028622
25.804538420018055 21.065152694285786 24.195461579981945 30.934847305714214
17.001655730692875 11.871335453661086 26.998344269307125 12.128664546338914
69.51731795419485 35.973166208188466 68.48268204580515 26.026833791811534
75.21122710251669 35.93739175235223 76.78877289748331 26.062608247647773
72.74171143209603 9.316563818008317 65.25828856790397 2.6834361819916825
41.188528607907884 37.360052588350584 50.811471392092116 34.639947411649416
86.34372794075135 29.282543415419795 79.65627205924865 36.717456584580205
21.573004069660968 61.20795632169365 24.426995930339032 70.79204367830634
13.686488052449672 58.744414316477446 20.313511947550328 51.255585683522554
77.65953518660844 46.51799169950829 86.34046481339156 51.48200830049171
53.99828064159259 77.00128894161008 48.00171935840741 68.99871105838992
50.00145374072963 6.879437593196687 59.99854625927037 7.120562406803313
45.29279749888247 61.31410421037571 54.70720250111753 64.68589578962428
13.489712289348894 84.97389248500191 14.510287710651106 75.02610751499809
11.968807926595613 5.442373073999646 2.0311920734043873 6.557626926000354
90.30894085044844 56.29464996491038 93.69105914955156 65.70535003508962
9.091708293752601 53.00084111186122 8.908291706247399 62.99915888813878
70.71946737041397 72.65125035642629 61.28053262958604 69.34874964357371
56.266150783810716 80.67458723903894 63.733849216189284 87.32541276096106
93.99701827885102 69.82734913603204 84.00298172114898 70.17265086396796
43.90538416730313 8.877825356297631 36.09461583269687 15.122174643702369
35.59800282296083 9.528058801482103 28.401997177039167 16.471941198517897
19.34652866953806 46.71493551275925 12.653471330461938 39.28506448724075
4.013952053022934 70.37326380811136 13.986047946977067 69.62673619188864
12.447757556386513 20.284174406565025 3.552242443613488 15.715825593434975
3.0278266088898675 11.526774874815002 12.972173391110132 10.473225125184998
78.3842010075564 21.077917883815424 87.6157989924436 24.922082116184576
47.999815870554194 94.95709008792332 38.000184129445806 95.04290991207668
35.74691942684436 24.05610362469009 34.25308057315564 33.94389637530991
59.732731801143885 52.61283901814203 50.267268198856115 49.38716098185797
75.27415251454255 51.22112115680924 68.72584748545745 58.77887884319076
59.710485267508375 18.648537769927383 52.289514732491625 25.351462230072617
24.599068498445018 48.96398196352191 23.400931501554982 39.03601803647809
48.15382424846749 42.19482896073066 55.84617575153251 35.80517103926934
33.409000734191665 75.01941277865697 42.590999265808335 78.98058722134303
18.09507404596822 3.970412997370422 27.90492595403178 2.029587002629578
30.542118743956973 25.02947615764188 29.457881256043027 34.97052384235812
4.549547660251059 52.96970797624092 3.4504523397489413 43.03029202375908
45.55144709318882 46.020160616064885 46.44855290681118 55.979839383935115
96.81236727297356 6.356879224549129 87.18763272702644 3.643120775450871
