46.97206993926245 22.03688333618656 39.02793006073755 15.96311666381344
49.06107865798463 17.953453863349235 42.93892134201537 10.046546136650765
87.5276291033973 7.235598032567827 96.4723708966027 2.764401967432173
6.873129769279329 32.63588016103087 3.1268702307206713 23.364119838969135
17.90527359346812 95.03134579274938 8.09472640653188 96.96865420725062
50.836866043899526 91.20600358096662 43.163133956100474 84.79399641903338
84.78464649261758 84.00463986614997 85.21535350738242 93.99536013385003
52.04103010413893 81.39973512207068 55.95896989586107 90.60026487792932
27.557356638990314 13.212643721955228 30.442643361009686 22.787356278044772
62.750198577387316 93.43935478875322 53.249801422612684 96.56064521124678
77.93832721682449 31.7828948202476 68.06167278317551 30.2171051797524
35.95362814084137 95.32061186184592 26.04637185915863 96.67938813815408
66.13970383282879 71.19592222353539 57.86029616717122 76.80407777646461
87.86823225690897 46.14031341866658 78.13176774309103 43.85968658133342
70.86401038524654 12.098468557058832 65.13598961475346 3.9015314429411685
34.55654603827474 46.031070889288046 33.44345396172526 55.968929110711954
71.09390336994912 96.9644769860413 80.90609663005088 95.0355230139587
48.89553742773241 38.53555258837607 53.10446257226759 29.46444741162393
88.48586804490594 14.208390337710203 79.51413195509406 9.791609662289797
43.006272562245606 46.25037227765661 52.993727437754394 45.74962772234339
52.6909316507508 50.565115180921204 57.3090683492492 59.434884819078796
13.394588018578098 80.01559428862431 12.605411981421902 89.98440571137569
27.6168292044299 84.08039376508536 18.3831707955701 87.91960623491464
9.892037411899542 60.91978345618703 8.107962588100458 51.08021654381297
25.375665697190016 79.39956958067431 20.624334302809984 70.60043041932569
34.99490240888554 66.41520290754076 31.005097591114463 75.58479709245924
27.731769950658585 46.00719991982152 28.268230049341415 55.99280008017848
39.84808835285603 32.002308247654526 40.15191164714397 41.997691752345474
5.331724710205552 73.9551395678679 6.668275289794448 64.0448604321321
95.66966611757849 96.22763324102901 90.33033388242151 87.77236675897099
11.790078669145588 47.93718297175233 10.209921330854412 38.06281702824767
76.01394157208844 64.3731237776558 85.98605842791156 63.626876222344194
64.99994765988123 64.02287790305557 55.00005234011877 63.977122096944434
58.86362645553856 68.82629701892843 51.13637354446144 75.17370298107157
95.37396584287337 54.985995341791245 94.62603415712663 45.014004658208755
41.18663458805169 79.14703231232954 34.81336541194831 86.85296768767046
64.37491906633466 44.27145773424437 67.62508093366534 53.72854226575563
38.6541172322842 59.01197783575521 39.3458827677158 68.98802216424478
71.92073285624681 64.0855060273282 70.07926714375319 73.9144939726718
93.93198972185691 35.99953743881041 94.06801027814309 26.000462561189593
94.14314811120698 9.073966622050573 95.85685188879302 18.926033377949427
19.85347810945732 65.79398572137553 28.14652189054268 60.206014278624465
69.16304992412222 92.26645724896893 78.83695007587778 89.73354275103107
3.106228040049859 13.97481903841041 12.89377195995014 16.02518096158959
60.70178410008689 7.049495068493999 59.29821589991311 16.950504931506
89.92143086398966 22.10199612813256 82.07856913601034 15.898003871867441
48.65357604841781 58.04290020789025 47.34642395158219 67.95709979210976
3.682084842903845 83.01011724056681 4.317915157096155 92.98988275943319
62.874465662940565 33.09114252410933 57.125534337059435 24.90885747589067
2.9737276995383706 34.000069023853584 3.0262723004616294 43.999930976146416
25.02265301868804 28.0000513161889 24.97734698131196 37.9999486838111
21.004662508691887 7.78412191419328 30.995337491308113 8.21587808580672
75.16914725563208 26.997138101544937 74.83085274436792 17.002861898455063
68.03302002035042 23.892123223872762 65.96697997964958 14.107876776127238
54.41564019813436 17.79541060071253 51.58435980186564 8.204589399287471
87.7239049062186 58.40866622201255 96.2760950937814 63.59133377798745
82.7878777526459 29.149148563657178 85.2121222473541 38.85085143634282
18.99492106166918 19.77469223783102 9.005078938330817 20.22530776216898
14.166982395193296 63.65188633357143 17.833017604806706 54.34811366642857
72.18880373368104 45.33957425926855 75.81119626631896 54.66042574073145
61.00101540248034 84.89923793491005 70.99898459751967 85.10076206508995
33.51049420230772 12.024019285203604 34.48950579769228 21.975980714796396
76.63943559416845 83.44652366892187 85.36056440583155 78.55347633107813
16.803430255513486 77.66343642751765 13.196569744486514 68.33656357248235
19.956115258837443 3.6610004093180866 10.043884741162557 2.3389995906819134
95.32419183185208 77.04588218550825 96.67580816814792 86.95411781449175
23.2661205566698 47.00708703767853 22.7338794433302 56.99291296232147
77.98948753536123 58.67594115584534 68.01051246463877 59.32405884415466
44.26439354826402 72.31089878071582 47.73560645173598 81.68910121928418
90.93815231660963 74.78399725634911 81.06184768339037 73.21600274365089
21.297843132713243 41.55928869014855 16.702156867286757 50.44071130985145
45.99688826643425 4.176373616994604 36.00311173356575 3.8236263830053963
27.20501250799212 70.14584670719016 32.794987492007884 61.85415329280984
2.070060983801702 63.912760265487435 3.929939016198298 54.087239734512565
23.477127670446546 19.223171151778498 20.522872329553454 28.776828848221502
12.057389209451948 7.924968267764694 19.942610790548052 14.075031732235306
88.01486250508944 32.41096642785213 91.98513749491056 41.58903357214787
30.745257501606037 86.68744113310213 23.254742498393963 93.31255886689787
57.46904336385665 32.652147096853966 52.53095663614335 41.347852903146034
89.36538867049357 50.56209480177626 80.63461132950643 55.43790519822374
70.29876135475752 36.29754436167087 79.70123864524248 39.70245563832913
88.83164784747589 26.28653763177826 79.16835215252411 23.71346236822174
47.99658206837184 52.184844891801006 38.00341793162816 51.815155108198994
60.40725930079866 38.023454308673955 69.59274069920134 41.976545691326045
39.02452044803772 88.96758143853297 46.97547955196228 95.03241856146703
38.75094417456095 22.364563680848562 47.24905582543905 27.635436319151438
29.80940570631911 32.14381989338796 32.19059429368089 41.85618010661204
13.986926661557371 35.896292721124496 16.013073338442627 26.103707278875504
58.69352158564185 48.17370596080013 61.30647841435815 57.82629403919987
84.65991769352271 3.187497009769662 75.34008230647729 6.812502990230338
