71.9184640514858 13.105742983122308 64.0815359485142 6.894257016877692
76.93354577828073 12.611008644894603 73.06645422171927 3.3889913551053974
86.43736030015184 21.5082186888884 93.56263969984816 14.4917813111116
33.88579551061805 45.146520816657755 26.114204489381947 38.853479183342245
11.921431843462733 91.1171021519162 2.0785681565372673 92.8828978480838
46.83229723392521 81.28409635269273 37.16770276607479 78.71590364730727
79.15995007417966 92.7454416252854 88.84004992582034 95.2545583747146
65.22266613064937 89.72406519609186 72.77733386935063 96.27593480390814
20.628359481634266 20.891636463162566 11.371640518365734 17.108363536837434
64.67374349516709 96.77654770309813 55.326256504832905 93.22345229690187
55.938556083423265 7.218550186587117 46.061443916576735 8.781449813412882
60.56093577620681 90.0488691625667 51.43906422379319 85.9511308374333
79.20643014321745 83.16349042270627 72.79356985678255 90.83650957729373
83.69297594428217 63.725101964055725 74.30702405571783 60.274898035944275
77.12824858285703 25.09304822817144 82.87175141714297 16.90695177182856
29.070153897659267 56.83463609269903 38.92984610234073 55.16536390730097
87.36796597385498 78.1907725054459 84.63203402614502 87.8092274945541
35.06305595590514 4.791570278292667 44.93694404409486 3.2084297217073328
94.48403694981016 35.33930414144685 89.51596305018984 26.660695858553147
55.16745281162344 44.283155357746615 64.83254718837655 41.716844642253385
49.43361956477959 69.03218224945806 50.56638043522041 78.96781775054194
5.084443114401113 77.11901822051874 2.915556885598887 86.88098177948126
25.37990282454114 81.60272100660634 20.62009717545886 90.39727899339366
12.384767177106248 45.402876776401925 3.615232822893753 40.597123223598075
19.678282452653058 80.73713694365719 26.321717547346942 73.26286305634281
37.56552860033441 59.6901377951168 46.43447139966559 64.3098622048832
29.644674427134923 20.012641607296693 30.355325572865077 29.987358392703307
49.643549715654416 27.187511805095127 52.356450284345584 36.81248819490487
15.550332099556103 87.9696211706928 14.449667900443897 78.0303788293072
96.88726466126116 90.08211988748891 91.11273533873884 81.91788011251109
5.301826684437204 32.82755085770075 2.698173315562796 23.17244914229925
86.94061830707521 72.0808528178341 95.05938169292479 77.9191471821659
71.4399649733455 82.78816257822749 68.5600350266545 73.21183742177251
39.470800396889345 65.23873710184426 30.529199603110655 60.761262898155735
67.59259984422103 59.02312704736471 58.40740015577897 62.97687295263529
34.18274876741109 84.06724210782326 35.81725123258891 93.93275789217674
56.71566740084023 74.4223083621626 65.28433259915977 79.5776916378374
28.48024847164779 85.02708753859717 29.51975152835221 94.97291246140283
67.08857774253728 48.064925637542544 72.91142225746272 39.935074362457456
96.3637315682528 41.55912990918526 87.6362684317472 46.44087009081474
91.37869237479595 39.586071026955466 82.62130762520405 44.413928973044534
31.62574497634719 51.42196056698868 40.374255023652815 46.57803943301132
55.000344274798934 70.05867392490852 64.99965572520107 69.94132607509148
11.174194838718797 31.3082830524591 20.825805161281203 28.6917169475409
61.719721041804966 18.658791330797587 54.280278958195034 25.341208669202413
75.54844665193161 45.38243459140849 82.45155334806839 52.61756540859151
72.26189574150864 22.05477987308988 73.73810425849136 31.94522012691012
9.595047800930105 72.01642560841434 10.404952199069895 81.98357439158566
78.70120737361911 56.70254199073892 69.29879262638089 53.29745800926108
23.148238778528714 59.00219795664731 22.851761221471286 68.99780204335269
25.367335150759644 29.595942293296122 20.632664849240356 38.40405770670388
20.88062741956297 12.833861242817576 29.11937258043703 7.166138757182424
70.20441441420927 34.85277095264602 67.79558558579073 25.14722904735398
79.28362032221685 33.69617299529021 82.71637967778315 24.30382700470979
91.01653067337185 10.977831652371073 82.98346932662815 5.022168347628926
39.12394290947809 42.10637572730559 48.87605709052191 39.89362427269441
85.71399067328227 35.652422774785876 78.28600932671773 42.347577225214124
29.426812996323484 65.03296298998927 30.573187003676516 74.96703701001073
15.025444176694261 57.01895728442564 20.97455582330574 48.98104271557436
86.00004305712457 68.02075016606612 95.99995694287543 67.97924983393388
53.80256918649632 61.39116110099302 44.19743081350368 58.60883889900698
51.02203995655586 2.5310503162666254 60.97796004344414 3.4689496837333746
53.04047118878815 48.63488106820064 62.95952881121185 47.36511893179936
16.576596401862464 71.98204068561108 17.423403598137536 62.01795931438891
17.716018936408055 3.3389264340672185 8.283981063591945 6.6610735659327815
88.29785536009321 50.6393266946623 95.70214463990679 57.3606733053377
14.776463885666459 49.72306232585101 7.22353611433354 56.27693767414899
82.9196753617321 74.89263337108028 73.0803246382679 73.10736662891972
54.656352157884285 78.52356639021284 63.343647842115715 83.47643360978716
77.85103129298676 68.21140224304862 68.14896870701324 65.78859775695138
43.2400068709003 14.156201597906861 40.7599931290997 23.84379840209314
34.75586236062332 13.456700545322974 25.24413763937668 16.543299454677026
17.65757208148002 43.40912986974358 10.342427918519979 36.59087013025642
2.20051507298617 65.4017647574993 11.799484927013829 62.59823524250071
11.333764497962926 26.726394272231804 4.666235502037074 19.273605727768196
3.0926586852585363 11.95812380235099 12.907341314741464 10.04187619764901
65.12055930909395 15.908643713570003 74.87944069090605 18.09135628643
49.96777740404413 94.56673420919209 40.03222259595587 93.43326579080791
46.31218072771825 31.469170615885908 37.68781927228175 36.53082938411409
66.96077325556796 37.3749170400325 57.03922674443205 38.6250829599675
64.66498123745964 52.20056951950081 55.335018762540365 55.79943048049919
54.404266570886676 15.33790099610299 47.595733429113324 22.662099003897012
25.164149326927983 52.99730477342228 24.835850673072017 43.00269522657772
59.44690779941848 27.517887976352686 66.55309220058152 20.482112023647314
36.409000734191665 70.01941277865697 45.590999265808335 73.98058722134303
18.070237255926763 9.091434096870575 25.929762744073237 2.9085659031294258
38.161800343909356 29.12662697571552 31.838199656090644 36.873373024284476
2.591185935641181 57.983259080238795 3.408814064358819 48.016740919761205
45.44272335525147 45.24869602617126 48.55727664474853 54.75130397382874
95.92783712170784 3.8464167424609643 86.07216287829216 2.1535832575390357
