92.79061652759493 23.995613932389453 93.20938347240507 14.004386067610548
67.89522935640905 51.98180083080414 58.10477064359096 54.01819916919586
44.945838115404335 15.733951862327269 35.054161884595665 14.266048137672731
38.24029580606578 30.649507780147275 29.75970419393422 25.350492219852725
15.375879974344402 71.03910550469216 16.624120025655596 80.96089449530784
20.66178459596198 88.41958694046393 25.33821540403802 79.58041305953607
92.49909014565112 87.23059022423965 95.50090985434888 96.76940977576035
68.34550829905892 82.76282242410883 73.65449170094108 91.23717757589117
21.93281642199585 11.000451383690068 22.06718357800415 20.99954861630993
75.774513544393 76.15250756090082 78.225486455607 85.84749243909918
73.53744194600478 42.781309855959314 76.46255805399522 33.218690144040686
67.439102364832 70.75011563780578 70.560897635168 61.24988436219423
90.92572982740737 96.85859517083979 81.07427017259263 95.14140482916021
69.54831101252486 39.97955590977686 70.45168898747514 30.020444090223137
76.45717574929333 19.734258545219372 67.54282425070667 24.265741454780628
23.569354476799276 60.317192319972904 32.430645523200724 55.682807680027096
43.640614854144594 83.0129324932443 44.359385145855406 92.9870675067557
37.93992147195548 64.77277153862784 28.060078528044524 63.227228461372164
39.76094025709935 3.472437278429859 30.23905974290065 6.527562721570141
16.961580509449412 67.05192130051772 25.038419490550588 72.94807869948228
62.073799913493545 84.549654263655 57.926200086506455 75.450345736345
38.86238593517999 83.83500943464601 29.13761406482001 86.16499056535399
54.01489206389752 62.61438508145032 63.98510793610248 63.38561491854968
87.87047124673107 84.83464815095888 80.12952875326893 91.16535184904112
51.45239110559293 77.30228880029432 56.54760889440707 68.69771119970568
77.46321591922835 63.64884298889824 72.53678408077165 72.35115701110176
47.12088679813652 4.36654194207152 50.87911320186348 13.633458057928479
58.93283428607818 21.611306932157156 55.06716571392182 12.388693067842844
8.833210094991058 74.5061093537054 13.166789905008942 65.4938906462946
9.080132186024105 4.8915720346691325 18.919867813975895 3.1084279653308675
57.006439729815554 58.746315495082136 66.99356027018445 59.253684504917864
70.98863609902617 56.577599289787095 75.01136390097383 47.422400710212905
95.5197866751721 58.68135726047811 90.4802133248279 67.31864273952189
83.07858361971822 31.616076157688997 86.92141638028178 22.383923842311003
96.99176255443398 52.713108731135264 87.00823744556602 53.286891268864736
86.84003709575038 72.35088573099537 83.15996290424962 81.64911426900463
45.85566673499958 79.11243413964318 52.14433326500042 86.88756586035682
30.652187492078664 78.71377858949688 37.34781250792134 71.28622141050312
20.741885766747153 64.37922469933618 29.258114233252847 69.62077530066382
65.80980165676941 79.66096749217957 62.19019834323059 70.33903250782043
26.19051735949788 12.367068663494534 35.809482640502125 9.632931336505466
16.220184857499245 86.06118553258715 17.779815142500755 95.93881446741285
39.57191153464101 76.32207505110293 48.42808846535899 71.67792494889707
12.992357081621025 40.72364738179564 3.0076429183789752 41.27635261820436
60.78459167375317 30.850029133983618 63.21540832624683 21.149970866016382
74.35287711860137 59.84506068333301 83.64712288139863 56.15493931666699
80.7520349570302 71.80141066969173 87.2479650429698 64.19858933030827
47.99990429613067 58.030935893942775 38.00009570386933 57.969064106057225
35.14034848633109 89.10921455430937 28.859651513668904 96.89078544569063
31.483092223115957 47.55406242051157 38.51690777688404 40.44593757948843
11.932783377966395 61.61132827001687 8.067216622033605 52.38867172998313
17.259086907404786 32.588629298628 26.740913092595214 29.411370701372
3.0036029886290954 17.004797984475115 10.996397011370904 10.995202015524887
44.15014260164422 52.783906576116095 53.84985739835578 55.216093423883905
88.97653543712481 17.48383369357763 79.02346456287519 16.51616630642237
85.12394290947809 38.10637572730559 94.87605709052191 35.89362427269441
46.38067612893856 32.805593972338826 43.61932387106144 23.194406027661177
13.586845442650771 53.79614367977473 16.413154557349227 44.20385632022527
11.304693987097666 88.99070752240867 10.695306012902334 79.00929247759133
87.27511247076654 48.40704543767224 78.72488752923346 53.59295456232776
51.07200813195352 20.94699326170636 56.92799186804648 29.05300673829364
86.08561763549021 9.921328375442322 95.91438236450979 8.078671624557678
60.02268174004187 3.4075918627765516 63.97731825995813 12.592408137223448
64.9642291885586 47.59701638458483 55.035770811441395 46.40298361541517
25.9583192213285 36.35574034783766 16.0416807786715 37.64425965216234
94.54405322286696 77.97916785581909 95.45594677713304 68.02083214418091
51.96218684566408 67.61376030233174 42.03781315433592 66.38623969766826
53.420558526860084 31.508925847197464 60.579441473139916 38.49107415280254
66.76529635362714 5.187298553500141 73.23470364637286 12.812701446499858
85.03704439862625 42.6075127149229 94.96295560137375 41.3924872850771
31.611787456311916 39.396578951634716 40.388212543688084 34.603421048365284
17.598002822960833 10.528058801482103 10.401997177039167 17.471941198517897
42.80600546764653 38.27779319988558 51.19399453235347 43.72220680011442
9.270370563964002 25.164076238171887 6.729629436035998 34.83592376182811
6.766390384388809 90.94091547981914 5.233609615611191 81.05908452018086
17.365639007166923 56.87688523573159 26.634360992833077 53.12311476426841
2.070129238125891 95.16550957392023 11.92987076187411 96.83449042607977
55.50403075282003 96.56675882045471 48.49596924717997 89.43324117954529
3.0809960810416888 75.91481757514349 4.919003918958311 66.08518242485651
64.89688331491456 32.00106341816012 65.10311668508544 41.99893658183988
5.620148418493956 2.2697654284325885 2.3798515815060437 11.730234571567411
80.46933748310528 11.77923083359047 77.53066251689472 2.2207691664095304
33.21545922956346 51.45195372379098 42.78454077043654 48.54804627620902
80.14961733943984 46.99776096384561 79.85038266056016 37.00223903615439
22.325606579801097 49.224644344083515 27.674393420198903 40.775355655916485
11.223742142226513 34.67385365867374 14.776257857773487 25.326146341326258
83.18832928872564 5.3593472574234085 92.81167071127436 2.640652742576592
26.021458005231814 19.4627305980045 35.978541994768186 18.5372694019955
66.75922990579139 92.53288313443034 57.240770094208614 89.46711686556966
96.5586723610903 28.946099733621082 87.4413276389097 33.05390026637892
