57.11939391313042 23.907605611461427 50.88060608686958 16.092394388538573
58.45565589225661 17.97028062511213 59.54434410774339 8.029719374887868
84.18322693877454 11.341155202298648 93.81677306122546 8.658844797701352
25.86834370697522 40.924020634253736 24.13165629302478 31.075979365746267
15.703533923474318 95.69610395634415 6.2964660765256815 92.30389604365585
43.24571538736469 84.6408144292045 34.75428461263531 79.3591855707955
87.73823460752897 86.38516621187192 96.26176539247103 91.61483378812808
39.55846894122165 63.019533121871596 40.44153105877835 72.9804668781284
39.6704340956461 12.604721874497088 32.3295659043539 19.395278125502912
55.99949737389317 95.07089434699103 46.00050262610683 94.92910565300897
61.96264155651077 32.61007276745678 52.03735844348923 31.389927232543222
39.926900220333295 95.14814659777652 30.073099779666705 96.85185340222348
59.72854131414699 86.00737442001957 60.27145868585301 95.99262557998043
93.52476521097327 58.12755723438077 84.47523478902673 53.87244276561923
76.02936577987968 11.569647090471353 71.97063422012032 2.4303529095286462
42.1586300698316 58.351413464259096 45.8413699301684 67.6485865357409
72.12576957723503 93.88560429568648 81.87423042276497 96.11439570431352
40.24766680250336 27.55413293510284 49.75233319749664 24.44586706489716
96.89453311205624 13.978459195633842 87.10546688794376 16.021540804366158
58.24822840908369 53.44415079530159 67.7517715909163 56.55584920469841
53.086244033353616 54.38074268955221 56.913755966646384 63.61925731044779
2.349649104476655 64.04247605021499 3.650350895523345 73.95752394978501
33.56155234527853 67.49067743120683 26.438447654721475 74.50932256879317
18.65067864419023 35.7196673626024 15.349321355809773 26.2803326373976
20.52776126990879 72.31397994459283 15.47223873009121 63.68602005540718
29.463215919228347 58.64884298889823 24.536784080771653 67.35115701110176
23.80225052808996 45.50890912375188 28.19774947191004 54.49109087624812
48.48345399613236 4.225132018436643 45.51654600386764 13.774867981563357
18.159199928446665 89.92879855945401 19.840800071553335 80.07120144054599
96.3845398640405 86.40329153051385 87.6154601359595 81.59670846948615
3.3567683322940574 31.98725539320698 2.6432316677059426 22.01274460679302
83.04496794017984 64.94096070541833 90.95503205982016 71.05903929458167
85.19637891434697 90.84488775335745 78.80362108565303 83.15511224664255
60.710309149347516 69.6771963861078 51.289690850652484 66.3228036138922
96.90157024103398 55.126939342916344 89.09842975896602 48.873060657083656
49.118905690094174 70.09200469597286 42.881094309905826 77.90799530402714
64.71566740084023 75.4223083621626 73.28433259915977 80.5776916378374
27.630588762756922 79.27335422452974 24.369411237243078 88.72664577547026
73.17598443213672 57.87387153950997 78.82401556786328 66.12612846049004
96.89781795666309 40.131615426056456 89.10218204333691 33.868384573943544
95.83705827552937 24.002655705834695 96.16294172447063 33.9973442941653
34.42276431037928 62.28460688980275 39.57723568962072 53.71539311019725
52.008430298761354 79.70977264485172 61.991569701238646 80.29022735514828
15.619796505490378 20.588814120254163 24.380203494509622 25.411185879745837
64.04540435656538 17.110508233847398 61.954595643434615 26.889491766152602
90.62116497045207 29.985627745869863 91.37883502954793 20.014372254130137
47.00409446356871 50.10018651757993 48.99590553643129 59.89981348242007
9.06979842657225 73.11578754285775 6.93020157342775 82.88421245714225
82.78386869543111 39.454166532717004 73.21613130456889 36.545833467282996
4.680545545643355 12.17723731219559 7.319454454356645 21.82276268780441
28.44425348212245 44.70254031591258 33.55574651787755 53.29745968408742
29.001655730692875 7.871335453661087 38.998344269307125 8.128664546338912
71.62277811050268 26.7293330612332 68.37722188949732 17.2706669387668
69.4554657004854 34.7834735908867 66.5445342995146 25.2165264091133
66.89974708283938 11.073262433917618 61.10025291716062 2.926737566082382
62.224022825651986 38.52012094071618 71.77597717434801 41.47987905928382
86.60677607813946 20.03695428280197 85.39322392186054 29.96304571719803
10.908543444621799 51.881781255026524 3.091456555378201 58.118218744973476
7.166982395193296 66.65188633357144 10.833017604806704 57.34811366642857
76.78951301533574 51.515164742085844 81.21048698466426 60.484835257914156
65.02022148405966 85.55077184841215 74.97977851594034 86.44922815158785
53.241900651337076 2.156686798047378 50.758099348662924 11.843313201952622
82.03419875863902 76.4162037758791 91.96580124136098 77.5837962241209
14.803430255513486 76.66343642751765 11.196569744486514 67.33656357248235
14.516554624007735 3.855067756698512 5.4834453759922654 8.144932243301488
95.49749973425905 71.02531473528924 96.50250026574095 80.97468526471076
19.19585178023461 40.50798097073927 14.804148219765391 49.49201902926073
96.68993028032413 63.73336492571495 87.31006971967587 60.26663507428505
46.69924819939179 80.24433260913834 53.30075180060821 87.75566739086166
84.98769101936522 72.35062557713827 75.01230898063478 71.64937442286173
40.49577665211347 19.425150968427012 33.50422334788653 26.574849031572988
43.98080952282838 3.4376488287452815 34.01919047717162 2.5623511712547185
18.961594235499234 60.89098287343675 21.038405764500766 51.10901712656325
7.129763956186115 46.16563942437604 14.870236043813886 39.83436057562396
32.22615891628064 13.180065622696779 25.773841083719365 20.819934377303223
11.0043229845733 10.994244655932427 18.9956770154267 17.005755344067573
87.10412879302179 37.92398111478927 92.89587120697821 46.07601888521073
31.308512602106212 90.46293099079037 22.691487397893788 95.53706900920963
46.11879938588227 36.09191985872598 39.88120061411773 43.90808014127402
78.82000994357463 42.77393056011019 71.17999005642537 49.22606943988981
76.64546400102793 22.589086236442093 81.35453599897207 31.410913763557907
82.53483934476078 20.105999078159723 73.46516065523922 15.894000921840279
39.465836296112165 49.60388384504156 32.534163703887835 42.39611615495844
54.01691866039039 47.4109748931924 63.98308133960961 46.5890251068076
33.92111232118039 84.10817094150198 42.07888767881961 89.89182905849802
17.215530173410052 8.732311500214522 24.784469826589948 15.267688499785478
29.73451308324284 30.21363034075015 36.26548691675716 37.78636965924985
4.373391721307105 42.25451865083489 9.626608278692895 33.74548134916511
60.718628319511346 59.55080420126689 65.28137168048866 68.44919579873311
91.98622604178077 2.629122850168368 82.01377395821923 3.370877149831632
