54.588771059941 5.985744233139794 45.411228940059 2.014255766860206
67.41403127950666 34.982828323310976 66.58596872049334 25.017171676689024
68.77362226959949 80.47696796968401 73.22637773040051 71.52303203031599
6.037281966641193 3.609450343650162 15.962718033358808 2.390549656349838
4.1596188040225375 76.00254846572751 3.8403811959774625 85.99745153427249
52.72264081737209 89.33795526405542 45.27735918262791 82.66204473594458
84.55094442007162 78.92903286230346 75.44905557992838 83.07096713769654
44.53262016451297 67.22016774160367 47.46737983548703 76.77983225839633
10.270869155430882 18.330703100560484 17.72913084456912 11.669296899439518
93.00300768718029 91.99598555677018 84.99699231281971 86.00401444322982
89.82981840835178 21.706611372268085 80.17018159164822 24.293388627731915
36.9975070456227 80.84212875831382 27.002492954377306 81.15787124168618
50.84579362374357 80.12044047139585 57.15420637625643 87.87955952860415
75.0865774236941 45.88095209265162 66.9134225763059 40.11904790734838
72.04786046716234 2.0648976783791233 63.952139532837656 7.935102321620876
21.508815339389955 33.83884654980683 12.491184660610045 38.16115345019317
72.03598505104611 95.40120488765992 81.96401494895389 96.59879511234008
48.04886514620247 38.88875054641589 45.95113485379753 29.111249453584108
89.42335239394679 13.668915788958877 80.57664760605321 18.331084211041123
25.297676470926145 31.699456803781256 34.70232352907386 28.300543196218744
60.61953798981507 36.91307834671122 51.38046201018493 33.08692165328878
18.968166232621904 68.9580176282103 11.031833767378096 75.0419823717897
39.826269886084496 49.34546046281902 36.173730113915504 58.65453953718098
31.99773939037994 96.15033624261883 22.00226060962006 95.84966375738117
13.84360911035749 89.75925393973549 4.156390889642511 92.24074606026451
45.434632260834064 88.49455382518647 52.565367739165936 95.50544617481353
32.01172647450959 33.65776143570387 41.98827352549041 34.34223856429613
28.70614402689172 15.311151753960296 19.29385597310828 18.688848246039704
8.027850458737626 69.99992243459317 7.972149541262374 60.000077565406826
84.90841280677157 68.54150448784571 89.09158719322843 59.458495512154286
2.1396445095312533 70.92542266511416 3.8603554904687467 61.07457733488584
72.55463566904047 61.63878534249106 77.44536433095953 70.36121465750894
64.98291529014323 77.58701669373106 55.017084709856775 78.41298330626894
58.57231774983877 54.501636683506575 51.42768225016123 61.498363316493425
86.23323925210416 93.81394335808137 79.76676074789584 86.18605664191863
66.90123133265062 95.0110958469883 57.098768667349376 96.9889041530117
85.5776916378374 50.71566740084023 80.4223083621626 59.28433259915977
31.13462172270256 46.07545733725641 32.865378277297445 55.92454266274359
70.92981447546329 85.83482287792842 61.07018552453672 84.16517712207158
77.63626843174728 77.4408700908149 86.36373156825272 72.5591299091851
75.74986740861442 16.00626055077693 76.25013259138558 25.99373944922307
22.048328087139375 71.69350217547404 31.951671912860625 70.30649782452596
66.03046039771657 90.4489318178876 75.96953960228343 91.5510681821124
7.174194838718797 10.308283052459101 16.825805161281203 7.691716947540899
63.543858605835425 61.21673205431679 66.45614139416458 70.7832679456832
96.65630195136615 41.28230312059998 93.34369804863385 50.71769687940002
42.758889971075604 79.16995517092192 37.241110028924396 70.83004482907808
15.793771445027891 48.743115257966444 8.206228554972109 55.256884742033556
9.582988265838324 34.376991464113765 14.417011734161676 25.623008535886235
18.37398650194581 89.89736636309924 27.62601349805419 86.10263363690076
19.84814352647778 41.002306570881984 20.15185647352222 50.997693429118016
19.348726597489026 25.834572357552023 28.651273402510974 22.165427642447977
72.1365047015903 32.90117154835853 77.8634952984097 41.09882845164147
71.40510070986119 23.661323415884326 64.59489929013881 16.338676584115674
93.69013962691365 19.990389418591576 94.30986037308635 10.009610581408422
84.84429814262703 40.78031330476025 93.15570185737297 35.21968669523975
61.86576030662839 3.9027548444164166 56.13423969337161 12.097245155583582
5.003911653940366 25.898179395559406 2.9960883460596337 16.101820604440594
10.686488052449672 83.74441431647745 17.313511947550328 76.25558568352255
46.67531128553042 52.045814429430884 45.32468871446958 61.954185570569116
48.001719358407314 64.99871105838999 53.998280641592686 73.00128894161001
74.74220337693578 7.621291268940356 83.25779662306422 2.3787087310596444
73.27252562309799 50.40278518409217 64.72747437690201 55.59721481590783
20.10287199735804 63.857698614846434 11.89712800264196 58.142301385153566
44.966896466276665 8.574403597906867 35.033103533723335 7.425596402093133
94.80216530550172 55.06476638621338 93.19783469449828 64.93523361378662
24.00320303839009 65.82105832110439 33.99679696160991 66.17894167889561
60.706880527172544 25.313205494755245 51.293119472827456 28.686794505244755
58.26439354826402 61.31089878071582 61.73560645173598 70.68910121928418
88.7183105770721 76.77233542138595 95.2816894229279 69.22766457861405
16.743431358863457 53.20595721089415 23.256568641136543 60.79404278910585
48.99927088663126 19.914614977419323 39.00072911336874 20.085385022580677
24.037125767346257 39.391822928036966 33.96287423265374 40.608177071963034
31.021225803963212 3.46022549351186 40.97877419603679 2.53977450648814
2.3912574406013043 46.938940953507135 11.608742559398696 43.061059046492865
5.290080870658045 32.16929701314993 2.709919129341955 41.83070298685007
79.68709979128549 48.5296030893542 88.31290020871451 43.4703969106458
14.945186100671517 95.26166780530359 5.054813899328482 96.73833219469641
20.378612560502695 2.552456959942175 27.621387439497305 9.447543040057825
58.854878049313086 40.89516488473041 53.145121950686914 49.10483511526959
26.34066840492069 47.01161899631867 25.65933159507931 56.98838100368133
86.97342107099489 31.514861972361604 77.02657892900511 30.485138027638396
55.05116227994817 39.06945667468895 46.94883772005183 44.93054332531105
51.941346840708654 14.044669312035078 58.058653159291346 21.955330687964924
30.737048876519836 75.39988502242429 21.262951123480164 78.60011497757571
39.07888504790643 25.88466243747608 48.92111495209357 24.11533756252392
33.266066254791355 15.60930770705135 42.733933745208645 12.39069229294865
42.4537747521819 40.3845553577477 35.5462252478181 47.6154446422523
35.99649013243514 90.8126864754528 26.003509867564862 91.1873135245472
93.31900843836488 2.4808401977379466 84.68099156163512 7.519159802262053
