59.6199250937759 20.25863739980329 54.3800749062241 11.741362600196709
68.06107865798464 10.953453863349235 61.93892134201537 3.0465461366507647
83.6258487538348 28.68986495254255 90.3741512461652 21.31013504745745
7.790491825967438 11.85150388817204 10.209508174032562 2.14849611182796
5.5493928924813245 82.02034607280248 6.4506071075186755 91.97965392719752
45.66381848920682 84.40241591786575 38.33618151079318 77.59758408213425
90.23344622792727 76.5265541305435 85.76655377207273 85.4734458694565
43.954793818490835 69.11046586696288 46.045206181509165 78.88953413303712
23.06484459540942 14.389666654125337 26.93515540459058 23.610333345874665
52.9049861247009 89.0298911831698 43.0950138752991 90.9701088168302
76.72735467119908 26.628532410697503 67.27264532880092 23.371467589302497
60.90493456607594 95.97036946701422 51.09506543392406 94.02963053298578
58.90294679940919 75.00094202111487 59.09705320059081 84.99905797888513
92.27758778548977 46.58886900739081 83.72241221451023 41.41113099260919
95.9248570588075 5.1364127430803945 86.0751429411925 6.8635872569196055
50.99802807215223 45.85958849769951 41.00197192784777 46.14041150230049
76.03598505104611 90.40120488765992 85.96401494895389 91.59879511234008
47.9624121196913 33.598797524624096 44.0375878803087 24.401202475375904
80.40606366398833 22.36359958302623 71.59393633601167 17.63640041697377
44.53983856226753 41.259858391440545 53.46016143773247 36.740141608559455
67.6121801318615 56.73660757627121 62.38781986813849 65.26339242372879
5.027734986762133 48.97934822558803 10.972265013237866 57.02065177441197
30.14650544944635 70.4841928345536 25.85349455055365 79.5158071654464
18.81597293331744 78.13162152657084 13.184027066682562 69.86837847342916
11.902771304623808 77.62379296274176 8.097228695376192 68.37620703725824
31.833070960104713 87.88008386796389 26.166929039895287 96.11991613203611
20.20203798941592 29.334452592835813 23.79796201058408 38.66554740716418
43.876883969816966 12.89727485521444 34.123116030183034 15.10272514478556
18.555172307140083 89.51578581067508 11.444827692859917 82.48421418932492
96.65023219299127 90.71982348284502 93.34976780700873 81.28017651715498
6.717621621525698 41.6957188975989 3.2823783784743026 32.3042811024011
87.47882904945546 65.13518459060387 96.52117095054454 60.86481540939614
65.52182287930442 72.13380361050379 56.47817712069557 67.86619638949621
54.31958227450984 58.26096623139613 47.68041772549016 65.73903376860387
95.44610083987689 77.36080160992833 90.55389916012311 68.63919839007167
38.750138767393864 89.69296821525865 31.249861232606136 96.30703178474135
72.63060005626531 57.27335812055667 69.36939994373469 66.72664187944333
39.01139593922848 50.00857237354875 32.98860406077152 57.99142762645125
78.98381465102105 82.40198448262082 69.01618534897895 81.59801551737918
96.80118351622718 44.935393092077454 95.19881648377282 35.064606907922546
96.09882237381015 11.000976681547233 95.90117762618985 20.999023318452767
22.27480366870464 64.1920525946002 27.72519633129536 55.807947405399794
76.00212974776703 96.14592101234825 85.99787025223297 95.85407898765175
18.24019722537649 5.46889662442853 27.75980277462351 8.53110337557147
74.13764618684762 4.074926812630948 75.86235381315238 13.925073187369051
75.79791558624017 31.407126869658036 66.20208441375983 28.592873130341964
43.462947426169514 58.64869100431549 38.537052573830486 67.3513089956845
3.2483976679356728 68.05681338260071 4.751602332064327 77.94318661739929
38.31209861054431 27.95245309704039 39.68790138945569 18.04754690295961
4.182293356095212 54.869560644568814 9.817706643904788 63.130439355431186
23.555297357392057 43.70988681092091 32.44470264260794 48.29011318907909
30.60697461275019 12.38774536895764 39.39302538724981 7.61225463104236
81.51731795419485 12.973166208188466 80.48268204580515 3.0268337918115336
61.64674305285495 25.411596280340433 66.35325694714504 16.588403719659567
63.43841550751481 13.630054930394532 56.56158449248519 6.3699450696054685
82.0037394165391 53.80666044854958 91.9962605834609 54.19333955145042
64.0583522825146 37.92373387509433 71.9416477174854 44.07626612490567
34.92008365892854 30.6166306699492 31.07991634107146 21.3833693300508
16.313241943258046 61.377545711170804 23.686758056741954 54.622454288829196
61.04720508359005 40.93807048598377 68.95279491640996 47.06192951401623
49.564151265837125 82.3665364929515 54.435848734162875 73.6334635070485
46.01759210857578 7.986866166052951 51.98240789142422 16.013133833947048
84.13638646374119 74.52060315417572 79.86361353625881 65.47939684582428
24.30608903256295 90.82639942804352 21.69391096743705 81.17360057195648
35.97616470893686 4.487631817595354 26.023835291063143 3.5123681824046464
90.67141985583558 86.01080817277378 91.32858014416442 95.98919182722622
11.294078747801425 39.3000177998957 14.705921252198575 48.6999822001043
87.99993859674969 60.024779603159615 78.00006140325031 59.975220396840385
38.77339869863111 58.83968034179689 33.22660130136889 67.16031965820311
71.01055057565499 88.0079347160369 64.98944942434501 95.9920652839631
17.31939459390933 11.2909060883203 20.68060540609067 20.7090939116797
49.92371243011458 3.8700895962688233 40.07628756988542 2.1299104037311767
24.277793199885533 71.19399453235344 29.722206800114467 62.80600546764656
3.8924029595915406 26.919717162369423 2.1075970404084594 17.080282837630577
7.9643253211127565 25.04816499678787 16.035674678887244 30.95183500321213
10.3468805272812 16.7619630648754 15.6531194727188 25.2380369351246
82.09851452864409 33.98764374856876 91.90148547135591 32.01235625143124
17.565745596562564 96.50506181694341 10.434254403437436 89.49493818305659
41.83308855632358 30.069892145467538 40.16691144367642 39.930107854532466
76.96077325556796 51.3749170400325 67.03922674443204 52.6250829599675
56.95248733900419 43.110959478072054 59.04751266099581 52.889040521927946
80.89235841922444 38.031905566340164 71.10764158077556 35.968094433659836
54.992595076541775 54.27201912008314 45.007404923458225 53.72798087991686
52.08034491015478 29.107254909304988 61.91965508984522 30.892745090695012
32.154159941667544 77.35318663178138 35.845840058332456 86.64681336821862
44.29585821780549 19.305582668581373 53.70414178219451 22.694417331418627
28.604359934204584 32.329900744725705 35.39564006579541 39.670099255274295
15.554617311803641 37.51634693490643 8.445382688196359 30.48365306509357
74.06819146444998 69.05206368624363 67.93180853555002 76.94793631375637
90.92637686364338 10.904266690322638 83.07362313635662 17.095733309677364
