78.90760561146149 2.8806060868696446 71.09239438853851 9.119393913130356
68.44097196443238 16.787859625941415 65.55902803556762 7.212140374058584
69.75667862535138 60.80537336679956 76.24332137464862 53.19462663320044
14.738215956949595 16.00685779144994 15.261784043050405 25.99314220855006
4.7947736570450665 61.51257570801049 9.205226342954933 70.48742429198951
30.970566353318116 53.892879149036816 33.02943364668189 44.107120850963184
91.93188048637062 84.17747044542052 82.06811951362938 85.82252955457948
56.906964295707205 83.00086563916044 57.093035704292795 92.99913436083956
23.00378697451287 36.80543534762778 32.99621302548713 37.19456465237222
96.26792318715998 87.2157328261839 89.73207681284002 94.7842671738161
84.90799628611549 24.95476303629565 75.09200371388451 23.04523696370435
41.38113933841956 54.59051497258177 32.61886066158044 59.40948502741823
37.09000493699021 76.05556975841543 46.90999506300979 77.94443024158457
95.03567547131138 41.95183391982944 86.96432452868862 36.04816608017056
90.6043684274863 3.0506946406559794 81.3956315725137 6.94930535934402
6.9850018980598065 29.410907773350054 3.0149981019401935 38.589092226649946
75.00630730643918 95.74893570091038 84.99369269356082 96.25106429908962
34.31355967551742 28.95265582096356 35.68644032448258 19.04734417903644
85.89453311205624 16.978459195633842 76.10546688794376 19.021540804366158
15.802405477494919 34.33616740280096 12.197594522505081 43.66383259719904
70.43434830058638 52.967900779499374 71.56565169941362 43.032099220500626
27.834645593676925 86.34875548421695 24.165354406323075 95.65124451578305
37.298554057695235 41.00892141169529 36.701445942304765 50.99107858830471
49.54170231540389 96.09115759287887 40.45829768459611 91.90884240712113
9.924052866210786 78.38502214869605 6.075947133789214 87.61497785130395
32.53898047499 77.64760032883933 37.46101952501 86.35239967116067
40.03807291227385 30.615856782125054 49.96192708772615 29.384143217874946
32.99958180349324 14.935333237445825 23.000418196506757 15.064666762554175
13.448722077127014 86.30011406363377 18.551277922872984 77.69988593636623
83.01388908200695 46.37242168770161 92.98611091799305 45.62757831229839
9.617292173725243 55.96174872119272 8.382707826274757 46.03825127880728
81.21048592082904 64.73816262763377 88.78951407917096 71.26183737236623
82.39322426535239 72.67233292132178 75.60677573464761 65.32766707867822
84.71030914934752 32.6771963861078 75.28969085065248 29.322803613892198
93.97518535620341 78.49752454353448 84.02481464379659 77.50247545646552
70.93275789217674 93.18274876741104 61.06724210782327 94.81725123258896
74.97230355615986 70.52554480817533 65.02769644384014 69.47445519182467
29.630588762756922 71.27335422452974 26.369411237243078 80.72664577547026
63.39871510461219 73.62275255211902 54.60128489538781 78.37724744788098
72.3539662451246 75.2787106763289 75.6460337548754 84.7212893236711
56.229249750535494 2.059762753374044 57.770750249464506 11.940237246625955
2.0436125029817944 79.90767999726421 3.9563874970182056 70.09232000273579
61.086488899567044 89.92596364179276 70.91351110043296 88.07403635820724
12.333225927729396 5.600769513121529 19.666774072270606 12.399230486878471
73.33311255622941 36.505178247840725 64.66688744377059 41.494821752159275
85.4412718989738 52.29675943872789 76.5587281010262 47.70324056127211
17.08570218071769 96.61903278393767 20.91429781928231 87.38096721606233
20.379636228416203 52.01443319831397 19.620363771583797 61.98556680168603
4.961937472928118 52.90659518384966 3.038062527071882 43.09340481615034
2.0523844059349337 94.72187251877612 11.947615594065066 93.27812748122388
23.06721662203372 45.38867172998308 26.93278337796628 54.61132827001692
19.00485626106851 20.22031574481533 28.99514373893149 19.77968425518467
77.06072367307402 42.776884396978524 86.93927632692598 41.223115603021476
51.92287377847994 3.8748221311527447 42.07712622152006 2.1251778688472553
89.92232479736626 21.54788585524756 94.07767520263374 12.45211414475244
85.70736285173007 63.20359208166921 80.29263714826993 54.79640791833079
61.77961424418891 16.061153815894066 60.22038575581109 25.938846184105934
9.80671353205594 16.241748306834168 2.19328646794406 9.758251693165832
37.46163932143368 95.35204915541766 32.53836067856632 86.64795084458234
65.37006303284292 46.03984078709071 66.62993696715708 55.96015921290929
50.29332429544783 52.64432492316632 57.70667570455217 59.35567507683368
72.07028672245725 14.835420254254544 81.92971327754275 13.164579745745456
62.23597734194914 53.005571634902886 61.76402265805086 62.994428365097114
23.48221608102508 76.58805952640844 16.51778391897492 69.41194047359156
36.99486572561608 3.2265311966721772 27.00513427438392 2.7734688033278228
89.22707872570568 56.32487966409905 92.77292127429432 65.67512033590094
11.213923878844394 31.149599107664258 8.786076121155606 40.85040089233574
49.90127639754735 35.872694055590344 42.09872360245265 42.127305944409656
62.00883261344702 30.421289315631352 57.99116738655298 39.578710684368644
96.03199508822559 61.56847851712439 91.96800491177441 52.43152148287561
23.67564604973859 70.82141956423904 26.32435395026141 61.178580435760956
45.28171172201969 7.227683977506853 38.71828827798031 14.772316022493147
20.06137408995393 24.218991600159384 29.93862591004607 25.781008399840616
15.533877666955092 2.7519449948283063 24.466122333044908 7.248055005171693
13.336869953274572 52.2317535791003 18.663130046725428 43.7682464208997
2.9018576943327066 18.135522797699387 11.098142305667293 23.864477202300613
41.02212849561327 60.469888588725674 50.97787150438673 59.530111411274326
51.999803255605705 85.04435544199525 42.000196744394295 84.95564455800475
2.091919858725983 3.881200614117724 9.908080141274016 10.118799385882276
69.61283901814211 26.267268198856144 66.38716098185789 35.732731801143856
20.428970637849545 28.973749627918995 29.571029362150455 33.026250372081
94.60212860466504 35.46766052482851 87.39787139533496 28.53233947517149
52.97578007690171 39.428071117905276 57.02421992309829 48.571928882094724
38.61219375300661 7.069282831503584 29.387806246993392 10.930717168496416
36.1532789949177 62.13482296726197 33.8467210050823 71.86517703273803
51.951090360045704 11.439082407310742 56.048909639954296 20.560917592689258
40.42434071042314 21.015773317044598 49.57565928957686 16.984226682955402
49.82255443005035 23.67978457469937 40.17744556994965 26.32021542530063
54.874719167275686 70.11225583396764 45.125280832724314 67.88774416603236
95.08301406364642 6.113999972961603 86.91698593635358 11.886000027038397
