96.13960298732064 28.998050720624107 95.86039701267936 19.001949279375893
76.92020174585521 42.889727362782224 67.07979825414479 41.110272637217776
55.956549285278804 12.342262071488832 46.043450714721196 13.657737928511168
32.43223024745328 42.96641216375606 41.56776975254672 47.03358783624394
3.69153079708338 63.17424530824258 6.30846920291662 72.82575469175742
10.861447254551006 86.89223414815123 17.138552745448994 79.10776585184877
96.30798353992368 66.00949440045038 95.69201646007632 75.99050559954962
69.26480576980474 69.54234873222914 64.73519423019526 78.45765126777086
22.826210454380828 37.497263164323634 27.173789545619172 46.502736835676366
95.37440885531315 82.03929080476497 96.62559114468685 91.96070919523503
80.54438924844972 27.755508579455295 77.45561075155028 18.244491420544705
71.52448342623478 50.12815641477003 62.475516573765226 45.87184358522997
87.54750920750794 78.784377754497 90.45249079249206 69.215622245503
59.39222337889927 26.461783911834907 66.60777662110073 19.538216088165093
95.37538732182588 11.580085583330412 86.62461267817412 16.419914416669588
12.158630069831602 50.351413464259096 15.841369930168398 59.648586535740904
47.06323227006386 96.7926691495581 56.93676772993614 95.2073308504419
24.962412119691297 73.59879752462409 21.037587880308703 64.40120247537591
75.57518554439488 6.983151658066449 66.42481445560512 11.016848341933551
21.360012369128732 76.75377045970819 26.639987630871268 85.24622954029181
54.08692165328887 77.6195379898151 57.91307834671113 68.3804620101849
24.182165247328854 89.14334026148371 17.817834752671146 96.85665973851629
20.080393765085393 52.38317079557009 23.919606234914607 61.61682920442991
72.71966736260244 91.34932135580986 63.28033263739757 94.65067864419014
52.156024453812655 88.86452540975861 49.843975546187345 79.13547459024139
64.93121959694976 83.82648247813168 55.06878040305024 82.17351752186832
24.494321472553548 26.673156448738435 29.505678527446452 35.32684355126156
43.1715225616881 36.503830565649594 38.8284774383119 27.496169434350406
11.40493697836013 68.79855729223236 8.59506302163987 59.20144270776765
37.00040405059099 7.9364363102628355 46.99959594940901 8.063563689737165
58.66030080955543 41.7210763654276 65.33969919044458 34.2789236345724
62.34089944682441 57.8146024455508 71.65910055317559 54.1853975544492
90.55837419164583 64.05456193115157 81.44162580835417 59.945438068848425
89.68611251647523 28.99013773834816 90.31388748352477 19.00986226165184
95.84530838195415 49.76590653361879 86.15469161804585 52.23409346638121
61.87720941236699 63.00150798024157 62.12279058763301 72.99849201975843
31.537597043619183 88.46653043638737 24.462402956380817 95.53346956361263
29.6283113617514 72.5734101190749 38.3716886382486 77.4265898809251
43.615669363255975 86.9223933856264 34.384330636744025 83.0776066143736
80.82461001057372 77.68731639536715 71.17538998942628 80.31268360463285
67.14573715806088 15.198387358648755 76.85426284193912 12.801612641351245
15.72519633129551 69.80794740539989 10.27480366870449 78.19205259460011
70.12179774283418 85.09687863420814 79.87820225716582 82.90312136579186
2.665877448113643 20.988823721111114 3.334122551886357 11.011176278888886
74.4561413941647 29.783267945683168 71.5438586058353 20.216732054316832
86.01437225413015 56.62116497045193 95.98562774586985 57.37883502954807
68.11872637513045 63.916871291511065 77.88127362486955 66.08312870848893
50.43255161097854 71.36439971421932 43.56744838902146 78.63560028578068
20.417011734161832 83.62300853588631 15.58298826583817 92.37699146411369
42.354302947991556 60.15135214252145 51.645697052008444 63.84864785747855
5.632664849240509 37.40405770670396 10.36733515075949 28.59594229329604
23.196528159752628 19.75444889726794 30.803471840247372 26.24555110273206
23.02795295486297 2.472033920650105 32.97204704513703 3.527966079349895
55.52928879293556 48.02809358759914 54.47071120706444 57.97190641240086
90.84189449656897 7.7525795880718125 81.15810550343103 10.247420411928188
74.43699403868288 58.74942231907073 77.56300596131712 49.25057768092927
19.148614233607056 25.884099433321328 12.851385766392944 18.115900566678672
16.74618492539308 39.94400728732433 15.253815074606921 30.055992712675668
11.169125666555155 93.76014332534943 2.8308743334448447 88.23985667465057
82.76165378566743 73.52533708584005 73.23834621433257 70.47466291415995
33.215239680786134 32.847276801358916 38.784760319213866 41.152723198641084
83.00996701223615 3.3155483814385898 92.99003298776385 2.6844516185614102
55.317202545323305 17.477746606176538 46.682797454676695 22.522253393823462
50.448151140019746 54.97987555624626 49.551848859980254 45.02012444375374
28.966896466276665 15.574403597906867 19.033103533723335 14.425596402093133
90.89498366818252 87.12363466233131 93.10501633181748 96.87636533766869
44.53238802255926 71.53867699261743 37.46761197744074 64.46132300738257
42.59765439691333 25.614941778798126 47.40234560308667 34.385058221201874
70.38448057555361 31.546303532235235 77.61551942444639 38.453696467764765
93.4531578349095 43.754711275808255 96.5468421650905 34.245288724191745
28.50818769419871 63.772263199390814 31.49181230580129 54.227736800609186
72.9625016243884 3.611209970421418 63.037498375611605 2.388790029578582
50.498979534841055 28.67046230726003 55.501020465158945 37.32953769273997
2.087239734512554 2.0700609838017776 11.912760265487446 3.9299390161982224
6.938940953507054 84.60874255939873 3.0610590464929457 75.39125744060127
9.395853637806583 44.05017019319605 18.60414636219342 47.94982980680395
33.11649780873752 93.07303604223463 42.88350219126248 90.92696395776537
66.93154725132827 88.1754748591361 57.06845274867173 89.8245251408639
2.5722921522961117 33.79183162283533 5.427707847703888 24.208168377164665
62.194216923394514 7.144709489651712 59.805783076605486 16.85529051034829
20.591044368062736 6.52086212595636 13.408955631937264 13.47913787404364
86.30164965169335 31.827598593943634 83.69835034830665 22.172401406056366
30.33581845013247 49.19849771860391 39.66418154986753 52.80150228139609
84.01519639965211 45.895852966555815 81.98480360034789 36.104147033444185
7.682544174620687 53.70840154409647 4.317455825379313 44.29159845590353
33.63501231722264 20.438623080593207 42.36498768277736 15.561376919406793
47.113372046539226 2.9412898203683264 56.886627953460774 5.058710179631674
25.386969472778325 9.071282976971244 34.613030527221675 12.928717023028756
88.95310887246112 96.68316359501003 79.04689112753888 95.31683640498997
92.40464958987505 33.61620480064206 87.59535041012495 42.38379519935794
