63.31256571044421 13.530173312858397 54.68743428955579 8.469826687141603
66.27455427369318 10.593874661823774 57.72544572630682 5.406125338176226
87.20736694232832 24.42501521904597 96.79263305767168 21.57498478095403
2.8534791833423157 9.88579551061811 9.146520816657684 2.1142044893818897
6.275917682960015 78.30664936702253 9.724082317039985 87.69335063297747
45.80453801064955 80.13939205038878 40.19546198935045 71.86060794961122
86.95911323467473 66.00016717555265 87.04088676532527 75.99983282444735
50.12161415711134 78.3662470258725 53.87838584288866 87.6337529741275
29.148590182778367 17.892754931313192 34.851409817221636 26.107245068686808
71.58530836910938 84.51495137790099 64.41469163089062 91.48504862209901
81.99925118888083 29.913469366848368 72.00074881111917 30.086530633151632
43.33842075767474 90.51442052442958 34.66157924232526 95.48557947557042
70.33901272732695 66.01150620219786 69.66098727267305 75.98849379780214
84.66215400069245 45.806742946250885 75.33784599930755 42.193257053749115
76.99915378043237 3.0919863010928474 67.00084621956763 2.9080136989071526
43.71001762622992 40.321985113116256 34.28998237377008 43.678014886883744
67.00342811931066 95.18512007212765 76.99657188068934 94.81487992787235
50.0166699075648 22.987443124207918 43.9833300924352 15.012556875792082
93.90458927631929 10.97211317788307 84.09541072368071 9.02788682211693
35.10692048693607 36.02848085973151 44.89307951306393 33.97151914026849
61.38547151044123 42.605739462335755 56.61452848955877 51.394260537664245
8.95866691010741 49.00017084535082 9.04133308989259 58.99982915464918
36.37300760916683 68.30908958812292 29.626992390833177 75.69091041187708
19.007679112157653 68.9897337898173 10.992320887842347 63.010266210182714
15.304465355110967 81.75240039399733 8.695534644889033 74.24759960600267
22.587719807001637 83.25878224351014 19.412280192998363 92.74121775648986
20.44867791881475 36.246748502295816 23.55132208118525 45.753251497704184
37.42648397252684 4.358680515799705 30.57351602747316 11.641319484200295
14.289488012406835 95.99161263427689 13.710511987593165 86.00838736572311
96.63286417954843 94.95978658111864 95.36713582045157 85.04021341888136
5.717621621525698 44.6957188975989 2.2823783784743026 35.3042811024011
87.16411191771061 59.729493622380645 96.83588808228939 62.270506377619355
61.97016603139806 60.545389420814956 52.02983396860194 59.454610579185044
52.26771999386694 53.39489615294354 43.73228000613306 58.60510384705646
95.14934321677306 76.86610831877567 92.85065678322694 67.13389168122433
47.86373337772249 84.84064775394698 38.13626662227751 87.15935224605302
70.83209758313137 43.7882982527391 63.167902416868635 50.2117017472609
33.59871750358221 62.528799583802304 26.401282496417796 69.4712004161977
82.97603999533787 80.48890281733478 73.02396000466213 79.51109718266522
96.28090549355943 54.99210297406695 95.71909450644057 45.00789702593305
94.29178008747469 15.434727367168207 85.70821991252531 20.565272632831793
21.727921395000205 61.453948676478234 26.272078604999795 52.546051323521766
49.00134223953168 95.88415271384349 58.99865776046832 96.11584728615651
9.124865260036303 9.889567081180003 18.8751347399637 12.110432918819997
71.61527899083485 10.038001233027437 70.38472100916515 19.961998766972563
81.90229725636944 37.98360643053645 72.09770274363056 36.01639356946355
53.6197623732705 65.08746356517996 44.3802376267295 68.91253643482004
2.595047800930106 49.01642560841433 3.404952199069894 58.98357439158567
38.00804147445346 19.999993533464682 37.99195852554654 10.00000646653532
6.263918960964499 68.39702264779305 15.7360810390355 71.60297735220695
8.771807308809993 35.33122002290046 17.228192691190007 40.66877997709954
23.435304785815916 11.506130064611563 30.564695214184084 4.493869935388437
76.12648755032518 16.923106336477318 77.87351244967482 7.076893663522684
78.27980701985761 21.340683192177806 85.72019298014239 14.659316807822192
77.96733342440498 25.570612522460845 68.03266657559502 24.429387477539155
82.39014130198541 54.9362858219641 91.60985869801459 51.0637141780359
59.14789547521195 37.79290361589002 68.85210452478805 40.20709638410998
30.571307638565866 30.499394483438685 23.428692361434134 23.500605516561315
14.47868155647473 58.97703365143244 13.52131844352527 49.02296634856756
46.11514497384444 25.916176855192553 51.88485502615556 34.08382314480745
59.33896264904208 76.23306983367944 64.66103735095791 67.76693016632056
48.08808518650052 7.935427191091014 53.91191481349948 16.064572808908984
81.90187342307902 69.12656101655949 74.09812657692098 62.87343898344051
29.66522835128016 82.40089710708398 22.33477164871984 75.59910289291602
22.901299723399134 2.011434867392362 13.098700276600864 3.988565132607638
90.15170729759774 84.07248546516085 91.84829270240226 93.92751453483915
12.957530493370083 43.057477223883005 21.042469506629917 48.942522776116995
78.84542432350005 59.233638166252206 69.15457567649995 56.766361833747794
38.84878818232004 56.13433341146005 41.15121181767996 65.86566658853995
81.72819411827928 86.37390640494797 72.27180588172072 89.62609359505203
18.162652342553297 22.07061373997041 19.837347657446703 31.92938626002959
51.99927088663126 2.914614977419323 42.00072911336874 3.085385022580677
23.3440352684079 65.41085354146945 30.6559647315921 58.58914645853055
2.561632006079777 22.788642554426662 5.438367993920223 13.211357445573338
7.180065622696782 21.773841083719358 14.819934377303218 28.226158916280642
14.147517736921172 15.79442300681152 23.852482263078826 18.20557699318848
87.7456309472644 35.79592967118687 94.2543690527356 28.20407032881313
6.83183361565213 96.65235269563334 3.1681663843478707 87.34764730436666
42.594070638578465 20.260913716841394 39.405929361421535 29.739086283158606
80.99997485388415 49.98414249306557 71.00002514611585 50.01585750693443
48.16636889254417 40.002768627370386 47.83363110745583 49.997231372629614
93.82759859394366 38.698350348306725 84.17240140605634 41.301649651693275
39.4098675477009 51.35649489957744 30.590132452299105 46.64350510042256
55.225813531202654 31.514354160254754 64.77418646879734 34.485645839745246
31.90016158317588 87.37513395244548 28.09983841682412 96.62486604755452
57.33187625419853 20.60222599552481 64.66812374580148 27.39777400447519
24.356618360401715 31.575708799147172 31.643381639598285 38.42429120085283
13.111221924946832 32.84567290527855 4.888778075053168 27.15432709472145
66.4491957987331 79.71862831951131 57.55080420126691 84.28137168048869
90.92014375527347 2.109952008348169 81.07985624472653 3.890047991651831
