93.95835514110307 9.643983147836002 84.04164485889693 8.356016852163998
78.45755820574571 48.61182658136856 71.54244179425429 41.38817341863144
39.508218688888334 12.562639699848217 32.491781311111666 5.4373603001517825
49.29399437776787 9.170343847611392 46.70600562223213 18.82965615238861
23.256678045590732 87.53822858064773 18.743321954409268 96.46177141935227
36.117375873870195 59.36796735765884 39.882624126129805 68.63203264234116
57.99983282444735 88.95911323467467 48.00016717555265 89.04088676532533
66.33003154556833 58.213552509976 75.66996845443167 61.786447490024
6.478693883576062 38.45029533137821 13.521306116423938 45.54970466862179
55.023540889459454 69.1058847533385 52.976459110540546 78.8941152466615
46.04465495807991 44.93951803363742 37.95534504192009 39.06048196636258
72.40690367794407 67.3620330169841 63.59309632205593 62.6379669830159
83.82708529805727 91.69644811178097 74.17291470194273 94.30355188821903
80.41113099260926 36.277587785489814 85.58886900739074 27.722412214510182
88.28340102073304 15.57923936376273 79.71659897926696 10.42076063623727
24.03624074889002 27.027438846942722 17.96375925110998 34.97256115305728
51.050150179532515 83.70638994529793 60.949849820467485 82.29361005470207
22.277914798594537 41.66142519127121 29.722085201405463 48.33857480872879
50.84699123443212 27.227467300313215 41.15300876556788 24.772532699686785
24.88627977049305 13.125615192623075 27.11372022950695 22.874384807376927
56.967817750541926 50.43361956477954 47.032182249458074 51.56638043522046
6.417871603812893 80.79475130899414 3.5821283961871075 71.20524869100586
28.03290374229045 52.572673350740025 37.96709625770955 51.427326649259975
75.27333591908088 79.40411862314683 66.72666408091912 84.59588137685317
48.24956391672469 77.94336380260631 49.75043608327531 68.05663619739369
76.93015525700748 67.09545807950097 85.06984474299252 72.90454192049903
52.27454674899778 5.634041484354837 61.72545325100222 2.3659585156451626
57.013807034962554 42.62867842048828 66.98619296503745 43.37132157951172
29.187739132754654 84.23522287950456 36.81226086724535 77.76477712049544
28.77628410912374 27.84160529225195 23.22371589087626 36.15839470774805
49.24719747736289 33.55269706665991 58.75280252263711 30.44730293334009
83.71395176910676 43.008189065118465 84.28604823089324 52.991810934881535
88.87121045342111 31.099913337729703 95.12878954657889 38.9000866622703
62.68357764303351 14.431048122526523 67.31642235696648 5.568951877473478
82.84640339667128 77.19455488449888 75.15359660332872 70.80544511550112
81.14703231232954 57.813365411948304 88.85296768767046 64.1866345880517
59.20645556241291 71.85318080027278 64.79354443758709 80.14681919972722
62.91940269375722 54.938263606815795 69.08059730624278 47.061736393184205
27.565284051558084 59.36644439240037 34.43471594844192 66.63355560759963
62.734260384522415 96.78615170904446 69.26573961547759 89.21384829095554
13.413928973044413 16.378692374796014 8.586071026955587 7.621307625203987
2.3064978245261947 51.048328087139346 3.6935021754738053 60.951671912860654
42.988424794196035 62.10339754492948 45.011575205803965 71.89660245507052
23.998960439863627 55.89804647785159 14.001039560136373 56.10195352214841
60.83117270987428 34.71167929172663 51.16882729012572 37.28832070827337
92.8459050489914 84.86498353995741 95.1540949510086 75.13501646004259
86.03265306612354 96.04305082216204 93.96734693387646 89.95694917783796
18.3179151570963 48.98988275943317 17.6820848429037 39.01011724056683
36.961744330660224 95.38267253652447 27.038255669339776 96.61732746347553
38.00128905242466 5.113529126617095 47.99871094757534 4.886470873382905
23.920054573066533 74.890540845805 14.079945426933467 73.109459154195
11.511969835783443 20.84544013752685 2.488030164216556 25.15455986247315
23.593925375074978 3.3395825853542513 30.406074624925022 10.66041741464575
35.47128970642451 26.880853219603846 44.52871029357549 31.119146780396154
61.54190989778932 20.64594521745375 66.45809010221068 29.35405478254625
86.07634848371548 37.94386121892665 91.92365151628452 46.05613878107335
69.00313692009993 54.17708574400993 78.99686307990007 53.82291425599007
2.8345590724387835 92.76570097425552 11.165440927561217 87.23429902574448
45.38531067114643 83.39434784719133 40.61468932885357 74.60565215280867
96.41510375564303 23.017260906684854 95.58489624435697 32.982739093315146
68.40010433067918 75.66596379421519 61.599895669320816 68.33403620578481
82.16185744256542 23.261894050204063 91.83814255743458 20.738105949795937
73.24699305614637 5.533343285450515 68.75300694385363 14.466656714549485
80.56453552188897 80.70777941422278 75.43546447811103 89.29222058577722
4.032676952951703 41.97569957204286 9.967323047048296 50.02430042795714
84.4356700503047 86.74898639801025 87.5643299496953 77.25101360198975
20.999158888138783 79.09170829375255 11.000841111861217 78.90829170624745
43.596949570578005 54.6307919221886 52.403050429421995 59.3692080778114
35.097229237645784 43.87455917085076 42.902770762354216 50.12544082914924
95.71696024851737 50.655720330034924 88.28303975148263 57.344279669965076
82.44511471301684 65.93771485423952 91.55488528698316 70.06228514576048
21.938897715575187 9.079786483871336 14.061102284424813 2.9202135161286638
27.854313930145917 40.8864712979676 34.14568606985409 33.1135287020324
5.890210448690564 28.152258817246942 14.109789551309436 33.84774118275306
15.79379755686917 92.48694448148443 20.206202443130827 83.51305551851557
13.546855476668789 68.27365429525362 22.45314452333121 63.72634570474638
29.55142733777445 78.62040696515606 36.44857266222555 71.37959303484394
59.94518610067152 93.26166780530359 50.05481389932848 94.73833219469641
12.179726422957135 26.328518965789492 21.820273577042865 23.671481034210508
47.248622354073746 39.63613506718926 38.751377645926254 34.36386493281074
51.37985158150621 19.73023457156747 54.62014841849379 10.269765428432532
56.4623566130063 17.757694064821166 59.5376433869937 8.242305935178834
37.53523433434748 22.75847197518706 34.46476566565252 13.24152802481294
70.0446693120352 21.058653159291502 77.9553306879648 14.941346840708498
73.08482338147347 32.93776597390103 78.91517661852653 41.06223402609897
7.43862308059313 17.364987682777407 2.5613769194068703 8.635012317222593
78.0585319948376 4.762819738835011 87.9414680051624 3.2371802611649887
15.429200886425932 9.253149449919988 18.57079911357407 18.746850550080012
39.953108872461115 89.68316359501003 30.04689112753889 88.31683640498997
79.81236727297356 28.35687922454913 70.18763272702644 25.64312077545087
