96.22680973767997 38.99485308521618 95.77319026232003 29.005146914783825
63.22863388352751 47.668080860671786 54.77136611647249 42.331919139328214
68.11660304683816 44.90983189516366 61.883396953161835 37.09016810483634
26.109240290382076 37.960543669614744 35.890759709617924 40.039456330385256
5.63636846638083 54.01324031983115 6.36363153361917 63.98675968016885
25.381947626361956 75.73095196722227 28.618052373638044 66.26904803277773
95.17747044542057 76.06811951362937 96.82252955457943 85.93188048637063
74.98969964016298 68.98631508261342 67.01030035983702 75.01368491738658
26.00378697451287 32.80543534762778 35.99621302548713 33.19456465237222
78.1117993397072 77.37023777430527 81.8882006602928 86.62976222569473
90.95332689704925 38.90827544330618 89.04667310295075 29.091724556693823
72.80169653757451 62.39417013346469 63.198303462425486 59.60582986653531
77.96266624038053 87.59868907721217 74.03733375961947 78.40131092278783
59.278659617539404 28.83373867544306 56.721340382460596 19.16626132455694
93.3277625716859 13.504090877567094 84.6722374283141 8.495909122432906
2.859588497699575 38.00197192784777 3.140411502300425 47.99802807215223
54.24144348088829 93.46502773496734 63.75855651911171 96.53497226503266
18.480131182938205 53.59008174691623 11.519868817061795 46.40991825308377
76.92720275466368 12.14989823289524 67.07279724533632 13.85010176710476
14.070241246873326 61.94827028931129 19.929758753126674 70.05172971068872
50.0229838724918 61.521136275623995 59.9770161275082 62.478863724376005
30.83392610380544 85.88067204046945 25.16607389619456 94.11932795953055
23.950879435298475 45.03731608856898 30.049120564701525 52.96268391143102
93.8572701313989 93.18613948194134 84.1427298686011 90.81386051805866
53.99573024145365 86.79341017782706 44.00426975854635 87.20658982217294
68.86214400378904 78.83400013446904 59.13785599621096 81.16599986553096
40.060536417543155 42.22430707262307 49.939463582456845 43.77569292737693
35.5219424018254 23.13355030748598 26.478057598174598 18.86644969251402
12.159199928446665 78.92879855945401 13.840800071553335 69.07120144054599
30.07190092488206 9.155109766998292 39.92809907511794 10.844890233001708
46.47013166138844 58.541190408897506 53.52986833861156 51.458809591102494
59.51678175498385 55.21376470465006 68.48321824501615 50.78623529534994
96.55837419164583 65.05456193115157 87.44162580835417 60.945438068848425
77.32280361389228 36.710309149347545 80.67719638610772 27.289690850652455
75.34269652040459 40.47810147727366 66.65730347959541 35.52189852272634
53.99849201975843 70.87720941236694 44.00150798024157 71.12279058763306
36.34782138135158 88.28622940954006 29.65217861864842 95.71377059045994
33.2283596524063 75.71751175350113 40.7716403475937 82.28248824649887
51.76565297119756 79.51279600677549 42.23434702880244 76.48720399322451
87.9975890420266 72.15525387922871 78.0024109579734 71.84474612077129
70.08967100821359 7.9426925227356975 79.91032899178641 6.0573074772643025
20.887231222107253 81.85525304263211 13.112768777892745 88.14474695736789
82.07269448467083 76.38637957233348 85.92730551532917 85.61362042766652
8.491973549540289 33.97412395559593 9.508026450459711 24.02587604440407
94.997159167968 17.831476262819034 85.002840832032 18.168523737180966
81.77580425625351 42.32489807324767 90.22419574374649 47.67510192675233
62.87882920253925 71.83124553123828 71.12117079746075 66.16875446876172
38.52674341810861 60.6854238100313 33.47325658189139 69.3145761899687
27.49303264557189 81.66585784403502 22.50696735442811 90.33414215596498
37.15367841733201 72.11077285288769 42.84632158266799 63.88922714711231
20.80286508831569 24.996112271216013 21.19713491168431 15.003887728783987
8.055249447360104 12.74124353094476 17.944750552639896 11.25875646905524
52.002861898455066 3.1691472556321716 61.997138101544934 2.8308527443678284
44.19786091675738 47.50896366184926 39.80213908324262 56.49103633815074
95.11800873734119 8.835842738795934 86.88199126265881 3.164157261204066
95.85241684742415 60.10654576603389 90.14758315257585 51.89345423396611
21.272259777752925 35.45385625075689 16.727740222247075 26.546143749243107
12.692582776542803 57.21307464821893 7.307417223457197 48.78692535178107
19.713390931985785 93.33148391608765 10.286609068014217 96.66851608391235
94.25119987900413 70.63197636553888 85.74880012099587 65.36802363446112
26.43778129105067 23.953989136951442 35.56221870894933 28.046010863048558
71.29024934888602 18.678764070479065 80.70975065111398 15.321235929520935
45.477680380621116 20.65706321350573 40.522319619378884 29.34293678649427
58.4205556654958 34.33638344632318 49.5794443345042 29.663616553676817
44.99486572561608 4.226531196672178 35.00513427438392 3.7734688033278228
89.23783348307275 76.05843120047136 90.76216651692725 85.94156879952864
35.33234879299451 57.5038521806914 26.667651207005495 62.4961478193086
43.96952978969319 32.041062710392566 52.03047021030681 37.958937289607434
72.90032820924948 49.07673161896545 79.09967179075052 56.92326838103455
96.37641052981186 52.8068174558041 93.62358947018814 43.1931825441959
20.17892542142906 62.656574640149415 23.82107457857094 53.343425359850585
75.98795085282308 2.653090372255896 66.01204914717692 3.346909627744104
47.78924714762175 12.148806586987288 50.21075285237825 21.851193413012712
16.087239734512554 6.070060983801779 25.912760265487446 7.929939016198221
7.25570742013327 91.4622622104439 2.7442925798667304 82.5377377895561
11.901857694332707 41.13552279769939 20.098142305667295 46.86447720230061
39.05354256412483 96.72976628798217 48.94645743587517 95.27023371201783
71.2173455411202 84.31411158333158 62.782654458879804 89.68588841666842
2.019490532439927 11.014543973328076 7.980509467560073 2.9854560266719243
81.69059410729263 48.17449938263985 84.30940589270737 57.82550061736015
14.119428432900312 30.367133653879467 17.880571567099686 39.63286634612054
85.00782255712804 38.99999388075625 84.99217744287196 29.000006119243746
28.812295392947306 44.26812699342198 37.187704607052694 49.73187300657802
63.75757596163956 30.94227464456862 62.24242403836044 21.05772535543138
2.3997441130186252 77.2706755112299 7.600255886981374 68.7293244887701
34.11275713199069 17.055867960065164 43.88724286800931 14.944132039934836
53.00045803325235 10.067676604000704 62.99954196674765 9.932323395999296
6.010365105047622 16.678218062853784 15.989634894952378 17.321781937146216
79.80982756141823 94.36585461503834 70.19017243858177 91.63414538496166
70.89059003235266 23.00119719743023 71.10940996764734 32.99880280256977
