64.96883901523354 4.557349836900463 55.03116098476646 3.442650163099537
72.63106129187479 30.251766277489644 67.36893870812521 21.748233722510356
74.65076049308503 62.466600030708264 83.34923950691497 57.533399969291736
16.30150118848986 17.28999739233012 25.69849881151014 20.71000260766988
2.289395483822708 87.05075346930582 3.710604516177292 96.94924653069418
44.999397015463195 78.00080381109863 37.000602984536805 71.99919618890137
91.96816938634645 90.43671237491853 82.03183061365355 91.56328762508147
43.98631508261344 67.010300359837 50.01368491738656 74.989699640163
2.1016642679198414 27.130970859012752 9.89833573208016 20.869029140987248
94.99635605993964 95.8091437129556 85.00364394006036 96.1908562870444
89.99692855230361 22.175228545542517 80.00307144769639 21.824771454457483
39.96473063719782 80.40716806760318 30.035269362802183 81.59283193239682
49.91398167434325 79.06598285543762 56.08601832565675 86.93401714456238
77.4861539758675 30.338091562920066 72.5138460241325 21.661908437079934
79.47668920175767 3.406584884210886 72.52331079824233 10.593415115789114
11.907100947126224 24.879974008286894 4.092899052873775 31.120025991713106
66.53436218861063 86.60407471624386 73.46563781138937 79.39592528375614
36.18400790439116 43.996612961909456 35.81599209560884 34.003387038090544
95.78560230761983 6.733623541515241 88.21439769238017 13.266376458484759
30.36833404005332 21.116473935547692 39.63166595994668 24.883526064452308
81.95673403392811 44.99981280211368 82.04326596607189 35.00018719788632
9.920047203947608 56.118022740907264 12.079952796052392 65.88197725909274
42.68806921058212 46.009739567656496 43.31193078941788 55.990260432343504
46.26201251133096 83.21063667934568 39.73798748866904 90.78936332065432
17.999695842675695 86.05514962131667 8.000304157324305 85.94485037868333
40.73614003591896 96.61141689638151 49.26385996408104 91.38858310361849
40.15011242602176 38.21597307526582 49.84988757397824 35.78402692473418
41.98289214817381 7.586737565622287 32.01710785182619 8.413262434377712
10.675705747534469 77.38957036474272 3.324294252465532 70.61042963525728
67.91788011251114 74.88726466126123 76.08211988748886 69.11273533873877
9.220066813423836 68.82507120418515 2.779933186576164 61.17492879581485
86.36643743980578 63.04030258157616 87.63356256019422 72.95969741842384
65.29757463041997 69.44444677301163 56.70242536958003 74.55555322698837
74.8076492521786 34.75935081004073 67.1923507478214 41.24064918995927
86.54215202390436 86.09018061222982 77.45784797609564 81.90981938777018
68.99017315340484 92.31332395222465 59.00982684659517 91.68667604777535
68.53277160378667 60.88955417318869 59.467228396213336 65.11044582681131
34.95633087241833 49.39861221829512 31.043669127581676 58.60138778170488
77.0646177378753 96.55382845487736 72.9353822621247 87.44617154512264
77.59280983401902 76.3824006554404 82.40719016598098 67.6175993445596
61.057307477264295 22.089671008213585 62.942692522735705 31.910328991786415
16.851543763698736 80.88422750725233 23.148456236301264 73.11577249274767
55.20165085636412 78.5943522860372 64.79834914363587 81.4056477139628
16.105039672869857 7.864831097040822 23.894960327130143 14.135168902959178
73.50517467507238 41.67286470660137 68.49482532492762 50.32713529339863
96.8978997383184 42.08128308804748 95.1021002616816 51.91871691195252
30.65168585006117 76.95734864144434 29.34831414993883 67.04265135855566
12.113425925227805 48.157513912494245 3.886574074772196 53.842486087505755
9.973665667257592 37.57099214306363 14.026334332742408 28.429007856936376
12.030205372086087 91.54876347943171 21.969794627913913 90.45123652056829
25.935388431928143 33.000417482902066 26.064611568071857 42.999582517097934
30.068939040190763 16.827428432340355 39.93106095980924 15.172571567659645
82.30337055598899 29.284869723417824 91.69662944401101 32.71513027658217
61.95040574886713 9.702483395948462 52.04959425113287 8.297516604051538
96.33173313443808 24.819386564557746 93.66826686556192 15.180613435442254
87.02745342768115 47.9045033555571 88.97254657231885 38.0954966444429
70.03702504774441 2.1087241899121345 67.96297495225559 11.891275810087865
10.31850269324729 16.73999196187779 3.6814973067527097 9.26000803812221
12.525082928883808 71.23049707613188 21.47491707111619 66.76950292386812
52.06651427502066 47.00044243445298 51.93348572497934 56.99955756554702
46.742086511482526 59.53885365871385 51.257913488517474 68.46114634128615
73.00996701223615 15.315548381438589 82.99003298776385 14.684451618561411
80.26082981872744 50.209618898672865 73.73917018127256 57.790381101327135
26.940369542920763 61.76990179853074 17.059630457079237 60.23009820146926
39.99805849788794 3.1393242681305877 30.001941502112057 2.8606757318694123
87.67053996635984 56.5757920537487 92.32946003364016 65.4242079462513
20.85685523666716 45.11147315854277 27.14314476333284 52.88852684145723
58.673623249319334 33.608172731098996 51.326376750680666 40.391827268901004
60.346493989837725 46.281322444332815 63.653506010162275 55.718677555667185
92.62003715985361 80.80579884720689 95.37996284014639 71.19420115279311
16.17858043576094 54.67564604973866 25.82141956423906 57.32435395026134
47.951601262899814 18.305993563971526 38.048398737100186 19.694006436028474
29.00000013886545 30.00117841184244 38.999999861134555 29.99882158815756
15.013952053022933 3.3732638081113535 24.986047946977067 2.6267361918886465
14.159529043371375 40.20168437408999 21.840470956628625 33.79831562591001
5.257529882552346 38.00663656844482 4.742470117447654 47.99336343155518
68.48876775827017 56.55966966790977 75.51123224172983 49.44033033209023
26.99062981453853 96.30596413881226 17.00937018546147 95.69403586118774
7.825755639977562 4.1368183135055965 14.174244360022438 11.863181686494404
64.58566536316471 36.51531867979282 57.414334636835285 43.48468132020718
31.601273220643332 39.03628460584844 30.398726779356668 48.96371539415156
95.75769406482114 29.537643386993786 86.24230593517886 26.462356613006214
48.09761435797426 44.00095294709909 47.90238564202574 53.99904705290091
47.806749301134374 3.0655136472861537 46.193250698865626 12.934486352713847
38.593411119464065 53.01655887139975 39.406588880535935 62.98344112860025
51.357858165948045 14.142442681222253 60.642141834051955 17.857557318777747
45.07259764446985 24.848944065716914 54.92740235553015 23.151055934283086
54.994490818541294 31.234651792038186 45.005509181458706 30.765348207961814
35.562496098964786 87.95460777675011 26.437503901035218 92.04539222324989
92.81594548651229 3.769123951005481 85.18405451348771 10.230876048994519
