50.0507216930005 10.961451394609831 43.9492783069995 3.0385486053901687
64.25048346141604 17.46489912426842 59.74951653858397 8.53510087573158
74.17221570938723 56.12354653250859 79.82778429061277 47.87645346749141
5.397516528015321 5.953751747307691 14.60248347198468 2.046248252692309
7.952725870630983 87.4383480361588 12.047274129369017 96.5616519638412
48.92223118086466 95.12156946653494 39.07776881913534 96.87843053346506
88.85986901233599 76.82172826718539 81.14013098766401 83.17827173281461
41.91714422174066 71.06350406446889 48.08285577825934 78.93649593553111
14.077343156028391 20.943144447680456 19.92265684397161 29.056855552319544
95.99635605993964 84.8091437129556 86.00364394006036 85.1908562870444
90.09534060099183 20.86848136857604 81.90465939900817 15.13151863142396
53.99950113416834 89.929371327002 44.00049886583166 90.070628672998
52.20815691368515 52.06309970460661 53.79184308631485 61.93690029539339
96.66312891070513 39.768245705978835 91.33687108929487 48.231754294021165
70.99915378043237 3.0919863010928474 61.00084621956763 2.9080136989071526
27.91452885458408 46.07945334856918 18.08547114541592 47.92054665143082
80.98244262118007 89.01322844076445 87.01755737881993 96.98677155923555
40.042373318342825 21.563848291576015 35.957626681657175 12.436151708423985
92.09279612031676 5.071309103765788 85.90720387968324 12.928690896234212
30.012982344226337 35.63992375668235 39.98701765577366 36.36007624331765
68.26300919687824 33.38719449875589 59.736990803121756 38.61280550124411
3.4815177952348844 70.02323994823217 2.5184822047651156 79.97676005176783
49.211402254382655 60.004471090380726 48.788597745617345 69.99552890961928
19.158657304021546 88.77589074491563 10.841342695978453 83.22410925508437
35.17577498179479 83.24992667344728 26.82422501820521 88.75007332655272
37.08342990566982 87.1187932189365 34.91657009433018 96.8812067810635
24.002821242316557 39.83205815364429 33.99717875768344 40.16794184635571
35.290064120226745 22.555272075227762 30.70993587977326 31.444727924772238
9.289488012406835 77.99161263427689 8.710511987593165 68.00838736572311
94.76199164919487 66.99433198986081 95.23800835080513 57.00566801013919
4.095266613662717 95.99909234484834 3.9047333863372833 86.00090765515166
76.9191471821659 44.94061830707521 71.0808528178341 53.05938169292479
61.92001451393185 75.89076213587018 52.07998548606815 74.10923786412982
64.31388748352492 47.00986226165185 63.686112516475085 56.99013773834815
77.15040177722784 70.6453187634777 80.84959822277216 61.35468123652229
64.99017315340484 96.31332395222465 55.00982684659517 95.68667604777535
78.65875834446658 57.59214328693294 71.34124165553342 64.40785671306706
46.35168185185857 45.01238334722151 45.64831814814143 54.98761665277849
66.97790318075886 84.53044710309605 57.02209681924115 85.46955289690395
77.47810696980682 76.54912235403017 84.52189303019318 69.45087764596983
73.57574078918944 11.01803210347132 74.42425921081056 20.98196789652868
19.588263230723655 82.65514051948318 26.411736769276345 75.34485948051682
72.0842524206218 86.93817577271614 77.9157475793782 95.06182422728386
15.21420072798572 13.552199831472734 24.78579927201428 16.447800168527266
59.7880754391037 55.06249687571932 58.2119245608963 64.93750312428068
91.23696243941139 39.189216069384166 84.76303756058861 46.810783930615834
42.50386634867778 78.56692032579976 35.49613365132222 71.43307967420024
9.033724023171706 58.025516568001464 2.9662759768282942 65.97448343199854
8.65923996818793 36.98837474541753 9.34076003181207 27.011625254582466
26.91936549205932 83.88936359993056 35.08063450794068 78.11063640006944
10.47808115245947 51.866399771218205 19.52191884754053 56.133600228781795
30.522982003243207 18.977193368834502 31.477017996756793 9.022806631165498
67.53056104428754 22.399584283366043 74.46943895571246 29.600415716633957
69.03302002035042 16.892123223872762 66.96697997964958 7.107876776127239
95.21347481149118 26.99544077182973 94.78652518850882 17.00455922817027
78.84429814262703 34.78031330476025 87.15570185737297 29.21968669523975
54.341465701101235 15.591902761982677 61.658534298898765 22.408097238017323
2.4203232976879336 22.743903615818148 5.579676702312066 13.256096384181854
13.260409253076713 76.94499803104767 14.739590746923287 67.05500196895233
42.10774394344711 28.37189379805963 45.89225605655289 37.62810620194037
62.222441377006774 69.52523439019515 71.77755862299323 72.47476560980485
44.00521993982645 22.228412238053796 53.99478006017355 21.771587761946204
74.00861191310237 80.98848298140274 65.99138808689763 75.01151701859726
23.00064039520757 67.99914594980528 14.999359604792433 62.00085405019472
33.312424607269925 2.469586198541264 24.687575392730075 7.530413801458736
90.71591142894957 60.05151833125559 89.28408857105043 69.9484816687444
33.43408326539812 62.962255076639245 42.56591673460188 67.03774492336075
59.51796866184881 44.5530123127073 52.48203133815119 37.4469876872927
52.18155222175559 42.87006632967197 57.81844777824441 51.12993367032803
92.95863426108025 80.89035350438024 95.04136573891975 71.10964649561976
24.45173457031089 61.69810003604786 29.54826542968911 70.30189996395214
43.72162055578598 15.194374989235367 38.27837944421402 6.805625010764633
36.720594304858295 48.77432090403985 43.279405695141705 41.22567909596015
14.129763956186114 9.165639424376039 21.870236043813886 2.834360575623962
8.537737789556136 47.25570742013335 17.462262210443864 42.74429257986665
3.864148216646878 33.07524133995725 2.135851783353122 42.92475866004275
83.31336146980298 56.74224547273705 92.68663853019702 53.25775452726295
30.899479370266093 95.99754794387887 21.100520629733907 94.00245205612113
21.174903010572365 20.345000431881633 24.825096989427635 29.654999568118367
78.32217648827987 39.486279569212044 69.67782351172013 44.513720430787956
38.80406027550544 53.6139968003967 29.195939724494558 56.3860031996033
88.87360405399185 25.117131829693434 79.12639594600815 22.882868170306566
71.99940023511529 35.999200479978754 64.00059976488471 42.000799520021246
55.44245427619947 25.94360096881284 64.55754572380053 30.05639903118716
50.97833487829014 85.46495358865145 41.02166512170986 84.53504641134855
47.357858165948045 29.142442681222253 56.642141834051955 32.857557318777744
13.576100024945244 38.33004485165212 22.423899975054756 33.66995514834788
31.844860867839206 49.76415082988241 22.155139132160794 52.23584917011759
70.78525755150781 92.44958965425992 61.21474244849218 89.55041034574008
83.88608430968587 3.9387836607733964 74.11391569031413 6.061216339226604
