96.34459408660923 19.815814234608254 93.65540591339077 10.184185765391746
79.15735350147247 37.222156976394345 70.84264649852753 42.777843023605655
48.7670331716613 2.4915588376470312 39.2329668283387 5.508441162352969
33.7275588860306 23.372060511224962 24.2724411139694 26.627939488775038
7.020074272989898 85.42623787986254 2.979925727010102 94.57376212013746
16.05994997749924 69.22805066539945 25.94005002250076 70.77194933460055
65.7141233816775 88.33355445863911 56.28587661832251 91.66644554136089
48.848912428602226 57.11790686389642 55.151087571397774 64.88209313610358
6.9800919247355555 33.10512640428679 9.019908075264444 42.89487359571321
46.27827636364038 71.16615995939478 43.72172363635962 80.83384004060522
57.493649510736574 40.192513186883254 48.506350489263426 35.807486813116746
48.485579475570496 67.3384207576747 43.514420524429504 58.6615792423253
88.78437775449697 94.45249079249214 79.21562224550303 91.54750920750786
77.95173484438635 53.561207060888485 82.04826515561365 44.438792939111515
88.63414717635226 26.877413099961327 79.36585282364774 23.122586900038673
29.615028650156905 50.32005856558268 36.38497134984309 57.67994143441732
49.000958330671054 96.09788967418912 58.999041669328946 95.90211032581088
39.66142519127118 54.722085201405434 46.33857480872882 47.277914798594566
70.89453311205624 7.9784591956338415 61.10546688794376 10.021540804366158
13.50979903252656 15.675545257916468 8.49020096747344 24.32445474208353
60.93148852154907 48.82487633123381 51.06851147845093 47.17512366876619
11.071373382836347 58.55075953098789 6.928626617163653 49.44924046901211
25.393222948581073 66.2666981852711 30.606777051418927 57.733301814728904
60.7692504997658 76.32348926344882 57.2307495002342 85.67651073655118
38.9065603140026 82.87897424189613 41.0934396859974 73.12102575810387
63.1187932189365 58.91657009433018 72.8812067810635 61.08342990566982
50.00287829071301 8.996166109594835 57.99712170928699 15.003833890405165
29.615990487381033 30.404258844897196 38.38400951261897 25.595741155102804
13.418305601460947 93.96604788808045 14.581694398539053 84.03395211191955
43.75875436410476 20.057906130499745 42.24124563589524 29.942093869500255
62.30428110240113 35.71762162152578 71.69571889759887 32.28237837847422
83.59837003384601 53.20047570711647 86.40162996615399 62.79952429288353
92.40016400408382 58.20004783756463 89.59983599591618 67.79995216243536
78.82444466625552 17.655255273319803 75.17555533374448 8.344744726680199
89.93442885340471 72.19289908271203 80.06557114659529 73.80710091728797
94.61577683297303 66.0147846026556 95.38422316702697 75.9852153973444
54.04241306835322 72.10986963415837 51.95758693164678 81.89013036584163
32.01238334722151 64.64831814814144 41.98761665277849 65.35168185185856
15.662266282356812 55.04405373604058 14.337733717643188 64.95594626395942
67.66868031402436 83.72858004471288 74.33131968597564 76.27141995528712
20.858403202615733 11.102381153827142 15.141596797384267 2.8976188461728576
2.8775701662698143 51.12761339091894 5.122429833730186 60.87238660908106
36.152595131803814 70.13466090984994 33.847404868196186 79.86533909015006
24.462706799033896 32.39310914721218 17.537293200966104 39.60689085278782
66.76962376746262 29.28480389852742 59.23037623253738 22.71519610147258
81.15047860842446 84.19079693114469 88.84952139157554 77.80920306885531
91.16718326492791 91.1200909389837 96.83281673507209 82.8799090610163
18.93020157342791 64.88421245714228 21.06979842657209 55.11578754285772
26.804085732903694 93.61408504196282 17.195914267096306 96.38591495803718
63.08059134726339 3.894102067652339 72.9194086527366 2.105897932347661
29.274125349815492 81.59458137164063 20.725874650184508 76.40541862835937
20.5061300646115 16.564695214184148 13.4938699353885 9.435304785815854
34.17322107191586 7.781962859821032 41.82677892808414 14.218037140178968
32.37848010908243 40.27023539239439 35.62151989091757 49.72976460760561
54.75257958807185 24.158105503431017 57.24742041192815 33.84189449656898
91.4086662220125 44.276095093781365 96.5913337779875 35.723904906218635
64.99299364332367 54.99473563216743 71.00700635667633 47.00526436783257
2.0932533227190167 82.62215502862874 5.906746677280983 73.37784497137126
38.652085926110466 96.9572960316052 37.347914073889534 87.0427039683948
89.92211371613594 31.94275322047448 84.07788628386406 40.05724677952552
68.98874394451508 67.66468841943042 59.011256055484914 68.33531158056958
74.48662651455213 23.23453038058752 77.51337348544787 32.765469619412485
80.18273786267498 4.869257445737523 85.81726213732502 13.130742554262477
79.18068501678354 78.50059861119551 74.81931498321646 87.49940138880449
3.400711499908471 36.01608283637849 2.599288500091529 45.98391716362151
85.77057691069012 88.81717520035855 92.22942308930988 81.18282479964145
25.190929185920158 84.72692364370596 16.809070814079842 79.27307635629404
75.08032463826791 67.10736662891965 84.91967536173209 68.89263337108035
44.0003611584859 42.93990462227774 53.9996388415141 43.06009537772226
96.21535327474174 47.17096574596054 89.78464672525826 54.82903425403946
72.6856343483105 55.47289710863965 81.3143656516895 60.52710289136035
37.82914291278875 19.295908456590297 28.170857087211257 16.704091543409703
24.132919644897676 50.924243257374236 25.867080355102324 41.075756742625764
4.8646884357347115 3.4788890166779884 9.135311564265288 12.52111098332201
10.690481078456495 82.82546994541667 13.309518921543505 73.17453005458333
11.546855476668789 47.27365429525362 20.45314452333121 42.72634570474638
42.741709040241396 85.3795118580619 51.258290959758604 90.6204881419381
72.84091912409603 92.74879976264336 63.15908087590397 95.25120023735664
17.022262312282997 21.47130405502371 26.977737687717003 20.52869594497629
41.357420629981874 39.70509469695069 34.642579370018126 32.29490530304931
56.670810676084315 18.78424427368475 47.329189323915685 15.215755726315251
48.485138027638484 30.973421070994895 49.514861972361516 21.026578929005105
15.28017328823264 35.69491172243861 18.71982671176736 26.30508827756139
63.0022390361544 14.149617339439931 72.99776096384561 13.850382660560069
55.235539147589094 53.32168001304855 58.764460852410906 62.67831998695145
3.1039387899252793 31.998919556058976 2.8960612100747207 22.001080443941024
87.0000383681104 5.980412258122179 96.9999616318896 6.019587741877821
29.01307333844279 2.1037072788755387 26.98692666155721 11.89629272112446
27.996490132435138 88.8126864754528 18.003509867564862 89.1873135245472
71.05806598806896 25.92097593904468 62.941934011931046 20.07902406095532
