94.75920336671766 17.680299511198964 91.24079663328234 8.319700488801036
88.2517662774897 30.368938708125285 79.7482337225103 35.631061291874715
46.583243828533604 2.0015315843855253 37.416756171466396 5.998468415614475
31.698427394300406 26.28980117515901 22.301572605699594 29.71019882484099
9.178465694353132 87.49952366759622 4.821534305646867 96.50047633240378
22.10712085096317 69.97056635331819 31.89287914903683 72.02943364668181
66.55094442007162 86.92903286230346 57.449055579928384 91.07096713769654
50.65005782810197 58.28814231887332 57.34994217189803 65.71185768112667
9.474025473037281 27.238550457784847 12.525974526962719 36.76144954221515
48.852115217092226 75.07314505421563 47.147884782907774 84.92685494578437
55.82975196935186 41.214498382834485 48.17024803064814 34.785501617165515
52.81950798091745 67.22666372336937 45.18049201908255 60.77333627663062
87.7018034365043 96.70089518915078 78.2981965634957 93.29910481084922
74.1908073004421 48.136234565006035 79.8091926995579 39.863765434993965
92.56580340681155 25.037998834726842 83.43419659318845 20.962001165273158
30.081033594838935 51.89489093344228 37.918966405161065 58.10510906655772
43.003428119310655 95.18512007212765 52.996571880689345 94.81487992787235
42.47120170378253 56.54225670789297 49.52879829621747 49.45774329210703
71.94128863937127 9.236019252585223 62.058711360628735 10.763980747414777
14.584888919755901 13.72000592611121 9.415111080244099 22.27999407388879
64.96781775054193 44.43361956477954 55.032182249458074 45.56638043522046
9.610531755782688 56.26440194541394 4.389468244217312 47.73559805458606
25.319155822477644 66.22055381387851 30.680844177522356 57.77944618612148
60.68736466826252 76.2933238398739 57.31263533173748 85.7066761601261
42.99187669162958 78.89731430430193 45.00812330837042 69.10268569569807
61.31708108743293 66.24778127554758 70.68291891256708 69.75221872445242
50.00287829071301 5.996166109594834 57.99712170928699 12.003833890405165
23.29385597310834 33.688848246039875 32.70614402689166 30.31115175396013
15.766136568896878 93.99452779505657 16.23386343110312 84.00547220494343
38.101649117857455 25.122872851654996 35.898350882142545 34.877127148345004
67.81101286825937 37.72990600755986 76.18898713174063 32.27009399244014
81.19373244529947 51.06543490971725 82.80626755470053 60.93456509028275
95.97469441233221 55.40646302094955 92.02530558766779 64.59353697905044
82.0655815645324 11.553391351538309 77.9344184354676 2.44660864846169
88.99993624623349 72.97475057227247 79.00006375376651 73.02524942772753
94.01109584698834 68.09876866734936 95.98890415301166 77.90123133265064
55.464649316082834 76.21933034179331 52.535350683917166 85.78066965820669
30.006701049049028 66.25877709796639 39.99329895095097 65.74122290203361
14.662266282356812 55.04405373604058 13.337733717643188 64.95594626395942
64.36675167553865 82.2504121284555 69.63324832446135 73.7495878715445
24.858403202615733 12.102381153827142 19.141596797384267 3.8976188461728576
2.292142031178953 60.30072120870293 5.707857968821047 69.69927879129708
39.6548475134432 72.28179274435185 36.3451524865568 81.71820725564815
18.984317173319646 37.97920264460025 11.015682826680353 44.02079735539975
63.529009596727974 28.118507038634977 54.470990403272026 23.881492961365023
79.8380375895779 85.77093285631994 88.1619624104221 80.22906714368006
91.31269804048185 94.21644496920923 96.68730195951815 85.78355503079077
16.780381222576956 68.48032281012328 21.219618777423044 59.51967718987672
31.99272035784459 93.73029010332549 22.00727964215541 94.26970989667451
59.134126912539394 7.150338687833537 68.86587308746061 4.849661312166463
27.627385723130825 76.89401725688153 18.372614276869175 73.10598274311847
18.614386231355727 11.262039961485298 13.385613768644275 2.737960038514702
34.907312703931524 9.12773422249965 43.092687296068476 14.87226577750035
31.858594955057242 44.1100675656757 38.14140504494276 51.8899324343243
48.6993752390734 19.00904570717004 49.3006247609266 28.99095429282996
89.3902289303666 44.45970415279077 96.6097710696334 37.54029584720923
66.65492921301058 52.41595323843095 71.34507078698942 43.58404676156905
2.6707649217656604 90.82007615155521 5.32923507823434 81.17992384844479
37.08166135994606 95.8815989903309 34.91833864005394 86.1184010096691
92.06192951401623 34.04720508359004 85.93807048598377 41.95279491640996
61.988743944515086 71.66468841943042 52.011256055484914 72.33531158056958
76.74491503938461 20.204684216145452 83.25508496061539 27.795315783854548
85.62995129078962 9.59740200381977 90.37004870921038 18.40259799618023
74.51028771065127 79.0261075149981 73.48971228934873 88.9738924850019
3.487631817595421 34.02383529106315 2.512368182404579 43.97616470893685
86.90576168129783 89.92755512081946 93.09423831870217 82.07244487918054
23.565916734601906 80.03774492336069 14.434083265398092 75.96225507663931
75.03004176387418 64.4527202441483 84.96995823612582 65.5472797558517
41.097120731044875 46.9807012154831 50.902879268955125 45.0192987845169
93.21535327474174 51.17096574596054 86.78464672525826 58.82903425403946
62.73039547386521 56.39798593577797 71.2696045261348 61.60201406422203
41.993049072099694 20.263554479385952 32.006950927900306 19.736445520614048
24.539268437835982 47.78186818129671 27.460731562164018 38.21813181870329
5.329619897334021 3.7728177106628538 10.670380102665979 12.227182289337147
7.439730144711733 77.75032188158642 10.560269855288267 68.24967811841358
11.149528351372997 48.21364112729655 20.850471648627003 45.78635887270345
39.741709040241396 85.3795118580619 48.258290959758604 90.6204881419381
70.899767573554 95.00386862053804 61.100232426446006 96.99613137946196
17.031245835766864 18.55810577439754 26.968754164233136 17.44189422560246
38.484681320207244 43.58566536316465 31.515318679792756 36.41433463683535
52.04986026259182 14.932342383399268 43.95013973740818 9.067657616600732
39.629334432138656 36.808458786459475 42.370665567861344 27.191541213540525
16.780346586431936 33.84896334805407 19.219653413568064 24.151036651945926
64.03429703583393 14.584631569171863 73.96570296416607 13.415368430828137
55.44996353238231 52.699149617364036 60.55003646761769 61.300850382635964
3.7549785994957485 26.993992842735654 4.2450214005042515 17.006007157264346
85.08816422859242 4.93480979601249 94.91183577140758 3.06519020398751
31.234651792038253 2.005509181458711 30.765348207961747 11.994490818541289
30.893388264811918 88.02701085184188 21.106611735188082 85.97298914815812
74.34116060413399 25.480791125652264 65.65883939586601 20.519208874347736
