93.92147180491654 16.61605308709841 90.07852819508346 7.383946912901588
76.00627492205255 38.00838484277594 67.99372507794745 43.99161515722406
49.79263305767173 2.574984780954201 40.20736694232827 5.4250152190457985
34.6358801610309 24.12687023072075 25.364119838969103 27.87312976927925
5.8592217022936115 84.35852451673819 2.1407782977063885 93.64147548326181
17.167702766074747 72.71590364730744 26.832297233925253 75.28409635269256
68.79487786035416 88.58255641936425 59.20512213964584 91.41744358063575
50.04103010413893 52.39973512207068 53.95896989586107 61.60026487792932
8.455779594560491 33.02081683795602 7.544220405439509 42.97918316204398
41.07089434699109 68.00050262610682 40.92910565300891 77.99949737389318
54.19295438621391 42.723808641430146 45.80704561378609 37.276191358569854
51.255117676347346 67.46256028147809 46.744882323652654 58.53743971852192
87.93996416678293 91.77249856368842 78.06003583321707 90.22750143631158
74.84100053109076 45.875657667471565 81.15899946890924 38.124342332528435
96.85033337749522 23.21419361189056 87.14966662250478 20.78580638810944
26.745518787200208 50.204166490013925 33.25448121279979 57.795833509986075
46.13055179285183 96.1351097558833 55.86944820714817 93.8648902441167
36.86014122373026 55.80384901742986 45.13985877626974 50.19615098257014
66.92720275466368 7.149898232895239 57.07279724533632 8.85010176710476
13.659191424779904 18.765770321962087 8.340808575220096 27.234229678037913
66.81825025614813 48.33583848916267 57.18174974385186 45.66416151083733
8.822969810067914 56.931807041208806 7.177030189932085 47.068192958791194
24.8534945505536 68.51580716544639 29.1465054494464 59.48419283455362
61.17010273417438 78.49548514009234 56.82989726582562 87.50451485990766
35.77039710576767 78.99472546902831 36.22960289423233 69.00527453097169
70.04294054627138 63.346118074726185 79.95705945372862 64.65388192527381
44.85114768804801 8.209475946419632 53.14885231195199 13.790524053580368
30.35566278268746 30.852061503267535 39.64433721731254 27.147938496732465
14.9813689440737 94.90274565887398 13.0186310559263 85.09725434112602
45.18659893660008 24.142842089898707 42.81340106339992 33.85715791010129
55.24719747736289 38.55269706665991 64.75280252263711 35.44730293334009
83.43172288671755 49.252315628018806 86.56827711328245 58.747684371981194
91.45856499772384 55.02107259112341 90.54143500227616 64.97892740887659
74.81669417790522 14.932850151765784 73.18330582209478 5.067149848234216
91.98599534179125 70.62603415712671 82.01400465820875 71.37396584287329
95.877209412367 64.00150798024157 96.122790587633 73.99849201975843
46.35169376891596 70.01238418751949 45.64830623108404 79.98761581248051
34.03762430851196 62.38776842900046 43.96237569148804 63.61223157099954
15.184349937823683 56.066977095525324 16.815650062176317 65.93302290447468
64.01843942697928 82.02442976499157 71.98156057302072 75.97557023500843
19.92956427722023 14.051870326853404 14.070435722779768 5.948129673146597
2.3930220390338968 55.036978968924124 3.6069779609661032 64.96302103107587
31.115847286156527 69.00134223953168 30.884152713843473 78.99865776046832
21.59676294784088 38.03282679934957 12.40323705215912 41.96717320065043
78.69641540233542 33.71571628444411 69.30358459766458 30.284283715555883
80.04146642586879 81.05450682475518 87.95853357413121 74.94549317524482
93.74717711147991 95.84049943807456 96.25282288852009 86.15950056192544
23.49186588868108 58.97574797870149 22.50813411131892 49.02425202129851
32.66501428874404 93.20065520652268 23.33498571125596 96.79934479347732
54.03020537208609 4.54876347943171 63.96979462791391 3.4512365205682896
27.22819269119005 83.66877997709948 18.77180730880995 78.33122002290052
11.687886767960977 10.376313253638994 4.312113232039023 3.623686746361005
29.809565228420997 5.272316655998789 38.190434771579 10.72768334400121
33.505790363429455 40.666535071234726 38.494209636570545 49.333464928765274
60.43858086938008 21.031619120903272 61.56141913061992 30.968380879096728
89.86983546852336 41.523538335069006 94.13016453147664 32.476461664930994
68.81047231225534 59.49510494923083 73.18952768774466 50.50489505076917
5.174211457649263 72.65472837001481 8.825788542350736 63.345271629985184
38.99630096803871 95.8997330928414 37.00369903196129 86.1002669071586
92.40587872255563 26.61687924278214 87.59412127744437 35.38312075721786
62.89352747892547 72.97365268402876 53.10647252107453 75.02634731597124
80.57002592132666 21.20884417553318 83.42997407867334 30.79115582446682
80.51355106164198 6.22606351595936 83.48644893835802 15.77393648404064
77.06850996753708 77.05231123578295 70.93149003246292 84.94768876421705
3.400711499908471 35.01608283637849 2.599288500091529 44.98391716362151
87.78996283841238 87.48505693881378 92.21003716158762 78.51494306118622
19.71274705178452 85.34895645380249 12.287252948215482 78.65104354619751
65.00821050955311 67.71357778880835 74.99178949044689 68.28642221119165
41.10368534439893 43.98703267903341 50.89631465560107 46.01296732096659
95.77475986550819 43.72109958099539 88.22524013449181 50.27890041900461
77.87242571268864 58.17809806996662 86.12757428731136 63.82190193003338
37.80579068984272 18.3799912483132 28.19420931015728 15.6200087516868
25.391822928036884 45.96287423265373 26.608177071963116 36.03712576734627
4.104231472614327 10.373331469558906 7.895768527385673 19.626668530441094
7.793797556869171 77.48694448148443 12.20620244313083 68.51305551851557
12.628917602572294 49.42768174909679 21.371082397427706 44.57231825090321
42.69662377446288 84.45422839565646 51.30337622553712 89.54577160434354
73.899767573554 93.00386862053804 64.100232426446 94.99613137946196
19.016044242393335 19.59976880903739 28.983955757606665 20.40023119096261
42.248622354073746 39.63613506718926 33.751377645926254 34.36386493281074
54.83172779850811 19.286237334679708 45.16827220149189 16.713762665320292
52.833320521883614 34.99722102288611 53.166679478116386 25.002778977113895
18.28017328823264 33.69491172243861 21.71982671176736 24.30508827756139
61.20061256790899 13.597901473973083 70.79938743209101 16.402098526026915
58.073342996508394 54.38610871488103 61.926657003491606 63.61389128511897
4.452392601018185 30.979492035794816 3.547607398981815 21.020507964205184
85.00114173971724 2.893153878859582 94.99885826028276 3.106846121140418
26.01307333844279 3.1037072788755387 23.98692666155721 12.89629272112446
32.997385264552236 89.16168029452024 23.00261473544776 88.83831970547976
77.34116060413399 27.480791125652264 68.65883939586601 22.519208874347736
