96.63286977627591 14.435441338259324 89.36713022372409 7.564558661740676
72.64405139273174 37.14722190706325 63.35594860726825 40.85277809293675
38.9998519154854 4.038481465888804 29.0001480845146 3.961518534111196
36.78149325371197 27.538041633729975 27.21850674628803 30.461958366270025
9.110244863715435 87.12482242963463 6.889755136284565 96.87517757036537
14.428073289755465 71.97577517154033 23.571926710244533 76.02422482845967
82.88088495404077 91.08487882522358 73.11911504595923 88.91512117477642
56.28041438255345 58.658640570892615 63.71958561744655 65.34135942910738
14.229084045720253 29.153418482212857 11.770915954279747 38.84658151778714
43.158136809589976 66.00250135073028 42.841863190410024 75.99749864926972
59.372743846046184 40.42468786792552 50.627256153953816 35.57531213207448
58.20117679679243 67.840894051608 51.79882320320757 60.159105948391996
83.97362356860563 96.51290213278027 74.02637643139437 95.48709786721973
76.95173484438635 39.561207060888485 81.04826515561365 30.438792939111515
94.66620674976251 19.796250140840858 85.33379325023749 16.203749859159142
30.738875550936065 41.16165677902309 33.261124449063935 50.83834322097691
55.54980311913878 92.27941828578544 64.45019688086123 87.72058171421456
38.589737774240774 57.35575616311223 47.410262225759226 52.64424383688777
69.92720275466368 10.14989823289524 60.07279724533632 11.85010176710476
16.15539300583196 16.12140554082452 9.84460699416804 23.87859445917548
61.07079053927887 47.90321621401466 52.92920946072113 42.09678378598534
8.258678611867744 64.94473888082047 9.741321388132256 55.055261119179534
26.393222948581073 66.2666981852711 31.606777051418927 57.733301814728904
67.84804654081309 74.89042205313457 62.15195345918692 83.10957794686543
36.24956391672469 79.94336380260631 37.75043608327531 70.05663619739369
71.25878224351014 62.41228019299837 80.74121775648986 65.58771980700163
43.75628717177203 4.35596871585577 52.24371282822797 9.64403128414423
26.237782875100073 35.52357738737154 35.76221712489993 32.47642261262846
17.027850458737625 94.99992243459317 16.972149541262375 85.00007756540683
45.23800835080506 25.00566801013919 44.76199164919494 34.99433198986081
61.67388148817796 36.50693011902419 70.32611851182205 31.49306988097581
79.93658222431871 46.11439434313768 82.06341777568129 55.88560565686232
95.50011573020285 41.02505118450357 96.49988426979715 50.97494881549643
75.98835065748385 16.901342976965726 74.01164934251615 7.098657023034275
88.98311061192209 71.4106198111994 79.01688938807791 70.5893801888006
91.877209412367 53.00150798024157 92.122790587633 62.99849201975843
50.17741424497338 66.003148572783 49.82258575502662 75.996851427217
38.061104435539114 62.779301355926314 47.938895564460886 61.220698644073686
15.227806981555922 55.005192298080495 14.772193018444078 64.9948077019195
67.96626226044002 83.95448131631419 76.03373773955998 78.04551868368581
18.27156016853987 10.781123386458496 11.728439831460129 3.218876613541504
3.8705910085938195 63.076376202860786 2.1294089914061805 72.92362379713921
32.55106818211241 65.03046039771657 31.448931817887587 74.96953960228343
14.487509353427868 43.79494675735542 5.5124906465721315 48.20505324264458
74.88196541734033 28.15124491250264 67.11803458265967 21.84875508749736
84.69872199369365 81.54931510654632 93.30127800630635 76.45068489345368
93.57900930315591 96.79382784833608 96.42099069684409 87.20617215166392
19.79458880787241 64.99577884239773 20.20541119212759 55.004221157602274
35.9816679092093 96.42776727592731 26.018332090790704 95.57223272407269
61.00403173677397 3.200751370700803 70.99596826322603 2.799248629299197
34.45696098713478 87.61239819696391 27.543039012865222 80.38760180303609
12.74624987610563 11.311436526007792 5.2537501238943705 4.688563473992208
35.468253538215215 8.460682702883128 42.531746461784785 15.539317297116872
35.79118472440392 41.16548509885523 42.20881527559608 48.83451490114477
60.997987210260945 24.416546377715413 57.002012789739055 33.58345362228459
86.1024321139826 42.13192665525326 93.8975678860174 35.86807334474674
68.47993342781974 56.97287952402837 69.52006657218026 47.02712047597163
4.012876001297739 79.58817373404511 7.987123998702261 70.41182626595489
44.07296596401166 96.55003429789812 39.92703403598834 87.44996570210188
91.99247738387604 24.99436907504068 86.00752261612396 33.00563092495932
60.49987291099215 75.82028814176758 51.50012708900785 80.17971185823242
80.0770473133429 18.38456362140282 83.9229526866571 27.61543637859718
78.36511893179959 3.040471188788123 79.63488106820041 12.959528811211877
84.70740136612827 75.64512666253549 77.29259863387173 82.35487333746451
3.833563673861445 35.06997245427385 2.166436326138555 44.93002754572615
87.48248462126865 90.31996716629318 92.51751537873135 81.68003283370682
24.327901819619655 84.50385020313374 15.672098180380345 79.49614979686626
64.2643977302483 71.60439120625944 73.7356022697517 68.39560879374056
47.49418578963652 47.832596414673425 56.50581421036348 52.167403585326575
91.7974961667008 45.85584565957126 86.2025038332992 54.14415434042874
82.30532782412476 60.631113312559584 89.69467217587524 67.36888668744042
40.41385631914802 21.34901519661264 31.586143680851983 16.65098480338736
27.0884402621274 56.999217770815235 26.9115597378726 47.000782229184765
3.403801112555932 9.726856972106575 8.596198887444068 18.273143027893425
2.1121651800513033 93.62991141303905 5.887834819948697 84.37008858696095
12.857137296757827 50.799408620063346 21.142862703242173 45.200591379936654
41.35135905780258 82.15876742628046 50.64864094219742 85.84123257371954
67.94518610067152 95.26166780530359 58.05481389932848 96.73833219469641
18.3775617453098 19.90605996274426 27.6224382546902 16.09394003725574
46.46220937308636 41.25581194046406 37.53779062691364 36.74418805953594
50.28642909558989 17.76820697410058 43.71357090441011 10.231793025899421
51.96809443365992 30.89235841922445 54.03190556634008 21.10764158077555
17.036817556499244 36.59846873356016 20.963182443500756 27.40153126643984
53.133809794477564 14.851003531912516 62.866190205522436 17.148996468087482
62.235539147589094 52.32168001304855 65.7644608524109 61.67831998695145
7.310199458610821 31.82528521215647 4.689800541389179 22.17471478784353
84.00045803325236 3.0676766040007037 93.99954196674764 2.9323233959992963
24.1474501697213 2.0021746281558457 23.8525498302787 11.997825371844154
31.996490132435138 90.8126864754528 22.003509867564862 91.1873135245472
77.78804399430526 24.26354449903902 70.21195600569474 17.73645550096098
