94.25386713179363 20.796359926117802 87.74613286820637 13.203640073882198
47.6418481403103 49.425922083602956 40.3581518596897 42.574077916397044
64.6898649525425 29.374151246165265 57.31013504745751 22.625848753834735
31.66992518450986 42.50009041681657 40.330074815490136 37.49990958318343
6.462554577871898 54.028968676599035 7.537445422128102 63.971031323400965
26.2178254575699 70.67160078563163 29.7821745424301 61.32839921436837
96.82794625511667 76.06902595842989 95.17205374488333 85.93097404157011
61.126072810208775 76.07696726936092 62.873927189791225 85.92303273063908
31.636672101818178 25.55840837711377 40.36332789818182 30.44159162288623
79.774513544393 73.15250756090082 82.225486455607 82.84749243909918
95.0330149264212 37.56802477105243 90.9669850735788 28.43197522894757
85.93581201847945 67.79859859643868 76.06418798152055 66.20140140356132
77.09705320059072 90.99905797888513 76.90294679940928 81.00094202111487
56.36533221997405 27.438006277526057 47.63466778002595 22.561993722473943
71.6006759968201 6.958004180864636 62.3993240031799 3.041995819135364
5.410936338432486 43.20320329293697 2.589063661567514 52.79679670706303
53.54015177314236 91.73952354725938 62.45984822685764 96.26047645274062
21.416945576312393 53.65027162393693 14.583054423687605 46.34972837606307
86.73355549736277 21.389580069240747 77.26644450263723 24.610419930759253
16.662513294373284 68.01140272987233 17.337486705626716 77.98859727012767
55.525491836037524 69.23131725459046 64.47450816396247 64.76868274540954
21.697052715810678 77.00918614422434 22.302947284189322 86.99081385577566
26.25432634692519 36.05591557483996 27.74567365307481 45.94408442516004
93.5417023154039 96.09115759287887 84.4582976845961 91.90884240712113
21.994725469028314 91.22960289423241 12.005274530971686 90.77039710576759
50.683802681664 88.2501450233699 41.316197318336 91.7498549766301
28.047751013532483 32.31063074043626 37.95224898646752 33.68936925956374
44.94814476556793 16.718236297455537 35.05185523443207 15.281763702544463
12.115106895461274 72.99867486466336 11.884893104538726 63.00132513533664
31.18505550717001 11.232057938315174 38.81494449282999 4.767942061684826
44.02823374326389 66.53060370181542 53.97176625673611 65.46939629818458
63.14267505320532 55.814085010953114 72.85732494679468 58.185914989046886
83.39322426535239 60.67233292132178 76.60677573464761 53.32766707867822
84.16622059566913 35.929991065398966 85.83377940433087 26.070008934601034
92.298786272516 53.5535145551236 83.701213727484 48.4464854448764
66.51640624829794 68.85475535186885 57.48359375170207 73.14524464813115
37.698755552040026 87.04906668611935 36.301244447959974 96.95093331388065
28.54092134027523 78.21762721395166 31.45907865972477 87.78237278604834
55.99565563732064 81.79161393207194 46.00434436267936 82.20838606792806
74.89470488175287 77.02071745382578 65.10529511824713 74.97928254617422
58.14573715806088 13.198387358648755 67.85426284193912 10.801612641351245
11.728369299784692 78.37441586964758 2.271630700215308 81.62558413035242
86.59875689057358 87.62743617752305 95.40124310942642 92.37256382247695
7.512714672160069 27.322761267559372 2.487285327839931 18.677238732440628
85.23706998418135 8.654663434251043 76.76293001581865 3.3453365657489567
80.18921606938417 39.76303756058861 87.81078393061583 46.23696243941139
42.31269804048184 80.21644496920923 47.68730195951816 71.78355503079077
35.57447718127444 67.2543681552773 32.42552281872556 76.7456318447227
17.849526948185225 82.78258947810309 8.150473051814775 85.21741052189691
36.15135214252139 82.64569705200842 39.84864785747861 73.35430294799158
18.326180952011335 34.9893492548172 17.673819047988665 25.010650745182797
22.604855127598974 12.616158237087248 31.395144872401026 17.383841762912752
49.24637443231566 15.449824538235182 58.75362556768434 18.55017546176482
59.119146780396164 52.471289706424514 54.880853219603836 61.528710293575486
95.68259499573429 14.21944120575952 90.31740500426571 5.7805587942404815
92.18305396754646 58.738988774090515 83.81694603245354 53.261011225909485
12.794257351433284 26.666973382913987 9.205742648566716 17.333026617086013
15.118218744973547 54.90854344462174 8.881781255026453 47.09145655537826
22.995265056781804 95.78245227536316 13.004734943218196 96.21754772463684
70.83495807962369 62.27404096020562 61.16504192037632 59.72595903979438
18.721133377965828 20.413245193134482 27.278866622034172 25.586754806865518
68.32026513959268 15.760704869161355 77.67973486040732 12.239295130838645
44.86361353625892 28.479396845824237 49.13638646374108 37.52060315417576
55.80971735083862 44.36624265964796 46.19028264916138 41.63375734035204
21.999876162530253 2.964809669484913 12.000123837469747 3.035190330515087
89.81004765771245 65.14366255053416 92.18995234228755 74.85633744946584
37.28812516901902 45.428622444131236 28.71187483098098 50.571377555868764
60.726978568456154 45.403600984908714 69.27302143154384 50.596399015091286
59.25405876597726 31.821506642425565 64.74594123402274 40.17849335757443
95.38881936408661 68.96250523730549 96.61118063591339 59.0374947626945
23.472897108639607 63.31436565168947 28.527102891360393 54.68563434831053
55.993245571568906 3.740194953845158 46.006754428431094 4.259805046154842
52.13115259942497 31.904915801572095 57.86884740057503 40.095084198427905
3.264472876293481 5.39538700596067 12.735527123706518 8.60461299403933
6.278658319915228 96.8337390187009 3.7213416800847723 87.1662609812991
16.782879761365518 40.17245021323453 23.217120238634482 47.82754978676547
41.03108733618493 96.55669285910479 50.96891266381507 95.44330714089521
69.46274686134458 83.64857748581714 64.53725313865542 92.35142251418286
12.87486526128881 13.825466932646384 21.12513473871119 8.174533067353616
67.52298421910001 34.22313655387006 70.47701578089999 43.77686344612994
4.000006615085178 32.008133314700764 13.999993384914822 31.99186668529924
95.2769196700561 48.45147580203595 90.7230803299439 39.54852419796405
37.549677589731516 55.7208268067867 46.450322410268484 60.2791731932133
70.51788797635278 29.553092200581418 63.48211202364722 22.446907799418582
2.709071030181044 72.99152885742636 3.290928969818956 63.00847114257364
51.01337102541876 8.36541958057402 60.98662897458124 7.63458041942598
70.84389061957678 23.77970408820043 79.15610938042322 18.22029591179957
33.494232720514226 20.832498852799528 42.505767279485774 25.167501147200472
80.92179562986986 95.1191323721501 71.07820437013014 96.8808676278499
76.58735368975829 32.03461827820586 75.41264631024171 41.96538172179414
