71.8833602732562 6.073681722664164 62.1166397267438 3.9263182773358367
56.15268277893268 49.997668253197425 55.84731722106732 40.002331746802575
71.8053733667995 39.24332137464869 64.1946266332005 32.75667862535131
11.048674187735863 18.695968893562696 20.951325812264137 17.304031106437304
4.203127450320421 54.06390902235715 5.796872549679579 63.93609097764285
22.446087125535954 77.98006087075561 21.553912874464046 68.01993912924439
88.69369302275717 63.563678536589 93.30630697724283 72.43632146341099
57.78644749002402 71.33003154556833 54.21355250997598 80.66996845443167
23.072513950516694 33.848458149909234 32.927486049483306 32.151541850090766
83.48583681307758 63.678081043156396 88.51416318692242 72.3219189568436
87.21337764523899 39.83069237985489 80.78662235476101 32.16930762014511
73.18426933697916 74.73713173150581 64.81573066302084 69.26286826849419
75.88478872329007 82.87404388657909 78.11521127670993 73.12595611342091
83.88739201480487 27.05517737543102 74.11260798519513 24.94482262456898
57.82840404782044 6.298658673782757 48.17159595217956 3.7013413262172423
3.2515287042718475 40.05633832878189 4.7484712957281525 49.94366167121811
69.51906980406505 84.41069296785183 76.48093019593495 91.58930703214817
5.400099986035115 77.9638815430311 6.599900013964885 68.0361184569689
82.96045313071528 21.627618305960706 73.03954686928472 20.372381694039294
16.057071795276926 65.08971626066908 17.942928204723074 74.91028373933092
51.669379982131495 55.71308502737418 48.330620017868505 46.28691497262582
35.475697442695115 90.77106922461634 26.524302557304885 95.22893077538366
7.082791343654159 23.892673763080353 14.917208656345842 30.107326236919647
83.99773939037993 96.15033624261883 74.00226060962007 95.84966375738117
40.634790355299614 79.566590750723 33.365209644700386 86.433409249277
49.74932160858552 82.15894602785211 52.25067839141448 91.84105397214789
26.95106294178439 16.066383000695506 35.048937058215614 21.933616999304494
41.22822215378036 20.66873329845472 32.77177784621964 15.33126670154528
11.817812593917097 61.65784900714873 8.182187406082903 52.34215099285127
55.14284208989871 24.813401063399937 64.8571579101013 27.186598936600063
14.047551795690357 56.31206338690967 23.952448204309643 57.68793661309033
68.19373244529947 48.06543490971725 69.80626755470053 57.93456509028275
81.84488775335751 53.8036210856531 74.15511224664249 60.1963789143469
81.96714694632063 41.02443027010534 76.03285305367937 32.97556972989466
86.38528394086441 50.40193354570784 77.61471605913559 45.59806645429216
65.97775050601938 89.52883134673047 56.022249493980624 90.47116865326953
52.1488695733819 71.11610756974017 45.8511304266181 78.88389243025983
30.69874372262822 71.04906501657639 29.30125627737178 80.95093498342361
81.91449397267183 68.92073285624674 72.08550602732817 67.07926714375326
85.89348750775935 81.00113461983655 86.10651249224065 90.99886538016345
68.9717539965961 23.106871128154918 71.0282460034039 32.89312887184508
17.972359455862705 91.52501565852148 8.027640544137295 90.47498434147852
89.67792494889706 77.57191153464102 94.32207505110294 86.42808846535898
2.9748190384103332 22.893771959950126 5.025180961589667 13.106228040049874
88.93937322410736 4.223731906509554 79.06062677589264 5.776268093490446
95.55677652398741 39.485837118400454 88.44322347601259 46.514162881599546
47.831619175675534 93.65243712427129 44.168380824324466 84.34756287572871
40.898690177733414 87.08142744645914 39.101309822266586 96.91857255354086
25.808518794414088 86.3704550352954 16.191481205585912 83.6295449647046
33.83178791135791 79.50542521174931 38.16821208864209 70.49457478825069
37.384036054934434 62.5957895539211 28.615963945065566 67.4042104460789
10.015239569865845 12.609918656984537 19.984760430134155 13.390081343015463
61.857560212949856 36.11090342306028 68.14243978705014 43.88909657693972
55.353256947145205 31.58840371965965 50.646743052854795 40.41159628034035
95.69013962691365 13.990389418591578 96.30986037308635 4.009610581408422
74.93552981475382 52.91169868433587 73.06447018524618 43.08830131566413
31.941647717485452 26.0762661249056 24.058352282514548 19.9237338750944
26.898179395559424 38.99608834605972 17.101820604440576 41.00391165394028
17.944998031047668 96.73959074692337 8.05500196895233 95.26040925307663
51.08382314480744 62.11514497384442 42.91617685519256 67.88485502615558
17.112087137850402 25.94723798889183 26.887912862149598 28.05276201110817
81.52073047615484 9.778256420566953 90.47926952384516 14.221743579433047
44.020706228870175 26.096839416271752 45.979293771129825 35.903160583728244
31.988671308365312 52.336390512786465 22.011328691634688 51.663609487213535
58.897933353462946 12.0051113694687 49.102066646537054 9.9948886305313
86.19931222826908 57.602360232980914 95.80068777173092 60.397639767019086
39.08181042196268 51.06268562049178 32.91818957803732 58.93731437950822
61.63393413360728 43.0403500613201 60.36606586639272 52.9596499386799
48.10501519177688 21.080751867099014 49.89498480822312 30.919248132900986
93.78859775695146 54.851031292986775 96.21140224304854 45.148968707013225
34.50818769419871 47.772263199390814 37.49181230580129 38.227736800609186
42.146237337501006 4.20559202314469 33.853762662498994 9.794407976855311
38.371045062637656 26.272790906672007 41.628954937362344 35.72720909332799
2.360015500061315 9.427902104816607 9.639984499938684 2.5720978951833935
11.374800842475796 85.96075861269534 12.625199157524204 76.03924138730466
11.00290256570129 46.82965554859272 20.99709743429871 47.17034445140728
57.67987849600513 82.73855496130669 64.32012150399487 75.26144503869331
82.91408491501247 77.38087898641726 79.08591508498753 86.61912101358274
27.34500043188163 5.825096989427622 36.65499956811837 2.174903010572378
62.411230040242025 56.72235227076204 67.58876995975798 65.27764772923796
7.6658120525592395 31.50704696469042 16.33418794744076 36.49295303530958
96.46933748310528 29.779230833590468 93.53066251689472 20.220769166409532
43.748660679812986 40.00632114106965 44.251339320187014 49.99367885893035
84.96994580678663 17.547392617418293 75.03005419321337 16.452607382581707
3.666844821451833 94.95533227787026 2.333155178548167 85.04466772212974
51.152583568687575 18.2257870701889 60.847416431312425 15.7742129298111
61.995064894567236 20.993408559029696 70.00493510543276 15.006591440970302
18.043343374469984 4.943062259768864 25.956656625530016 11.056937740231136
68.99380242835821 95.24887206858892 59.0061975716418 94.75112793141108
88.19595591551528 20.065072127152703 89.80404408448472 29.934927872847297
