78.91785641386137 3.9026008490149984 69.08214358613863 2.0973991509850016
68.50093056564302 17.974843572254766 67.49906943435698 8.025156427745234
79.93122244765331 44.55194018402115 84.06877755234669 35.44805981597885
21.714109724885866 7.424899118542712 30.285890275114134 12.575100881457288
9.099589761361763 27.46218964323267 4.900410238638237 36.53781035676733
42.400926175547085 70.96398132076011 43.599073824452915 61.03601867923988
95.56874434187425 69.03245232800066 94.43125565812575 78.96754767199934
43.28041438255345 76.65864057089262 50.71958561744655 83.34135942910738
13.126938792857118 23.83781770200943 20.873061207142882 30.16218229799057
93.69470905521686 87.29596330603533 90.30529094478314 96.70403669396467
80.85165554762698 32.79110031550159 71.14834445237302 35.20889968449841
58.99997232623727 75.01663540986816 49.00002767376273 74.98336459013184
64.67477769985673 84.50847604221038 73.32522230014327 79.49152395778962
88.54831101252486 34.97955590977686 89.45168898747514 25.020444090223137
83.99289815541027 9.266398216399102 74.00710184458973 8.733601783600898
4.685245368369899 13.009916882268653 5.314754631630101 22.990083117731345
70.007419912148 95.27229408069891 79.992580087852 94.72770591930109
15.313559675517414 49.95265582096356 16.686440324482586 40.04734417903644
89.94128863937127 19.236019252585223 80.05871136062873 20.763980747414777
26.620583109155852 76.0386618131163 25.379416890844148 85.9613381868837
56.739409750766164 51.94502509806289 55.260590249233836 42.05497490193711
15.69705271581068 78.00918614422434 16.302947284189322 87.99081385577566
27.3078529191768 39.786646929675236 32.692147080823204 48.213353070324764
66.84557372665329 92.766948800914 57.154426273346715 95.233051199086
11.008123308370585 65.10268569569811 8.991876691629415 74.89731430430189
44.46339545214528 87.69121393339113 49.53660454785472 96.30878606660887
43.003279087617095 28.181052820346327 52.996720912382905 27.818947179653673
45.08275681313665 12.886363941845568 36.91724318686335 7.113636058154432
7.0590943267588075 86.55632862659287 2.9409056732411925 77.44367137340713
59.16429086549418 40.72881269418825 68.83570913450582 43.27118730581175
3.379731053582854 72.73019328794038 6.620268946417146 63.26980671205961
70.32973861638698 55.77274271623017 75.67026138361302 64.22725728376983
96.78816257822751 61.56003502665458 87.21183742177249 64.43996497334541
73.81583037867028 40.34453626350367 64.18416962132972 37.65546373649633
91.14934321677306 58.866108318775666 88.85065678322694 49.133891681224334
84.99488138282388 90.22618570140347 75.00511861717612 89.77381429859653
75.6013831073732 69.95634186664311 66.3986168926268 66.04365813335689
38.43867420198678 53.01928068001104 37.56132579801322 62.98071931998896
74.99802274854497 74.14060087135941 65.00197725145503 73.85939912864059
82.45821299484562 66.02943998717993 83.54178700515438 75.97056001282007
70.72096118599929 23.305504010409216 67.27903881400071 32.694495989590784
5.207293753651287 96.85205541934494 2.7927062463487133 87.14794458065506
81.1152863658613 80.932492289274 90.8847136341387 83.067507710726
7.063878287331958 5.796682143471987 16.93612171266804 4.203317856528013
83.28891195899193 13.429934979807708 74.71108804100807 18.570065020192292
93.6786158510219 41.23632380563593 84.3213841489781 44.76367619436407
37.239520218263436 91.1689028982004 42.760479781736564 82.8310971017996
33.55339873643882 78.03071938420581 32.44660126356118 87.96928061579419
10.778818702679256 60.27422192471455 3.2211812973207428 53.72577807528545
19.06573636434781 91.8081103723381 28.93426363565219 90.1918896276619
28.476475186736735 50.23776605537158 31.523524813263265 59.76223394462842
29.928133101420222 7.098293612329068 38.07186689857978 12.90170638767093
62.03661967230703 51.6040328821103 71.96338032769296 50.3959671178897
64.35061689340466 4.28875136461712 57.64938310659534 11.71124863538288
96.9923056871019 11.900543788534616 95.0076943128981 2.099456211465384
84.40585478528477 58.36398891938674 75.59414521471523 53.63601108061326
33.782280340629875 29.459381630563108 24.21771965937013 26.540618369436892
22.631836565923855 38.436533596288335 15.368163434076145 31.56346640371167
38.95715252220847 95.65317598820091 29.042847477791533 94.34682401179909
63.17318673322437 61.49697219389691 58.82681326677563 70.50302780610309
35.5916171295778 42.640728826995904 44.4083828704222 47.359271173004096
73.16185744256542 29.261894050204063 82.83814255743458 26.738105949795937
56.77459283166119 61.84047663565951 51.22540716833881 70.15952336434049
11.838194485391277 54.20441306518245 4.161805514608723 47.79558693481755
48.73917902540769 9.319418656323911 41.26082097459231 2.6805813436760886
72.86616905201998 46.1872714859904 81.13383094798002 51.8127285140096
21.786564239596327 74.06225591013586 20.213435760403673 83.93774408986414
61.90127639754735 30.872694055590344 54.09872360245265 37.127305944409656
46.59571656443572 52.20125140973193 49.40428343556428 61.79874859026807
94.4755201082064 54.97241599658598 95.5244798917936 45.02758400341402
37.7941725700949 81.99576171060016 38.2058274299051 72.00423828939984
44.774779247782725 20.7211218945333 37.225220752217275 27.2788781054667
39.728997591706076 30.545502490569426 44.271002408293924 39.454497509430574
26.021225803963212 3.46022549351186 35.97877419603679 2.53977450648814
15.263421277474961 60.18463103456245 20.73657872252504 51.81536896543755
2.00290256570129 40.82965554859272 11.99709743429871 41.17034445140728
54.13596865090596 81.15810147872732 63.86403134909404 78.84189852127268
77.61967421499781 84.08725063134652 68.38032578500219 87.91274936865348
9.000266191562158 13.948406931050398 18.999733808437842 14.051593068949602
64.15864875895612 16.00251757669107 63.84135124104389 25.99748242330893
20.028247264892624 21.5307303844254 29.971752735107376 20.4692696155746
92.96809443365991 36.89235841922445 95.03190556634009 27.10764158077555
51.22805596573088 45.059949149253995 52.77194403426912 54.940050850746005
58.93448635271386 3.8067493011343037 49.06551364728614 2.1932506988656963
29.79815151768792 68.40632215843635 20.20184848231208 65.59367784156365
50.07888504790643 22.88466243747608 59.92111495209357 21.11533756252392
51.436297834970944 16.749193146112656 54.563702165029056 7.250806853887343
43.316532976964474 16.476600891896364 34.683467023035526 21.523399108103636
59.949539241828106 86.29143716326377 50.050460758171894 87.70856283673623
91.28220474229944 4.051791236414678 92.71779525770056 13.948208763585322
