59.47855648538885 9.223180561083927 50.52144351461115 4.776819438916073
73.93354577828073 16.611008644894603 70.06645422171927 7.388991355105397
86.00964314112414 11.310384311895275 95.99035685887586 10.689615688104725
27.47336695419237 42.59662647511865 20.52663304580763 35.40337352488135
12.421707407504327 96.33420299083464 3.578292592495673 91.66579700916536
47.784539212588115 80.45195885727065 38.215460787411885 77.54804114272935
86.08912010930966 79.37955218151365 89.91087989069034 88.62044781848635
35.6162632288449 61.19528642392148 38.3837367711551 70.80471357607853
26.70529325283225 21.30878286289095 17.29470674716775 24.69121713710905
55.99997320318531 94.98363028928729 46.00002679681469 95.01636971071271
64.09617975423146 17.132717066450493 55.903820245768536 22.867282933549507
39.91128293776518 95.06229007405453 30.088717062234824 96.93770992594547
60.20815691368515 87.0630997046066 61.79184308631485 96.9369002953934
96.52476521097327 58.12755723438077 87.47523478902673 53.87244276561923
80.71256080772382 9.349162917648682 73.28743919227618 2.6508370823513174
46.74551878720021 59.204166490013925 53.25448121279979 66.79583350998607
68.21537927225543 91.54830978110442 77.78462072774457 94.45169021889558
49.038438004507974 16.618791212679326 58.961561995492026 15.381208787320674
96.99952592769635 18.93114872338186 87.00047407230365 19.06885127661814
64.99997502963707 53.00001872789397 71.00002497036293 60.99998127210603
58.08846179057233 60.083792305775376 59.91153820942767 69.91620769422462
2.436268878962304 76.03188091696933 3.563731121037696 85.96811908303067
30.107326236919643 73.08279134365415 23.892673763080357 80.91720865634585
12.063191973316474 30.885654800318523 9.936808026683526 21.114345199681477
24.89413050139428 73.07725503750983 19.10586949860572 64.92274496249017
24.74932160858551 52.15894602785211 27.25067839141449 61.84105397214789
28.724204912660515 47.54794915567651 33.27579508733949 56.45205084432349
46.39989512220487 10.199969411886313 43.60010487779513 19.800030588113685
19.636980129822007 83.95925965384068 18.363019870177993 74.04074034615932
96.89498708239648 94.62698864895414 93.10501291760352 85.37301135104586
3.8761240602157008 38.92264224082059 2.1238759397842992 29.07735775917941
83.57220012342059 70.35991923082439 90.42779987657941 77.64008076917561
82.23883049226009 95.99429274231765 81.76116950773991 86.00570725768235
55.115718890058645 74.839165021272 46.884281109941355 69.160834978728
96.95479125154291 50.67085292995837 87.04520874845709 49.32914707004163
61.92089508098432 74.38370688887174 58.07910491901568 83.61629311112826
71.6713330033132 74.4974728709174 80.3286669966868 79.5025271290826
24.347812507921297 86.28622141050309 17.652187492078703 93.71377858949691
68.0391577767991 49.948487443429244 75.9608422232009 56.051512556570756
94.76119714939026 40.52676183625282 85.23880285060974 37.47323816374718
96.3892975248056 23.1968913829095 93.6107024751944 32.8031086170905
36.7279213950002 52.453948676478234 41.2720786049998 43.546051323521766
65.87086781120463 77.18037815169234 74.12913218879537 82.81962184830766
4.144987493291031 11.804653372573675 13.85501250670897 14.195346627426325
58.918714382631705 27.00066077882196 59.081285617368295 36.99933922117804
88.76117515319261 33.84410084524803 91.23882484680739 24.15589915475197
53.95732054140605 49.0001821569367 54.04267945859395 58.9998178430633
7.486408747311293 83.4426587865332 14.513591252688707 90.5573412134668
96.75776138370114 45.53743507692592 87.24223861629886 42.46256492307408
4.513037331126507 20.226223505297234 7.486962668873493 29.773776494702766
22.67121577905776 30.269156179842692 29.32878422094224 37.730843820157304
32.692981836750874 18.53960519400992 41.307018163249126 13.46039480599008
73.20441441420927 38.85277095264602 70.79558558579073 29.14722904735398
63.906055506963014 40.999117365318405 64.09394449303699 31.000882634681595
81.06925544871737 21.551722958172373 76.93074455128263 12.448277041827627
35.26630221498212 39.610001639787 44.73369778501788 36.389998360213
85.77961424418892 23.061153815894066 84.22038575581108 32.938846184105934
9.621899586025652 60.552995011789626 2.378100413974347 67.44700498821038
12.166982395193296 67.65188633357144 15.833017604806704 58.34811366642857
69.04431180989687 39.96714650366705 74.95568819010313 48.03285349633295
65.07832385796385 86.11846500187902 74.92167614203615 87.88153499812098
62.65386091205803 2.1846174029559435 65.34613908794196 11.815382597044056
68.01404094285279 70.3744493029125 77.98595905714721 69.6255506970875
14.803430255513486 84.66343642751765 11.196569744486514 75.33656357248235
12.983917163621518 3.4007114999084043 3.016082836378482 2.5992885000915957
94.8457403017039 62.002380171973705 95.1542596982961 71.9976198280263
14.62608847117191 34.19246766927634 17.373911528828092 43.80753233072366
89.84542432350005 62.233638166252206 80.15457567649995 59.766361833747794
43.457045638680405 83.91156382166768 52.542954361319595 88.08843617833232
87.90778301798004 65.9558586968934 78.09221698201996 64.0441413031066
51.749436036639004 22.82380538283585 46.250563963360996 31.17619461716415
42.9084937749915 8.04779788864458 33.0915062250085 9.95220211135542
21.869401373339496 61.92383399923631 20.130598626660504 52.07616600076369
9.420395028091795 56.490906507640965 16.579604971908207 49.509093492359035
29.76019474148951 13.470115683100317 20.23980525851049 16.529884316899683
13.060909938655806 9.221932287052722 22.939090061344196 10.778067712947278
76.10412879302179 32.92398111478927 81.89587120697821 41.07601888521073
30.313641546025124 86.25570037197126 23.686358453974876 93.74429962802874
42.48715225536086 54.0237883204091 41.51284774463914 63.9762116795909
67.69301588751554 45.27500670159947 58.30698411248446 48.72499329840053
81.9046060073052 46.00091008420955 82.0953939926948 55.99908991579045
74.82759859394366 21.69835034830673 65.17240140605634 24.30164965169327
33.986937741447626 33.017337807707406 26.013062258552377 26.982662192292594
44.323234813355 47.76857778708921 53.676765186645 44.23142221291079
33.944829305305596 81.04197877389717 40.055170694694404 88.95802122610283
24.02567468018659 2.493949001914623 33.97432531981341 3.506050998085377
39.410099696690864 21.034920178672273 40.589900303309136 30.965079821327727
6.448043355159586 47.29971130226843 11.551956644840413 38.70028869773157
59.517494451508476 55.41222142479141 66.48250554849153 62.58777857520859
91.98931655572048 5.326680741418307 82.01068344427952 4.673319258581693
