86.34747722013493 3.53029519569488 77.65252277986507 8.46970480430512
77.81615602226407 14.230627371539116 70.18384397773593 7.769372628460884
68.56732683264202 53.31331117478489 77.43267316735798 48.68668882521511
16.960339422660933 7.109283704412308 19.039660577339067 16.890716295587694
8.447615559213276 53.214144883855795 5.552384440786724 62.785855116144205
36.05587459393485 68.60655797808863 39.94412540606515 59.39344202191137
92.68881359804666 78.78451883707692 87.31118640195334 87.21548116292308
47.65005782810197 78.28814231887333 54.34994217189803 85.71185768112667
6.405359048319477 21.027875631421715 15.594640951680523 24.972124368578285
96.02354088945945 82.1058847533385 93.97645911054055 91.8941152466615
77.87168571795075 29.125468020653944 68.12831428204925 26.874531979346056
64.5609357762068 69.0488691625667 55.43906422379319 64.9511308374333
40.10811481962526 78.86101453606751 47.89188518037474 85.13898546393249
87.19410449951087 37.855318160970285 84.80589550048913 28.144681839029715
92.71888412877625 3.6578598418474257 85.28111587122375 10.342140158152574
3.121357505268699 47.00147298137592 2.878642494731301 56.99852701862408
78.07781814786928 96.87870689911654 87.92218185213072 95.12129310088346
24.962412119691297 33.598797524624096 21.037587880308703 24.401202475375904
84.50201147291986 16.824708594763 75.49798852708014 21.175291405237
24.360076243317664 59.01298234422634 23.639923756682336 68.98701765577366
66.42042834312265 64.7939945058431 63.57957165687735 55.2060054941569
16.22039439553051 85.00485973065634 15.779605604469491 94.99514026934366
37.7324191308454 45.053934673220375 36.2675808691546 54.946065326779625
56.93460234880689 95.19396051017986 47.06539765119311 96.80603948982014
12.66404819397473 66.04429218011404 11.33595180602527 75.95570781988596
37.53898047499 86.64760032883933 42.46101952501 95.35239967116067
49.11062999816168 35.045973701927316 58.88937000183832 32.954026298072684
55.903773921701664 9.976217867506382 46.096226078298336 8.023782132493618
11.154976068143743 85.11167105045688 16.845023931856257 76.88832894954312
67.10438923358646 39.98363627387839 76.89561076641354 42.01636372612161
5.713639551196741 75.83169502304881 8.286360448803258 66.16830497695119
72.97147001877318 60.02155732065797 79.02852998122682 67.97844267934204
95.22807265228967 75.66897014725909 86.77192734771033 70.33102985274091
84.3066082657109 40.75051220197086 77.6933917342891 33.24948779802914
94.36962180478218 68.40282778476524 89.63037819521782 59.59717221523476
81.91774360858489 91.09678474314123 72.08225639141511 92.90321525685877
76.00674373020823 78.99493330868658 69.99325626979177 71.00506669131342
29.09016819720676 67.00081309649134 28.90983180279324 76.99918690350866
69.25462502994463 78.2042898010441 62.74537497005536 85.7957101989559
78.7495878715446 72.36675167553851 87.2504121284554 77.63324832446149
64.81854228524661 9.50097318981728 69.18145771475339 18.49902681018272
7.421960566988605 88.37425502365285 2.578039433011395 79.62574497634715
70.29183500166813 85.68320597327917 79.70816499833187 82.31679402672083
7.191865591629993 2.8630468766822563 12.808134408370007 11.136953123317744
70.49658727987467 33.81351816049863 61.503412720125326 38.18648183950137
96.87854016823425 43.904625257309235 87.12145983176575 46.095374742690765
24.495561894922236 90.76829801795043 27.504438105077764 81.23170198204957
19.15487675201829 58.13520198901869 16.84512324798171 67.8647980109813
15.479071912889845 54.59110827251713 8.520928087110155 47.40889172748287
2.0869188471953484 95.07175779779428 11.91308115280465 96.92824220220572
32.02265301868804 39.0000513161889 31.977346981311957 48.9999486838111
31.042486290891365 7.349571046154969 40.95751370910864 8.650428953845031
60.47072610213917 43.88205808432891 69.52927389786083 48.11794191567109
74.98828201653626 2.657885218821415 65.01171798346374 3.342114781178585
95.42938747753925 23.967333424404988 96.57061252246075 14.032666575595012
86.19947158651745 63.84231461063088 79.80052841348255 56.15768538936912
48.713990673282275 27.652422774785876 41.286009326717725 34.347577225214124
18.74390361581812 31.57967670231215 9.256096384181882 28.42032329768785
35.91617432702308 96.91171815070184 26.08382567297692 95.08828184929816
60.85377761864072 50.356347500013946 57.14622238135928 59.643652499986054
39.09445836015485 39.03270417154555 48.90554163984515 40.96729582845445
79.16185744256542 25.261894050204063 88.83814255743458 22.738105949795937
52.08974017740766 56.45764532528247 47.91025982259234 65.54235467471753
15.781685190573935 48.270910747696085 8.218314809426065 41.729089252303915
43.94382437067941 3.747395873601373 34.05617562932059 2.252604126398627
81.14575664995773 45.356533450230955 84.85424335004227 54.643466549769045
24.87715538818835 45.36574842627254 21.12284461181165 54.63425157372746
51.73560226975168 45.395608793740514 42.26439773024832 48.604391206259486
46.43585461502228 54.21060321913926 43.56414538497772 63.78939678086074
96.65550810737817 60.411342913999185 89.34449189262183 53.588657086000815
21.591702381420095 83.79757207527956 24.408297618579905 74.20242792472044
48.28171172201969 13.227683977506853 41.71828827798031 20.772316022493147
27.80600546764653 11.27779319988558 36.19399453235347 16.72220680011442
16.23718976186494 2.478277740349485 25.76281023813506 5.521722259650515
31.7769170073122 60.67360310136886 28.2230829926878 51.32639689863114
3.852489840890774 32.207481516608034 12.147510159109226 37.792518483391966
44.08544394740525 72.07959856263456 53.91455605259475 73.92040143736544
63.840557178527376 92.25259977702659 54.159442821472624 89.74740022297341
4.082280961980431 16.903349026179743 13.91771903801957 15.096650973820259
64.59360434500277 20.03536165651577 63.406395654997226 29.96463834348423
25.047534268371784 19.31218957768278 34.952465731628216 20.68781042231722
92.88286817030665 37.87360405399187 95.11713182969335 28.12639594600813
55.835850673072166 41.002695226577714 56.164149326927834 50.997304773422286
58.93448635271386 4.806749301134303 49.06551364728614 3.1932506988656963
38.367365166457844 73.30394104000946 31.632634833542156 80.69605895999054
49.894695437775766 22.145797054976487 58.105304562224234 27.854202945023513
55.18781796384305 19.134202727916975 60.81218203615695 10.865797272083025
38.77354180631075 26.512284091836264 29.226458193689243 29.487715908163736
66.88805556808113 74.94790078255372 57.11194443191887 77.05209921744628
96.77757209885567 4.842465485932981 91.22242790114433 13.15753451406702
