65.99850732165241 4.122166097536323 56.00149267834759 3.8778339024636765
69.19718748164121 26.844215421544003 62.80281251835879 19.155784578455997
80.20736694232832 65.42501521904597 89.79263305767168 62.57498478095403
3.4643922693714257 9.464539920304649 10.535607730628573 16.53546007969535
2.897853647175191 83.00104349662806 3.102146352824809 92.99895650337194
45.71982167445161 92.69491356769072 42.28017832554839 83.30508643230928
96.93188048637062 90.17747044542052 87.06811951362938 91.82252955457948
45.05640394110627 69.95831195636461 50.94359605889373 78.04168804363539
3.450295331378179 39.52130611642391 10.549704668621821 32.47869388357609
96.94903558427622 95.28792782278214 87.05096441572378 96.71207217721786
82.98787122544302 19.651947362605018 73.01212877455698 20.348052637394982
33.894169630837546 80.97671918585978 24.105830369162454 83.02328081414022
50.7123204060685 82.23288400926566 57.2876795939315 89.76711599073434
83.1774878595275 33.500949524445964 78.8225121404725 24.499050475554036
80.01284734691416 3.0096678253317917 73.98715265308584 10.990332174668207
18.907100947126224 36.879974008286894 11.092899052873776 43.120025991713106
62.33591767272658 89.80175915272152 71.66408232727342 86.19824084727848
38.80384901742978 40.13985877626979 33.19615098257022 31.860141223730206
96.73355549736277 7.389580069240749 87.26644450263723 10.610419930759251
37.00057673959621 30.0759411833828 46.99942326040379 29.9240588166172
79.42042834312265 39.7939945058431 76.57957165687735 30.206005494156898
18.871414154813284 53.0016537054324 19.128585845186716 62.9983462945676
45.5593577703379 49.03138662353744 44.4406422296621 58.96861337646256
39.903465949867424 90.02223638925825 30.096534050132572 91.97776361074175
22.745260252027634 76.42440324304515 13.254739747972366 79.57559675695485
29.06836389562811 96.82399352792098 38.93163610437189 95.17600647207902
42.40004268751698 41.95969199705821 51.59995731248302 38.04030800294179
30.96543405394455 11.413088885837226 21.03456594605545 12.586911114162774
8.40493697836013 78.79855729223236 5.59506302163987 69.20144270776764
69.68177211504744 74.52049755675702 78.31822788495256 69.47950244324298
10.944977649313527 66.07199468528458 3.055022350686473 59.92800531471542
87.80111444893146 75.00395711211601 88.19888555106854 84.99604288788399
73.9124498484533 67.06842258162239 64.0875501515467 68.93157741837761
72.63282852700729 33.56451504247769 65.36717147299271 40.43548495752231
83.42653556135465 85.32503396191595 74.57346443864535 80.67496603808405
66.84275912096895 93.7559404771989 57.15724087903105 96.2440595228011
78.72854226575562 59.37491906633463 69.27145773424438 62.62508093366537
40.115725246223676 45.46969022223736 35.884274753776324 54.53030977776264
82.55943287423473 96.51147228578229 75.44056712576527 89.48852771421771
79.6041149957737 75.66987261877996 86.3958850042263 68.33012738122004
60.79492780804985 24.16235589920224 67.20507219195015 31.83764410079776
26.851543763698736 77.88422750725233 33.148456236301264 70.11577249274767
58.31139242156637 79.26306045716763 67.68860757843363 82.73693954283237
16.274459643150013 14.665281263812183 23.725540356849987 21.334718736187817
64.29986789335089 47.171921349042094 61.70013210664911 56.828078650957906
96.29176612937223 41.00852000647592 95.70823387062777 50.99147999352408
38.478279888084046 85.97707226677032 37.521720111915954 76.02292773322968
14.959024390460769 49.94612936165647 7.040975609539231 56.05387063834353
14.62954496470469 30.808518794414113 17.37045503529531 21.191481205585887
10.341577457278927 86.81634231725964 19.658422542721073 83.18365768274036
28.545165875417347 37.02980944346392 27.454834124582653 46.97019055653608
26.00177200573142 17.13310491091579 35.998227994268575 16.86689508908421
87.1293567190002 31.870029190973753 96.8706432809998 34.12997080902625
53.87034249828255 12.13126652448613 44.12965750171745 9.86873347551387
93.12625983556005 22.998405591178486 92.87374016443995 13.001594408821514
84.83876749000585 50.8738364727691 91.16123250999415 43.1261635272309
69.08467255334956 8.000716995537335 68.91532744665044 17.999283004462665
9.571307638565866 26.499394483438685 2.428692361434133 19.500605516561315
12.316446561126625 70.75052197507412 21.683553438873375 67.24947802492588
54.025594311732405 61.09586566714657 55.974405688267595 70.90413433285343
48.88840517122204 61.12513005951604 51.11159482877796 70.87486994048396
76.03098242446092 14.444244357668119 85.96901757553908 15.555755642331881
85.0579877453265 40.04415483753055 78.9420122546735 47.95584516246945
32.64055797027798 65.86151060284101 23.359442029722015 62.138489397159
30.998058497887943 7.139324268130588 21.001941502112057 6.860675731869412
90.22707872570568 52.32487966409905 93.77292127429432 61.67512033590095
20.58735150932508 48.64871667004073 29.41264849067492 53.35128332995927
62.673623249319334 34.608172731098996 55.326376750680666 41.391827268901004
56.18282178922871 54.34190346275455 59.81717821077129 63.65809653724545
95.73647503568905 74.99305062994408 96.26352496431095 65.00694937005592
24.519862139708874 55.7800079385759 33.48013786029113 60.2199920614241
43.82914291278875 25.295908456590297 34.17085708721125 22.704091543409703
21.627472891155293 33.42507869612888 30.372527108844707 28.574921303871122
13.05213538225403 3.7201636789352195 22.94786461774597 2.2798363210647805
15.945546025622145 44.92598752041966 24.054453974377857 39.07401247958034
5.623911104564234 44.27105585521747 2.3760888954357657 53.72894414478253
64.19188340317696 60.240099996142234 71.80811659682304 53.759900003857766
16.931547251328265 95.1754748591361 7.068452748671735 96.8245251408639
7.394298142768321 2.732645101328063 12.60570185723168 11.267354898671936
61.64593532366701 42.57842790290236 54.35406467633299 49.42157209709764
33.25355726673229 40.00643326744428 32.74644273326771 49.99356673255572
94.78380502231607 29.454375985934693 85.21619497768393 26.545624014065307
50.18484489180107 47.00341793162816 49.81515510819893 56.99658206837184
39.37361055333032 3.013978023068871 38.62638944666968 12.986021976931129
39.37799885029109 62.01430878722131 38.62200114970891 71.98569121277869
46.08870874042468 16.062333660826493 55.91129125957532 17.937666339173507
47.020771915841536 21.544711425656594 56.979228084158464 22.455288574343406
60.995936524320896 30.79846031418985 51.004063475679104 31.20153968581015
27.32370056207689 86.48890194347254 18.67629943792311 91.51109805652746
87.97980685337114 3.9732629103504724 80.02019314662886 10.026737089649528
