94.54520259572384 16.303712786271944 89.45479740427616 7.6962872137280565
73.96002351268875 56.63100455907609 64.03997648731125 55.36899544092391
47.819526356532734 18.331227140155384 38.180473643467266 15.668772859844616
31.908155837576885 22.953942489912237 22.091844162423115 21.046057510087763
17.066562635967788 64.05079835920141 10.933437364032212 71.94920164079859
30.99919618890144 73.99939701546324 37.000803811098564 66.00060298453676
86.30798353992368 80.00949440045038 85.69201646007632 89.99050559954962
67.72490380017447 77.54759196821098 72.27509619982553 86.45240803178902
17.229084045720253 17.153418482212857 14.770915954279749 26.846581517787143
76.15813680958998 61.00250135073028 75.84186319041002 70.99749864926972
70.46115896194213 47.781737601326135 67.53884103805787 38.218262398673865
67.0232808141403 90.89416963083752 64.9767191858597 81.10583036916248
84.90999506300976 96.94443024158474 75.09000493699024 95.05556975841526
58.793798761395976 55.4869450737425 63.206201238604024 46.5130549262575
74.49603954058853 17.81239207135637 65.50396045941147 22.18760792864363
43.25536633997636 47.42251737500196 52.74463366002364 50.57748262499804
35.58224201174741 87.35048902813875 42.41775798825259 94.64951097186125
48.41919771008775 63.338950961254895 39.58080228991225 58.661049038745105
48.941288639371265 3.2360192525852223 39.058711360628735 4.763980747414777
17.472481269001037 56.456469048752155 24.527518730998963 63.543530951247845
56.42042834312265 72.7939945058431 53.57957165687735 63.2060054941569
35.98440571137569 78.39458801857803 26.015594288624303 77.60541198142197
28.93331727544634 60.908967448737926 37.06668272455366 55.091032551262074
81.7758907449157 81.8413426959785 76.2241092550843 90.1586573040215
57.604090753896386 81.38857823041076 62.395909246103614 72.61142176958924
70.31456621797567 72.78236495149682 75.68543378202433 81.21763504850318
47.27130592312273 7.810223319219158 52.72869407687727 16.18977668078084
55.63271346938483 12.40408384138722 60.36728653061517 3.5959161586127806
6.600348063288569 71.38653286578786 11.39965193671143 62.61346713421214
25.057906130499745 2.241245635895255 34.942093869500255 3.758754364104745
56.000006409467886 60.0080059126763 65.99999359053211 59.9919940873237
65.08085281783406 69.05938169292476 70.91914718216594 60.94061830707525
94.76116950774005 47.00570725768234 95.23883049225995 56.99429274231766
71.48821273523978 35.76597306602847 74.51178726476022 26.234026933971528
86.55739917877574 49.943276215605444 77.44260082122426 54.056723784394556
93.11890569009418 68.09200469597286 86.88109430990582 75.90799530402714
40.50252798088723 80.66841443421133 45.49747201911277 89.33158556578867
27.16791009069249 68.21171090339458 34.83208990930751 61.78828909660543
18.62922146470975 49.3070537417901 25.37077853529025 56.6929462582099
55.89781795666324 87.13161542605627 48.10218204333676 80.86838457394373
23.19445734745115 17.138711203349317 28.80554265254885 8.861288796650681
15.540423840364063 75.21777902703958 18.459576159635937 84.78222097296042
36.086488899567044 73.92596364179276 45.913511100432956 72.07403635820724
12.868523831241117 38.860932089541045 3.1314761687588835 41.139067910458955
58.64736625355552 24.41192865480513 63.35263374644448 15.588071345194871
82.98876083513464 61.98495567173957 91.01123916486536 56.01504432826043
81.49477383306174 74.56558403611685 88.50522616693826 67.43441596388315
37.837543487135946 49.735811323390145 28.16245651286405 52.264188676609855
29.274221924714617 87.2211812973208 22.725778075285383 94.7788187026792
44.01194841591106 30.0089334904465 49.98805158408894 21.9910665095535
10.845923108938988 55.927921883894165 9.154076891061012 46.072078116105835
17.169799432339133 36.12188849276786 22.830200567660867 27.878111507232138
10.667198768499839 7.495362396188314 19.332801231500163 2.5046376038116853
42.588403719659645 52.6467430528548 51.411596280340355 57.3532569471452
69.51491622160553 24.85162118985427 60.48508377839446 29.14837881014573
87.05131894098466 30.285468141967957 96.94868105901534 31.714531858032043
47.99299364332367 32.99473563216743 54.00700635667633 25.005264367832567
2.5441669248541032 69.35532822035486 7.455833075145897 60.64467177964514
12.304693987097666 89.99070752240867 11.695306012902334 80.00929247759133
96.75990207168871 38.704072753941475 89.24009792831129 45.295927246058525
53.536068850592336 34.02882004073232 52.463931149407664 43.97117995926768
78.61085075407851 21.394863022602095 87.38914924592149 16.605136977397905
63.9428343218535 6.4428002707083305 68.05716567814649 15.55719972929167
80.18657491905536 46.26639606981249 71.81342508094464 51.73360393018751
11.516554624007735 32.85506775669851 2.4834453759922654 37.14493224330149
94.67580816814784 94.95411781449177 93.32419183185216 85.04588218550823
50.95071948632123 68.70026892531315 41.04928051367877 67.29973107468685
41.07525046542721 32.90220383322745 48.92474953457279 39.09779616677255
68.18282178922871 3.3419034627545505 71.81717821077129 12.658096537245449
82.10964649561974 34.95863426108032 91.89035350438026 37.04136573891968
36.38159244858092 29.450670484388993 43.61840755141908 22.549329515611007
20.474642016446914 7.4046053265960206 13.525357983553084 14.59539467340398
35.2834874643795 33.65522279178782 42.7165125356205 40.34477720821218
2.598235242500701 21.20051507298617 5.401764757499299 30.79948492701383
3.7748965872693496 85.84758925942738 6.22510341273065 76.15241074057262
25.092658685258534 47.95812380235099 34.907341314741466 46.04187619764901
8.082024288506993 95.90195060904955 17.917975711493007 94.09804939095045
61.97691166324425 92.47994822248165 52.02308833675575 91.52005177751835
5.384358771869009 55.98520494408077 4.615641228130991 46.01479505591923
62.63613506718933 35.751377645926304 57.36386493281067 44.248622354073696
5.0316014964747 4.107577455649281 2.9683985035253 13.892422544350719
78.96172264399692 14.906637296155441 77.03827735600308 5.093362703844559
26.167701388331217 43.28409116797209 35.83229861166878 40.71590883202791
74.85100353191244 44.86619020552242 77.14899646808756 35.13380979447758
18.505695543932088 42.5762880712135 25.494304456067912 35.4237119287865
10.663726836781308 26.231377948022494 5.336273163218693 17.768622051977506
81.99506489456724 7.993408559029698 90.00493510543276 2.0065914409703027
28.421332813059742 16.99106824624713 37.57866718694026 21.00893175375287
70.92179562986986 95.1191323721501 61.07820437013014 96.8808676278499
93.95998238199958 25.368672216472472 84.04001761800042 26.631327783527528
