76.6199250937759 20.25863739980329 71.3800749062241 11.741362600196709
77.69095329053488 7.730594471856433 68.30904670946512 4.269405528143567
91.17221570938723 47.12354653250859 96.82778429061277 38.87645346749141
57.285890275114056 41.575100881457416 48.714109724885944 36.424899118542584
13.278150147921108 90.41206041186379 4.721849852078892 95.58793958813621
55.086455689890784 96.93367401729488 48.913544310109216 89.06632598270512
86.1585749821167 96.24924128822809 95.8414250178833 93.75075871177191
66.22266613064937 89.72406519609186 73.77733386935063 96.27593480390814
21.44264336100981 39.78735627804473 18.55735663899019 30.212643721955267
64.09119038693692 93.9299544516074 57.908809613063084 86.0700455483926
66.9969796109313 9.826233582252497 57.003020389068695 10.173766417747503
47.85423937873598 84.10527923153504 42.14576062126402 75.89472076846496
76.5673915483546 82.6316575087359 81.4326084516454 91.3683424912641
61.99997448536546 55.01597328063916 52.00002551463454 54.98402671936084
89.29945576204402 29.950680536114874 90.70054423795598 20.049319463885126
15.826968462076085 64.86417790213393 22.173031537923915 57.13582209786607
80.79859552535079 80.51069957131465 85.20140447464921 89.48930042868535
13.093688813142116 6.963384937453963 22.906311186857884 5.036615062546037
95.45904912749765 31.970651079440092 96.54095087250235 22.029348920559908
61.00001872789396 45.0000249703629 68.99998127210604 38.9999750296371
47.832164921062166 42.347777767342876 44.167835078937834 51.652222232657124
4.349649104476655 70.04247605021499 5.650350895523345 79.95752394978501
20.37990282454114 86.60272100660634 15.620097175458858 95.39727899339366
13.342163373706601 41.479035545538004 4.657836626293399 36.520964454461996
24.004269758546357 77.20658982217313 33.99573024145364 76.79341017782687
23.43463226083406 65.49455382518647 30.56536773916594 72.50544617481353
45.53089260866826 2.4598308817159826 38.46910739133174 9.540169118284018
45.34024387658753 11.1870816702565 54.65975612341247 14.8129183297435
16.2023282695095 84.99590464994652 15.7976717304905 75.00409535005348
92.29814564206082 88.75795626953737 85.70185435793918 81.24204373046263
2.379731053582854 28.730193287940384 5.620268946417146 19.269806712059616
87.26798999373308 76.67252328135514 94.73201000626692 83.32747671864486
71.51931977548993 80.55167401626971 64.48068022451007 73.44832598373029
49.90134297696574 65.01164934251624 40.09865702303426 66.98835065748376
47.36080160992838 54.55389916012319 38.63919839007162 59.44610083987681
27.83322266199571 83.06991480849095 26.16677733800429 92.93008519150905
63.2193303417933 82.53535068391717 72.78066965820669 85.46464931608283
40.04679275819493 80.06342574208976 31.953207241805067 85.93657425791024
75.23221516119585 48.16405656614867 80.76778483880415 39.83594343385133
77.9117733703531 65.93513761462692 68.0882266296469 64.06486238537308
93.51000659226233 51.67566572675057 88.48999340773767 60.32433427324943
10.546051323521741 48.72792139500026 19.45394867647826 53.27207860499974
47.008430298761354 60.709772644851725 56.991569701238646 61.290227355148275
18.013226296756454 47.36343917323074 27.986773703243546 46.63656082676926
46.75712625936568 17.460600846936202 37.24287374063432 20.539399153063798
71.44461160832334 50.938826402027836 80.55538839167666 55.061173597972164
80.44246428223062 27.373784387882264 73.55753571776938 34.62621561211774
9.820430640544405 75.1411301595707 12.179569359455595 84.8588698404293
75.63892566651782 59.8655746193927 66.36107433348218 56.1344253806073
41.16821208864204 44.49457478825067 36.83178791135796 53.50542521174933
37.788097807590596 3.5598196692961928 28.211902192409404 6.440180330703807
20.464222065098543 24.309272591153512 25.535777934901457 15.690727408846488
82.80333392820984 23.49162088438528 87.19666607179016 14.50837911561472
87.86165809414551 43.92519495337936 86.13834190585449 34.07480504662064
85.68325953159446 9.381360557958665 78.31674046840554 2.618639442041334
33.64035891316235 45.70308138819988 40.35964108683765 38.29691861180012
89.14458883267277 51.112640861274876 82.85541116732723 58.887359138725124
41.68485696405186 86.56828332098037 46.31514303594814 95.43171667901963
4.461834533606591 62.30786676502511 9.538165466393409 53.69213323497489
86.14354322725525 71.81053473591633 95.85645677274475 74.18946526408367
37.764675765200955 72.29047358033895 30.235324234799045 65.70952641966105
50.08561763549021 6.921328375442325 59.91438236450979 5.078671624557675
70.36083063648545 43.42876746713116 77.63916936351455 36.57123253286884
24.81931498321662 61.499401388804564 29.18068501678338 52.500598611195436
11.680677686805328 12.384170764877767 4.319322313194672 5.6158292351222325
89.18727148599037 67.13383094797999 94.81272851400963 58.86616905202001
16.599786706435435 56.52990840637157 9.400213293564565 63.47009159362843
68.63982395188361 71.42807257789188 61.36017604811639 64.57192742210812
48.90032820924949 74.07673161896544 55.09967179075051 81.92326838103456
81.69783082112713 72.7118369011293 72.30216917887287 69.2881630988707
40.985535153835784 14.380051614741497 31.014464846164216 13.619948385258503
40.53074523900825 27.114792561743137 31.469254760991753 22.885207438256863
12.034759691683123 34.56724785807619 7.9652403083168775 25.432752141923803
14.164076238171884 69.729629436036 23.835923761828116 72.270370563964
34.59625899454122 28.96835038931053 25.403741005458777 25.03164961068947
10.110127663125876 18.043622790606456 19.889872336874124 15.956377209393544
57.09851452864409 21.987643748568757 66.90148547135591 20.012356251431243
39.26282311919217 95.61310907818267 30.73717688080783 90.38689092181733
52.54454781258848 19.69590004420771 47.45545218741152 28.30409995579229
69.87539298520781 31.109298535015004 60.12460701479218 28.890701464984996
66.92261991519769 49.1237505089878 57.077380084802314 50.8762494910122
67.75285945863713 14.447477225144965 58.24714054136287 17.552522774855035
25.94387907519661 41.91010104696492 24.05612092480339 32.08989895303508
63.00223903615439 25.149617339439704 72.99776096384561 24.850382660560296
51.92111232118039 69.10817094150198 60.07888767881961 74.89182905849802
16.017600486329904 10.580840023165399 25.982399513670096 11.419159976834601
36.161800343909356 33.126626975715524 29.838199656090644 40.873373024284476
3.564041682645796 55.78936568981961 6.4359583173542045 46.21063431018039
50.14543481694138 31.802837987808232 59.85456518305862 34.19716201219177
96.61113463689867 7.93324529235 87.38886536310133 4.06675470765
