53.99805072062411 6.8603970126794485 44.00194927937589 7.1396029873205515
72.98000408581855 13.026477734408044 65.01999591418145 6.973522265591957
85.04345071472122 12.657737928511345 94.95654928527878 11.342262071488655
20.455080018837826 46.26985947268811 11.544919981162172 41.73014052731189
19.893811501814422 95.02499218763309 10.106188498185578 92.97500781236691
45.99367858925781 79.25134467805806 36.00632141074219 78.74865532194194
88.24260534855974 87.8290558939002 93.75739465144026 96.1709441060998
31.917144221740653 65.06350406446889 38.08285577825934 72.93649593553111
30.992056456652122 27.281730959601266 21.007943543347878 26.718269040398734
58.9049861247009 95.0298911831698 49.0950138752991 96.9701088168302
56.53605112343243 16.4649833872424 49.46394887656757 23.5350166127576
49.60899876589997 92.061668146077 40.39100123410003 95.938331853923
66.53576847622998 86.24170038906563 63.46423152377002 95.75829961093437
88.99893419284757 60.1032324347258 79.00106580715243 59.8967675652742
82.71256080772382 9.349162917648682 75.28743919227618 2.6508370823513174
33.60137496953819 57.6225858918996 42.39862503046181 62.3774141081004
69.05990664287842 94.22832803412128 78.94009335712158 95.77167196587872
40.038438004507974 12.618791212679326 49.961561995492026 11.381208787320674
92.81135119109533 16.639522247169918 83.18864880890467 19.360477752830082
63.86115414263732 54.194655998100814 72.13884585736268 59.805344001899186
50.33583848916275 53.18174974385188 47.66416151083725 62.81825025614812
2.7842005680132424 79.00465911021539 3.2157994319867576 88.99534088978461
27.968724727148107 74.97673347956919 22.031275272851893 83.02326652043081
16.814387110918073 37.659184414866445 13.185612889081927 28.340815585133555
31.822531799237797 72.12714359361186 26.177468200762203 63.87285640638814
27.09006305259015 51.08349567764469 28.90993694740985 60.91650432235531
33.04030800294177 43.40004268751699 36.95969199705823 52.59995731248301
43.19707975549714 17.003885552754703 42.80292024450286 26.996114447245297
21.159199928446665 76.92879855945401 22.840800071553335 67.07120144054599
96.66966611757849 92.22763324102901 91.33033388242151 83.77236675897099
3.5306037018153367 42.97176625673612 2.4693962981846633 33.02823374326388
83.44725125968866 71.48176516016679 90.55274874031134 78.51823483983321
84.67320296358808 96.95447250167122 83.32679703641192 87.04552749832878
47.43548495752238 73.63282852700722 40.56451504247762 66.36717147299278
96.89592529428629 49.014847531783815 87.10407470571371 46.985152468216185
60.69332325480019 71.78739868428633 55.30667674519981 80.21260131571367
78.85644488653288 75.20161635552583 87.14355511346712 80.79838364447417
28.756179973715586 86.45767965142555 19.243820026284414 89.54232034857445
64.78827313389762 48.30530951585318 73.21172686610238 53.69469048414682
94.97458520314807 38.50348987737622 85.02541479685193 37.49651012262378
96.30526012431548 22.17337633455104 93.69473987568452 31.82662366544896
40.7279213950002 49.453948676478234 45.2720786049998 40.546051323521766
65.17784973296831 73.67830911247518 74.82215026703169 76.32169088752482
2.046636013754078 20.318688602941425 11.953363986245922 21.681311397058575
57.61527899083486 26.038001233027437 56.38472100916514 35.96199876697256
88.93098649329268 31.88438431355246 91.06901350670732 22.11561568644754
52.5669631852979 32.03224872336418 51.4330368147021 41.96775127663582
6.994617056281127 79.41977737996925 11.005382943718873 88.58022262003075
96.8317041719911 44.28632608399414 87.1682958280089 41.71367391600586
2.7066700463592968 24.556956254577912 7.293329953640703 33.44304374542209
21.67121577905776 39.269156179842696 28.32878422094224 46.730843820157304
10.119001146088392 16.08436626105462 19.880998853911606 13.915633738945383
77.25633357885717 36.99342498655485 76.74366642114283 27.00657501344515
64.60271243410602 36.96354084518038 63.397287565893976 27.036459154819617
77.37453862614377 11.689510680383474 70.62546137385623 4.310489319616527
37.188528607907884 33.360052588350584 46.811471392092116 30.639947411649416
86.29159343772677 23.16970121093724 83.70840656227323 32.83029878906276
11.499394483438747 67.4286923614342 4.500605516561253 74.5713076385658
16.33044751175055 70.71302392196137 19.66955248824945 61.286976078038634
71.259425721956 36.81798462143865 76.740574278044 45.18201537856135
64.01786785933841 82.4223260979229 73.98213214066159 81.5776739020771
58.917142317487716 5.454485301486797 63.082857682512284 14.545514698513202
50.280847988900724 70.65215141441021 59.719152011099276 67.34784858558979
15.878048050115165 84.08862316938456 10.121951949884835 75.91137683061544
21.999728813124065 4.052074900067261 12.000271186875935 3.9479250999327387
95.45594677713297 65.02083214418091 94.54405322286703 74.97916785581909
9.964791753405741 47.10833935292081 12.035208246594259 56.89166064707919
73.99874461817797 64.11203678965796 64.00125538182203 63.88796321034203
48.700233442362524 84.44813645548545 57.299766557637476 89.55186354451455
84.89112183505554 66.96224897270929 75.10887816494446 69.03775102729071
55.79404278910584 11.743431358863443 48.20595721089416 18.256568641136557
38.37400835541134 8.577593983909427 29.625991644588662 13.422406016090573
23.69703242909329 59.951176202963524 22.30296757090671 50.048823797036476
3.371251313690867 69.25319648549511 8.628748686309134 60.74680351450488
25.96075861269536 22.62519915752406 16.03924138730464 21.37480084247594
5.171448059921452 12.298108686498818 14.828551940078547 9.701891313501182
76.93507517208967 16.446310786287725 81.06492482791033 25.553689213712275
33.61310907818275 87.73717688080788 28.386890921817244 96.26282311919212
47.004639344096596 46.10196980528977 44.995360655903404 55.89803019471023
67.66219583431946 42.19336500574846 58.33780416568054 45.80663499425154
82.02625037208101 45.42897063784955 77.97374962791899 54.57102936215045
68.7792308335905 17.53066251689481 59.220769166409504 20.46933748310519
29.76674691593175 40.28810244233945 22.23325308406825 33.71189755766055
36.61488722558154 40.402246023127525 45.38511277441846 35.597753976872475
31.641178447148476 81.55037254456988 40.35882155285152 86.44962745543012
25.09507404596822 6.970412997370421 34.90492595403178 5.029587002629579
38.88752438584749 17.079400395833243 37.11247561415251 26.920599604166757
2.480674429457238 60.763575318045774 5.519325570542762 51.236424681954226
51.911596962294844 48.06785469791698 58.088403037705156 55.93214530208302
95.89529569816654 6.017880163630375 86.10470430183346 3.9821198363696255
