93.6552771789122 10.824388770931037 84.3447228210878 7.175611229068962
65.61100864489464 35.06645422171935 56.38899135510536 38.93354577828065
35.819526356532734 5.331227140155384 26.180473643467263 2.6687728598446157
35.095700336318025 26.132032295320528 26.904299663681975 31.867967704679472
17.024992187633153 79.10618849818559 14.975007812366846 88.89381150181441
19.464097210764777 69.8962923476376 28.535902789235223 74.1037076523624
84.84004992582035 91.25455837471453 75.15995007417965 88.74544162528547
64.95479381849083 49.11046586696288 67.04520618150917 58.88953413303712
5.98467791758711 27.424141948864786 10.01532208241289 36.575858051135214
47.115642746858995 66.07883019508401 48.884357253141005 75.92116980491599
58.27974303260871 53.77402777414987 51.72025696739129 46.22597222585013
68.08619587331626 69.88149323873807 59.91380412668375 64.11850676126193
80.9993997956884 95.07747052904658 71.0006002043116 94.92252947095342
74.79379876139598 42.4869450737425 79.20620123860402 33.5130549262575
96.93770034072195 17.786838830532893 87.06229965927805 16.213161169467107
22.81226088963689 48.14794608497474 29.18773911036311 55.85205391502526
63.35942395786491 88.24586365368722 68.6405760421351 79.75413634631278
38.02839427868825 57.53210577127135 47.97160572131175 56.46789422872865
59.911615996266136 8.064036162438637 50.088384003733864 9.935963837561363
17.47268239222681 28.22179881423719 14.527317607773188 37.77820118576281
60.30833191776114 46.53737582679442 51.69166808223886 41.46262417320558
6.345089111380144 71.95692361530487 7.654910888619856 62.04307638469513
28.37774397260428 68.44663042289065 35.62225602739572 61.55336957710935
56.32764919983616 85.26814378588486 49.67235080016384 92.73185621411514
38.83705470248488 77.50795603793529 43.16294529751512 68.49204396206471
71.83126744528465 63.239262981148606 80.16873255471535 68.76073701885139
41.21656252767698 2.5444155990201196 50.78343747232302 5.45558440097988
32.03456594605547 38.58691111416295 41.96543405394453 37.41308888583705
21.289488012406835 96.99161263427689 20.710511987593165 87.00838736572311
48.55484574477517 20.702004744022602 43.44515425522483 29.297995255977398
46.15046439326997 37.217376030262464 55.84953560673003 34.782623969737536
79.47889441910938 44.68212706879856 84.52110558089062 53.31787293120144
94.76116950774005 24.00570725768234 95.23883049225995 33.99429274231766
69.94770631868283 19.999726529610825 70.05229368131717 10.000273470389175
96.97518535620341 73.49752454353448 87.02481464379659 72.50247545646552
93.09406577488835 55.37750989946457 96.90593422511165 64.62249010053543
53.79322260319823 61.14781612935285 56.20677739680177 70.85218387064715
40.30054356653598 63.70736909599933 49.69945643346402 60.29263090400067
13.488902817334612 53.023960004662115 12.511097182665388 62.976039995337885
72.07667237407013 84.05637222052849 77.92332762592987 75.94362777947151
17.413928973044413 12.378692374796014 12.586071026955587 3.621307625203987
3.5250156585215433 55.0276405441373 2.4749843414784567 64.9723594558627
34.40564771396281 69.20165085636413 31.594352286037193 78.79834914363587
20.80223748021435 41.60769429232495 11.197762519785648 44.39230570767505
73.09232887769087 34.8727764195665 64.90767112230913 29.127223580433498
87.35287711860137 82.84506068333302 96.64712288139863 79.15493931666698
92.24807023863838 96.68302702439944 95.75192976136162 87.31697297560056
17.881808455820213 64.99860288069421 18.118191544179787 55.00139711930579
41.99999353346468 95.99195852554664 32.00000646653532 96.00804147445336
56.010415941378476 2.677430748598158 65.98958405862153 3.322569251401842
32.641281656215504 86.42652417182609 25.358718343784492 79.57347582817391
11.881960254154183 11.080029664805004 2.118039745845816 8.919970335194996
32.346884590395305 9.586094933348507 39.653115409604695 16.413905066651495
25.791184724403923 43.16548509885523 32.20881527559608 50.83451490114477
59.612316862852225 20.01505247919587 60.387683137147775 29.98494752080413
87.01089996858072 43.329971023715785 96.98910003141928 42.670028976284215
77.43835866165385 58.98074710096317 76.56164133834615 49.01925289903683
3.0932533227190167 86.62215502862874 6.906746677280983 77.37784497137126
47.043370993264546 95.96710133439467 40.956629006735454 88.03289866560533
88.48200830049171 30.659535186608437 83.51799169950829 39.34046481339156
59.91069440149224 80.05921283217045 50.08930559850776 81.94078716782955
76.30479916922339 19.78859970060064 81.69520083077661 28.21140029939936
74.76543671918644 4.154811303399334 77.23456328081356 13.845188696600665
86.70740136612827 77.64512666253549 79.29259863387173 84.35487333746451
3.0520749000673235 38.000271186875935 2.9479250999326765 47.999728813124065
87.60236023298084 96.8006877717309 90.39763976701916 87.1993122282691
20.327901819619655 75.50385020313374 11.672098180380345 70.49614979686626
63.000061403250314 74.97522039684033 72.99993859674969 75.02477960315967
48.93900491486219 52.08309771872855 57.06099508513781 57.91690228127145
96.94119107715667 46.92314886721171 89.05880892284333 53.07685113278829
84.67771217324513 58.26337002150382 91.32228782675487 65.73662997849618
36.0946831638082 18.869419765044086 27.905316836191798 13.130580234955914
24.349957900324185 65.9877379109172 23.650042099675815 56.012262089082796
8.834360575623936 15.129763956186135 15.165639424376064 22.870236043813865
6.439730144711733 93.75032188158642 9.560269855288267 84.24967811841358
7.333588678823039 50.795718625395274 16.66641132117696 47.204281374604726
39.56928601072852 82.68293859699965 48.43071398927148 87.31706140300035
61.55010604400143 91.9271915215482 52.44989395599857 96.0728084784518
20.56127559019571 25.30167886852349 29.43872440980429 20.69832113147651
46.83370906696509 47.27877154173037 37.16629093303491 44.72122845826963
46.88057156709981 16.632866346120487 43.11942843290019 7.367133653879513
47.35704082621865 32.24438061508685 52.64295917378135 23.755619384913153
20.11737090402151 37.632030622413374 23.88262909597849 28.36796937758663
54.00561140197436 16.23681750761187 63.99438859802564 15.76318249238813
66.60161445944546 40.61277458991917 71.39838554055454 49.38722541008083
3.7123790899786435 23.948991415648365 2.2876209100213565 14.051008584351635
83.02077191584154 2.544711425656594 92.97922808415846 3.455288574343406
22.1474501697213 3.0021746281558457 21.8525498302787 12.997825371844154
36.961151529641015 90.37792645134147 27.038848470358985 91.62207354865853
74.54085637056106 27.092993889607673 65.45914362943894 22.907006110392327
