90.97780933286575 9.47054675180543 81.02219066713425 8.52945324819457
72.70108405382435 46.36184128514824 65.29891594617565 39.63815871485176
39.96990056039984 11.039718661412104 32.03009943960016 4.960281338587896
38.79587796109641 16.854753755606865 33.20412203890359 25.145246244393135
22.586341697861393 85.51601474943124 15.413658302138606 92.48398525056876
31.45715601312974 63.47179132069867 38.54284398687026 70.52820867930133
59.618346113310466 90.91595385583007 50.381653886689534 87.08404614416993
68.19210302756673 58.6273650512729 77.80789697243327 61.3726349487271
8.293667970327503 41.79574418652138 13.706332029672497 50.20425581347862
49.023540889459454 65.1058847533385 46.976459110540546 74.8941152466615
43.14603343190985 48.88619011955225 36.85396656809015 41.11380988044775
74.13586251704155 67.80974042219752 65.86413748295845 62.19025957780247
83.93690029539343 94.20815691368533 74.06309970460657 95.79184308631467
77.21599194003943 38.26822321792032 84.78400805996057 31.731776782079677
92.23773470433504 19.65360218866251 83.76226529566496 14.346397811337491
22.966447562877484 23.975054179656794 17.033552437122516 32.024945820343206
42.59026224004285 86.35673776403063 51.40973775995715 81.64326223596937
24.36052416771797 49.13579400235088 33.63947583228203 52.86420599764912
55.96494108341649 25.40893313559032 46.03505891658351 26.59106686440968
22.213429304423904 14.848491387633096 27.786570695576096 23.151508612366904
63.9952250981419 44.781536687534825 54.0047749018581 45.218463312465175
4.0009069293664705 81.89916452430535 5.9990930706335295 72.10083547569465
27.004471090380726 56.78859774561735 36.995528909619274 57.21140225438265
70.87047124673107 80.83464815095888 63.12952875326893 87.16535184904112
41.9065603140026 77.87897424189613 44.0934396859974 68.12102575810387
79.68784488150675 66.25438543479993 86.31215511849325 73.74561456520007
62.717545568030985 7.58081073271733 71.28245443196901 2.4191892672826705
49.07208745524419 41.8459775122533 58.92791254475581 40.1540224877467
23.675095793891483 90.73430207939876 30.324904206108517 83.26569792060124
28.195745942747802 33.15458612508212 21.804254057252198 40.84541387491788
47.09339797462442 32.96190257540996 56.90660202537558 31.038097424590045
85.06285969663519 42.000395149760436 84.93714030336481 51.999604850239564
89.35887246340936 31.57331205647766 96.64112753659064 38.42668794352234
65.48821273523978 21.765973066028472 68.51178726476022 12.23402693397153
76.11019047419266 78.84716249375687 67.88980952580734 73.15283750624313
91.69844187197631 61.56121298288281 96.30155812802369 70.43878701711719
53.27925300685716 74.80505830799709 58.72074699314284 83.19494169200291
51.95320724180503 57.936574257910195 60.04679275819497 52.063425742089805
26.69418564965673 64.24878799838446 33.30581435034327 71.75121200161554
67.07182941543932 90.09345694306423 74.92817058456068 83.90654305693577
9.684413832143488 11.952936271180022 8.315586167856512 2.0470637288199773
4.525015658521545 55.0276405441373 3.4749843414784554 64.9723594558627
46.89638336650445 54.08100651959629 45.10361663349555 63.91899348040371
18.979671305288125 59.549584978836116 9.020328694711875 60.450415021163884
71.09918571191805 30.137016154567597 62.900814288081946 35.8629838454324
92.09906277544633 84.62454729333652 95.90093722455367 75.37545270666348
93.33006715701329 95.71288916694571 96.66993284298671 86.28711083305429
20.844313854388826 54.64741932759563 17.155686145611174 45.35258067240437
48.952453097040376 96.68790138945577 39.047546902959624 95.31209861054423
47.200999497725434 5.403422309630446 56.799000502274566 2.5965776903695543
18.845948578279156 70.23157719070883 9.154051421720846 67.76842280929117
11.995337491308105 21.215878085806896 2.0046625086918954 20.784121914193104
27.173221071915865 6.781962859821032 34.82677892808414 13.218037140178968
25.019613469890704 28.55756355178864 34.9803865301093 29.44243644821136
60.179325310500026 20.06781052127819 61.820674689499974 29.93218947872181
87.41642421195955 36.513169839041446 94.58357578804045 43.486830160958554
66.01925289903683 51.438358661653936 75.98074710096317 50.561641338346064
6.318493514778893 88.3832691290045 13.681506485221107 81.6167308709955
38.58600194658839 85.74179268056058 35.41399805341161 76.25820731943942
96.41510375564303 6.017260906684854 95.58489624435697 15.982739093315146
62.48803477921065 74.20398362530115 53.51196522078935 69.79601637469885
83.01623409703345 24.40258840572961 92.98376590296655 23.59741159427039
76.24699305614637 7.533343285450515 71.75300694385363 16.466656714549487
81.63905450888883 81.7531904564587 76.36094549111117 90.2468095435413
5.103362617318762 47.92452556464237 10.896637382681238 56.07547443535763
86.28408857105036 87.94848166874439 87.71591142894964 78.05151833125561
20.999158888138783 75.09170829375255 11.000841111861217 74.90829170624745
55.596949570578005 62.6307919221886 64.403050429422 67.36920807781141
34.15237011218238 47.8069224490513 41.84762988781762 54.1930775509487
92.77475986550819 52.72109958099539 85.22524013449181 59.27890041900461
81.81014252683697 62.14970010247176 88.18985747316303 69.85029989752823
21.9920474878312 9.010574173625457 14.0079525121688 2.9894258263745437
27.209260444268814 45.668324307879615 30.790739555731186 36.331675692120385
9.509093492359007 33.42039502809182 16.490906507640993 40.57960497190818
5.642492585358765 95.70501605403123 12.357507414641235 88.29498394596877
12.007071532918417 64.26582949912743 21.992928467081583 63.73417050087256
21.812374710862926 80.8521481041172 28.187625289137074 73.1478518958828
69.9161427679841 96.91188830719432 60.08385723201591 95.08811169280568
10.249951189984845 29.307133792652472 17.750048810015155 22.692866207347528
53.20196836769439 49.709882255171934 44.79803163230561 44.290117744828066
42.37985158150621 18.73023457156747 45.62014841849379 9.269765428432532
46.4315180172713 20.28986017305903 51.5684819827287 11.71013982694097
43.94387907519638 37.91010104696496 42.05612092480362 28.08989895303504
75.14255929819196 22.185440773897465 84.85744070180804 19.814559226102535
69.94482930530542 36.04197877389731 76.05517069469458 43.95802122610269
5.968998593537345 16.595981346638382 2.0310014064626554 7.404018653361618
78.0135843951505 3.6316802805803765 87.9864156048495 4.368319719419624
13.628782906848894 8.598031179443906 18.371217093151106 17.401968820556093
43.953108872461115 91.68316359501003 34.046891127538885 90.31683640498997
80.64417212134398 28.8524754539079 71.35582787865602 25.1475245460921
