95.31962716848182 14.738993910435992 88.68037283151818 7.261006089564008
71.87195702515342 52.1635342254139 64.12804297484658 45.8364657745861
48.795559202214406 9.415136720623405 39.204440797785594 6.584863279376596
41.698498811510085 20.710002607670027 32.301501188489915 17.289997392329973
12.334202990834715 77.57829259249571 7.665797009165286 86.42170740750429
27.63192799269742 66.43309410813055 36.36807200730258 61.566905891869446
73.75360875355604 86.31760143308458 70.24639124644396 95.68239856691542
67.7046732179024 73.29956499670868 64.2953267820976 82.70043500329132
14.194564652372234 14.003786974512868 13.805435347627766 23.99621302548713
76.85445752973907 55.894872448885906 71.14554247026093 64.1051275511141
77.0330149264212 47.56802477105243 72.9669850735788 38.43197522894757
61.023280814140314 87.89416963083752 58.976719185859686 78.10583036916248
89.6395788388442 95.8639496232863 80.3604211611558 92.1360503767137
58.87244276561931 45.524765210973314 63.12755723438069 36.475234789026686
88.96330437825982 15.395343362934895 79.03669562174018 16.604656637065105
33.4829788915372 36.8560503024321 42.5170211084628 41.1439496975679
25.501380275833938 82.81770291267571 34.49861972416606 87.18229708732429
47.73117147968727 66.18816216836727 42.26882852031273 57.81183783163273
66.76094025709935 3.472437278429859 57.23905974290065 6.527562721570141
13.575501668123014 63.018052472553165 14.424498331876986 72.98194752744683
60.082556099192956 69.88140064859464 57.917443900807044 60.118599351405365
35.98476657151913 77.60999714428554 26.015233428480872 78.39000285571446
17.98470513315091 60.97949779866597 26.01529486684909 55.02050220133403
69.01157546472322 84.42249367562168 64.98842453527678 93.57750632437832
54.89985057348803 82.91836039197955 53.10014942651197 73.08163960802045
71.83400013446908 70.13785599621094 74.16599986553092 79.86214400378906
58.12530002924709 13.077104514499128 59.87469997075291 22.922895485500874
63.48045524687731 16.318783884036332 68.51954475312269 7.681216115963669
5.234188692375734 77.67781043073212 8.765811307624265 68.32218956926788
44.01058248956555 2.6748647872498217 53.98941751043445 3.3251352127501783
56.15046439326997 56.217376030262464 65.84953560673003 53.782623969737536
63.185510650658834 63.23259508812391 70.81448934934117 56.76740491187609
95.67404345597512 59.01063607947793 96.32595654402488 68.98936392052207
77.68611251647523 36.99013773834816 78.31388748352477 27.00986226165184
87.57911341475139 62.50858951649242 80.42088658524861 69.49141048350758
96.38391616440629 76.31908823899977 89.61608383559371 83.68091176100023
40.785054828622684 74.06201570313794 39.214945171377316 83.93798429686206
27.853187474982064 59.793554345695526 36.146812525017936 54.206445654304474
12.760156817678972 47.19166491049331 19.239843182321028 54.80833508950669
51.024429764991496 84.98156057302077 44.975570235008504 77.01843942697923
25.897618846172907 14.858403202615808 34.10238115382709 9.141596797384192
21.380480649180313 66.19434986945171 18.619519350819687 75.80565013054829
26.00134223953168 70.88415271384349 35.99865776046832 71.11584728615651
16.087314342294004 33.120093496781934 7.912685657705995 38.879906503218066
57.881492961365105 37.52900959672801 62.118507038634895 28.47099040327199
81.20675199407916 76.25749436923189 88.79324800592084 69.74250563076811
83.08636587203553 82.11182710195021 90.91363412796447 75.88817289804979
36.99793813665501 49.85642290513641 27.00206186334499 50.14357709486359
27.952453097040376 88.68790138945577 18.047546902959624 87.31209861054423
47.15367841733201 26.110772852887692 52.84632158266799 17.889227147112308
9.93179836636108 57.912407943610425 8.06820163363892 48.087592056389575
18.43619065380475 16.968110206219553 19.56380934619525 7.031889793780447
9.986651202411732 11.989953511517815 16.013348797588268 4.010046488482185
41.118479762768956 48.84820675678656 48.881520237231044 55.15179324321344
74.11619253677767 28.08984091452392 67.88380746322233 35.91015908547608
86.18852860790788 33.360052588350584 95.81147139209212 30.639947411649416
45.90572581156715 31.870003287442813 54.09427418843285 26.129996712557187
2.0128760012977396 70.58817373404511 5.987123998702261 61.41182626595488
9.096037691935614 92.07025833496368 14.903962308064386 83.92974166503632
88.98065540161632 55.97437897720438 81.01934459838368 62.02562102279562
57.949839222424316 27.96286629378626 52.050160777575684 36.03713370621374
84.10244551699809 21.00695585108183 93.89755448300191 18.99304414891817
67.19242062479957 18.06564942948407 68.80757937520043 27.93435057051593
88.85769861484651 46.89712800264201 83.14230138515349 55.10287199735799
14.398107762836958 28.62162910662082 5.6018922371630415 33.378370893379184
95.6324027315176 96.2509358803796 90.3675972684824 87.7490641196204
48.990499715504214 73.01262543648572 41.009500284495786 66.98737456351428
39.918503073627576 33.111854775117344 48.081496926372424 38.888145224882656
71.02136354035467 2.4081596542821533 74.97863645964533 11.591840345717847
89.22766457861403 36.71831057707213 96.77233542138597 43.28168942292787
31.567145489853722 31.635314279696924 38.43285451014628 24.364685720303076
28.869419765044157 2.905316836191849 23.130580234955843 11.094683163808151
21.0592208386204 31.922621310069832 28.9407791613796 38.07737868993017
3.237164833196777 20.005627883117363 2.762835166803223 29.994372116882637
3.4198626549911424 95.98234034876621 2.5801373450088576 86.01765965123379
23.019390405764376 46.43991825355178 32.980609594235624 45.56008174644822
17.2342450218124 92.48752537612027 26.7657549781876 95.51247462387973
60.81795905781141 94.33688837127602 51.18204094218859 91.66311162872398
2.488880606055826 51.76618486603759 5.511119393944174 42.23381513396241
54.09870889947812 41.46178218292121 49.90129110052188 50.53821781707879
7.932342383399341 6.9501397374082305 2.0676576166006595 15.04986026259177
80.79914054100554 11.665093065921653 77.20085945899446 2.3349069340783464
16.09385026000671 39.03579321265416 25.90614973999329 40.96420678734584
81.26652857211866 48.689890916505306 84.73347142788134 39.310109083494694
18.070958925312173 26.839377200095566 27.929041074687827 25.160622799904434
8.23430645494391 25.941023516950658 9.76569354505609 16.058976483049342
83.00376781197518 2.805928045960526 92.99623218802482 3.194071954039474
38.00130702850012 14.114317875582454 47.99869297149988 13.885682124417546
47.97393363799585 94.50988642344483 38.02606636200415 93.49011357655517
96.36231603320967 23.556600968650056 87.63768396679033 28.443399031349944
