56.54520259572384 16.303712786271944 51.45479740427616 7.6962872137280565
69.92657859242442 11.095477436117772 62.07342140757558 4.904522563882228
82.78581284594928 24.69084124961579 91.21418715405072 19.30915875038421
2.0464404632667383 11.602565060532934 5.953559536733262 2.3974349394670664
2.2031274503204217 84.06390902235715 3.7968725496795783 93.93609097764285
49.7318685134598 84.18770753816058 44.2681314865402 75.81229246183942
89.54005747450717 66.69324855300421 84.45994252549283 75.30675144699579
48.04103010413893 67.39973512207068 51.95896989586107 76.60026487792932
25.23766756362622 10.058456794031603 26.76233243637378 19.941543205968397
57.868141830227984 87.85930060016474 48.131858169772016 90.14069939983526
83.82943975116433 33.29480179559413 74.17056024883567 30.705198204405868
48.960675944242 95.62585475648805 39.039324055758 94.37414524351195
64.42602231531563 72.0181825618703 63.573977684684365 81.9818174381297
95.99228621718866 48.27762983569511 86.00771378281134 47.72237016430489
94.98138307964798 4.5689285282035055 85.01861692035202 5.4310714717964945
39.99971736687496 50.94683750035156 30.000282633125035 51.05316249964844
75.03598505104611 91.40120488765992 84.96401494895389 92.59879511234008
47.042373318342825 21.563848291576015 42.957626681657175 12.436151708423985
78.0851712043222 20.882945755885245 69.9148287956778 15.117054244114755
39.501077899319654 45.181673653874455 48.498922100680346 40.818326346125545
62.41972509627741 47.205797182951045 59.58027490372259 56.794202817048955
4.623744814184223 46.31206007095396 11.376255185815777 53.68793992904604
30.14650544944635 70.4841928345536 25.85349455055365 79.5158071654464
16.887650785126965 74.08184675645174 11.112349214873035 65.91815324354826
14.409029751463653 84.79735710151853 11.590970248536347 75.20264289848147
27.61356858440523 86.73745859203572 22.38643141559477 95.26254140796428
22.211349623150575 33.06258867592589 23.788650376849425 42.93741132407411
42.89991139025055 6.87099198655644 35.10008860974945 13.12900801344356
15.615989760092177 91.45320402740825 8.384010239907823 84.54679597259175
95.89157203466904 87.91986781397591 94.10842796533096 78.08013218602409
7.19904859086815 40.490454909583306 2.8009514091318493 31.509545090416694
86.2523156280188 62.568277113282434 95.7476843719812 59.431722886717566
65.40395122581201 67.36753323116464 56.59604877418799 62.63246676883536
52.26771999386694 53.39489615294354 43.73228000613306 58.60510384705646
96.80710091728805 74.9344288534047 95.19289908271195 65.0655711465953
42.38391616440629 84.31908823899977 35.61608383559371 91.68091176100023
66.21244114705453 49.149228260891974 63.787558852945466 58.850771739108026
34.41211699322283 55.345214421534415 27.587883006777172 62.654785578465585
79.96895019399284 86.44364222876052 70.03104980600716 87.55635777123948
95.49651012262387 43.974585203148074 96.50348987737613 34.025414796851926
96.55607727563496 19.248303091289124 93.44392272436504 28.751696908710876
17.91981240598486 64.93858405847523 24.08018759401514 57.06141594152477
64.0041253732428 95.7969317510697 73.9958746267572 96.2030682489303
9.29653150582817 5.303714609998371 18.70346849417183 8.696285390001629
72.46060084693625 4.2428737406343116 75.53939915306375 13.757126259365688
75.99862180984724 36.117388253754825 66.00137819015276 35.882611746245175
44.904290784988135 62.92997603984534 39.095709215011865 71.07002396015466
6.7692187249141496 70.0053288393459 7.2307812750858504 79.9946711606541
37.31209861054431 29.95245309704039 38.68790138945569 20.04754690295961
2.022187547235542 55.40780467513741 5.977812452764458 64.59219532486259
17.241352545149702 42.702642071271704 24.758647454850298 49.297357928728296
29.649315594442555 9.464050568320232 38.350684405557445 4.535949431679768
82.62277811050268 12.729333061233199 79.37722188949732 3.2706669387668024
64.9164286589384 30.935935439585304 71.0835713410616 23.064064560414696
64.30963382761732 16.747842569678077 57.69036617238269 9.252157430321923
85.03500670583836 53.59062813083181 94.96499329416164 52.40937186916819
70.11264086127488 41.85541116732723 77.88735913872512 48.14458883267277
31.76570097425545 36.165440927561264 26.23429902574455 27.834559072438736
13.752341756889386 60.80167278128401 20.247658243110614 53.19832721871599
57.15647281842988 36.80198517756224 64.84352718157012 43.19801482243776
55.71802504500865 82.44888641176556 60.28197495499135 73.55111358823444
46.1594652618858 9.885226324381073 51.8405347381142 18.114773675618927
79.97731825995825 78.5924081372234 76.02268174004175 69.4075918627766
20.22165782443022 88.848458740673 17.77834217556978 79.151541259327
28.976164708936857 4.487631817595354 19.023835291063143 3.5123681824046464
86.72547411825316 79.16516972616851 89.27452588174684 88.83483027383149
12.17894167889562 37.00320303839009 11.82105832110438 46.99679696160991
77.99993859674969 63.024779603159615 68.00006140325031 62.975220396840385
37.43585461502228 59.21060321913926 34.56414538497772 68.78939678086074
63.07976320008028 88.06108407916197 56.92023679991972 95.93891592083803
20.076750222160914 19.085978241020896 21.923249777839086 28.914021758979104
52.93814768213387 3.7840264468982747 43.06185231786613 2.2159735531017253
21.047429145632954 76.60298458162488 24.952570854367046 67.39701541837512
3.54704698976865 26.96998386224594 2.45295301023135 17.03001613775406
7.124343180566518 17.840999490665006 14.875656819433482 24.159000509334994
7.782879761365518 9.172450213234528 14.217120238634482 16.827549786765474
82.8740619909139 38.82429381353616 91.1259380090861 33.17570618646384
14.504030752820032 96.56675882045471 7.495969247179968 89.43324117954529
42.48715225536086 24.023788320409107 41.51284774463914 33.9762116795909
79.99229264432985 54.722485760059 70.00770735567015 55.277514239941
51.28225873005721 34.30432486967685 54.71774126994279 43.69567513032315
89.99355096392289 43.25386762437297 80.00644903607711 42.74613237562703
55.85397311015043 47.800439644729536 46.14602688984957 50.199560355270464
49.34107662450413 29.184942705791855 58.65892337549587 32.815057294208145
33.63841173315677 78.04092443504157 32.36158826684323 87.95907556495843
53.239589541807035 23.470787042453843 62.760410458192965 26.529212957546157
27.126626975715524 37.83819965609064 34.873373024284476 44.16180034390936
16.857954282257797 32.18333435321262 7.142045717742204 29.816665646787378
72.48888549685194 75.66347501061506 67.51111450314806 84.33652498938494
93.27438523171058 12.405846787305256 84.72561476828942 17.594153212694742
