49.44809394695203 9.620862898950026 42.55190605304797 2.379137101049973
70.803691137071 37.99614479677436 71.196308862929 28.00385520322564
70.17228777768075 77.65397335965568 73.82771222231925 68.34602664034432
2.037281966641193 4.6094503436501615 11.962718033358808 3.390549656349838
2.5493928924813245 71.02034607280248 3.4506071075186755 80.97965392719752
54.54284398687017 96.52820867930143 47.45715601312983 89.47179132069857
91.68432191295966 80.25153546911413 82.31567808704034 83.74846453088587
40.73255369740304 73.00715787599616 41.26744630259696 82.99284212400384
10.329565904353862 18.395278125502873 17.670434095646137 11.604721874497127
96.89601077499566 92.13386343689665 89.10398922500434 85.86613656310335
90.78173760132616 14.53884103805796 81.21826239867384 17.46115896194204
41.72215075225046 87.64356085163296 32.27784924774954 84.35643914836704
56.519670439036915 82.41011056617526 63.480329560963085 89.58988943382474
83.03567547131138 41.95183391982944 74.96432452868862 36.04816608017056
65.53887342625114 3.4678087717433064 58.461126573748864 10.532191228256693
27.211828961600055 27.305469094957896 18.788171038399945 32.6945309050421
73.08984697750331 94.05639134400609 82.91015302249669 95.94360865599391
52.09677695887502 46.99906333428883 51.90322304112498 37.00093666571117
95.72801961252175 3.668053156388419 88.27198038747825 10.331946843611581
28.215178144976022 32.451027158837796 37.78482185502398 29.5489728411622
67.47483542798624 43.23066086450613 58.525164572013765 38.76933913549387
19.62845446019305 65.55989560764428 12.371545539806949 72.44010439235572
42.5593577703379 51.03138662353744 41.4406422296621 60.96861337646256
33.99994156178126 94.97582607246726 24.000058438218737 95.02417392753274
16.479799018923515 85.77932425823762 7.520200981076483 90.22067574176238
33.73745859203572 89.38643141559477 42.26254140796428 94.61356858440523
35.03807291227385 35.61585678212505 44.96192708772615 34.38414321787495
26.876883969816966 15.89727485521444 17.123116030183034 18.10272514478556
7.245347382077156 77.94272186414148 8.754652617922844 68.05727813585852
82.08028124575206 68.05897060793656 87.91971875424794 59.94102939206344
3.0080059126762166 64.99999359053211 2.9919940873237834 55.000006409467886
78.02390269683794 69.40706635706158 81.97609730316206 78.59293364293842
65.99770025416314 77.84836830958646 56.00229974583686 78.15163169041354
77.8076492521786 45.75935081004073 70.1923507478214 52.24064918995927
93.38528394086441 95.40193354570785 84.61471605913559 90.59806645429215
68.91774360858489 94.09678474314123 59.08225639141511 95.90321525685877
89.1488695733819 51.11610756974016 82.8511304266181 58.88389243025984
37.69874372262822 50.0490650165764 36.30125627737178 59.9509349834236
75.99853161312342 82.87883188288265 66.00146838687658 83.12116811711735
85.00632415437326 74.00473531351462 90.99367584562674 65.99526468648538
69.38309598357237 12.268655434058918 72.61690401642763 21.731344565941082
18.048328087139375 72.69350217547404 27.951671912860625 71.30649782452596
70.15551748325704 88.76266853876099 79.84448251674296 91.23733146123901
5.007642918378985 8.276352618204537 14.992357081621016 7.723647381795463
58.89232744106238 57.46593820241703 63.10767255893762 66.53406179758298
93.23882484680755 35.155899154752014 90.76117515319245 44.844100845247986
36.53687041689388 77.3086295370905 31.463129583106117 68.6913704629095
18.303579973096358 48.246820100054265 11.69642002690364 55.753179899945735
12.053849986908908 42.90966395517328 13.946150013091092 33.09033604482672
21.869560644568796 85.81770664390477 30.130439355431204 80.18229335609523
23.458341058350534 42.021051971125814 22.541658941649466 51.978948028874186
22.259086907404786 24.588629298628 31.740913092595214 21.411370701372
78.46825353821522 30.46068270288313 85.53174646178478 37.53931729711687
68.6522070664006 24.41487679779717 61.34779293359939 17.58512320220283
96.38768313714792 22.98494752080412 95.61231686285208 13.01505247919588
87.70448303213331 33.55901035143849 96.29551696786669 28.440989648561512
56.291593437726775 2.1697012109372427 53.708406562273225 11.830298789062757
6.593366555523826 23.73932305500882 3.4066334444761743 14.260676944991179
4.78274742450874 85.68603438446203 13.21725257549126 80.31396561553797
47.58874597220739 50.03478316886266 46.41125402779261 59.96521683113734
49.55105922334699 63.21454593316871 52.44894077665301 72.78545406683129
69.41882672656584 8.003210283213571 78.58117327343416 3.996789716786429
73.12656101655956 61.098126576921025 66.87343898344044 68.90187342307897
16.759106219787505 62.53326709635989 7.240893780212496 59.46673290364011
39.820401585894295 7.671945576902909 30.179598414105705 10.328054423097091
95.67141985583558 52.01080817277378 96.32858014416442 61.98919182722622
35.00084111186122 64.90829170624741 44.99915888813878 65.09170829375259
64.10992291932145 29.15245130028716 55.89007708067855 34.84754869971284
54.783756837447875 62.518006443061196 59.216243162552125 71.4819935569388
88.7183105770721 75.77233542138595 95.2816894229279 68.22766457861405
23.486705150196347 57.442366053351876 30.513294849803653 64.55763394664812
44.87227227876147 21.877073982128618 35.12772772123853 24.122926017871382
20.037412991901256 37.61051632824155 29.962587008098744 36.38948367175845
27.040320376774684 3.6337018502131704 36.95967962322531 2.3662981497868296
3.0590845201808765 48.7663903843889 12.940915479819123 47.2336096156111
8.290080870658045 31.16929701314993 5.709919129341955 40.83070298685007
78.67987849600513 52.73855496130669 85.32012150399487 45.26144503869331
13.899767573553994 95.00386862053804 4.100232426446005 96.99613137946196
17.78732542360268 3.306791334973161 26.21267457639732 8.69320866502684
64.2318159572592 49.336969075679676 55.76818404274079 54.663030924320324
30.2017161571698 41.14656016029898 27.7982838428302 50.85343983970102
88.83164784747589 25.28653763177826 79.16835215252411 22.71346236822174
59.83686948371684 45.794000535726425 52.16313051628316 52.205999464273575
47.81455922610275 14.142559298191909 50.18544077389725 23.85744070180809
28.955332277870273 75.33315517854825 19.044667722129727 76.66684482145175
44.04636582990862 27.32065582441362 53.95363417009138 28.67934417558638
33.03969446915515 15.37121622105051 42.96030553084485 16.62878377894949
47.6975621997323 39.634285547003316 40.3024378002677 46.365714452996684
27.82629403919986 89.6935215856418 18.17370596080014 92.3064784143582
84.08301406364642 8.113999972961603 75.91698593635358 13.886000027038397
