84.55341615244511 12.065526892260653 75.44658384755489 7.934473107739348
59.92124038150632 58.05787563060486 54.07875961849368 49.94212436939514
79.56986100622093 44.50087023413654 72.43013899377907 37.49912976586346
29.506075537612993 31.191949572038475 38.49392446238701 26.808050427961525
3.523911471216075 53.22284994424578 6.476088528783925 62.77715005575422
19.74865532194203 79.99367858925781 20.25134467805797 70.00632141074219
96.2545583747146 76.15995007417966 93.7454416252854 85.84004992582034
56.43002578743689 60.018526541058435 55.56997421256311 69.98147345894157
22.575870271023312 27.32960858111071 31.424129728976688 22.67039141888929
76.26309062493567 62.81558521741869 81.73690937506433 71.18441478258131
87.2088996844985 31.851655547626958 84.7911003155015 22.148344452373042
70.91128293776518 66.06229007405453 61.08871706223482 67.93770992594547
79.6190653813218 89.96152779430378 78.3809346186782 80.03847220569622
79.97955590977685 32.45168898747522 70.02044409022315 31.548311012524778
71.93917865502519 2.2224948786383347 62.06082134497482 3.7775051213616653
3.685245368369899 39.009916882268655 4.314754631630101 48.990083117731345
68.26789636488861 83.81244585384127 73.73210363511139 92.18755414615873
14.227228461372249 66.93992147195549 15.772771538627751 57.060078528044514
95.90458927631929 19.97211317788307 86.09541072368071 18.02788682211693
23.72073586036878 55.30542141413727 20.27926413963122 64.69457858586273
50.082556099192956 66.88140064859464 47.917443900807044 57.118599351405365
31.753190758538068 87.31744491071629 28.246809241461932 96.68255508928371
12.45653680402333 19.69525901235485 17.54346319597667 28.30474098764515
92.99435448125526 96.23753592478944 83.00564551874474 95.76246407521056
21.985477096752977 86.61918755567666 12.014522903247023 87.38081244432334
52.30650211413576 77.00940319660761 51.69349788586424 86.99059680339239
19.666596965883407 12.505682830129839 28.333403034116593 17.49431716987016
56.7772015194118 25.1577820674702 51.2227984805882 16.8422179325298
10.331724710205552 53.9551395678679 11.668275289794448 44.0448604321321
36.42268397548979 13.987991547790608 45.57731602451021 18.012008452209393
25.950214456091434 68.06755442533894 34.04978554390856 73.93244557466106
69.86481540939612 47.47882904945547 74.13518459060388 56.52117095054453
70.95447250167123 61.32679703641201 61.045527498328774 62.67320296358799
86.32784348764021 43.82045969512571 83.67215651235979 34.17954030487429
90.94232861484296 49.757223786541616 81.05767138515704 48.242776213458384
65.61939301830301 78.74103531176115 60.380606981696985 87.25896468823885
49.216173254545566 72.171654456982 42.783826745454434 79.828345543018
26.29690258854958 86.17112397386168 23.70309741145042 95.82887602613832
68.7968501622691 73.58924540733018 59.203149837730905 76.41075459266982
95.5949669897659 69.028635405877 86.4050330102341 72.971364594123
38.36842444976095 10.116251629747795 47.63157555023905 13.883748370252205
13.598356376897112 77.52842522983534 6.401643623102888 84.47157477016466
85.15558511039224 81.887907596396 90.84441488960776 90.112092403604
3.1405992580231334 26.641403761873757 6.8594007419768666 17.358596238126243
86.950504931506 4.70178410008682 77.049495068494 3.2982158999131803
88.6792901387336 36.57119590184654 93.3207098612664 45.42880409815346
41.24807023863838 93.68302702439944 44.75192976136162 84.31697297560056
36.76921872491415 87.0053288393459 37.23078127508585 96.9946711606541
14.41850749826158 72.34025457756334 5.581492501738421 67.65974542243666
32.94243797398496 82.95617421975712 39.05756202601504 75.04382578024288
23.871433920536738 51.164174362913265 16.128566079463262 44.835825637086735
5.0017720057314214 12.133104910915788 14.998227994268579 11.866895089084212
61.2200441403065 24.533022842924343 70.7799558596935 27.466977157075657
50.70248339594853 38.04959425113288 49.29751660405147 47.95040574886712
91.34278246275802 11.95661831380444 92.65721753724198 2.0433816861955583
81.70736285173007 57.20359208166921 76.29263714826993 48.79640791833079
30.717456584580262 38.343727940751286 23.282543415419738 31.656272059248714
18.74390361581812 40.57967670231215 9.256096384181882 37.42032329768785
17.990640401481212 92.30579140456112 8.009359598518788 91.69420859543888
68.38312075721791 54.405878722555556 59.6168792427821 49.594121277444444
14.911999375769621 16.121067750659623 23.08800062423038 21.878932249340377
57.83627885759341 12.768289408330784 66.16372114240659 7.2317105916692155
36.23597734194914 33.005571634902886 35.76402265805086 42.994428365097114
39.9738924850019 47.5102877106512 30.026107514998102 46.4897122893488
32.917806072195276 7.097124905493987 23.08219392780472 8.902875094506014
85.75854330374538 55.005833536631584 86.24145669625462 64.99416646336842
34.88852684145722 52.856855236667144 27.111473158542783 59.143144763332856
56.47850080582934 34.237118497995354 59.52149919417066 43.762881502004646
44.783756837447875 22.518006443061196 49.216243162552125 31.481993556938804
95.69403570607913 61.9515971603804 94.30596429392087 52.0484028396196
33.78000793857584 65.4801378602911 38.21999206142416 56.5198621397089
38.98113675592811 2.566091462699834 29.018863244071888 3.433908537300166
41.82432482734806 32.00308712966559 42.17567517265194 41.99691287033441
3.024884744858827 2.501774952394419 12.975115255141173 3.498225047605581
3.5934880565785328 96.9646522463007 2.4065119434214672 87.0353477536993
19.111656391770328 34.8566285640511 26.888343608229672 41.1433714359489
52.07791788381536 96.61579899244359 55.92208211618464 87.38420100755641
75.5042183212527 72.23163264397469 72.4957816787473 81.76836735602531
15.345000431881628 6.825096989427622 24.65499956811837 3.174903010572378
66.11227362841801 33.37004436889144 69.88772637158199 42.62995563110856
4.000910084209552 33.0953939926948 13.999089915790448 32.9046060073052
96.46933748310528 35.77923083359047 93.53066251689472 26.220769166409532
42.54804627620901 59.21545922956346 45.45195372379099 68.78454077043654
72.99178298485968 21.286535568586736 63.00821701514032 20.713464431413264
2.5350464113486324 81.97833487829016 3.4649535886513676 72.02166512170984
45.00108044394103 8.103938789925369 54.99891955605897 7.896061210074631
64.32511406833788 15.773539265409019 73.67488593166212 12.226460734590981
32.26622278836277 15.674506392449608 39.73377721163723 22.325493607550392
68.60752003102242 95.94184426865986 59.39247996897758 92.05815573134014
79.09299388960775 18.459143629438977 74.90700611039225 27.540856370561023
