43.69227319113953 17.371515784034283 36.30772680886047 10.628484215965717
53.48107401724362 14.340998931232141 48.51892598275638 5.659001068767859
76.09388798031698 77.91721069385744 77.90611201968302 68.08278930614256
6.000763347425996 4.087366421242143 15.999236652574005 3.9126335787578572
11.072376937978804 73.00052386955905 10.927623062021196 82.99947613044095
51.606557978088595 94.94412540606523 42.393442021911405 91.05587459393477
93.07217159410006 80.09872122880192 84.92782840589994 85.90127877119808
46.98631508261344 64.010300359837 53.01368491738656 71.989699640163
3.6366721018181796 19.55840837711377 12.36332789818182 24.44159162288623
95.99397763814585 96.2453311021847 86.00602236185415 95.7546688978153
89.14477876348424 18.79657093630219 80.85522123651576 13.203429063697813
47.81086721835249 84.6378118311403 38.18913278164751 87.3621881688597
46.91398167434325 56.065982855437625 53.08601832565675 63.934017144562375
95.9823402360533 42.5801360074925 86.0176597639467 43.4198639925075
65.45717574929333 4.734258545219372 56.54282425070667 9.265741454780628
24.738456857288675 35.6797680312678 17.261543142711325 42.3202319687322
75.91332345216036 89.06649928320628 82.08667654783964 96.93350071679372
43.8756724756001 39.09029434308535 38.1243275243999 30.909705656914653
89.54852986699746 2.477510002423424 82.45147013300254 9.522489997576576
27.11162858460147 38.94936928223349 36.88837141539853 41.05063071776651
68.98455788232557 35.60733892764125 59.01544211767442 36.39266107235875
5.995854069792817 70.41561710455034 2.0041459302071827 79.58438289544966
43.96872472714811 60.9767334795692 38.03127527285189 69.02326652043081
26.947918113748727 90.28020395969605 17.052081886251273 91.71979604030395
33.62379296274179 82.09722869537627 24.376207037258208 85.90277130462373
34.16845369869502 87.13844510943197 31.831546301304982 96.86155489056803
24.19550369482282 47.38449097271842 33.80449630517718 44.61550902728158
34.566560995602096 26.251749096029343 31.433439004397904 35.74825090397066
10.64860618003745 67.81391054584181 13.35139381996255 58.186089454158186
93.37242168770152 62.98611091799306 92.62757831229848 53.01388908200694
5.356768332294058 94.98725539320698 4.643231667705942 85.01274460679302
81.02200976361257 41.096579245309364 82.97799023638743 50.903420754690636
66.90371922905659 77.97649256145685 57.0962807709434 76.02350743854315
71.54515092128362 55.696256654040674 66.45484907871638 64.30374334595932
81.07075271253335 77.91289115274661 82.92924728746665 68.08710884725339
67.93008519150905 96.83322266199563 58.06991480849094 95.16677733800437
76.79838364447417 58.856444886532884 71.20161635552583 67.14355511346712
43.87572762400889 44.36517035043035 40.12427237599111 53.63482964956965
76.93302290447471 82.18434993782385 67.06697709552529 83.81565006217615
87.07667237406994 76.05637222052836 92.92332762593006 67.94362777947164
73.71707659347956 13.1673912290563 76.28292340652044 22.8326087709437
17.000803743390623 79.91035186614998 26.999196256609377 80.08964813385002
66.68423929225725 90.47528030991484 75.31576070774275 95.52471969008516
6.003580260330628 15.18918188349374 15.996419739669372 14.81081811650626
63.05182314851094 46.09072707437239 64.94817685148907 55.90927292562761
95.90462217572316 31.87687245459765 88.09537782427684 38.12312754540235
55.07259875101132 84.55020157985405 50.92740124898868 75.44979842014595
11.102626272542292 54.07906768574994 4.897373727457708 61.92093231425006
8.139679540954845 39.92542878415152 9.860320459045155 30.07457121584848
9.154944186899602 88.23508468047419 18.845055813100398 85.76491531952581
8.480520483221078 44.44848427696376 15.519479516778922 51.55151572303624
26.09100621587705 21.916678787598986 27.90899378412295 12.083321212401014
64.73481870691155 22.54253954482576 69.26518129308845 31.45746045517424
77.64392597644317 34.24377843803008 72.35607402355683 25.756221561969923
94.08427379736726 16.91542933239934 95.91572620263274 7.08457066760066
84.99550374305252 34.99399561257087 93.00449625694748 29.006004387429133
43.98885693247682 9.008381603045315 50.01114306752318 16.991618396954685
2.5868454426507723 40.79614367977473 5.413154557349228 31.203856320225267
18.47868155647473 71.97703365143244 17.52131844352527 62.02296634856756
49.71760074353638 40.00798130412667 50.28239925646362 49.99201869587333
56.59989566932089 60.33403620578474 63.40010433067911 67.66596379421526
58.234530380587515 19.513373485447865 67.76546961941249 16.486626514552135
71.99778606194774 73.14877660770735 62.002213938052265 72.85122339229265
31.781685190573935 78.27091074769609 24.218314809426065 71.72908925230391
40.12540701376509 3.1749306254929235 31.87459298623491 8.825069374507077
88.28189857451025 55.007953005660994 87.71810142548975 64.992046994339
34.36574842627253 72.12284461181166 43.63425157372747 75.87715538818834
54.48305237956598 37.21410057632163 45.51694762043402 32.78589942367837
54.191004220079364 42.065881453788265 55.808995779920636 51.934118546211735
89.16859034592291 90.21252238321304 96.83140965407709 83.78747761678696
18.743431358863457 56.20595721089415 25.256568641136543 63.79404278910585
45.890347348540544 22.041394646914654 36.109652651459456 19.958605353085346
22.19401646811875 52.37931950297465 31.80598353188125 49.62068049702535
23.340950410734912 5.814733293012732 32.65904958926509 2.185266706987268
20.945546025622143 32.92598752041966 29.054453974377857 27.074012479580336
4.518509396857637 47.02695787215005 3.4814906031423627 56.97304212784995
87.11649780873752 50.073036042234634 96.88350219126248 47.926963957765366
26.99527258348133 95.78262516999484 17.00472741651867 96.21737483000516
22.226049833406964 12.005112466449653 21.773950166593036 21.994887533550347
77.1342625328129 43.1043102824525 70.8657374671871 50.8956897175475
39.710276961623215 59.64830716382781 32.289723038376785 66.35169283617219
90.99909583502382 23.904916708894504 81.00090416497618 24.095083291105496
75.83229861166878 38.71590883202786 66.16770138833122 41.28409116797214
52.55632384393262 21.707895678639773 61.44367615606738 26.292104321360227
47.8783563867862 79.90380705918061 38.1216436132138 82.09619294081939
40.00249155349581 26.842173110278225 49.99750844650419 27.157826889721775
14.536108916570953 30.25248227413284 23.463891083429047 25.74751772586716
33.82255443005035 53.67978457469937 24.177445569949647 56.32021542530063
61.9938024283582 90.24887206858892 52.0061975716418 89.75112793141108
80.44493202458557 4.710332055337789 71.55506797541443 9.289667944662211
