57.99805072062411 2.8603970126794485 48.00194927937589 3.1396029873205515
69.368995440924 27.960023512688757 70.631004559076 18.039976487311243
62.03156020494439 65.43910250231637 71.96843979505562 66.56089749768363
6.2039489276078355 15.854870520650213 11.796051072392164 24.145129479349787
2.462554577871898 70.02896867659904 3.537445422128102 79.97103132340096
43.086455689890784 69.93367401729488 36.913544310109216 62.06632598270512
96.65108072223498 86.83506079334016 87.34891927776502 83.16493920665984
58.19924997884344 74.85804402256717 63.80075002115656 83.14195597743283
10.704576131198758 36.760343272220645 17.295423868801244 29.239656727779355
96.97952008131828 95.5479162027367 87.02047991868172 96.4520837972633
89.98787122544302 21.651947362605018 80.01212877455698 22.348052637394982
40.84089405160806 76.79882320320763 33.15910594839194 83.20117679679237
58.11789087404837 85.36775807648073 61.88210912595163 94.63224192351927
77.02392892316503 29.894034078376052 74.97607107683497 20.105965921623948
77.47668920175767 2.406584884210886 70.52331079824233 9.593415115789114
11.545845953360937 41.91786538179876 2.4541540466390632 46.08213461820124
67.43392666854749 92.29130139440335 72.56607333145251 83.70869860559665
34.83501356949728 57.99727720641451 35.16498643050272 48.00272279358549
96.95136320662847 2.936223113654849 89.04863679337153 9.06377688634515
16.662645245751115 14.579957833595913 21.337354754248885 23.420042166404087
82.21846331246526 55.995225098141894 81.78153668753474 46.004774901858106
17.784200568013244 71.00465911021539 18.215799431986756 80.99534088978461
45.45628345402448 38.64492576487087 40.54371654597552 47.35507423512913
53.71966736260243 86.34932135580986 44.28033263739757 89.65067864419014
23.717039570923426 85.34182700349373 14.282960429076576 88.65817299650627
45.1187932189365 93.91657009433018 54.8812067810635 96.08342990566982
38.01264160729669 34.35532557286508 47.98735839270331 33.64467442713492
36.978953088573114 8.458286091637358 27.021046911426886 7.541713908362642
13.979261817666266 82.59157082675726 10.020738182333734 73.40842917324274
73.81960274612648 71.74304188808824 82.18039725387352 66.25695811191176
8.945399413482178 67.04037402910409 3.0546005865178207 58.95962597089591
86.71395176910676 58.008189065118465 87.28604823089324 67.99181093488153
63.98936392052207 69.67404345597507 54.01063607947793 70.32595654402493
81.07560118434883 32.10354095728345 72.92439881565117 37.89645904271655
94.25356657268551 78.6281498077036 85.74643342731449 73.3718501922964
79.99849201975843 95.87720941236694 70.00150798024157 96.12279058763306
63.568913599049814 56.968983376626944 54.431086400950186 61.031016623373056
30.577681401148826 51.71566124189842 25.422318598851174 60.28433875810158
83.1728851266803 89.86429812163749 76.8271148733197 82.13570187836251
67.00789702593305 76.28090549355952 76.99210297406695 75.71909450644048
63.57574078918943 23.01803210347132 64.42425921081056 32.98196789652868
3.1301632589753634 92.09439092904734 8.869836741024637 83.90560907095266
45.024483243775975 78.49419936112257 54.975516756224025 77.50580063887743
21.274459643150013 14.665281263812183 28.725540356849987 21.334718736187817
68.94375986865177 42.95843126549661 63.05624013134824 51.04156873450339
95.98360643053653 37.09770274363058 94.01639356946347 46.90229725636942
30.91253643482012 88.61976237327046 27.08746356517988 79.38023762672954
13.793771445027891 49.743115257966444 6.206228554972109 56.256884742033556
3.174951698200882 53.22009401864351 10.825048301799118 46.77990598135649
13.008296241453284 94.28791246397228 22.991703758546716 93.71208753602772
22.67381904798881 41.01065074518279 23.32618095201119 50.98934925481721
27.099934175364297 13.005336783510513 36.9000658246357 14.994663216489487
83.27066693876684 36.62277811050276 92.72933306123316 33.37722188949724
59.992793422566116 9.268353944596555 50.007206577433884 8.731646055403445
96.64804382620439 23.957826055774685 95.35195617379561 14.042173944225315
86.43699403868288 48.74942231907073 89.56300596131712 39.25057768092927
64.95150257037218 5.091370572290559 63.04849742962781 14.90862942770944
10.691259200681472 29.372625907714102 3.308740799318527 22.627374092285898
23.14152743249473 76.17996689382284 30.85847256750527 69.82003310617716
54.19733971332818 46.06484686517228 55.80266028667182 55.93515313482772
40.66439341180024 59.27525454711891 47.33560658819976 66.7247454528811
78.00431914766051 14.792219294522846 87.99568085233949 15.207780705477154
77.09966569997387 51.12242525958843 74.90033430002613 60.87757474041157
24.953053739814916 67.68356320154429 15.046946260185084 66.31643679845571
40.99805849788794 4.139324268130588 31.001941502112057 3.8606757318694123
87.4405460520579 53.94783536318473 96.5594539479421 58.05216463681527
17.45914496223017 47.243345108946905 20.54085503776983 56.756654891053095
53.31801459183912 33.17684361276776 50.68198540816088 42.82315638723224
56.94152623226263 35.443390981493245 61.05847376773737 44.556609018506755
93.69403570607913 72.9515971603804 92.30596429392087 63.0484028396196
11.070613739970408 62.8373476574467 20.92938626002959 61.1626523425533
42.92436440587256 19.13360794199426 33.07563559412744 20.86639205800574
34.076166000763706 30.869401373339585 43.923833999236294 29.130598626660415
14.280455299285972 7.651029320745738 23.719544700714028 4.348970679254262
19.112165180051303 36.62991141303905 22.887834819948697 27.370088586960946
4.518509396857637 31.026957872150053 3.4814906031423627 40.97304212784995
71.88008945600373 47.90719313541843 78.11991054399627 40.09280686458157
40.651822886971466 96.83317861329671 31.348177113028534 93.16682138670329
4.758817275834621 3.1928048974905563 11.241182724165379 10.807195102509443
73.06579600914382 31.050203191261883 66.93420399085618 38.949796808738114
30.282258730057208 32.30432486967685 33.71774126994279 41.69567513032315
91.78380502231607 29.454375985934693 82.21619497768393 26.545624014065307
48.964206787345844 47.09385026000671 47.035793212654156 56.90614973999329
46.984803600348016 14.104147033444157 49.015196399651984 23.895852966555843
29.363272593199113 62.56864257638128 36.63672740680089 69.43135742361872
52.75094417456095 14.364563680848562 61.24905582543905 19.635436319151438
34.123780777624404 26.105660931449936 43.876219222375596 23.894339068550064
58.88504002353959 25.933986881686547 49.11495997646041 28.066013118313453
44.40870273886039 82.64132661006978 35.59129726113961 87.35867338993022
86.48421525548537 3.7882555431351803 77.51578474451463 8.21174445686482
