53.13960298732064 11.998050720624107 52.86039701267936 2.001949279375893
72.70108405382435 9.361841285148238 65.29891594617565 2.6381587148517633
87.25378918172594 25.68516251352529 90.74621081827406 16.31483748647471
3.6527343707045943 14.414786978499466 8.347265629295405 5.585213021500534
2.462554577871898 80.02896867659904 3.537445422128102 89.97103132340096
46.60388012643754 84.46584016282756 39.39611987356246 77.53415983717244
87.82794625511667 70.06902595842989 86.17205374488333 79.93097404157011
47.55846894122165 66.0195331218716 48.44153105877835 75.9804668781284
23.937541342639495 21.04761502735909 30.062458657360505 28.95238497264091
55.59610344512441 85.03128642974264 46.40389655487559 88.96871357025736
75.90799628611549 23.95476303629565 66.09200371388451 22.04523696370435
55.9989204782998 94.10389442542731 46.0010795217002 93.89610557457269
63.45249079249199 77.21562224550297 60.54750920750801 86.78437775449703
89.80188112061163 45.39353424913548 80.19811887938837 42.60646575086452
96.99931870663362 3.9174623146481156 87.00068129336638 4.082537685351884
56.983829878143275 50.59820434829832 47.016170121856725 51.40179565170168
73.24801284728076 92.55519069582841 82.75198715271924 89.44480930417159
51.12171239029667 39.527508866127334 46.87828760970333 30.47249113387267
79.66127186283435 20.809017584422186 70.33872813716565 17.190982415577814
46.359851186487134 45.86253026511118 55.640148813512866 42.13746973488882
69.9130783467113 53.38046201018496 66.0869216532887 62.61953798981504
7.098357726029961 47.928087413277396 12.90164227397004 56.071912586722604
29.680844177522314 77.77944618612146 24.319155822477686 86.22055381387854
21.887650785126965 81.08184675645174 16.112349214873035 72.91815324354826
12.14215424885531 77.51787285944515 7.857845751144691 68.48212714055485
29.904541920499017 85.93015525700747 24.095458079500983 94.06984474299253
27.80225052808996 37.50890912375188 32.197749471910036 46.49109087624812
41.503830565649636 7.828477438311977 32.496169434350364 12.171522561688022
13.961412164079992 88.0286521312269 8.038587835920008 79.9713478687731
95.73235313237004 87.69030410791963 92.26764686762996 78.30969589208037
5.717621621525698 42.6957188975989 2.2823783784743026 33.3042811024011
80.28040893293188 65.65089677437771 89.71959106706812 62.34910322562229
67.82365733775008 70.31618003630574 58.176342662249915 67.68381996369426
60.86362645553856 59.826297018928436 53.13637354446144 66.17370298107157
96.44610083987689 76.36080160992833 91.55389916012311 67.63919839007167
36.807283265903706 87.75892083818219 29.192716734096294 94.24107916181781
74.94128693278682 57.956631209125554 69.05871306721318 66.04336879087444
34.272541934718994 57.546287710803085 29.727458065281006 66.45371228919691
76.95848361686242 83.35700682639168 67.04151638313758 84.64299317360832
94.62845272193384 46.96034748543829 93.37154727806616 37.03965251456171
95.30526012431548 15.17337633455104 92.69473987568452 24.82662366544896
18.902871419214794 62.86592696915204 27.097128580785206 57.13407303084796
76.02448324377598 96.49419936112257 85.97551675622402 95.50580063887743
12.18966203141428 9.635944052473427 21.81033796858572 12.364055947526573
78.57017611519014 6.018509115932565 79.42982388480986 15.981490884067435
76.31498218870493 32.526050021507714 67.68501781129507 27.473949978492286
44.30958857119765 62.56538607860919 39.69041142880235 71.4346139213908
2.16224163866912 63.070683523243794 3.83775836133088 72.9293164767562
36.09530216902776 28.999091667151003 35.90469783097224 19.000908332848997
2.0398595721860415 51.97041334035097 7.9601404278139585 60.02958665964903
21.47808115245947 49.866399771218205 30.52191884754053 54.133600228781795
25.982037161136308 7.9758989609041535 34.017962838863696 2.024101039095847
83.25633357885717 11.993424986554848 82.74366642114283 2.0065750134451523
58.780944921389 21.82592268621162 65.21905507861099 14.17407731378838
68.62368567455904 11.445127302727085 61.37631432544096 4.5548726972729146
82.19892277928795 47.603698628246775 91.80107722071205 50.396301371753225
64.43121993293215 34.96868301371658 73.56878006706785 39.03131698628342
31.83797671265939 24.116538373245536 26.16202328734061 15.883461626754464
13.768518972002637 63.47442649081285 18.231481027997365 54.52557350918715
57.45973068871034 36.90573292511168 66.54026931128966 41.09426707488832
53.114454648276855 81.63084427794709 56.885545351723145 72.36915572205291
44.679173410972794 15.262071326842905 51.320826589027206 22.737928673157093
81.73426034268437 83.68959924341007 78.26573965731563 74.31040075658993
21.28101271919257 90.4493798416051 16.71898728080743 81.5506201583949
22.99015146885785 4.313669121616804 13.00984853114215 3.6863308783831963
87.06499939469667 84.38960168125618 90.93500060530333 93.61039831874382
10.890939853646884 40.4665834849349 15.109060146353116 49.5334165150651
88.92828122759606 58.15617291953603 79.07171877240394 59.84382708046397
41.400249329392494 57.613793990616614 36.599750670607506 66.38620600938339
70.47462076317498 89.40458478724456 63.52537923682502 96.59541521275544
18.45173457031089 19.698100036047865 23.54826542968911 28.301899963952135
48.82914291278875 5.295908456590297 39.17085708721125 2.704091543409703
21.809203476477233 72.49448668843513 26.190796523522767 63.50551331156487
5.4853138235729 29.77428977393531 2.5146861764271 20.22571022606469
10.731777797902199 26.21599106268035 17.268222202097803 33.784008937319655
11.962521245854685 16.43396448476291 16.037478754145315 25.56603551523709
86.41096642785213 32.98513749491055 95.58903357214787 29.01486250508945
15.565745596562564 96.50506181694341 8.434254403437436 89.49493818305659
39.6714810342105 39.17972642295714 42.3285189657895 48.82027357704286
77.94910850389871 47.28843481209558 68.05089149610129 48.71156518790442
59.782500401841006 43.15049541411881 62.217499598158994 52.84950458588119
87.85336514175276 40.20201780386948 78.14663485824724 37.79798219613052
56.98853182148313 57.66154724694546 47.01146817851687 58.33845275305454
54.03429703583391 30.584631569171638 63.96570296416609 29.415368430828362
32.56618039088069 70.20999359828143 35.43381960911931 79.79000640171857
40.047595863181854 17.964741667142103 45.952404136818146 26.035258332857897
30.593102325062052 33.61743869610723 35.406897674937944 42.38256130389277
16.09958684124658 39.92333549592321 9.90041315875342 32.07666450407679
74.36585461503842 68.19017243858178 71.63414538496158 77.80982756141822
90.12935560702012 10.10036751926393 83.87064439297988 17.89963248073607
