88.99485308521618 7.773190262320109 79.00514691478382 8.226809737679892
74.19718748164121 51.844215421544 67.80281251835879 44.155784578456
33.58735204815515 5.989020157335454 24.41264795184485 2.010979842664546
52.20950817403272 12.148496111828 49.79049182596728 21.851503888171997
21.195159348457043 82.14494138739853 18.804840651542957 91.85505861260147
37.117375873870195 58.36796735765884 40.882624126129805 67.63203264234116
55.18250951068428 89.14362434215698 48.81749048931572 96.85637565784302
78.00284766651029 55.83127372493199 87.99715233348971 56.16872627506801
7.367454539027177 40.74915250850946 12.632545460972823 49.25084749149054
45.6455847942855 69.57805442654703 38.3544152057145 76.42194557345297
39.57456332095533 49.28621321289451 34.42543667904467 40.71378678710549
66.88725223845128 65.05582458663974 57.112747761548725 62.944175413360256
95.82392016123151 81.77856637496174 88.17607983876849 88.22143362503826
73.90912121483531 35.930199528703206 80.09087878516469 28.069800471296798
90.97211335661768 14.527341226289106 81.02788664338232 13.472658773710894
16.852053915025245 22.812260889636878 9.147946084974754 29.187739110363122
49.000434505610265 78.99942074657459 56.999565494389735 85.00057925342541
20.199279047795407 63.33551674327248 23.800720952204593 72.66448325672752
48.13486335402916 25.811210601059045 39.86513664597084 20.188789398940955
29.836818416134694 15.002663532371749 30.163181583865306 24.99733646762825
62.94502509806291 46.26059024923393 53.05497490193709 47.73940975076607
3.0413330898927393 85.99982915464918 2.9586669101072607 76.00017084535082
27.160943907684164 55.258386322009656 36.839056092315836 52.741613677990344
74.32598606772265 78.57396466205249 69.67401393227735 87.42603533794751
53.57559675695494 65.7452602520276 50.42440324304506 56.254739747972394
70.83126744528465 64.2392629811486 79.16873255471535 69.7607370188514
61.92686421539594 10.944088798364707 68.07313578460406 3.055911201635294
47.23778287510007 43.52357738737154 56.76221712489993 40.47642261262846
22.821880659068295 92.74651028997388 31.178119340931705 87.25348971002612
23.558035917052816 37.94468771743647 14.441964082947184 42.05531228256353
47.589026243265266 32.35442360619271 56.410973756734734 27.645576393807293
84.71395176910676 28.008189065118465 85.28604823089324 37.991810934881535
89.24150085533921 32.702473020643474 96.75849914466079 39.297526979356526
61.488212735239784 23.765973066028472 64.51178726476022 14.23402693397153
76.38528394086441 74.40193354570785 67.61471605913559 69.59806645429215
87.83504525598067 51.23356692105685 96.16495474401933 56.76643307894315
52.81076783199365 70.50475111761693 57.18923216800635 79.49524888238307
57.33105701591496 56.789125879127305 66.66894298408505 53.210874120872695
23.856221448366103 61.48289766315235 28.143778551633897 70.51710233684764
73.89401362739957 93.87614541862958 76.10598637260043 84.12385458137042
19.64887323663951 13.418438840016874 12.35112676336049 6.581561159983126
2.426855527175849 65.71293485914029 7.573144472824151 74.28706514085971
45.988424794196035 56.10339754492948 48.011575205803965 65.89660245507052
18.998960439863627 54.89804647785159 9.001039560136373 55.10195352214841
54.89197725179582 34.96628893402836 45.10802274820418 37.03371106597164
91.93882640202757 79.55538839167654 96.06117359797243 70.44461160832346
87.87882920253925 96.83124553123828 96.12117079746075 91.16875446876172
16.625372343226033 36.400129940318145 21.374627656773967 27.59987005968185
36.59937626039718 92.03894466796706 27.40062373960282 95.96105533203294
44.096944829709976 5.979821410815402 53.903055170290024 4.020178589184598
23.690667093787088 78.73137003995765 14.309332906212912 75.26862996004235
14.793467419403404 14.577793932259437 5.206532580596596 17.42220606774056
39.42939985148706 8.711408753860393 44.57060014851294 17.288591246139607
33.0196134698907 28.55756355178864 42.9803865301093 29.44243644821136
59.930744551282736 31.448277041827577 64.06925544871727 40.55172295817242
91.47285798895635 40.238924777100706 94.52714201104365 49.761075222899294
64.30242331118696 59.71253416103747 73.69757668881304 56.28746583896253
2.563466403711733 94.63183656592392 9.436533596288267 87.36816343407608
37.75922649441126 70.1697325037152 32.24077350558874 61.83026749628481
92.18880373368104 2.3395742592685496 95.81119626631896 11.660425740731451
65.33560658819984 79.72474545288102 58.66439341180016 72.27525454711898
84.25511547576107 23.423272106025298 93.74488452423893 26.576727893974702
69.5205897892951 12.236828084911119 66.4794102107049 21.763171915088883
84.4234035981377 85.01795931438893 83.5765964018623 94.98204068561107
2.032676952951703 42.97569957204286 7.967323047048297 51.02430042795714
86.1050163318174 80.8763653376687 83.8949836681826 71.1236346623313
16.83077818267385 80.71020073274858 7.169221817326149 83.28979926725142
45.341035407961485 49.18504850474417 54.658964592038515 52.81495149525583
16.613793990616617 45.59975067060751 25.386206009383383 50.40024932939249
88.14803769880031 43.11543327423353 81.85196230119969 50.88456672576647
79.3759167124207 60.09793434668257 88.6240832875793 63.90206565331743
25.655487942075688 13.41136452249525 18.344512057924312 6.58863547750475
25.20501250799212 43.14584670719016 30.79498749200788 34.85415329280984
2.098870072525032 29.87251134471136 9.901129927474969 36.127488655288644
12.03164961068934 94.59625899454116 15.96835038931066 85.40374100545884
3.0278266088898675 61.526774874815004 12.972173391110132 60.473225125184996
29.73901851402984 80.83838048235569 32.26098148597016 71.16161951764431
66.99527258348132 95.78262516999484 57.00472741651867 96.21737483000516
2.3138570764158963 24.743578073887896 11.686142923584104 21.256421926112104
43.10483511526964 40.854878049313015 34.89516488473036 35.145121950686985
56.29754436167102 11.701238645242537 59.70245563832898 2.2987613547574632
54.4315180172713 23.28986017305903 59.5684819827287 14.71013982694097
35.68561068818555 21.952770738106675 34.31438931181445 12.047229261893325
74.00223903615439 19.14961733943993 83.99776096384561 18.85038266056007
68.36327259319896 38.56864257638145 75.63672740680104 45.43135742361855
8.95240413681805 11.035258332857968 3.04759586318195 2.9647416671420315
70.46021770071013 7.0953225706450205 79.53978229928987 2.90467742935498
24.101903718354567 21.374285946407433 27.898096281645433 30.625714053592567
47.73175255254195 85.61570968354862 38.26824744745805 82.38429031645138
71.89529569816654 30.017880163630373 62.104704301833465 27.982119836369627
