96.74767156745081 30.943782684061432 95.25232843254919 21.056217315938568
77.90392449174414 44.97546121361747 68.09607550825586 43.02453878638253
53.99035685887587 11.689615688104903 44.00964314112413 12.310384311895097
33.36404161738429 47.12706383593698 42.63595838261571 50.87293616406302
7.031345792749419 63.09472640653187 8.96865420725058 72.90527359346814
10.929854123638666 89.94641664017644 17.070145876361334 82.05358335982356
96.04637857649786 68.00021510186268 95.95362142350214 77.99978489813732
71.02840649051322 71.42992701270057 66.97159350948678 80.57007298729943
22.391159133707603 42.26590757727022 25.608840866292397 51.73409242272978
95.02989118316985 83.09501387529909 96.97010881683015 92.90498612470091
81.12404249871022 30.872014825623303 78.87595750128978 21.127985174376697
72.82529683974624 51.3101566350383 63.174703160253756 48.6898433649617
89.05556975841534 81.90999506300977 90.94443024158466 72.09000493699023
61.64249357997579 30.705016955358808 68.35750642002421 23.294983044641192
96.7567405719585 10.459409486241093 87.2432594280415 13.540590513758907
12.321985113116291 52.289982373770066 15.678014886883709 61.710017626229934
51.050150179532515 95.70638994529793 60.949849820467485 94.29361005470207
26.946619976077077 74.03948396662042 21.053380023922923 65.96051603337958
77.674469098187 7.2253623890791605 68.325530901813 10.77463761092084
23.360012369128732 77.75377045970819 28.639987630871268 86.24622954029181
55.84777552257723 71.51308428890735 60.15222447742277 62.48691571109266
25.567863728961875 89.49709429022728 18.432136271038125 96.50290570977272
17.573499630800253 52.207808779204136 20.426500369199747 61.792191220795864
75.31798944617385 88.4790939837568 66.68201055382615 93.5209060162432
48.90277130462381 90.62379296274176 45.09722869537619 81.37620703725824
60.93121959694976 77.82648247813168 51.06878040305024 76.17351752186832
23.344843201961808 35.76323916442861 28.655156798038192 44.23676083557139
41.32738114879061 37.42530190927739 36.67261885120939 28.57469809072261
12.736245058258014 66.68886479839999 9.263754941741986 57.3111352016
39.052013821282024 8.719328002524492 48.947986178717976 7.280671997475508
59.99732254770742 43.997990509930425 66.00267745229259 36.002009490069575
62.17674488206929 58.31765324245617 71.8232551179307 55.68234675754383
91.65965456156769 64.81317935319741 82.34034543843231 61.18682064680258
91.20944345423602 27.995611417982555 90.79055654576398 18.004388582017445
95.71931218803974 49.34830618097071 86.28068781196026 52.65169381902929
64.52883134673053 64.02224949398061 65.47116865326947 73.97775050601939
35.941849947361476 87.9239930116324 28.05815005263852 94.0760069883676
29.8564382002848 68.20162625585128 38.1435617997152 73.79837374414872
38.50873345269739 84.16132428213062 29.491266547302608 79.83867571786938
82.98644017576014 77.63201307962751 73.01355982423986 78.36798692037249
70.12556174255141 17.11348627037859 79.87443825744859 14.88651372962141
17.502066463277398 68.67106671183969 12.4979335367226 77.32893328816031
75.14168388840262 84.18184794275463 84.85831611159738 81.81815205724537
8.927430211430545 20.999473334841078 9.072569788569455 11.00052666515892
77.18648183950144 32.49658727987464 72.81351816049856 23.503412720125365
84.00032642452626 57.057132641367396 93.99967357547374 56.942867358632604
69.13837301919094 62.8318462860268 78.86162698080906 65.1681537139732
49.73635315902391 71.67740085609894 42.26364684097609 78.32259914390106
21.789294216852536 83.8503207627778 16.210705783147464 92.1496792372222
43.16363776875934 61.73129973270719 52.83636223124066 64.26870026729281
8.63266484924051 40.40405770670396 13.36733515075949 31.59594229329604
23.928133101420222 22.09829361232907 32.07186689857978 27.90170638767093
31.037924500312506 2.385340146584225 40.962075499687494 3.614659853415775
56.26835394459662 51.00720657743389 55.73164605540338 60.99279342256611
92.90054378853463 7.007694312898176 83.09945621146537 8.992305687101824
76.68770164270141 59.82471481244554 79.31229835729859 50.17528518755446
22.282249298254033 29.771848292828185 15.717750701745967 22.228151707171815
18.48641295583197 40.97628399876844 17.51358704416803 31.023716001231563
11.585081138252173 96.9942494717673 2.414918861747827 93.0057505282327
84.50302780610313 73.17318673322428 75.49697219389687 68.82681326677572
32.66439341180024 35.27525454711891 39.33560658819976 42.72474545288109
87.08561763549021 3.9213283754423207 96.91438236450979 2.0786716245576793
52.92415800069804 15.901454537116244 45.07584199930196 22.098545462883756
48.448151140019746 47.97987555624626 47.551848859980254 38.02012444375374
22.999876162530253 17.964809669484914 13.000123837469747 18.035190330515086
87.72547411825316 87.16516972616851 90.27452588174684 96.83483027383149
40.53238802255926 70.53867699261743 33.46761197744074 63.461323007382575
44.01075170864647 25.991958751130426 49.98924829135353 34.008041248869574
69.63420548613 32.30251067744576 76.36579451387 39.69748932255424
91.04464364355836 44.601801986105365 94.95535635644164 35.398198013894635
28.67564604973859 61.821419564239044 31.32435395026141 52.178580435760956
78.9992053601969 3.0891390294909478 69.0007946398031 2.9108609705090522
53.62068049702534 27.194016468118754 56.37931950297466 36.805983531881246
3.2931984781579837 4.312985052234071 12.706801521842017 7.687014947765929
7.529884316899547 82.76019474148956 4.470115683100453 73.23980525851044
10.169297013149928 45.70991912934197 19.83070298685007 48.29008087065803
37.03108733618493 96.55669285910479 46.96891266381507 95.44330714089521
66.98464332622825 87.60842508981271 57.01535667377175 88.39157491018729
5.080996081041689 35.91481757514348 6.919003918958311 26.085182424856516
61.194216923394514 15.144709489651712 58.805783076605486 24.85529051034829
21.207703315807247 4.164554857939018 14.79229668419275 11.835445142060982
87.04720879731286 29.889105617066434 84.95279120268714 20.110894382933566
37.27578822058155 54.36237273373824 46.72421177941845 57.63762726626176
83.92959736449373 48.912824924615805 82.07040263550627 39.087175075384195
5.845840058332573 48.64681336821857 2.1541599416674266 39.35318663178143
34.370354879853025 20.888487771074868 43.629645120146975 17.111512228925132
53.153297300679164 3.7713939018562126 62.846702699320836 6.228606098143787
27.236424681954272 9.480674429457085 36.763575318045724 12.519325570542915
84.85456518305864 96.19716201219171 75.14543481694136 93.80283798780829
90.60687951175304 32.26524148084527 87.39312048824696 41.73475851915473
