83.96145139460988 2.949278306999573 76.03854860539012 9.050721693000426
75.92124038150632 18.057875630604862 70.07875961849368 9.942124369395138
67.49912976586351 59.569861006221 74.50087023413649 52.430138993779
16.960339422660933 15.109283704412308 19.039660577339067 24.890716295587694
3.333930111901134 58.011163394100215 2.666069888098866 67.98883660589979
39.88533062549118 61.87416784544112 42.11466937450882 52.12583215455888
85.6287615367365 84.56021952597237 78.3712384632635 91.43978047402763
49.91714422174066 78.06350406446889 56.08285577825934 85.93649593553111
15.278982921015043 29.353185578174532 24.721017078984957 32.64681442182547
94.50635947958382 85.02570607247264 93.49364052041618 94.97429392752736
78.95144209716535 29.30485889315996 69.04855790283465 30.69514110684004
59.9211228031166 69.88461876344887 50.0788771968834 68.11538123655113
36.62216219499878 79.58452154778767 45.37783780500122 84.41547845221233
91.26822321792025 35.78400805996063 84.73177678207975 28.215991940039373
90.19592440174668 4.280768782389622 81.80407559825332 9.719231217610378
2.4245159569551444 41.03322860238155 3.5754840430448556 50.96677139761845
74.01996418341398 96.44636673881504 83.98003581658602 95.55363326118496
31.303285147652353 37.82715732330207 28.696714852347647 28.172842676697933
89.89453311205624 17.978459195633842 80.10546688794376 20.021540804366158
21.098582433525134 47.0009719440875 20.901417566474866 56.9990280559125
62.39266107235884 60.984557882325575 61.60733892764116 51.015442117674425
18.741321388132413 87.05526111917955 17.258678611867587 96.94473888082045
39.07565507075815 47.11707401563854 36.92434492924185 56.88292598436146
59.94791811374873 95.28020395969605 50.05208188625127 96.71979604030395
13.004302292799922 70.41930438480388 8.995697707200078 79.58069561519612
37.75371932652335 86.19715083272924 44.24628067347665 93.80284916727076
48.717545568030985 34.58081073271733 57.282454431969015 29.419189267282672
50.885989702186365 9.061651840354832 41.114010297813635 6.938348159645169
16.01321392958587 84.00987642821822 21.98678607041413 75.99012357178178
70.12287285165499 39.89835088214256 79.87712714834501 42.10164911785744
3.815342742428998 78.49747403182523 8.184657257571002 69.50252596817477
76.11216056457837 58.91828670835105 81.88783943542163 67.08171329164895
96.87129160047563 79.16434848651139 89.12870839952437 72.83565151348861
85.06554178424301 40.91056180153836 76.93445821575699 35.08943819846164
94.05672378439463 68.5573991787757 89.94327621560537 59.4426008212243
73.51640624829794 91.85475535186885 64.48359375170206 96.14524464813115
72.41336702699847 70.3499343575944 63.58663297300153 65.6500656424056
30.612231570999548 61.03762430851196 29.387768429000452 70.96237569148805
70.07621416366456 82.1044036724812 61.92378583633543 87.8955963275188
74.57625554425749 74.66965989815061 83.42374445574251 79.33034010184939
67.72843983146004 16.218876613541585 74.27156016853996 23.781123386458415
9.144746957367946 90.8872312221072 2.855253042632053 83.1127687778928
70.61311175153193 88.39900218746311 79.38688824846807 83.60099781253689
3.979202644600082 5.015682826680479 10.020797355399917 12.984317173319521
71.89197725179582 34.96628893402837 62.10802274820418 37.03371106597163
96.61421435312795 42.07411685105559 87.38578564687205 45.92588314894441
26.166606975040093 86.651738386456 29.833393024959907 77.348261613544
19.57447718127444 64.2543681552773 16.42552281872556 73.7456318447227
11.72993580109455 63.18896771554786 6.27006419890545 54.81103228445214
3.000372022693261 94.93900747150896 12.999627977306739 95.06099252849104
31.499891970745544 46.02507367300025 32.500108029254456 55.97492632699975
31.000171496778336 10.95858818559611 40.999828503221664 11.04141181440389
63.12935671900019 45.87002919097375 72.8706432809998 48.12997080902625
75.95040574886713 3.702483395948462 66.04959425113287 2.297516604051538
95.69013962691365 20.990389418591576 96.30986037308635 11.009610581408422
88.9939956125708 67.00449625694753 83.0060043874292 58.99550374305247
49.4714283958496 25.40150241177112 42.5285716041504 32.59849758822888
15.588173734045085 35.987123998702344 6.4118262659549154 32.012876001297656
37.17996689382277 94.85847256750533 30.820033106177227 87.14152743249467
56.58874597220739 55.03478316886266 55.41125402779261 64.96521683113734
34.729907212359095 33.21760748200045 41.270092787640905 40.78239251799955
79.04413402418098 24.662866826534078 88.95586597581902 23.337133173465922
52.8428861081646 52.071557750296435 51.1571138918354 61.928442249703565
11.639580070304408 54.72353439630332 8.360419929695592 45.27646560369668
30.999876162530253 4.9648096694849135 21.000123837469747 5.0351903305150865
77.41739641351705 46.51217094138495 84.58260358648295 53.48782905861505
20.03774492336077 36.43408326539813 15.962255076639233 45.56591673460187
52.5047777056741 40.83044294325741 43.4952222943259 45.16955705674259
47.92736056772282 52.08675235944362 46.07263943227718 61.91324764055638
96.2789004190045 59.77475986550829 89.7210995809955 52.22524013449171
23.591702381420095 68.79757207527956 26.408297618579905 59.202427924720446
44.21537590899468 14.170984752726017 37.78462409100532 21.829015247273983
23.505513311564844 11.80920347647729 32.49448668843515 16.19079652352271
9.044882030368441 2.9410717814408365 16.95511796963156 9.058928218559164
27.332844879099593 48.98890912790133 26.667155120900407 39.01109087209867
3.852489840890774 36.207481516608034 12.147510159109226 41.792518483391966
45.08544394740525 73.07959856263456 54.91455605259475 74.92040143736544
55.96777740404413 90.56673420919209 46.03222259595587 89.43326579080791
3.000266191562159 24.948406931050396 12.999733808437842 25.051593068949604
67.44668656230188 22.21386398119995 64.55331343769812 31.78613601880005
23.394303882724422 20.053833697930035 32.60569611727558 23.946166302069965
95.44357097034752 34.98028561372387 94.55642902965248 25.019714386276128
57.18484489180107 39.00341793162816 56.81515510819893 48.99658206837184
56.99178298485968 3.2865355685867357 47.00821701514032 2.7134644314132643
41.060409553456196 66.44426597878822 36.939590446543804 75.55573402121178
51.485568794380114 16.678236967138883 56.514431205619886 25.321763032861117
57.26039805909 14.182652412687691 62.73960194091 5.817347587312309
42.658135882701416 25.182922649337815 33.341864117298584 28.817077350662185
70.99246007102533 77.72551422765872 61.00753992897467 78.27448577234128
94.99135407723426 5.9935301343185 89.00864592276574 14.006469865681499
