94.97206993926245 21.03688333618656 87.02793006073755 14.96311666381344
95.89942854430127 30.870390275467496 88.10057145569873 37.1296097245325
59.99546315699807 3.212950339456993 50.00453684300193 2.787049660543007
42.535460079695504 24.46439226937158 35.464539920304496 31.53560773062842
12.69335063297746 87.27591768295999 3.3066493670225414 90.72408231704001
30.000952842368534 73.09760899434349 39.999047157631466 72.90239100565651
76.62044781848634 91.08912010930963 67.37955218151366 94.91087989069037
57.0033498659707 60.995538699506426 64.99665013402931 67.00446130049357
2.826210454380829 32.497263164323634 7.1737895456191705 41.502736835676366
52.115642746858995 85.07883019508401 53.884357253141005 94.92116980491599
49.19295438621391 40.723808641430146 40.80704561378609 35.276191358569854
59.929790179828935 69.09139922082544 52.070209820171065 62.90860077917457
83.24542175585852 88.64128645074388 74.75457824414148 83.35871354925612
75.71582678744187 46.447758169576204 80.28417321255813 37.552241830423796
96.37080584423542 26.42817962103248 87.62919415576458 21.57182037896752
32.975054179656794 52.033552437122516 41.024945820343206 57.966447562877484
38.007419912147995 96.27229408069891 47.992580087852005 95.72770591930109
44.22722846137225 66.93992147195549 45.77277153862775 57.060078528044514
62.78687478831335 11.555759798021793 53.21312521168665 14.444240201978207
9.305028457377599 16.173313691005532 6.694971542622401 25.826686308994468
65.79420281704897 51.41972509627733 56.205797182951024 48.58027490372267
16.376255185815854 67.68793992904597 9.623744814184146 60.31206007095403
24.775009771686616 62.4776577006187 29.224990228313384 53.5223422993813
64.52207614216762 85.23730284214457 61.47792385783238 94.76269715785543
47.37769382601386 78.257171635003 52.62230617398614 69.742828364997
63.83126744528465 60.239262981148606 72.16873255471535 65.76073701885139
42.000880305006916 7.093820440908261 51.999119694993084 6.906179559091739
18.74782780575694 44.63040522173033 27.25217219424306 39.36959477826967
23.236613894316015 96.84466573422611 20.763386105683985 87.15533426577389
47.36713582045149 11.040213418881374 48.63286417954851 20.959786581118628
63.33497291377779 37.79931161414946 72.66502708622221 34.20068838585054
69.78623529534993 46.51678175498386 74.21376470465007 55.48321824501614
96.74235369255241 43.8191512554334 91.25764630744759 52.1808487445666
69.99467430462403 11.89788936647377 72.00532569537597 2.102110633526231
90.88542599186427 68.93575713391303 81.11457400813573 71.06424286608697
96.40036676153481 58.016055131097644 95.59963323846519 67.98394486890236
60.38099205298039 80.19449680578558 57.61900794701961 89.80550319421442
28.245616417755663 65.45215092696816 37.75438358224434 68.54784907303184
13.488902817334612 39.023960004662115 12.511097182665388 48.976039995337885
68.80908160278787 87.85610063437545 71.19091839721213 78.14389936562455
21.862307547841212 13.640238204796566 18.137692452158788 4.359761795203434
3.6561208458964556 60.282679432339506 10.343879154103544 67.7173205676605
44.57225140147056 72.2536302787737 41.42774859852944 81.7463697212263
21.93612171266807 30.203317856528187 12.063878287331931 31.796682143471813
72.80465748840453 28.383931508102297 63.19534251159547 25.616068491897703
84.45580885419004 80.08574371156726 93.54419114580996 75.91425628843274
92.00538050005525 96.58492017928776 95.99461949994475 87.41507982071224
12.47325658189154 57.31457618996879 17.52674341810846 48.68542381003121
11.992720357844592 94.73029010332549 2.0072796421554084 95.26970989667451
57.310587413245706 8.734764995954901 66.68941258675429 5.265235004045099
24.404210446078977 70.3840360549344 19.595789553921023 61.61596394506561
16.588629298627914 12.740913092595243 13.411370701372086 3.2590869074047584
22.062398582163567 3.212540643220466 31.937601417836433 4.787459356779534
32.40794700023394 43.52190350236345 39.59205299976606 50.47809649763655
58.424512033097315 28.207217356528574 55.575487966902685 37.792782643471426
83.79640791833084 44.70736285173014 92.20359208166916 39.29263714826986
64.14914856365723 43.21212224735432 73.85085143634277 40.78787775264568
2.095920379634448 80.91758477710752 3.904079620365552 71.08241522289248
32.56546986509197 92.9679214800229 31.434530134908034 83.0320785199771
80.01925277685683 48.104989910442505 77.98074722314317 57.895010089557495
68.89352747892546 72.97365268402876 59.10647252107453 75.02634731597124
78.11629550590189 29.927885074105422 87.88370449409811 32.072114925894574
76.02070622887018 3.096839416271753 77.97929377112982 12.903160583728248
75.52626769066251 70.22212253396816 78.47373230933749 79.77787746603184
7.487631817595421 46.02383529106315 6.512368182404579 55.97616470893685
87.16516972616851 85.27452588174684 96.83483027383149 82.72547411825316
29.8284762598689 77.29839016011461 20.1715237401311 74.70160983988539
82.20058072919406 61.598010462586615 91.79941927080594 64.40198953741339
51.598082523380086 46.37131240645938 60.401917476619914 41.62868759354062
89.7974961667008 46.85584565957126 84.2025038332992 55.14415434042874
55.17858043576094 52.67564604973865 64.82141956423906 55.32435395026135
40.9387350276522 20.21968190675774 31.0612649723478 21.78031809324226
20.87639296874179 56.87211527360623 23.12360703125821 47.12788472639377
7.626736191888653 2.0139520530229333 8.373263808111346 11.986047946977067
10.071289396942804 82.99949175635719 9.928710603057196 73.00050824364281
17.857137296757827 37.799408620063346 26.142862703242173 32.200591379936654
35.78809142269725 83.30559354654063 44.21190857730275 88.69440645345937
84.61967421499781 93.08725063134652 75.38032578500219 96.91274936865348
24.056103624690085 25.253080573155653 33.94389637530991 26.746919426844347
43.895689717547555 43.134262532812826 36.104310282452445 36.865737467187174
40.04986026259182 15.932342383399268 31.95013973740818 10.067657616600732
53.629334432138656 27.808458786459475 56.370665567861344 18.191541213540525
12.780346586431936 26.848963348054074 15.219653413568064 17.151036651945926
74.63588921999131 23.69902131108072 81.36411078000869 16.30097868891928
47.94482930530541 50.04197877389731 54.05517069469459 57.95802122610269
4.19116613538376 14.996344214391403 3.80883386461624 5.003655785608598
86.1237807776244 10.105660931449938 95.8762192223756 7.894339068550062
25.933986881686593 9.114959976460405 28.066013118313407 18.885040023539595
26.420744146720722 83.33602679548727 17.579255853279278 78.66397320451273
70.95998238199958 20.368672216472472 61.04001761800042 21.631327783527528
