96.44809394695203 14.620862898950026 89.55190605304797 7.379137101049973
95.92020174585521 45.889727362782224 86.07979825414479 44.110272637217776
62.99976200800434 2.9512161572198794 53.00023799199566 3.0487838427801206
49.285782730038406 18.424720133479745 40.714217269961594 23.575279866520255
12.365861803565172 89.56294220171728 3.6341381964348276 94.43705779828272
35.036018679239874 72.40092617554717 44.963981320760126 73.59907382445283
71.50650438594353 89.43567299601189 64.49349561405647 96.56432700398811
65.04028714543358 74.09296920360387 66.95971285456642 83.90703079639613
24.88430828843794 9.915790688854425 19.11569171156206 18.084209311145575
54.529508171160465 73.23968438500624 51.470491828839535 82.76031561499376
60.82975196935186 28.214498382834485 53.17024803064814 21.785501617165515
47.5851231681434 62.48523914089714 40.4148768318566 55.51476085910286
77.15420637625634 86.87955952860423 70.84579362374366 79.12044047139577
70.84100053109076 51.875657667471565 77.15899946890924 44.124342332528435
94.99033217466827 19.012847346914086 87.00966782533173 12.987152653085912
29.424515956955148 49.03322860238155 30.575484043044852 58.96677139761845
41.13055179285183 95.1351097558833 50.86944820714817 92.8648902441167
47.663252145317664 68.4030256713439 40.336747854682336 61.59697432865611
69.46336172504283 12.746468968169566 60.53663827495718 17.253531031830434
4.0985824335251335 33.0009719440875 3.9014175664748665 42.9990280559125
50.916341354967855 52.91081704059206 41.083658645032145 51.08918295940794
25.800535909311034 74.24898858139535 18.199464090688966 67.75101141860465
25.74567365307472 62.94408442516005 24.25432634692528 53.05591557483995
63.52207614216762 86.23730284214457 60.47792385783238 95.76269715785543
49.15678264552028 75.64785432045205 52.84321735447972 66.35214567954795
57.783720858925 64.31243786964174 66.216279141075 69.68756213035826
40.4656928071301 2.892855420079526 49.5343071928699 7.107144579920474
47.977402179842095 34.99994893359163 48.022597820157905 25.000051066408368
12.216853558009099 78.48169167863458 7.7831464419909 69.51830832136542
51.47950244324296 10.681772115047451 56.52049755675704 19.31822788495255
81.01164564711482 42.01546506459978 88.98835435288518 35.98453493540022
58.326630873037814 44.60789751671901 65.67336912696219 51.39210248328099
95.50011573020285 50.02505118450357 96.49988426979715 59.97494881549643
83.51215043270474 26.97614336607074 84.48784956729526 17.02385663392926
94.62640155926425 66.10358005377574 85.37359844073575 69.89641994622426
95.13897855222659 79.00193187701278 94.86102144777341 88.99806812298722
58.38099205298039 87.19449680578558 55.61900794701961 96.80550319421442
28.091310302373895 68.9511915960622 37.9086896976261 67.0488084039378
8.176540715731791 55.34435866516588 11.823459284268209 64.65564133483413
59.93198972185714 80.9995374388104 60.06801027814286 71.0004625611896
26.862307547841212 29.640238204796567 23.137692452158788 20.359761795203433
18.52842522983534 75.40164362310288 25.47157477016466 82.59835637689712
45.39921919626802 78.26317608323856 48.60078080373198 87.73682391676144
12.960918566529294 25.37607133719876 3.039081433470707 26.62392866280124
76.04156873450344 39.94375986865169 67.95843126549656 34.05624013134831
86.6123724018839 75.39764969506598 95.3876275981161 70.60235030493402
87.43303681470226 91.96775127663584 88.56696318529774 82.03224872336416
17.45097195102901 53.618120035765955 10.549028048970987 46.381879964234045
18.980266187851758 95.55621097564212 9.019733812148242 96.44378902435788
57.97041334035096 12.960140427813933 66.02958665964904 7.039859572186066
17.990952727772886 62.00676949427191 12.009047272227114 53.99323050572809
14.871335453661 19.998344269307125 15.128664546339 10.001655730692875
12.958063989774924 2.056744440378002 21.041936010225076 7.943255559621997
33.71236175070574 51.168645351565004 36.28763824929426 60.831354648434996
78.1717249261536 22.139232499138604 75.8282750738464 31.860767500861396
75.90685672962324 54.928417583318115 82.09314327037676 47.071582416681885
39.1944060276612 46.380676128938646 48.8055939723388 43.619323871061354
3.268092354224692 59.946141041059754 4.731907645775308 50.053858958940246
23.83199464028434 93.65228929001297 20.16800535971566 84.34771070998703
83.01470948251367 52.42387219353857 78.98529051748633 61.57612780646143
57.54506865824615 52.47402662966368 50.45493134175385 59.52597337033632
88.08808518650052 22.935427191091016 93.91191481349948 31.064572808908984
75.4101366271869 3.0168495961851853 74.5898633728131 12.983150403814815
74.56509569501489 67.63293679624796 79.43490430498511 76.36706320375204
23.384170764877833 32.31932231319473 16.615829235122167 39.68067768680527
83.45722420463034 88.97045213596921 84.54277579536966 79.02954786403079
40.97214267482396 79.52706472201662 31.02785732517604 78.47293527798338
58.596949570578005 57.6307919221886 67.403050429422 62.3692080778114
54.774219764733836 38.67259824950063 63.225780235266164 33.32740175049937
87.62958772721375 51.273009007908485 84.37041227278625 60.726990992091515
34.05675077772676 41.75119047284629 43.94324922227324 40.24880952715371
46.951601262899814 11.305993563971528 37.048398737100186 12.694006436028472
18.807289085823943 48.72418339877274 27.192710914176057 43.27581660122726
10.768903020396966 10.323357817361853 7.231096979603034 19.676642182638147
2.030278768283703 85.90506276542499 3.969721231716297 76.09493723457501
26.062505975987897 37.08158089474688 33.9374940240121 30.918419105253122
25.529522532584423 86.76061811802238 34.47047746741558 91.23938188197762
91.9161427679841 96.91188830719432 82.0838572320159 95.08811169280568
8.014795055919237 30.3843587718691 17.985204944080763 29.6156412281309
71.9267676281527 42.852619925984975 62.0732323718473 41.147380074015025
36.730234571567436 6.620148418493878 27.269765428432564 3.379851581506122
68.61711022025094 28.961771354673836 67.38288977974906 19.038228645326164
8.582443009255053 41.649699195140656 15.417556990744947 34.350300804859344
78.45260738258179 15.969945806786633 79.54739261741821 6.030054193213366
34.375133952445395 26.099838416824344 43.624866047554605 29.900161583175656
3.7123790899786435 12.948991415648365 2.2876209100213565 3.051008584351636
83.02538120452714 3.5031578676003297 92.97461879547286 2.4968421323996703
31.101903718354567 12.374285946407433 34.89809628164543 21.625714053592567
40.99649013243514 83.8126864754528 31.003509867564862 84.1873135245472
88.48421525548537 30.78825554313518 79.51578474451463 35.21174445686482
