51.54520259572384 18.303712786271944 46.45479740427616 9.696287213728056
55.556457015345124 16.297037063918893 50.443542984654876 7.702962936081105
89.69075967626313 10.748190027166956 96.30924032373687 3.251809972833043
10.270045523717656 32.45498522110337 5.7299544762823444 23.54501477889663
13.921431843462733 94.1171021519162 4.078568156537267 95.8828978480838
48.086455689890784 93.93367401729488 41.913544310109216 86.06632598270512
85.84992334893693 87.48589207101188 90.15007665106307 96.51410792898812
59.784788249503386 77.14992160873095 62.215211750496614 86.85007839126905
26.391159133707603 13.26590757727022 29.608840866292397 22.73409242272978
61.98665162646459 95.63488966561052 52.01334837353541 96.36511033438948
77.66763993296519 30.79252265151344 68.33236006703481 27.20747734848656
32.83390796154018 92.72198050900681 23.166092038459823 95.27801949099319
69.41547845221234 68.62216219499878 64.58452154778766 77.37783780500122
83.90506302574786 47.969719914945166 74.09493697425214 46.030280085054834
71.53219122825675 12.538873426251076 64.46780877174325 5.461126573748925
35.42451595695515 54.03322860238155 36.57548404304485 63.96677139761845
69.06323227006386 95.7926691495581 78.93676772993614 94.2073308504419
50.584279637742384 31.377704322058985 55.415720362257616 22.622295677941015
90.92080799790004 17.886368234879278 81.07919200209996 16.113631765120722
44.018052472553165 45.42449833187699 53.981947527446835 44.57550166812301
55.7477449388939 50.159353631803484 58.2522550611061 59.840646368196516
12.784200568013242 80.00465911021539 13.215799431986758 89.99534088978461
26.792191220795853 81.57349963080021 17.207808779204147 84.42650036919979
13.291465095448594 53.4440058186664 8.708534904551406 44.5559941813336
23.22067574176246 78.47979901892347 18.77932425823754 69.52020098107653
33.91382613596699 67.88841439497132 26.086173864033007 74.11158560502868
30.644674427134923 46.01264160729669 31.355325572865077 55.98735839270331
46.63176987302944 30.04007390906554 45.36823012697056 39.95992609093446
7.766136568896878 90.99452779505657 8.233863431103122 81.00547220494343
96.81558210146629 96.13188787721819 91.18441789853371 87.86811212278181
3.2696743866202214 41.99272227599343 2.7303256133797786 32.00727772400657
85.00005956082106 71.02440501307329 94.99994043917894 70.97559498692671
61.18084874456665 66.74235369255234 52.81915125543335 61.25764630744766
55.6863872052313 70.25707861260342 46.3136127947687 73.74292138739658
93.06961148890495 66.61233131900043 96.93038851109505 57.387668680999575
43.31916000947133 77.26059137943895 36.68083999052867 84.73940862056105
65.37491906633466 49.27145773424437 68.62508093366534 58.72854226575563
41.65875020196438 69.59213454496431 34.34124979803562 76.40786545503569
75.59573771320872 69.26147479159988 72.40426228679128 78.73852520840012
95.80118351622718 41.935393092077454 94.19881648377282 32.064606907922546
95.57574078918944 14.01803210347132 96.42425921081056 23.98196789652868
20.28267943233963 64.34387915410369 27.71732056766037 57.65612084589631
65.21019518400269 92.43449288065464 74.78980481599731 89.56550711934536
3.0734308941141046 14.146233729331819 12.926569105885896 15.853766270668181
60.61527899083486 14.038001233027437 59.38472100916514 23.961998766972563
91.17686541218757 26.748416876762175 82.82313458781243 21.251583123237825
45.33186431131481 58.286474427338405 48.66813568868519 67.7135255726616
2.856422905136473 77.00206186334499 3.143577094863527 86.99793813665501
67.28635988033277 35.76826733883614 60.71364011966724 28.231732661163857
3.7562126826449815 48.057516577811626 2.2437873173550185 57.942483422188374
36.89054084580508 34.07994542693348 35.10945915419492 43.92005457306652
28.031889793780437 8.43619065380483 37.96811020621956 9.56380934619517
76.69056381575828 23.952082553468323 75.30943618424172 14.047917446531677
69.02757566557996 22.570441654845624 64.97242433442004 13.429558345154376
57.53370445689738 11.310492051390229 52.46629554310262 2.689507948609771
79.96602635916645 59.045840785424716 88.03397364083355 64.95415921457528
84.12456600634154 37.365051528287474 87.87543399365846 46.634948471712526
22.86015954555974 25.825755906250933 13.139840454440263 28.174244093749067
10.819184729490724 64.85777321973376 17.180815270509278 57.142226780266235
69.18880373368104 45.33957425926855 72.81119626631896 54.66042574073145
69.06368854600306 83.20449435631254 78.93631145399694 84.79550564368746
42.03330738365246 2.000110939411332 41.96669261634754 11.999889060588668
83.86925744573763 83.81726213732517 92.13074255426237 78.18273786267483
15.223443197521005 76.82222630836475 8.776556802478995 69.17777369163525
21.897933353462943 5.005111369468701 12.102066646537057 2.9948886305312987
96.5427757953696 77.02954786403079 95.4572242046304 86.97045213596921
21.829946849902143 41.00289264412483 22.170053150097857 50.99710735587517
76.91280381332338 62.07029107146632 67.08719618667662 63.92970892853368
46.783756837447875 79.5180064430612 51.216243162552125 88.4819935569388
87.98769101936522 75.35062557713827 78.01230898063478 74.64937442286173
32.45142193847736 28.642187420327495 27.548578061522644 37.357812579672505
34.907777367592 3.9558877079196013 25.092222632408003 2.0441122920803987
24.527555922708483 67.59751749545198 31.472444077291517 60.40248250454802
3.3732638081112647 72.98604794697707 2.6267361918887353 63.013952053022926
17.736578722524996 15.815368965437518 12.263421277475006 24.184631034562482
3.192547768304549 4.625808223002907 12.80745223169545 7.374191776997093
90.17570618646381 40.874061990913916 95.82429381353619 49.125938009086084
26.967206668192738 86.95676631658903 19.032793331807262 93.04323368341097
55.238110586447235 31.528885932697218 50.761889413552765 40.47111406730278
90.52481447304648 49.87254753648663 81.47518552695352 54.12745246351337
71.39430388272443 38.05383369793003 80.60569611727557 41.94616630206997
90.2443806150868 34.64295917378142 81.7556193849132 29.357040826218576
51.99940846047025 52.92309066780641 42.00059153952975 53.07690933219359
56.00006196725417 39.975106854321425 65.99993803274583 40.024893145678575
35.30394104000947 88.63263483354214 42.69605895999053 95.36736516645786
34.894695437775766 17.145797054976487 43.105304562224234 22.854202945023513
40.757883124375375 28.00586549855355 41.242116875624625 37.994134501446446
15.083009788500279 42.06093192580408 20.916990211499723 33.93906807419592
60.77795101379038 49.15163983647007 63.22204898620962 58.84836016352993
86.97980685337114 3.9732629103504724 79.02019314662886 10.026737089649528
