72.12556454885586 10.824839314584754 63.87443545114413 5.175160685415246
78.77144603343756 12.67567951752666 75.22855396656244 3.3243204824733406
84.0901681048364 19.116603046838232 91.9098318951636 12.883396953161768
32.07838964820102 43.93998948905309 25.921610351798982 36.06001051094691
15.887621149618488 93.94588449503765 6.112378850381512 96.05411550496235
43.53590278923516 82.10370765236254 34.46409721076484 77.89629234763746
86.13879217457186 93.83010321908462 95.86120782542814 96.16989678091538
66.71119221089359 87.42976114960105 75.28880778910641 92.57023885039895
23.981060413583588 24.0250880951466 16.018939586416412 17.9749119048534
67.83384004060524 95.2782763636403 58.166159959394754 92.7217236363597
60.60281004154307 8.04701773651929 51.39718995845693 11.95298226348071
54.72215075225046 89.64356085163296 45.27784924774954 86.35643914836704
82.13898546393249 79.10811481962526 75.86101453606751 86.89188518037474
83.94909202638092 62.711679783619516 74.05090797361908 61.288320216380484
72.78244380557645 26.827183316190467 79.21755619442355 19.172816683809533
33.16165677902309 54.261124449063935 42.83834322097691 51.738875550936065
82.11439570431354 87.12576957723503 79.88560429568646 96.87423042276497
33.275513965508765 11.636835883617318 42.724486034491235 8.363164116382682
95.33194684361165 29.728019612521692 88.66805315638835 22.271980387478308
58.00266353237175 45.16318158386532 67.99733646762826 44.83681841613468
51.30487665560355 73.00930363327241 50.69512334439645 82.99069636672759
5.133183610204737 78.00177410214656 4.866816389795263 87.99822589785344
29.14650544944635 77.4841928345536 24.85349455055365 86.5158071654464
14.384767177106248 48.402876776401925 5.615232822893753 43.597123223598075
17.365209644700506 82.43340924927713 24.634790355299494 75.56659075072287
32.52589133779368 58.76788179552014 41.47410866220632 63.23211820447986
29.602835603196027 17.036474112536606 28.397164396803973 26.963525887463394
47.31115175396033 30.293855973108265 50.68884824603967 39.706144026891735
20.895654766932857 96.91912619664005 19.104345233067143 87.08087380335995
93.36322869869412 87.69982333636085 86.63677130130588 80.30017666363915
3.1824982955158263 39.99666832720902 2.8175017044841737 30.003331672790978
89.26798999373308 74.67252328135514 96.73201000626692 81.32747671864486
71.23883049226009 80.99429274231765 70.76116950773991 71.00570725768235
44.470800396889345 69.23873710184426 35.529199603110655 64.76126289815574
59.40282778476528 59.63037819521789 50.59717221523472 64.36962180478211
33.18274876741109 83.06724210782326 34.81725123258891 92.93275789217674
54.905914498777236 69.12972755497364 63.094085501222764 74.87027244502636
29.26458237603147 87.00700529078054 28.73541762396853 96.99299470921946
69.45393819636335 51.303204537558315 74.54606180363665 42.696795462441685
94.98156057302097 38.97557023500876 87.01843942697903 45.02442976499124
95.46026989994436 33.74035568735912 86.53973010005564 38.25964431264088
33.71293485914039 49.573144472824325 42.28706514085961 44.426855527175675
59.07107695728405 64.84007002028625 68.92892304271595 63.15992997971375
7.131476168758924 32.139067910459126 16.868523831241077 29.860932089540874
59.72820618361908 16.809905607308753 54.27179381638092 25.190094392691247
78.01504432826022 39.98876083513479 83.98495567173978 48.01123916486521
68.0040944635687 29.100186517579928 69.9959055364313 38.89981348242007
12.421370248822525 80.03359409521812 13.578629751177475 89.96640590478188
91.73020481176422 60.62023530351693 82.26979518823578 57.37976469648307
24.35291319743456 58.186516242864485 21.64708680256544 67.81348375713551
23.731370039957735 30.30933290621294 20.268629960042265 39.69066709378706
19.60697461275019 15.38774536895764 28.39302538724981 10.61225463104236
63.82015248864249 33.99676444038125 64.17984751135751 24.00323555961875
74.57010849396455 37.36985437616596 79.42989150603545 28.630145623834043
89.26078169097579 8.616436389795375 80.73921830902421 3.383563610204626
35.01089996858071 40.329971023715785 44.98910003141929 39.670028976284215
89.49283430804964 31.80581680791869 80.50716569195036 36.19418319208131
27.82575590625098 61.139840454440254 30.17424409374902 70.86015954555975
18.23985667465064 59.1691256665552 23.76014332534936 50.8308743334448
87.02526436144032 65.4979986788421 96.97473563855968 66.5020013211579
50.69382787651903 59.722782593832676 41.30617212348097 56.277217406167324
46.000291152735905 3.0539577852501294 55.999708847264095 2.9460422147498706
54.05759798498244 50.24325544471703 63.94240201501756 51.75674455528297
16.663609487213627 75.98867130836531 17.336390512786373 66.01132869163469
13.553300960152605 2.9342191872627534 4.4466990398473945 7.065780812737247
89.937674051053 50.047512203383064 96.062325948947 57.952487796616936
17.195773176495386 53.28053544766588 8.804226823504614 58.71946455233412
85.44372820582343 76.29200341028744 76.55627179417657 71.70799658971256
55.57257190418954 75.67666609019966 64.42742809581047 80.32333390980034
88.78098322841045 70.4636254198592 79.21901677158955 67.5363745801408
48.89350824476348 16.922303341654043 43.10649175523652 25.077696658345957
43.603257458252614 15.048072549237114 34.396742541747386 18.951927450762888
19.410853541469386 46.655964731592164 12.589146458530614 39.344035268407836
4.008197100588237 64.286188422939 13.991802899411763 63.713811577060994
11.17748665124123 26.50095010899546 6.82251334875877 17.49904989100454
3.0480830320330856 11.308249797714986 12.951916967966914 12.691750202285014
64.208574547517 13.570929626191166 73.791425452483 16.429070373808834
51.98452990693933 93.3930160388933 42.01547009306067 92.6069839611067
42.80719510250943 29.75881727583461 35.19280489749057 36.24118272416539
64.99229264432985 39.722485760059 55.00770735567015 40.277514239941
77.77913950269364 55.53036548291993 68.22086049730636 58.46963451708007
53.71663129386689 17.80239182233702 48.28336870613311 26.19760817766298
28.94387907519661 54.91010104696492 27.05612092480339 45.08989895303508
53.971081626968534 33.978146991943916 60.028918373031466 26.021853008056087
34.48091894410002 72.86039573514027 43.51908105589998 77.13960426485973
15.307267861832056 6.725765070745643 24.692732138167944 3.2742349292543573
38.161800343909356 23.12662697571552 31.838199656090644 30.87337302428448
2.1584219501381874 59.928665781526554 3.8415780498618126 50.071334218473446
46.36003884796897 45.27659789771937 49.63996115203103 54.72340210228063
96.97487620542366 3.500606373021351 87.02512379457634 2.499393626978649
