85.64888434675211 7.159382079158406 76.35111565324789 10.840617920841595
71.8499757676696 44.10824027093061 66.1500242323304 35.89175972906939
32.819526356532734 10.331227140155383 23.180473643467263 7.668772859844617
46.9126335787581 7.000763347425991 47.0873664212419 16.99923665257401
26.256678045590732 86.53822858064773 21.743321954409268 95.46177141935227
33.64350983190582 58.59012992394612 38.35649016809418 67.40987007605388
47.50650438594352 89.43567299601189 40.49349561405648 96.56432700398811
77.10806464918637 53.966090659941614 86.89193535081363 56.033909340058386
5.0069863988655054 35.99476972154859 10.993013601134495 44.00523027845141
49.52393982427236 71.45290990882565 42.47606017572764 78.54709009117435
37.709413304234985 55.69871324463458 34.290586695765015 46.30128675536542
67.98239579350599 64.5807958053003 58.01760420649401 65.4192041946997
92.78784053297264 83.84934400814583 87.21215946702736 92.15065599185417
72.6385505947756 30.40721643518506 77.3614494052244 21.59278356481494
95.99289815541027 16.2663982163991 86.00710184458973 15.733601783600898
20.620305065736634 24.551320364110104 13.379694934263366 31.448679635889896
49.77792657681906 78.17661892356634 56.22207342318094 85.82338107643366
16.79959483189696 59.51020968238099 21.20040516810304 68.48979031761901
48.085171204322194 23.882945755885245 39.914828795677806 18.117054244114755
31.011322349519844 15.000012819576298 30.988677650480156 24.9999871804237
55.65195342213721 46.167152663677115 46.34804657786279 49.832847336322885
4.650350895523485 88.957523949785 3.3496491044765144 79.042476050215
22.78664692967522 59.692147080823176 31.21335307032478 54.307852919176824
74.91933479414449 79.94075322754364 69.08066520585551 88.05924677245636
55.240746060264605 73.84360911035746 52.759253939735395 64.15639088964254
70.03400154763813 60.95519191477309 77.96599845236187 67.04480808522692
55.531429633687274 13.60125250627295 62.468570366312726 6.3987474937270505
45.5347536838947 45.249794509840406 54.4652463161053 40.750205490159594
27.187739132754654 94.23522287950456 34.81226086724535 87.76477712049544
25.65935602092692 40.18605361979686 16.34064397907308 43.81394638020314
57.062817028247686 32.79007866914568 66.9371829717523 31.209921330854325
82.75805846097143 24.05779933938841 81.24194153902857 33.94220066061159
87.59604877418803 28.63246676883528 96.40395122581197 33.36753323116472
57.306201039179385 22.212297135611614 62.693798960820615 13.787702864388388
74.97518535620341 73.49752454353448 65.02481464379659 72.50247545646552
87.74103531176115 48.380606981696985 96.25896468823885 53.619393018303015
58.0634354112185 79.95320022537382 63.9365645887815 88.04679977462618
53.10865850192482 52.03671517265239 62.89134149807518 49.96328482734761
24.856221448366103 65.48289766315236 29.143778551633897 74.51710233684764
73.74721980645182 93.46374074062966 78.25278019354818 84.53625925937034
13.337051596210037 10.723450905307072 6.662948403789963 3.276549094692929
2.278806601517816 65.80534787043585 7.721193398482184 74.19465212956415
43.01380789580952 57.98968122004367 48.98619210419048 66.01031877995632
20.9533639862459 54.68131139705874 11.0466360137541 53.31868860294126
46.99933922117804 35.91871438263164 37.00066077882196 36.08128561736836
87.62607948657973 82.40051149253839 92.37392051342027 73.59948850746161
89.49477383306174 96.56558403611685 96.50522616693826 89.43441596388315
15.696420026903773 39.75317989994585 22.303579973096227 32.24682010005415
42.14068576632672 89.19737241422636 33.85931423367328 94.80262758577364
40.04053953916064 3.635414775851978 49.95946046083936 2.364585224148022
17.228192691190053 72.66877997709946 8.771807308809949 67.33122002290054
11.956933926551368 18.345167160411126 2.043066073448631 19.654832839588874
35.626960018649726 4.192218681178018 38.373039981350274 13.80778131882198
29.000004466995076 31.993316443251405 38.99999553300492 32.00668355674859
61.24417417361595 39.82801917374556 66.75582582638404 48.17198082625444
87.82510642735465 33.49779632316951 92.17489357264535 42.50220367683049
62.715497948746616 56.5774099737538 71.28450205125338 51.4225900262462
3.78692535178112 96.69258277654288 12.21307464821888 91.30741722345712
34.230497076131805 71.47491707111624 29.769502923868195 62.52508292888377
88.9743789772044 4.019344598383668 95.0256210227956 11.980655401616332
66.40010433067918 81.66596379421519 59.599895669320816 74.33403620578481
82.08185425540546 19.098977006438467 91.91814574459454 20.901022993561533
68.49704212757753 3.0247664252405997 67.50295787242247 12.9752335747594
82.76990179853081 84.05963045707925 81.23009820146919 93.94036954292075
2.174930625492943 40.874592986234894 7.825069374507057 49.125407013765106
83.27452588174675 79.83483027383151 80.72547411825325 70.16516972616849
23.669493939006966 75.2123125682667 14.330506060993034 78.7876874317333
45.40721441703382 54.02355860473981 54.59278558296618 57.97644139526019
16.18627354914073 48.64795057179931 25.81372645085927 51.35204942820069
85.14803769880031 39.11543327423353 78.85196230119969 46.88456672576647
77.77645716231916 61.32386736160651 86.22354283768084 66.67613263839348
22.07682783544051 12.941209265068078 15.923172164559489 5.0587907349319226
28.87639296874179 46.87211527360623 31.12360703125821 37.12788472639377
5.154046436648624 29.804903571322946 12.845953563351376 36.195096428677054
16.722368824118547 92.99228614265836 17.277631175881453 83.00771385734164
2.0480830320330856 61.308249797714986 11.951916967966914 62.691750202285014
30.13591585574957 80.17314571461073 37.86408414425043 73.82685428538927
59.97705021642277 92.52149070729395 50.02294978357723 93.47850929270605
7.15727472101984 24.244191252310724 16.84272527898016 21.755808747689276
41.090787781123275 47.930271096509635 34.909212218876725 40.069728903490365
51.05383369793019 13.60569611727564 54.94616630206981 4.39430388272436
50.96809443365992 31.89235841922445 53.03190556634008 22.10764158077555
36.164149326927756 26.997304773422286 35.835850673072244 17.002695226577714
72.04525656420856 15.6712059933296 81.95474343579144 14.3287940066704
70.42371192878647 34.50569554393211 77.57628807121353 41.49430445606789
7.663726836781307 13.231377948022494 2.336273163218693 4.768622051977506
73.66011233789717 7.483017333875811 82.33988766210283 2.516982666124189
25.060203632654268 17.000362460876268 24.939796367345732 26.999637539123732
44.97393363799585 83.50988642344483 35.02606636200415 82.49011357655517
66.97899391664612 25.542157693085347 57.02100608335388 26.457842306914653
