66.94378268406145 3.2523284325492767 57.056217315938554 4.747671567450723
62.27300027201783 26.835232187542033 59.72699972798217 17.164767812457967
67.00964314112414 66.31038431189528 76.99035685887586 65.68961568810472
2.1320322953203608 7.904299663682095 7.867967704679639 16.095700336317904
3.523911471216075 65.22284994424578 6.476088528783925 74.77715005575422
41.87635321839309 67.08981566369924 36.12364678160691 58.91018433630075
95.99978489813732 86.0463785764978 86.00021510186268 85.9536214235022
65.34550829905892 87.76282242410883 70.65449170094108 96.23717757589117
21.38938070305867 36.45881891583744 28.61061929694133 29.54118108416256
96.59610344512441 93.03128642974262 87.40389655487559 96.96871357025738
88.97268588718919 21.478085191482805 79.02731411281081 22.521914808517195
44.83390796154018 73.72198050900681 35.16609203845982 76.27801949099319
49.22003466376964 84.7271018871806 56.77996533623036 91.2728981128194
76.1341723278295 27.895762289907818 69.8658276721705 20.104237710092182
86.53353379468555 3.8911919640602672 77.46646620531445 8.108808035939733
7.300285424619654 39.56055330415125 2.6997145753803458 48.43944669584875
72.99942074657454 91.9995654943897 79.00057925342546 84.0004345056103
34.381160236029416 53.73068259541767 37.618839763970584 44.26931740458233
96.20335282682059 11.292265704826393 87.79664717317941 16.70773429517361
14.716844642253381 23.167452811623445 17.28315535774662 32.83254718837655
75.08918295940803 56.91634135496787 76.91081704059197 47.08365864503213
22.784200568013244 74.00465911021539 23.215799431986756 83.99534088978461
42.94966675251602 41.00025334999885 43.05033324748398 50.99974665000115
48.99960193967213 94.06309076657237 39.00039806032787 93.93690923342763
12.077255037509882 91.1058694986058 3.9227449624901167 96.8941305013942
40.93015525700748 84.09545807950097 49.06984474299252 89.90454192049903
47.049576820671746 38.70236055240133 56.950423179328254 37.29763944759867
37.94192634318704 10.240155266838043 28.058073656812958 11.759844733161957
17.7234341297698 84.94738749845655 16.2765658702302 75.05261250154345
83.41980548492967 70.49030188296949 90.58019451507033 63.50969811703051
14.415842582936465 63.65130380119184 7.584157417063535 56.34869619880816
91.23730509719114 72.00563454572584 90.76269490280886 81.99436545427416
68.92001451393185 72.89076213587018 59.07998548606815 71.10923786412982
81.65525527331984 32.17555533374457 72.34474472668016 35.82444466625543
84.20705119527177 76.7019845003927 75.79294880472823 71.2980154996073
86.77101324315275 91.504194988088 77.22898675684725 94.495805011912
57.41610739739312 66.65521952953165 48.58389260260688 71.34478047046835
29.1488602934751 56.11610004606505 22.8511397065249 63.88389995393495
72.98381465102105 82.40198448262082 63.01618534897895 81.59801551737918
75.10529511824714 78.97928254617416 84.89470488175286 81.02071745382584
55.92429877607205 22.000573100374822 56.07570122392795 31.999426899625178
2.1247545451099192 88.63502475548017 5.875245454890081 79.36497524451983
52.000344274798934 76.05867392490852 61.999655725201066 75.94132607509148
12.70862923884416 3.2361085944718813 19.29137076115584 10.763891405528119
70.94375986865177 42.95843126549661 65.05624013134823 51.04156873450339
95.06117359797238 42.44461160832344 90.93882640202762 51.55538839167656
31.747177111479907 92.84049943807456 34.25282288852009 83.15950056192544
18.25655284545452 46.376689520119086 9.743447154545478 51.623310479880914
7.811032284452188 47.729935801094626 16.18896771554781 42.270064198905374
18.341577457278927 96.81634231725964 27.658422542721073 93.18365768274036
31.718290924034562 42.05186316393235 30.281709075965438 51.94813683606765
12.781849874953709 15.315375347916966 21.218150125046293 20.684624652083034
77.24306585595707 39.539992710774506 86.75693414404293 36.460007289225494
62.696172995290176 11.716379677783234 53.303827004709824 8.283620322216766
96.58213524482169 31.743084235715514 93.41786475517831 22.256915764284486
82.77210439594826 62.84688274930913 85.22789560405174 53.15311725069087
70.7894216632776 6.331170370318397 67.2105783367224 15.668829629681603
11.074764819271321 25.8976355305022 2.925235180728679 20.1023644694978
27.174219780860348 85.93133724558336 28.825780219139652 76.06866275441664
57.27041523184316 42.30867433130465 60.72958476815684 51.69132566869535
40.412693673414644 54.517007993227566 47.587306326585356 61.482992006772434
73.04143850325543 16.357607687621993 82.95856149674457 17.642392312378007
70.71262471147524 52.00826528714262 71.28737528852476 61.99173471285738
17.672339030450157 70.7802381819667 8.327660969549843 67.2197618180333
50.87964576235483 5.0904390097261265 41.12035423764517 2.9095609902738735
91.0071208815927 55.994669229314326 96.9928791184073 64.00533077068567
8.050438590821726 29.395739982164038 11.949561409178274 38.60426001783596
52.05629553433581 43.442407579053324 47.94370446566419 52.557592420946676
60.84878818232004 32.13433341146005 63.15121181767996 41.86566658853995
96.52080466950841 80.9728022780137 95.47919533049159 71.0271977219863
16.93656603043253 59.91350379697112 25.06343396956747 54.08649620302888
32.33106535840389 22.501625956500153 23.66893464159611 27.498374043499847
39.2450816998788 29.546205665224566 48.7549183001212 26.453794334775434
27.68219787431145 7.521226844891078 36.31780212568855 2.4787731551089216
21.193255802187288 50.662153515669566 24.806744197812712 41.337846484330434
2.6178191707798746 25.19483859216609 5.382180829220125 34.80516140783391
61.08885187394111 64.06512196473166 66.91114812605889 55.93487803526834
62.94518610067152 95.26166780530359 53.05481389932848 96.73833219469641
4.318996193005197 3.616183962906706 11.681003806994802 10.383816037093293
67.15864875895612 28.00251757669107 66.84135124104388 37.99748242330893
32.12545919113778 31.90891027497737 37.87454080886222 40.09108972502263
94.7786753420956 36.27438737156109 87.2213246579044 29.725612628438906
54.964206787345844 53.09385026000671 53.035793212654156 62.90614973999329
44.23296747256833 12.185826259684132 37.76703252743167 19.814173740315866
28.97220293160646 63.03742497549169 37.02779706839354 68.96257502450831
47.77330237932507 9.180520655281573 54.22669762067493 16.819479344718427
33.70410795151046 27.558380641680266 42.29589204848954 22.441619358319734
51.88504002353959 30.933986881686547 42.11495997646041 33.06601311831346
50.999445848783935 80.0744392710676 41.000554151216065 79.9255607289324
96.36231603320967 6.556600968650056 87.63768396679033 11.443399031349944
