59.31256571044421 11.530173312858397 50.68743428955579 6.4698266871416035
69.32700587543175 15.989295256590164 68.67299412456825 6.010704743409836
86.11963751886756 9.08722677154069 95.88036248113244 6.912773228459309
26.867967704679543 41.095700336317975 21.132032295320457 32.904299663682025
13.24811058085027 95.63695970634137 4.751889419149729 90.36304029365863
47.940050022500735 80.77194933460072 38.059949977499265 79.22805066539928
83.17023230135405 87.87781432105491 88.82976769864595 96.12218567894509
32.72490380017447 64.54759196821098 37.27509619982553 73.45240803178902
28.5758580511352 24.984677917587074 19.4241419488648 29.015322082412926
57.91123310081229 96.93797091078865 48.08876689918771 95.06202908921135
58.63619325150661 21.12764529677612 49.36380674849339 24.87235470322388
42.926900220333295 92.14814659777652 33.073099779666705 93.85185340222348
58.944430241584584 80.09000493699021 57.055569758415416 89.90999506300979
96.72236836193737 57.642935499090875 87.27763163806263 54.357064500909125
82.59341511578917 12.476689201757594 75.40658488421083 5.523310798242405
36.6150286501569 58.32005856558268 43.3849713498431 65.67994143441732
65.00630730643918 94.74893570091038 74.99369269356082 95.25106429908962
55.07762268261612 16.877611272320895 64.92237731738388 15.122388727679105
96.73355549736277 12.389580069240749 87.26644450263723 15.610419930759251
62.66276969163449 57.2767092688152 69.33723030836552 64.72329073118479
57.16766659509734 64.87957678345143 62.83233340490266 73.12042321654857
3.045932255861119 65.00021098166418 2.954067744138881 74.99978901833582
28.90886588410616 76.88218546092443 21.09113411589384 83.11781453907557
15.54667770810951 34.97002449525716 14.45332229189049 25.029975504742847
18.575596756954933 71.7452602520276 15.424403243045067 62.254739747972394
28.083429905669817 62.1187932189365 25.916570094330183 71.8812067810635
24.649475201521327 46.28866822087011 31.350524798478673 53.71133177912989
46.061651840354905 5.1140102978136515 43.938348159645095 14.885989702186349
17.463516432801487 86.97846889279455 16.536483567198513 77.02153110720545
93.0553122825634 91.55803591705288 88.9446877174366 82.44196408294712
4.356768332294058 28.98725539320698 3.6432316677059426 19.01274460679302
85.09895790779584 73.87240178493923 92.90104209220416 80.12759821506077
79.06438670008536 96.9995854180974 78.93561329991464 87.0004145819026
51.710309149347516 73.6771963861078 42.289690850652484 70.3228036138922
96.94232861484296 51.757223786541616 87.05767138515704 50.242776213458384
56.75861861739224 74.31948073836232 53.24138138260776 83.68051926163768
74.30253590592751 77.28715701685773 83.69746409407249 80.71284298314227
22.72563241364663 87.80823092887039 17.27436758635337 96.19176907112961
70.69679546244166 58.453938196363396 79.30320453755834 63.546061803636604
92.53964244531277 39.09562555546422 83.46035755468723 34.90437444453578
94.74986740861442 19.00626055077693 95.25013259138558 28.99373944922307
35.8059995661295 52.49292355779353 40.1940004338705 43.50707644220647
64.20165085636413 78.5943522860372 73.79834914363587 81.4056477139628
6.267643604801659 13.386059806304656 15.732356395198341 16.613940193695345
57.831476262819095 32.00284083203201 58.168523737180905 41.99715916796799
87.26161514805649 28.688071896476565 90.73838485194351 19.311928103523435
51.39324578734645 54.01548821340201 50.60675421265355 63.98451178659799
4.526839121977938 79.65448791608847 9.473160878022062 88.34551208391153
95.67077790216639 46.784330067177635 86.32922209783361 43.215669932822365
9.364585224148023 19.040539539160637 10.635414775851977 28.959460460839363
27.8285271599187 31.496145461408723 32.1714728400813 40.50385453859128
28.348726597489026 12.834572357552023 37.651273402510974 9.165427642447977
71.2889235070729 41.8310119222493 68.7110764929271 32.1689880777507
62.4707112070646 43.971906412400884 63.5292887929354 34.028093587599116
78.06925544871737 19.551722958172373 73.93074455128263 10.448277041827627
37.04607078055811 39.67718925623481 46.95392921944189 38.32281074376519
84.86569025609963 19.075512170743625 83.13430974390037 28.924487829256375
9.372625907714168 51.308740799318585 2.6273740922858315 58.691259200681415
7.768518972002637 63.47442649081285 12.231481027997363 54.52557350918715
70.40704543767227 47.72488752923344 75.59295456232773 56.27511247076656
62.00757719418745 88.7248372699606 71.99242280581255 89.2751627300394
59.01759210857578 2.986866166052952 64.98240789142422 11.013133833947048
68.01684959618517 71.58986337281334 77.98315040381483 72.41013662718666
12.639580070304408 81.72353439630332 9.360419929695592 72.27646560369668
12.991182286420058 2.703184596547541 3.0088177135799423 3.296815403452459
92.89498366818252 66.12363466233131 95.10501633181748 75.87636533766869
15.308538466158211 45.04804271552983 16.69146153384179 54.95195728447017
92.99993859674969 62.024779603159615 83.00006140325031 61.975220396840385
43.745424477387 84.37348384311417 52.254575522613 89.62651615688583
86.97241599658597 68.5244798917937 77.02758400341403 67.4755201082063
50.739528786866565 11.31235244502506 47.260471213133435 20.68764755497494
41.9387350276522 3.2196819067577374 32.0612649723478 4.780318093242262
21.43695262926488 61.98087064676232 20.56304737073512 52.01912935323768
3.4818649384731297 51.55284754652593 10.51813506152687 44.44715245347407
27.726394272231865 7.66623550203714 20.273605727768135 14.33376449796286
8.060909938655806 8.221932287052722 17.939090061344196 9.778067712947278
73.14785189588277 32.81237471086296 80.85214810411723 39.18762528913704
31.37848390129901 87.31410166598923 24.62151609870099 94.68589833401077
44.83308855632358 47.069892145467534 43.16691144367642 56.930107854532466
66.36538867049357 47.56209480177626 57.63461132950643 52.43790519822374
79.782500401841 44.15049541411881 82.217499598159 53.84950458588119
77.90663729615545 24.038277356003174 68.09336270384455 25.961722643996826
43.69491172243866 29.719826711767226 34.30508827756134 26.280173288232774
49.071699611387814 47.84371516497276 58.928300388612186 46.15628483502724
32.42371192878664 80.50569554393195 39.57628807121336 87.49430445606805
17.06419506913096 4.798642400833364 26.93580493086904 3.201357599166636
36.145142843884116 14.356778604200992 39.854857156115884 23.64322139579901
2.2265112204763655 44.16025960606505 7.7734887795236345 35.83974039393495
57.3395366630522 56.76656937782647 62.6604633369478 65.23343062217353
91.97899391664612 2.5421576930853464 82.02100608335388 3.4578423069146536
