93.50479106872399 22.771200085076337 96.49520893127601 13.228799914923663
68.87671376353258 50.8965223751376 59.12328623646743 53.1034776248624
46.95789406651039 13.647523300940618 37.04210593348961 12.352476699059382
37.49401599864517 23.19176189489673 28.505984001354832 18.80823810510327
16.85922170229361 70.35852451673819 13.140778297706388 79.64147548326181
21.299627567008443 88.70199251266123 24.700372432991557 79.29800748733877
90.9995304049323 80.10092468218585 89.0004695950677 89.89907531781415
69.2844740656553 86.30351506245461 72.7155259343447 95.69648493754539
19.93281642199585 22.00045138369007 20.06718357800415 31.99954861630993
83.37440885531315 69.03929080476497 84.62559114468685 78.96070919523503
74.78968075439263 44.851301611290765 77.21031924560737 35.148698388709235
64.41920419469979 71.98239579350599 63.58079580530021 62.01760420649402
86.724395577815 93.3629030498098 77.275604422185 96.6370969501902
64.79379876139598 38.4869450737425 69.20620123860402 29.513054926257503
71.71888412877625 13.657859841847426 64.28111587122375 20.342140158152574
27.023941484305112 46.48871428092537 36.97605851569489 45.51128571907463
33.121293100883456 86.07781814786928 34.878706899116544 95.92218185213072
51.99939550713288 67.0777467893842 42.00060449286712 66.9222532106158
44.20335282682059 2.292265704826393 35.79664717317941 7.707734295173607
15.910744512625882 64.12285044549633 24.089255487374118 69.87714955450367
65.46243697531929 89.35159788383307 60.53756302468071 80.64840211616693
38.99982915464918 81.95866691010735 29.000170845350823 82.04133308989265
40.00189327192286 60.137583192105865 49.99810672807714 59.862416807894135
84.1316215265709 83.18402706668263 75.8683784734291 88.81597293331737
53.604090753896386 73.38857823041076 58.395909246103614 64.61142176958924
78.68756213035826 73.783720858925 73.31243786964174 82.216279141075
51.55768713922287 5.019602492451917 52.44231286077713 14.980397507548084
57.06466676255427 12.999581803493243 56.93533323744573 3.0004181965067565
10.234188692375735 65.67781043073212 13.765811307624265 56.32218956926788
19.000056173922225 3.0237009718519428 28.999943826077775 2.9762990281480572
54.038251278807294 58.61729217372533 63.961748721192706 57.38270782627467
68.22430146143114 63.15878559473636 73.77569853856886 54.84121440526364
94.15429853673344 53.07204007371927 95.84570146326656 62.92795992628073
73.88065300533138 31.907643065436233 80.11934699466862 24.092356934563767
85.59259984422103 55.0231270473647 76.40740015577897 58.9768729526353
96.9716904937011 66.96262043493996 89.0283095062989 73.03737956506004
47.171654456982004 77.78382674545443 54.828345543017996 84.21617325454557
25.341249798035587 74.40786545503565 32.658750201964416 67.59213454496435
19.565284051558084 59.36644439240037 26.434715948441916 66.63355560759963
68.95187852532973 81.06311216266033 61.04812147467027 74.93688783733967
23.215108504942258 14.45079749811064 32.78489149505774 11.54920250188936
15.624107404975799 85.19303426609284 18.3758925950242 94.80696573390716
30.008430298761358 75.70977264485172 39.991569701238646 76.29022735514828
16.999473334841078 37.072569788569545 7.000526665158922 36.927430211430455
58.78459167375317 25.850029133983618 61.21540832624683 16.149970866016382
72.04146642586879 72.05450682475518 79.95853357413121 65.94549317524482
83.88668084870906 63.912447298329404 90.11331915129094 56.087552701670596
35.96640590478187 58.42137024882247 26.033594095218128 59.57862975117753
29.207773765004468 87.16461377791636 22.792226234995532 94.83538622208364
36.63969889793542 37.446992909539055 45.36030110206458 32.553007090460945
3.5868562966337576 47.96544053303444 2.4131437033662424 38.03455946696556
25.315114127197106 32.37958815603583 32.684885872802894 25.62041184396417
7.399584283366016 10.469438955712436 14.600415716633984 3.5305610442875643
42.630145623834125 49.5701084939644 51.369854376165875 54.4298915060356
76.71474977368142 21.335327488191453 67.28525022631858 24.664672511808547
85.03500670583836 38.59062813083181 94.96499329416164 37.40937186916819
50.127278604430984 30.87126707828591 47.872721395569016 21.12873292171409
9.67076492176566 50.82007615155521 12.32923507823434 41.17992384844479
8.993241193384204 78.58551955017055 5.006758806615797 69.41448044982945
95.55924810068342 46.94737807757624 86.44075189931658 51.05262192242376
53.664688419430476 23.01125605548491 54.335311580569524 32.988743944515086
82.41882672656584 18.00321028321357 91.58117327343416 13.996789716786429
62.51355106164198 4.22606351595936 65.48644893835802 13.77393648404064
66.88814043382446 45.94829514634075 57.11185956617554 48.05170485365925
14.716018936408055 29.33892643406722 5.283981063591946 32.66107356593278
96.32858014416433 87.98919182722622 95.67141985583567 78.01080817277378
44.99915888813878 72.09170829375255 35.00084111186122 71.90829170624745
51.77294278120176 37.32942192231613 60.22705721879824 42.67057807768387
71.40155883433827 3.7282201006378495 76.59844116566173 12.271779899362151
85.12773435919965 44.122954818982635 94.87226564080035 41.877045181017365
35.57062973241413 31.31962907220666 44.42937026758587 26.68037092779334
23.21537590899468 7.170984752726017 16.78462409100532 14.829015247273983
39.059220838620405 40.92262131006983 46.940779161379595 47.07737868993017
4.671550560809543 17.04530325405516 3.3284494391904573 26.95469674594484
4.593488056578533 86.9646522463007 3.4065119434214672 77.0353477536993
25.019390405764376 51.43991825355178 34.980609594235624 50.56008174644822
3.0310873361849326 95.55669285910479 12.968912663815068 94.44330714089521
48.07015782151978 96.9041031847924 39.92984217848022 91.0958968152076
5.166911443676349 64.93010785453245 6.833088556323651 55.06989214546755
63.61283901814211 28.267268198856144 60.38716098185789 37.732731801143856
3.16636889254417 2.002768627370389 2.83363110745583 11.99723137262961
81.38570461692429 12.804146408534478 78.61429538307571 3.1958535914655224
22.219667295778002 45.27247378070315 29.780332704221998 38.72752621929685
79.27949223207871 52.94781452323802 80.72050776792129 43.05218547676198
15.325606579801098 48.224644344083515 20.674393420198903 39.775355655916485
9.554100567118796 22.786373870686848 12.445899432881204 13.213626129313152
87.26606625479135 7.60930770705135 96.73393374520865 4.39069229294865
33.386969472778325 16.071282976971244 42.613030527221675 19.928717023028756
67.97125260263824 95.46460522904826 58.028747397361755 96.53539477095174
91.59382355543977 29.025972355440096 82.40617644456023 32.974027644559904
