95.35601685216409 20.95835514110308 96.64398314783591 11.04164485889692
74.76198198334188 44.475687830420796 65.23801801665812 47.524312169579204
45.967273488472664 13.428865960814282 36.032726511527336 14.571134039185718
26.875346457609165 36.87187380887352 29.124653542390835 27.128126191126483
11.117102151916246 61.07856815653726 12.882897848083754 70.92143184346274
21.381947626361956 91.73095196722227 24.618052373638044 82.26904803277773
92.08487882522365 66.11911504595925 89.91512117477635 75.88088495404075
67.64754507374997 86.58797599508321 72.35245492625003 95.41202400491679
22.47402547303728 15.238550457784847 25.52597452696272 24.761449542215153
68.2157328261839 80.73207681284 75.7842671738161 87.26792318716
77.2088996844985 38.851655547626955 74.7911003155015 29.148344452373042
68.78215766256649 67.15446732333069 63.2178423374335 58.8455326766693
87.89188518037466 84.1389854639326 80.10811481962534 77.8610145360674
68.98402671936093 39.99997448536546 69.01597328063907 30.000025514634537
81.996019359755 17.994699802604863 74.003980640245 24.005300197395137
16.17582810021186 60.126021459038604 21.82417189978814 51.873978540961396
33.814879927872354 87.00342811931066 34.185120072127646 96.99657188068934
36.808922886384984 62.3690364030232 27.191077113615016 59.6309635969768
49.76094025709935 3.472437278429859 40.23905974290065 6.527562721570141
17.590588875842887 72.64265116324302 26.409411124157113 77.35734883675698
58.739409750766164 96.9450250980629 57.260590249233836 87.0549749019371
43.957523949785006 80.3496491044766 34.042476050214994 81.6503508955234
48.09904493943575 59.00972756560143 57.90095506056425 60.99027243439857
81.32598606772265 86.57396466205249 76.67401393227735 95.42603533794751
54.99187669162958 80.89731430430193 57.00812330837042 71.10268569569807
65.90454192049901 72.93015525700748 60.09545807950098 81.06984474299252
49.12088679813652 8.366541942071521 52.87911320186348 17.63345805792848
54.63040522173026 28.252172194243105 49.36959477826974 19.747827805756895
6.853338716471814 75.99784858393228 7.146661283528186 66.00215141606772
28.06532142820493 4.80557271122261 37.934678571795075 3.1944272887773897
56.060312226914334 51.225736024066734 65.93968777308567 52.774263975933266
72.87240178493919 53.901042092204136 79.12759821506081 46.098957907795864
90.50395220110731 58.82872973351068 81.49604779889269 63.17127026648932
90.773250235047 16.994855808138386 91.226749764953 7.005144191861614
93.74741944577465 51.4309210963496 84.25258055422535 54.5690789036504
80.05022674324994 71.03816749284339 73.94977325675006 78.96183250715661
48.39355020131349 73.03691440314867 49.60644979868651 82.96308559685133
31.341249798035587 73.40786545503565 38.658750201964416 66.59213454496435
22.03325041033185 65.42432777248571 31.96674958966815 66.57567222751429
63.193738500212206 96.99624512944827 62.806261499787794 87.00375487055173
57.089671008213585 3.9426925227356975 66.91032899178641 2.0573074772643025
15.962775989191362 77.10876637734384 18.037224010808636 86.89123362265616
37.8312300812745 76.86767335774111 44.1687699187255 69.13232664225889
22.38020349450955 33.411185879745965 13.619796505490449 28.588814120254035
59.040088261156455 32.90699189459595 60.959911738843545 23.09300810540405
68.00418821198127 57.79539164559303 77.99581178801873 58.20460835440697
72.3866944409096 73.26270267023483 77.6133055590904 64.73729732976517
43.89707632517547 54.99072131430118 34.10292367482453 57.00927868569882
28.946250899506545 84.39433963082709 25.053749100493455 93.60566036917291
24.130857528724476 56.16697592933257 31.869142471275524 49.83302407066743
14.132477912434037 34.81471602532917 5.867522087565963 29.185283974670835
9.60697461275019 20.387745368957642 18.39302538724981 15.61225463104236
9.90117154835852 9.863495298409674 18.09882845164148 4.136504701590327
48.246786999507194 53.44855996830488 57.753213000492806 56.55144003169512
85.99095429282995 12.699375239073342 76.00904570717005 13.300624760926658
87.0586438701079 33.76354410323028 96.9413561298921 32.23645589676972
41.941021109243096 32.043562146794144 36.058978890756904 23.956437853205852
3.5441669248541032 53.35532822035486 8.455833075145897 44.64467177964514
12.503004697707473 90.76875003315011 9.496995302292527 81.23124996684989
93.55924810068342 44.94737807757624 84.44075189931658 49.05262192242376
43.122781701690286 25.84291617671429 50.877218298309714 32.15708382328571
76.08185425540546 6.098977006438468 85.91814574459454 7.901022993561532
53.255258343288986 7.820718573975271 58.744741656711014 16.17928142602473
40.78168519057394 41.270910747696085 33.21831480942606 34.729089252303915
18.716018936408055 22.33892643406722 9.283981063591945 25.66107356593278
96.44248261821485 91.78740471405416 93.55751738178515 82.21259528594584
63.937744089864154 67.78656423959626 54.062255910135846 66.21343576040374
55.608172731099 37.32637675068066 62.391827268901 44.67362324931934
59.96927077862517 10.023232419828293 66.03072922137483 17.976767580171707
87.22524013449177 43.27890041900457 94.77475986550823 36.72109958099543
25.32386736160647 48.22354283768081 30.67613263839353 39.77645716231919
31.99999964757845 11.0018772893754 22.00000035242155 10.9981227106246
48.62633028035965 40.576982628312145 57.37366971964035 45.423017371687855
5.85025226803223 13.3549417070782 2.149747731967769 22.6450582929218
5.858211995096932 88.64187981116248 2.141788004903068 79.35812018883752
7.95735896868509 56.942287119220204 16.04264103131491 51.057712880779796
6.098514528644092 96.98764374856876 15.901485471355908 95.01235625143124
49.58501211118693 96.9944081679208 40.41498788881307 93.0055918320792
2.5722921522961117 44.79183162283533 5.427707847703888 35.20816837716467
64.07140650156693 29.000509914847918 63.928593498433074 38.99949008515208
9.76820697410064 2.713570904410182 2.2317930258993615 9.286429095589817
72.13237596068461 17.870084669044637 69.86762403931539 8.129915330955363
37.00001072072919 48.9896459101316 46.99998927927081 49.0103540898684
82.43803497253876 39.78874257167322 79.56196502746124 30.211257428326782
17.86039573514043 46.51908105590005 22.13960426485957 37.48091894409995
9.070237255926763 16.091434096870575 16.929762744073237 9.908565903129425
86.0135843951505 2.6316802805803765 95.9864156048495 3.3683197194196235
33.09709949750893 19.980595055398922 42.90290050249107 18.019404944601078
90.64801024140614 89.58064022387292 83.35198975859386 96.41935977612708
87.84607192301051 23.768908241840126 78.15392807698949 26.231091758159874
