94.01170819253133 20.901354843641737 95.98829180746867 11.098645156358263
63.871957025153414 46.1635342254139 56.128042974846586 39.8364657745861
62.61688371444475 23.260506968081835 57.38311628555525 14.739493031918165
17.128173163145384 44.12485700055747 26.871826836854616 41.87514299944253
4.853576231716577 57.07339796445374 3.146423768283423 66.92660203554625
19.12079117946183 84.1546376854813 26.87920882053817 77.8453623145187
96.7417627917866 76.0553273151076 95.2582372082134 85.9446726848924
69.32723682616043 71.49500070851886 60.67276317383957 76.50499929148114
7.339331831546078 36.18942765304438 16.660668168453924 39.81057234695562
89.0708943469911 73.00050262610682 88.9291056530089 82.99949737389318
89.13103872471733 24.92391168706945 90.86896127528267 15.076088312930551
83.69274745383153 55.725723423540884 74.30725254616847 52.274276576459116
80.05556975841534 81.90999506300977 81.94443024158466 72.09000493699023
66.8967675652743 23.99893419284757 67.1032324347257 14.001065807152429
91.8050039394989 10.382728151662532 82.1949960605011 7.6172718483374675
3.9084995371620415 41.12059155843411 6.091500462837958 50.87940844156589
59.01811134678124 95.57481128080563 68.98188865321876 96.42518871919437
24.085800932175534 62.934187667992546 17.914199067824466 55.065812332007454
59.953869359691964 8.322372988211715 50.046130640308036 9.677627011788285
12.740141608559437 71.53983856226755 17.259858391440563 80.46016143773245
65.0261808688643 68.01950242882018 70.9738191311357 59.980497571179825
33.33840777163572 82.18246280379434 30.661592228364277 91.81753719620566
27.329733523522687 46.1800613327118 24.670266476477313 55.8199386672882
82.91978345618705 92.10796258810055 73.08021654381295 93.89203741189945
54.99969584267569 92.05514962131667 45.00030415732431 91.94485037868333
63.99059680339239 81.3065021141357 54.00940319660761 80.6934978858643
17.055769534487442 27.958774076354093 22.944230465512558 36.041225923645904
39.27415399326382 43.59453418591217 30.725846006736177 38.40546581408783
9.809667764673602 79.93400832091399 8.190332235326398 70.06599167908601
26.000404050590987 14.936436310262835 35.99959594940901 15.063563689737165
38.589026243265266 56.35442360619271 47.410973756734734 51.64557639380729
59.51678175498385 55.21376470465006 68.48321824501615 50.78623529534994
95.75849914466085 64.29752697935645 88.24150085533915 57.702473020643545
86.8243528480802 38.85982034381754 89.1756471519198 29.140179656182458
86.73257191399084 45.32684639063584 79.26742808600916 38.67315360936416
56.478278696244026 71.7762599255383 47.521721303755974 76.2237400744617
39.798383644474164 87.85644488653288 34.201616355525836 96.14355511346712
30.85565744633371 71.11244165250174 37.14434255366629 78.88755834749826
52.06492563754263 85.9114222574626 43.93507436245737 80.0885777425374
74.92332762593001 70.94362777947161 69.07667237406999 79.05637222052839
58.01138653713084 3.337247265490103 67.98861346286917 2.662752734509897
14.241504636912303 83.35242782628094 5.758495363087696 88.64757217371906
84.60099781253687 83.61311175153195 89.39900218746313 92.38688824846805
2.665877448113643 35.98882372111112 3.334122551886357 26.011176278888886
85.09232887769087 14.872776419566502 76.90767112230913 9.127223580433498
87.59948850746159 52.62607948657978 96.40051149253841 57.37392051342022
75.4874840468661 60.84658416168358 84.5125159531339 65.15341583831642
45.89316848903609 64.9220622743783 40.10683151096391 73.0779377256217
23.987252855614386 88.64319619653631 14.012747144385614 89.35680380346369
47.25290165143393 70.57005008488305 56.74709834856607 67.42994991511695
9.866399771218356 31.5219188475406 14.133600228781644 22.4780811524594
9.315861725025345 9.25104356231567 18.684138274974657 12.74895643768433
22.01949594310868 2.5588885182982772 31.98050405689132 3.4411114817017228
56.9441650564017 50.92696208811871 49.0558349435983 57.07303791188129
91.61762522494746 5.917690611628725 82.38237477505254 2.0823093883712747
83.19947158651745 49.84231461063088 76.80052841348255 42.15768538936912
27.651792292910603 25.238867494421115 22.348207707089397 16.761132505578885
20.571307638565866 68.49939448343868 13.428692361434134 61.500605516561315
11.619187260505099 95.9139250383407 2.3808127394949015 92.0860749616593
96.97473563855968 69.50200132115785 87.02526436144032 68.49799867884215
32.05921283217049 45.08930559850775 33.94078716782951 54.91069440149225
69.88522632438105 8.840534738114174 78.11477367561895 3.159465261885826
48.5205897892951 20.236828084911117 45.4794102107049 29.763171915088883
52.12434207076467 44.526275595495626 47.87565792923533 35.473724404504374
39.9583192213285 9.355740347837662 30.0416807786715 10.644259652162338
91.59368167916492 87.61712056533455 96.40631832083508 96.38287943466545
61.45301197526034 64.27391388319522 52.54698802473966 59.72608611680477
41.44608151601441 37.70145369023937 46.55391848398559 46.29854630976063
59.04327718489039 36.94314793220361 66.95672281510961 43.05685206779639
95.12295481898255 51.87226564080037 92.87704518101745 42.12773435919963
25.92979463414295 73.88412330668369 28.07020536585705 64.11587669331631
49.9084937749915 2.0477978886445793 40.0915062250085 3.9522021113554207
53.65004209967573 23.012262089082803 54.34995790032427 32.9877379109172
16.264472876293482 5.39538700596067 25.735527123706518 8.60461299403933
5.278658319915228 80.8337390187009 2.7213416800847723 71.1662609812991
10.782879761365518 43.17245021323453 17.217120238634482 50.82754978676547
40.02392704603082 95.51143275101943 49.97607295396918 96.48856724898057
66.99527258348132 86.78262516999484 57.00472741651867 87.21737483000516
3.5128477446390636 19.976211679590886 4.487152255360936 10.023788320409114
71.98414249306563 38.00002514611585 72.01585750693437 47.99997485388415
8.253557266732287 15.006433267444276 7.746442733267714 24.993566732555724
96.55252277485512 34.752859458637104 93.44747722514488 25.2471405413629
31.631930603241145 58.56690120523257 40.368069396758855 63.43309879476743
77.53942826732009 26.97874217840774 78.46057173267991 17.02125782159226
8.017215781296738 62.902462154822594 9.982784218703262 53.097537845177406
25.000027821595847 31.0166797837046 34.99997217840415 30.9833202162954
44.476773975557805 12.869172383366292 53.523226024442195 17.13082761663371
33.03404399164077 22.417521740284755 42.96595600835923 23.582478259715245
80.99944584878394 88.0744392710676 71.00055415121606 87.9255607289324
84.1881034546129 21.1432098891205 81.8118965453871 30.8567901108795
