63.977809332865746 3.470546751805432 54.022190667134254 2.529453248194568
62.932610560198945 36.91225381500238 61.067389439801055 27.087746184997624
80.91624226804997 52.91533316330019 79.08375773195003 43.08466683669981
5.585213021500506 16.652734370704646 14.414786978499494 21.347265629295354
3.1596188040225375 36.002548465727514 2.8403811959774625 45.997451534272486
32.2178254575699 73.67160078563163 35.7821745424301 64.32839921436837
93.0915225379075 68.08322578300874 94.9084774620925 77.91677421699126
47.98631508261344 78.010300359837 54.01368491738656 85.989699640163
10.148590182778367 29.892754931313192 15.851409817221633 38.10724506868681
93.60608503123647 84.19822938283626 96.39391496876353 93.80177061716374
75.42340828265296 25.373453131744878 70.57659171734704 16.626546868255122
63.524483426234774 82.12815641477003 54.475516573765226 77.87184358522997
71.73877732803638 79.45946992677355 76.26122267196362 70.54053007322645
85.4861539758675 34.33809156292006 80.5138460241325 25.661908437079934
63.9874884228908 17.353495730568596 54.0125115771092 16.646504269431404
2.2323729341838434 26.835838568863853 7.767627065816157 35.16416143113615
79.70869860559661 87.43392666854753 88.29130139440339 92.56607333145247
13.554132935102755 76.75233319749667 10.445867064897245 67.24766680250333
71.99888322648516 12.105671604346982 62.00111677351484 11.894328395653018
26.818326346125527 72.50107789931965 31.181673653874473 81.49892210068035
59.24751909299694 46.80179164876514 52.75248090700306 39.19820835123486
30.931807041208824 93.17703018993217 21.068192958791176 94.82296981006783
20.522342299381272 36.77500977168667 29.477657700618728 41.22499022831333
84.97002449525716 95.45332229189057 75.02997550474284 96.54667770810943
26.865438710828055 84.82850452107654 19.134561289171945 91.17149547892346
47.13214608464573 87.00174656381724 46.86785391535427 96.99825343618276
35.951062941784386 30.066383000695506 44.048937058215614 35.9336169993045
40.181002356869136 8.742119488981965 31.818997643130864 3.257880511018035
21.159199928446665 81.92879855945401 22.840800071553335 72.07120144054599
67.2934834725009 35.31219012433931 76.7065165274991 38.68780987566069
22.400609791978688 67.96102261954259 31.599390208021312 64.03897738045741
61.90249787993101 54.07501839288792 68.09750212006898 61.92498160711208
80.89544339081408 64.98283039401743 71.10455660918592 67.01716960598257
81.43548495752238 37.63282852700723 74.56451504247762 30.367171472992776
95.25356657268551 57.62814980770359 86.74643342731449 52.37185019229641
73.06587044400636 91.91010266701288 64.93412955599364 86.08989733298712
56.143555113467166 72.7983836444741 47.856444886532834 67.2016163555259
36.17740230584956 48.00314814889622 35.82259769415044 57.99685185110378
70.74469342550188 72.42269714449023 61.25530657449812 75.57730285550977
87.45821299484562 71.02943998717993 88.54178700515438 80.97056001282007
63.30076889752609 21.297594906817864 66.69923110247392 30.702405093182136
11.284606889802708 90.57723568962079 2.715393110197292 85.42276431037921
81.92070588453299 82.10874430056485 90.07929411546701 87.89125569943515
2.437416052131072 13.293386019230567 7.562583947868928 4.706613980769433
91.45774305812152 2.735374903484163 82.54225694187848 7.264625096515838
90.8925131161401 33.92159738709412 85.1074868838599 42.07840261290588
42.868162333094 94.99826158074833 43.131837666906 85.00173841925167
34.76921872491415 86.0053288393459 35.23078127508585 95.9946711606541
11.100367324629321 83.86129128246534 2.899632675370678 78.13870871753466
39.44736493223229 82.2993085735735 44.55263506776771 73.7006914264265
31.426524171826152 54.35871834378455 24.573475828173848 61.64128165621545
11.13763240871329 13.834932874378186 20.86236759128671 16.165067125621814
73.06324436568055 53.91747585968025 80.93675563431945 60.08252414031975
58.01441015320834 23.010848282123817 51.98558984679166 30.989151717876183
91.76487153355423 14.472605587181123 96.23512846644577 5.527394412818877
74.1319266552532 61.897567886017455 67.8680733447468 54.102432113982545
37.782280340629875 25.459381630563108 28.21771965937013 22.540618369436892
23.94614104105974 43.731907645775394 14.05385895894026 42.268092354224606
16.999804787827138 96.04418239039263 7.00019521217286 95.95581760960737
53.87647614208732 64.10452724531953 44.12352385791268 61.89547275468046
21.36915572205289 30.11445464827692 30.63084427794711 33.88554535172308
81.6791734109728 11.262071326842905 88.3208265890272 18.737928673157093
40.32310619520655 57.010450683015634 39.67689380479345 66.98954931698437
12.953053739814916 56.683563201544295 3.046946260185085 55.316436798455705
47.34761493778501 7.469462361071464 38.65238506221499 2.5305376389285357
85.59480442132435 57.634782903491406 94.40519557867565 62.365217096508594
29.08181042196268 48.06268562049178 22.91818957803732 55.93731437950822
67.73336492571502 40.310069719675894 64.26663507428498 49.689930280324106
44.10501519177688 43.08075186709902 45.89498480822312 52.91924813290098
95.25983456238225 50.993244035713815 94.74016543761775 41.006755964286185
17.61994838525836 59.98553515383577 18.38005161474164 50.01446484616423
41.85193244683114 13.792212133118099 32.14806755316886 16.2077878668819
35.88584074615444 37.46895920903605 40.11415925384556 46.53104079096395
12.638854020871307 8.445486812217483 21.361145979128693 3.554513187782517
16.695080753393658 72.70390276679635 13.304919246606342 63.296097233203646
2.5468554766687896 51.27365429525362 11.453144523331211 46.72634570474638
51.027528563002576 94.03635812812647 58.972471436997424 87.96364187187353
78.66971561291193 77.28703386687341 75.33028438708807 86.71296613312659
24.15727472101984 13.244191252310724 33.84272527898016 10.755808747689276
57.112273628418 53.37004436889144 60.887726371582 62.62995563110856
3.1465601602989777 22.798283842830212 12.853439839701021 25.201716157169788
96.13237596068461 30.870084669044637 93.86762403931539 21.129915330955363
51.35911048870624 45.012912708112964 50.64088951129376 54.987087291887036
64.96570296416608 7.415368430828313 55.034297035833916 8.584631569171686
4.931805702024104 71.88456353646585 7.068194297975896 62.11543646353415
39.81575495472758 21.737168866020735 48.18424504527242 16.262831133979265
41.266066254791355 28.60930770705135 50.733933745208645 25.39069229294865
19.435958317354366 21.21063431018044 16.564041682645634 30.78936568981956
66.92179562986986 93.1191323721501 57.07820437013014 94.8808676278499
84.26909984030581 20.30915949565852 87.73090015969419 29.69084050434148
