60.174236449230605 11.752408048584845 51.825763550769395 6.2475919514151546
69.32700587543175 11.989295256590164 68.67299412456825 2.0107047434098364
87.00498624348214 8.223243302693009 96.99501375651786 7.776756697306992
22.345730619082584 42.71565426601202 15.654269380917418 35.28434573398798
11.29348486558643 96.56241833215817 2.7065151344135696 91.43758166784183
47.853971823102555 81.19956556324632 38.146028176897445 78.80043443675368
83.31581832488774 86.78156797672506 88.68418167511226 95.21843202327494
36.2844740656553 57.30351506245461 39.7155259343447 66.69648493754539
28.734092422729766 20.391159133707564 19.265907577270234 23.608840866292436
52.99397763814586 96.2453311021847 43.00602236185414 95.7546688978153
61.373453131744924 22.576591717347128 52.626546868255076 27.423408282652872
39.926900220333295 93.14814659777652 30.073099779666705 94.85185340222348
58.858595170839635 80.0742701725926 57.141404829160365 89.9257298274074
96.80188112061163 57.39353424913548 87.19811887938837 54.60646575086452
81.82718331619041 10.217556194423615 74.17281668380959 3.782443805576386
43.81226088963689 64.14794608497475 50.18773911036311 71.85205391502525
63.003428119310655 94.18512007212765 72.99657188068934 93.81487992787235
57.00338703809055 17.18400790439125 66.99661296190945 16.81599209560875
95.91161599626614 12.064036162438637 86.08838400373386 13.935963837561363
61.66276969163449 55.2767092688152 68.33723030836552 62.7232907311848
57.76868274540972 65.52549183603743 62.23131725459028 74.47450816396257
2.5230603714084063 72.0227991209236 3.4769396285915937 81.9772008790764
29.561552345278525 75.49067743120683 22.438447654721475 82.50932256879317
14.285817520799963 30.9918241500281 13.714182479200037 21.0081758499719
19.813876297321297 75.93331585981058 18.186123702678703 66.06668414018942
28.306502114135753 61.009403196607614 27.693497885864247 70.99059680339239
23.848303076907168 47.11840155284357 30.151696923092832 54.88159844715643
47.061651840354905 6.1140102978136515 44.938348159645095 15.885989702186349
14.940585538494453 84.99964697971407 15.059414461505547 75.00035302028593
92.88726466126116 92.08211988748891 87.11273533873884 83.91788011251109
5.047388085761405 30.889067211422343 2.9526119142385947 21.110932788577657
84.15413617062336 72.80479556117415 91.84586382937664 79.19520443882585
77.80264037667622 96.99610339955865 78.19735962332378 87.00389660044135
49.38994610798097 76.39340200739925 40.61005389201903 71.60659799260075
95.92836049696952 51.843363985424084 86.07163950303048 50.156636014575916
56.84003709575038 74.35088573099537 53.15996290424962 83.64911426900463
73.14922826089197 75.78755885294548 82.85077173910803 78.21244114705452
23.1488602934751 87.11610004606504 16.8511397065249 94.88389995393496
69.78827313389762 56.30530951585318 78.21172686610238 61.69469048414682
96.70501353706028 36.69199515840899 87.29498646293972 33.30800484159101
94.18605230942705 21.003462745244775 93.81394769057295 30.996537254755225
35.12475454510992 51.63502475548018 38.87524545489008 42.36497524451982
66.06611165929318 80.18960143050636 75.93388834070682 81.81039856949364
3.1449874932910307 13.804653372573675 12.85501250670897 16.195346627426325
59.18047098046847 30.00325803896091 58.81952901953153 39.996741961039085
86.34369804863401 28.71769687940008 89.65630195136599 19.28230312059992
51.39324578734645 54.01548821340201 50.60675421265355 63.98451178659799
8.157513912494261 83.88657407477218 13.842486087505739 92.11342592522782
96.78386869543111 46.454166532717004 87.21613130456889 43.545833467282996
7.7649153195258025 21.154944186899602 10.235084680474197 30.845055813100398
20.44425348212245 28.702540315912575 25.55574651787755 37.29745968408742
31.565971789146975 16.310712839225054 40.43402821085303 11.689287160774944
74.11953844504765 39.87305178200071 71.88046155495235 30.126948217999292
65.38402008883408 41.96191180383529 66.61597991116592 32.03808819616471
79.45809010221078 18.354054782546193 74.54190989778922 9.645945217453805
31.035006705838352 38.59062813083181 40.964993294161644 37.40937186916819
83.77961424418892 18.061153815894066 82.22038575581108 27.938846184105934
11.499394483438747 51.428692361434194 4.500605516561253 58.571307638565806
12.926033562513997 65.5495783558679 17.073966437486003 56.450421644132106
69.6343410909866 43.59504166578099 74.3656589090134 52.40495833421901
64.07832385796385 86.11846500187902 73.92167614203615 87.88153499812098
60.75977496287904 2.529944991048051 65.24022503712095 11.470055008951949
70.00557163490288 70.7640226580511 79.99442836509712 71.2359773419489
10.965083238753355 79.59765677979236 7.034916761246645 70.40234322020764
11.9583192213285 4.355740347837661 2.0416807786715 5.644259652162339
96.19473240689273 71.00379351010132 95.80526759310727 80.99620648989868
16.0917082937526 42.00084111186122 15.908291706247399 51.99915888813878
95.98603045988685 62.373497326738146 86.01396954011315 61.626502673261854
43.745424477387 86.37348384311417 52.254575522613 91.62651615688583
86.98769101936522 67.35062557713827 77.01230898063478 66.64937442286173
50.49181230580123 14.227736800609168 47.50818769419877 23.77226319939083
36.98113675592811 7.566091462699834 27.018863244071888 8.433908537300166
23.610516328241463 67.96258700809875 22.389483671758537 58.03741299190124
3.544406506875146 51.61370635363102 10.455593493124855 44.38629364636898
26.15409960238476 13.217293315229437 17.84590039761524 18.782706684770563
6.036764527289104 10.39477802219 15.963235472710895 11.60522197781
80.26144503869328 32.679878496005166 87.73855496130672 39.320121503994834
31.68687495705545 86.62258189573198 24.31312504294455 93.37741810426802
45.400231190962614 45.016044242393335 44.599768809037386 54.983955757606665
64.66219583431946 48.19336500574846 55.33780416568054 51.80663499425154
79.9524873390042 43.110959478072054 82.0475126609958 52.889040521927946
75.90663729615545 25.038277356003174 66.09336270384455 26.961722643996826
43.66418154986756 31.801502281396022 34.33581845013244 28.198497718603978
50.10414703344416 46.015196399651984 59.89585296655584 43.984803600348016
32.30394104000947 79.63263483354214 39.69605895999053 86.36736516645786
16.112757131990694 6.0558679600651635 25.887242868009306 3.9441320399348365
40.39069229294864 16.26606625479136 43.60930770705136 25.73393374520864
3.5234723397274443 45.343594219987054 8.476527660272556 36.656405780012946
60.64132661006981 61.591297261139594 65.35867338993019 70.4087027388604
90.99995092791437 2.9778478342308876 81.00004907208563 3.0221521657691124
