68.99850732165241 4.122166097536323 59.00149267834759 3.8778339024636765
60.10347762486249 45.87671376353255 57.89652237513751 36.12328623646745
83.42501521904589 52.7926330576717 80.57498478095411 43.2073669423283
3.585213021500506 17.652734370704646 12.414786978499494 22.347265629295354
2.810625383900334 39.0035875615821 3.189374616099666 48.9964124384179
34.92308530378795 75.999408377949 35.07691469621205 66.000591622051
90.17004907882306 66.34690644559089 93.82995092117694 75.65309355440911
46.881676526731965 70.47090454256022 51.118323473268035 79.52909545743978
9.182716369531875 30.770705079346254 16.817283630468125 37.22929492065374
93.85930060016479 82.131858169772 96.14069939983521 91.868141830228
75.11242831332076 27.531848035965105 70.88757168667924 18.468151964034895
65.66191469907851 80.80736032337654 56.33808530092149 77.19263967662346
68.97526687807482 84.57170162904133 73.02473312192518 75.42829837095867
86.70978495846366 36.20203111350739 81.29021504153634 27.79796888649261
62.85033337749522 14.21419361189056 53.14966662250478 11.78580638810944
5.838846549806858 33.49118466061003 10.161153450193142 42.50881533938997
78.54015177314237 85.73952354725938 87.45984822685763 90.26047645274062
14.355756163112156 78.41026222575927 9.644243836887844 69.58973777424073
79.9355277936957 14.8003532955247 70.0644722063043 13.1996467044753
26.585860863843404 69.62142349258608 31.414139136156596 78.37857650741392
53.7513804029456 43.68323250374974 50.2486195970544 34.31676749625026
27.995340889784618 94.78420056801319 18.004659110215382 95.21579943198681
21.284559982676335 37.33728371541547 30.715440017323665 40.66271628458453
84.99994156178126 95.97582607246726 75.00005843821874 96.02417392753274
28.694158012806913 82.63054951417675 21.305841987193087 89.36945048582325
43.8703766099022 86.00168050473566 44.1296233900978 95.99831949526434
39.900480938306636 24.13749349995275 48.099519061693364 29.86250650004725
43.44472792477228 8.290064120226662 34.55527207522772 3.709935879773338
22.027850458737625 81.99992243459317 21.972149541262375 72.00007756540683
64.26474395382567 33.39458722530017 73.73525604617433 36.60541277469983
19.71829234032841 68.58204947998865 28.28170765967159 63.41795052001135
65.47889441910938 52.68212706879856 70.52110558089062 61.31787293120144
76.83549981179566 64.72801667851968 67.16450018820434 67.27198332148032
83.24064918995934 38.80764925217855 76.75935081004066 31.19235074782145
96.25356657268551 56.62814980770359 87.74643342731449 51.37185019229641
69.30403073886252 91.54466488931776 60.69596926113748 86.45533511068224
54.63482516782557 68.87573869813754 45.36517483217443 65.12426130186246
35.48024847164779 50.02708753859717 36.51975152835221 59.97291246140283
70.77149851622077 71.50574369343713 61.228501483779226 74.49425630656287
85.85649250790648 68.13251701435681 88.14350749209352 77.86748298564319
65.13769245215869 19.359761795203475 68.86230754784131 28.640238204796525
12.328933288160364 91.50206646327732 3.671066711839635 86.49793353672268
80.77497978357131 80.32620042434574 89.22502021642869 85.67379957565426
2.5127362638782484 12.337455372332222 7.487263736121752 3.662544627667777
83.92507318736904 4.137646186847576 74.07492681263096 5.862353813152424
91.96325051239761 35.972699862094295 86.03674948760239 44.027300137905705
38.26001017405811 96.94493832696652 39.73998982594189 87.05506167303348
32.24839766793567 86.05681338260071 33.75160233206433 95.94318661739929
12.497489569790398 84.18462526984071 3.502510430209602 79.81537473015929
36.08236904729557 84.06047160115929 41.91763095270443 75.93952839884071
30.55151572303623 51.48052048322107 23.44848427696377 58.51947951677893
8.158706195851918 11.750250304293937 17.84129380414808 14.249749695706063
75.40702183632796 51.52285923273506 82.59297816367204 58.47714076726494
61.2853363586482 24.230840277920798 54.7146636413518 31.769159722079202
92.00201278973921 12.583453622284654 95.99798721026079 3.4165463777153446
75.55901035143842 60.29551696786674 70.44098964856158 51.70448303213326
35.37435353886481 23.42178263207517 26.625646461135194 18.57821736792483
18.995550744380285 47.21088565698404 9.004449255619715 46.78911434301596
13.97703365143245 95.52131844352536 4.022966348567551 96.47868155647464
54.994190655439866 61.24095579909418 45.005809344560134 60.75904420090582
23.276820314170934 28.359398386148655 32.723179685829066 31.640601613851345
85.94800750098601 12.03952758045681 92.05199249901399 19.96047241954319
40.97426575882905 55.00006622555544 41.02573424117095 64.99993377444456
13.98867130836531 58.336390512786465 4.01132869163469 57.663609487213535
52.710382536659495 5.676990267811128 43.289617463340505 2.3230097321888716
86.77052446064141 57.33325354374148 95.22947553935859 62.66674645625852
30.71869826376607 45.65765303670262 23.28130173623393 52.34234696329738
67.56863280028311 39.252433134975774 64.43136719971689 48.747566865024226
43.53716160395849 43.021468025697764 44.46283839604151 52.978531974302236
95.25983456238225 48.993244035713815 94.74016543761775 39.006755964286185
18.532996683148003 63.978143017436246 19.467003316851997 54.021856982563754
38.98113675592811 11.566091462699834 29.018863244071888 12.433908537300166
35.53701459613725 35.21882088726175 38.46298540386275 44.78117911273825
13.726856972106564 7.596198887444048 22.273143027893436 2.403801112555952
17.25570742013327 73.4622622104439 12.74429257986673 64.5377377895561
6.062210066514815 52.78627639718637 15.937789933485185 51.21372360281363
48.77800896823752 89.678580170112 57.22199103176248 84.321419829888
77.4207697363769 75.20610665990621 74.5792302636231 84.79389334009379
20.08228096198043 8.903349026179741 29.91771903801957 7.096650973820259
58.872547536486664 59.4751855269535 63.127452463513336 68.52481447304649
2.191456033778257 24.629633288162445 11.808543966221743 27.370366711837555
96.44357097034752 32.98028561372387 95.55642902965248 23.019714386276128
48.40093150155512 45.036018036478076 49.59906849844488 54.963981963521924
69.989494893057 8.676054461123293 60.010505106943 9.323945538876707
3.262401441296243 72.68836338702437 6.737598558703757 63.31163661297563
34.370354879853025 17.888487771074868 43.629645120146975 14.111512228925132
45.14381989338796 19.19059429368088 54.85618010661204 16.80940570631912
20.435958317354366 20.21063431018044 17.564041682645634 29.78936568981956
69.98690925791483 95.63842559088991 60.01309074208517 96.36157440911009
86.60053271857906 20.199844655822865 89.39946728142094 29.800155344177135
