95.59479161020093 19.738843711289995 92.40520838979907 10.261156288710007
80.16353422541397 38.128042974846636 73.83646577458603 45.871957025153364
46.68290450256694 13.618252755605154 39.31709549743306 20.381747244394845
22.284345733988047 41.34573061908265 29.715654266011953 34.65426938091735
8.853576231716577 85.07339796445375 7.146423768283423 94.92660203554625
13.792391965093412 78.93681222791139 12.207608034906588 69.06318777208861
95.263668903404 86.05451554282234 96.736331096596 95.94548445717766
67.70032779280189 87.17186866853885 70.29967220719811 96.82813133146115
27.287826323644648 22.55411980448881 22.712173676355352 31.44588019551119
69.72197434462916 66.00773581078128 70.27802565537084 75.99226418921872
67.79115680558662 45.668164232093886 64.20884319441338 36.331835767906114
52.87523929808843 65.15951268118219 45.12476070191157 58.84048731881781
84.96365605248111 85.9062579439443 83.03634394751889 76.0937420560557
65.8582132412162 52.64187931232263 62.141786758783795 43.35812068767737
77.57923936376281 29.716598979267008 72.42076063623719 38.283401020732995
5.788171038399918 61.69453090504206 14.211828961600082 56.30546909495794
40.21948707404588 89.72773442143004 47.78051292595412 96.27226557856996
30.571589737891646 64.02498574523472 21.428410262108354 59.975014254765284
47.15545615638213 8.219319483941776 38.84454384361787 13.780680516058224
10.720005926111206 63.4151110802441 19.279994073888794 68.5848889197559
51.26131564344577 85.94513350895424 52.73868435655423 76.05486649104576
42.65293017993733 83.16963371408116 33.34706982006267 86.83036628591884
28.08250874162102 58.095411848537516 37.91749125837898 59.904588151462484
77.85059740042774 81.35507919749647 74.14940259957226 90.64492080250353
54.37769382601386 90.257171635003 59.62230617398614 81.742828364997
65.61356858440523 81.73745859203572 60.38643141559477 90.26254140796428
53.371880213491025 11.191887617803447 50.628119786508975 20.808112382196555
54.93283428607818 41.611306932157156 51.06716571392182 32.388693067842844
4.7234341297697995 78.94738749845655 3.2765658702302005 69.05261250154345
32.21160044602987 2.560823252154676 41.78839955397013 5.439176747845324
51.19590441008537 58.38588078959296 60.80409558991463 55.61411921040704
65.73816262763373 63.78951407917093 72.26183737236627 56.21048592082907
96.99610339955865 70.19735962332386 87.00389660044135 69.80264037667614
94.37817843591728 30.39821183288596 89.62182156408272 21.60178816711404
96.99440546032339 57.23646162033602 87.00559453967661 56.76353837966398
81.69185194028707 70.62802294625266 74.30814805971293 77.37197705374734
48.21244114705453 78.14922826089197 45.78755885294547 87.85077173910803
17.07646679664227 74.1288967940399 26.92353320335773 75.8711032059601
27.031049806007182 69.55635777123965 36.96895019399282 68.44364222876035
64.14350749209365 75.86748298564316 61.856492507906346 66.13251701435684
55.0026557058347 3.16294172447063 64.9973442941653 2.83705827552937
7.048297760594418 66.09140928091266 8.951702239405583 75.90859071908734
39.008430298761354 72.70977264485172 48.991569701238646 73.29022735514828
19.940719041506814 25.76765575155273 10.059280958493186 24.23234424844727
56.80277350400785 29.491346760751174 61.19722649599215 20.508653239248826
82.03368714670174 64.57942785846426 91.96631285329826 63.42057214153574
74.6628895589213 70.81789743232028 77.3371104410787 61.18210256767972
44.943186617399284 52.24839766793562 35.056813382600716 53.75160233206438
28.404106228038096 82.33775194883904 21.595893771961904 89.66224805116096
25.47962677562576 52.1368729284542 34.52037322437424 47.8631270715458
5.932783377966395 31.611328270016873 2.067216622033605 22.388671729983127
25.348726597489026 18.834572357552023 34.651273402510974 15.165427642447977
15.715666481265806 10.770033599017264 22.284333518734194 3.229966400982736
56.881757990758054 63.126650555442744 59.118242009241946 72.87334944455726
84.79902357104861 10.250756820590727 77.20097642895139 3.749243179409274
86.04607078055811 38.67718925623481 95.95392921944189 37.32281074376519
40.756082254806806 33.5426216598738 31.243917745193194 30.457378340126198
3.627374092285963 51.691259200681536 10.372625907714037 44.308740799318464
21.112142937987116 96.91338297813246 14.887857062012884 89.08661702186754
96.8726378429913 42.83729923371942 89.1273621570087 49.16270076628058
45.30259363167977 31.29693593273641 48.69740636832023 40.70306406726359
72.52073047615484 9.778256420566953 81.47926952384516 14.221743579433047
58.401508319968904 16.614483178789513 53.598491680031096 25.385516821210487
42.37910687995793 40.41317693796065 33.62089312004207 35.58682306203935
19.859871783877324 21.175434491697867 10.140128216122676 18.824565508302133
85.86857447436718 96.52294430970368 90.13142552563282 87.47705569029632
51.88981149157241 69.04390783926857 42.11018850842759 66.95609216073143
51.420558526860084 44.50892584719746 58.579441473139916 51.49107415280254
65.86231595522112 20.480010295952233 70.13768404477888 29.519989704047767
72.06126958507522 51.78034728723621 81.93873041492478 50.21965271276379
20.983976757398857 52.01196743647097 15.016023242601145 43.98803256352903
67.87227227876147 7.877073982128617 58.12772772123853 10.122926017871384
46.059220838620405 46.92262131006983 53.940779161379595 53.07737868993017
2.0412514786735025 6.969391213780694 7.9587485213264975 15.030608786219306
3.245725715433529 92.99395823698744 2.754274284566471 83.00604176301256
2.062505975987897 58.08158089474688 9.937494024012103 51.91841910525312
25.3444816436551 94.82377324076643 34.6555183563449 91.17622675923357
63.99527258348133 95.78262516999484 54.00472741651867 96.21737483000516
2.4260750715369537 46.96695179929186 3.5739249284630463 37.03304820070814
63.99639561431133 27.997299246441745 58.00360438568867 36.00270075355826
17.207703315807247 2.1645548579390184 10.79229668419275 9.835445142060982
73.46933748310528 26.779230833590468 70.53066251689472 17.220769166409532
31.590132452299144 39.64350510042249 40.409867547700856 44.35649489957751
87.10048619615274 28.877389684255018 84.89951380384726 19.122610315744982
9.34448930932901 39.71797460284326 12.65551069067099 30.282025397156737
24.307267861832056 13.725765070745643 33.69273213816794 10.274234929254357
86.0135843951505 3.6316802805803765 95.9864156048495 4.368319719419624
33.04496597812343 26.33094257193745 42.95503402187657 27.66905742806255
82.33611162006338 89.27570687801321 75.66388837993662 96.72429312198679
91.92783712170784 33.84641674246097 82.07216287829216 32.15358325753903
