80.1156848001864 5.160785561900147 71.8843151998136 10.839214438099853
64.77144603343756 11.67567951752666 61.22855396656244 2.3243204824733406
71.83341634221122 65.76397912847537 80.16658365778878 60.23602087152464
13.538041633729797 14.218506746288085 16.461958366270203 23.781493253711915
2.1171021519162454 56.07856815653726 3.8828978480837546 65.92143184346274
44.27201376337476 53.99259536839655 43.72798623662524 44.00740463160345
96.58639464939878 85.00877321232205 87.41360535060122 88.99122678767795
56.603614743900025 87.03656880364535 55.396385256099975 96.96343119635465
15.460011094293934 43.094874873606024 24.539988905706068 38.905125126393976
96.62976222569472 92.11179933970716 87.37023777430528 95.88820066029284
83.92391168706943 28.868961275282757 74.07608831293057 27.131038724717243
54.29438065193991 62.439083207864 45.70561934806009 67.560916792136
41.46433112863115 76.89578805979635 50.53566887136885 81.10421194020365
96.90506302574786 36.969719914945166 87.09493697425214 35.030280085054834
93.78290310912914 2.542660695416891 84.21709689087086 5.457339304583109
4.034102696816068 26.0001163007456 3.965897303183932 35.9998836992544
64.06323227006386 90.7926691495581 73.93676772993614 89.2073308504419
35.381160236029416 40.73068259541767 38.618839763970584 31.26931740458233
89.99952592769635 18.93114872338186 80.00047407230365 19.06885127661814
21.80240547749492 23.336167402800964 18.19759452250508 32.66383259719904
73.42042834312265 58.7939945058431 70.57957165687735 49.2060054941569
27.568300896906674 81.03240157716276 26.431699103093326 90.96759842283724
48.16815374578617 50.06968238250816 49.83184625421383 59.93031761749184
49.64492080250356 92.85059740042766 40.35507919749644 89.14940259957234
12.093439685997565 79.12102575810391 9.906560314002435 88.87897424189609
27.98146636018525 69.02487187071259 36.01853363981475 74.97512812928741
42.81022331921914 38.72869407687724 51.18977668078086 33.27130592312276
31.991913998822266 13.284243959236246 22.008086001177734 12.715756040763754
14.912182559480383 87.54323874951142 19.087817440519615 78.45676125048858
87.00123132857843 45.110958413895425 96.99876867142157 44.889041586104575
11.12034442094609 63.52814968133374 6.879655579053911 54.47185031866626
87.57385716516163 71.67421849572904 96.42614283483837 76.32578150427096
90.44459963491336 78.29031309766329 81.55540036508664 73.70968690233671
82.99485580813838 33.226749764953084 73.00514419186162 32.773250235046916
90.6768911988594 82.76824452891323 81.3231088011406 79.23175547108677
76.77101324315275 92.504194988088 67.22898675684725 95.495805011912
70.95093331388065 72.69875555203996 61.04906668611934 71.30124444796004
29.1488602934751 61.11610004606505 22.8511397065249 68.88389995393496
74.99125793641673 76.70445945767621 65.00874206358327 77.29554054232379
79.86947427261583 84.47663177212442 84.13052572738417 93.52336822787558
57.886513729621406 8.125561742551419 60.113486270378594 17.87443825744858
2.6195193508198455 80.80565013054833 5.3804806491801545 71.19434986945167
62.01026688517603 84.32025527759752 71.98973311482398 83.67974472240248
9.45409106058916 2.4748716628459766 16.54590893941084 9.525128337154023
74.88948864410442 38.858045498836304 67.11051135589558 45.141954501163696
84.94705681146567 48.72569201740897 75.05294318853433 47.27430798259103
21.34642395158234 90.95709979210977 22.65357604841766 81.04290020789023
19.901680377169484 54.37575825209272 16.098319622830516 63.62424174790728
2.968308639322517 51.89240359499331 5.031691360677483 42.10759640500669
6.252901651433929 95.57005008488305 15.747098348566071 92.42994991511695
29.828527159918703 38.49614546140872 34.17147284008129 47.50385453859128
19.315861725025343 17.251043562315672 28.684138274974657 20.748956437684328
82.03661967230704 41.6040328821103 91.96338032769296 40.3959671178897
53.96354084518039 2.3972875658940644 44.03645915481961 3.6027124341059356
93.16319013414089 22.650390254234864 96.83680986585911 13.349609745765134
84.8496663672952 63.92727785539717 83.1503336327048 54.07272214460283
67.21195366821911 16.168113567286497 60.78804633178089 23.831886432713503
9.31850269324729 18.73999196187779 2.6814973067527097 11.26000803812221
37.08166135994606 94.8815989903309 34.91833864005394 85.1184010096691
60.352553578280514 39.27920342658533 63.647446421719486 48.72079657341467
53.28813882635525 51.79930851229489 58.71186117364475 60.20069148770511
77.20884417553317 12.429974078673329 86.79115582446683 9.570025921326671
64.51355106164198 54.22606351595936 67.48644893835802 63.77393648404064
25.420555665495797 76.33638344632318 16.579444334504203 71.66361655367682
37.985241962124604 3.6161216611059723 28.014758037875396 4.383878338894028
88.73501363396169 61.21319870740702 95.26498636603831 68.78680129259298
14.54931368378183 28.246093489639666 11.45068631621817 37.75390651036034
58.88814522488265 29.918503073627576 53.11185477511735 38.081496926372424
64.27723967633334 28.05251402078457 65.72276032366666 37.94748597921543
96.79443248617645 61.1462208190353 91.20556751382355 52.8537791809647
26.317499408752415 54.98990923018063 25.682500591247585 45.01009076981937
40.88691094988573 15.85485719439349 33.11308905011427 22.14514280560651
31.02751383884235 27.523814258201934 40.972486161157654 26.476185741798066
16.793329287425358 3.297423171125982 25.206670712574642 8.702576828874019
13.486178330223279 55.322117607442095 18.51382166977672 46.677882392557905
3.6512599829293344 19.287057730307463 10.348740017070666 26.712942269692537
53.41096642785213 68.98513749491055 62.58903357214787 65.01486250508945
50.91614276798409 86.91188830719432 41.08385723201591 85.08811169280568
2.787325423602679 5.30679133497316 11.21267457639732 10.693208665026841
68.80965554710468 21.003624414713002 69.19034445289532 30.996375585286998
23.394303882724422 31.053833697930035 32.60569611727558 34.94616630206997
94.35146223007268 30.71048526750831 87.64853776992732 23.28951473249169
53.97578007690171 42.428071117905276 58.02421992309829 51.571928882094724
46.61219375300661 9.069282831503584 37.38780624699339 12.930717168496416
37.81883495626696 63.1415178152572 40.18116504373304 72.8584821847428
50.951090360045704 7.439082407310743 55.048909639954296 16.560917592689258
41.15721641830205 22.198908305067942 48.84278358169795 15.801091694932058
52.68913879849603 26.26449507968453 43.31086120150397 29.73550492031547
59.60752003102242 76.94184426865986 50.39247996897758 73.05815573134014
96.87175086148729 7.836213460649972 89.12824913851271 14.163786539350028
