66.92998105393616 3.1661614018105846 57.07001894606384 4.833838598189415
63.777843023605726 25.157353501472418 58.222156976394274 16.842646498527582
64.16055417095633 67.25688665668464 73.83944582904367 64.74311334331536
5.0609892737783575 5.954976396712358 10.939010726221642 14.045023603287643
3.3758799743444023 62.03910550469216 4.624120025655598 71.96089449530784
35.74865532194203 68.99367858925781 36.25134467805797 59.00632141074218
95.94467268489241 86.74176279178653 86.05532731510759 85.25823720821347
67.44942407829376 87.24650504249506 70.55057592170624 96.75349495750494
21.99476972154858 44.99301360113447 30.00523027845142 39.00698639886553
95.77671211366696 93.52249487880842 86.22328788633304 96.47750512119158
77.87168571795075 20.125468020653944 68.12831428204925 17.874531979346056
41.501237842183876 70.82310820478098 32.498762157816124 75.17689179521902
53.80132164709365 86.28502300399514 62.19867835290635 91.71497699600486
80.27758778548977 29.588869007390816 71.72241221451023 24.411130992609184
87.7567405719585 2.4594094862410922 78.2432594280415 5.540590513758907
7.143949697567908 39.4829788915372 2.856050302432092 48.5170211084628
74.1209683080711 90.15485548528156 81.8790316919289 83.84514451471844
35.0095165341597 53.999990943549555 34.9904834658403 44.000009056450445
96.24996911526921 8.36603672780773 87.75003088473079 13.63396327219227
21.098582433525134 30.000971944087503 20.901417566474866 39.9990280559125
76.74845502729643 61.840830009543865 79.25154497270357 52.159169990456135
22.481517795234886 76.02323994823217 21.518482204765114 85.97676005176783
44.64598683751591 48.04190550657249 43.35401316248409 57.95809449342751
40.95464683466296 95.67191870324045 31.04535316533704 94.32808129675955
11.924052866210786 87.38502214869605 8.075947133789214 96.61497785130395
45.169008771210095 87.87865450823222 50.830991228789905 96.12134549176778
45.673156448738425 43.50567852744643 54.326843551261575 38.49432147255357
39.885989702186365 20.06165184035483 30.114010297813635 17.93834815964517
15.898826406250526 84.62541438996828 12.101173593749474 75.37458561003172
89.12922935292605 61.1649857184118 96.87077064707395 54.8350142815882
8.35442360619263 61.410973756734776 3.6455763938073713 52.589026243265224
87.55463566904047 71.63878534249106 92.44536433095953 80.36121465750894
74.99610339955865 72.19735962332386 65.00389660044135 71.80264037667614
84.8833473813132 33.92625964338602 75.1166526186868 36.07374035661398
86.6709752659304 78.22680625635812 81.3290247340696 69.77319374364188
88.47827869624402 89.7762599255383 79.52172130375598 94.2237400744617
60.924544730403156 72.13463348905884 51.075455269596844 73.86536651094116
23.652060829107544 58.76130051092161 18.347939170892456 67.23869948907839
68.83829543504388 83.26130776705513 59.161704564956125 80.73869223294487
67.02541479685192 76.49651012262396 76.97458520314808 77.50348987737604
56.976884941671855 29.427582099067727 61.023115058328145 38.57241790093227
2.7842341716819723 89.82868778270337 9.215765828318027 82.17131221729663
45.598756890573576 75.62743617752305 54.401243109426424 80.37256382247695
15.91012680398505 2.069009840695559 22.08987319601495 9.930990159304441
74.21851460087804 40.173622631791936 67.78148539912196 47.826377368208064
96.5260500215078 34.685017811295104 91.4739499784922 43.314982188704896
27.846584161683527 89.51251595313389 32.15341583831647 80.48748404686611
18.736353159023913 47.67740085609894 11.263646840976087 54.32259914390106
7.894199475088865 49.5349315484673 12.105800524911135 40.4650684515327
14.200999497725434 94.40342230963044 23.799000502274566 91.59657769036956
30.458341058350534 44.021051971125814 29.541658941649466 53.978948028874186
10.48611788270131 20.849449319097296 19.513882117298692 25.150550680902704
80.43009791042502 41.028791485515015 89.56990208957498 36.971208514484985
59.99935065361605 10.91942058458387 50.00064934638395 11.08057941541613
95.47462342132995 26.97742228547318 94.52537657867005 17.02257771452682
82.77210439594826 63.84688274930913 85.22789560405174 54.15311725069087
68.11074381352054 8.467367149913336 63.88925618647946 17.532632850086664
8.618644392032788 26.259425025525772 3.3813556079672127 17.740574974474228
28.081661359946057 74.8815989903309 25.918338640053943 65.1184010096691
60.435193752857096 43.25117052223366 63.564806247142904 52.74882947776634
40.863902859739866 62.105787020866444 47.136097140260134 69.89421297913356
74.37666075392274 9.096126523194975 83.62333924607726 12.903873476805025
74.7567445552832 48.05759798498248 73.2432554447168 57.94240201501752
17.640557970277985 72.86151060284101 8.359442029722015 69.13848939715899
52.999728813124065 4.052074900067261 43.000271186875935 3.9479250999327387
84.0071208815927 44.994669229314326 89.9928791184073 53.005330770685674
13.459144962230171 27.243345108946905 16.54085503776983 36.756654891053095
50.233638166252284 51.154575676499974 47.766361833747716 60.845424323500026
65.27723967633334 32.05251402078457 66.72276032366666 41.94748597921543
96.20781654775811 74.85192530723234 93.79218345224189 65.14807469276766
11.263370021503793 65.32228782675485 18.736629978496207 58.677712173245155
36.19437498923541 24.278379444214092 27.805625010764583 29.721620555785908
39.148806586987284 33.21075285237824 48.851193413012716 30.789247147621758
26.021225803963212 4.46022549351186 35.97877419603679 3.53977450648814
18.45318837449861 54.52422009715741 25.54681162550139 47.47577990284259
3.204281374604711 25.333588678823045 6.795718625395288 34.66641132117695
60.67987849600513 62.73855496130669 67.32012150399487 55.26144503869331
65.98464332622825 95.60842508981271 56.01535667377175 96.39157491018729
14.39429814276832 10.732645101328064 19.60570185723168 19.267354898671936
69.72248576005906 28.007707355670142 70.27751423994094 37.99229264432986
30.52086212595637 33.40895563193725 37.47913787404363 40.59104436806275
87.41570868310998 30.6514290616315 80.58429131689002 23.3485709383685
52.748660679812986 58.00632114106965 53.251339320187014 67.99367885893035
39.78983250681588 6.738532604749558 32.21016749318412 13.261467395250442
28.317455825379433 59.29159845590349 31.682544174620567 68.70840154409652
47.56137691940677 16.63501231722265 52.43862308059323 25.36498768277735
38.329900744725684 28.395640065795387 45.670099255274316 21.604359934204613
53.79877899546497 33.59582046992409 44.20122100453503 36.40417953007591
49.85456518305863 83.19716201219171 40.14543481694137 80.80283798780829
95.5221325509788 3.8668527497197824 86.4778674490212 8.133147250280217
