95.12556454885588 15.824839314584752 86.87443545114412 10.175160685415248
66.92778195349763 36.15326213100918 57.07221804650237 37.84673786899082
40.945838115404335 5.733951862327269 31.05416188459566 4.266048137672731
37.42395678605378 11.626850848719675 32.57604321394622 20.373149151280323
21.447615559213276 84.2141448838558 18.552384440786724 93.7858551161442
22.33618151079309 59.59758408213435 29.66381848920691 66.40241591786565
75.9650944381619 90.04598524232433 68.0349055618381 83.95401475767567
64.65005782810198 58.28814231887332 71.34994217189802 65.71185768112667
11.391159133707605 29.26590757727022 14.608840866292395 38.73409242272978
43.95137320900298 70.43895535307873 48.04862679099702 79.56104464692127
59.34510937847911 54.71621356302502 52.65489062152089 47.28378643697498
64.32178534780658 64.5143928506668 55.67821465219341 59.485607149333205
73.93996416678293 93.77249856368842 64.06003583321707 92.22750143631158
75.51523565515383 40.585584674901554 82.48476434484617 33.414415325098446
86.78014018043027 20.466376437152523 77.21985981956973 17.533623562847477
21.975054179656794 42.033552437122516 30.024945820343206 47.966447562877484
50.17661892356631 90.22207342318092 57.82338107643369 83.77792657681908
24.126017746015084 50.88451939154456 33.87398225398491 53.11548060845544
67.99407747668258 15.756709727091572 58.00592252331743 16.24329027290843
25.88627977049305 19.125615192623073 28.11372022950695 28.874384807376927
67.47483542798624 52.23066086450613 58.525164572013765 47.76933913549387
3.766953116227783 88.47364522675582 8.233046883772218 79.52635477324418
29.69525901235484 60.54346319597665 38.30474098764516 55.45653680402335
57.273335919080886 79.40411862314683 48.726664080919114 84.59588137685317
39.64121026528932 72.95871449023713 38.35878973471068 63.04128550976288
69.13844510943197 69.83154630130498 78.86155489056803 72.16845369869502
56.028080454934134 10.529165415907004 65.97191954506587 9.470834584092996
41.49616943435045 41.171522561688185 50.50383056564955 36.828477438311815
22.072011147211455 96.61333490910026 25.927988852788545 87.38666509089974
40.85103676551927 27.3552542703937 37.14896323448073 36.6447457296063
44.09339797462442 31.961902575409955 53.90660202537558 30.038097424590045
84.55463566904047 37.63878534249106 89.44536433095953 46.36121465750894
96.80476037550798 25.065188885275116 95.19523962449202 34.93481111472488
73.08030737650539 11.914688746837342 74.91969262349461 2.0853112531626588
92.99440546032339 72.23646162033603 83.00559453967661 71.76353837966397
95.70283935731425 57.00883825623347 96.29716064268575 66.99116174376654
46.228367495362264 63.71750274181987 53.771632504637736 70.28249725818013
43.00000084484548 54.9970933775424 52.99999915515452 55.0029066224576
12.270567285972163 65.05349336241161 13.729432714027837 74.94650663758839
74.59433399231594 81.3643407175653 83.40566600768406 76.6356592824347
7.597868935739223 12.964126583365704 6.402131064260777 3.0358734166342964
7.7251963312955105 62.807947405399894 2.27480366870449 71.19205259460011
34.37256382247696 69.59875689057358 29.62743617752304 78.40124310942642
17.98677370324356 42.63656082676943 8.01322629675644 43.36343917323057
73.88196541734033 36.15124491250264 66.11803458265967 29.84875508749736
89.50935226971681 85.77262709041902 92.49064773028319 76.22737290958098
92.74717711147991 90.84049943807456 95.25282288852009 81.15950056192544
11.015605769838052 59.90213912487435 12.984394230161948 50.09786087512565
42.97176248276339 95.46936093718382 33.02823751723661 96.53063906281618
58.045071610885735 2.3301607217029603 67.95492838911427 3.6698392782970397
26.328784220942314 75.73084382015725 19.671215779057686 68.26915617984275
11.62024712506888 19.911365088959393 2.3797528749311194 16.088634911040607
24.46825353821522 3.460682702883128 31.53174646178478 10.539317297116872
27.230840277920805 33.71466364135179 34.769159722079195 40.28533635864821
59.26552887863861 23.05423896939145 60.73447112136139 32.94576103060855
87.01819794018415 33.97588817064477 94.98180205981585 40.02411182935523
76.73235538937517 58.456207795862326 81.26764461062483 49.543792204137674
10.102364469497875 87.07476481927138 15.897635530502125 78.92523518072862
48.46163932143368 95.35204915541766 43.53836067856632 86.64795084458234
91.8919917135487 19.001166715116632 92.1080082864513 28.998833284883368
69.63084427794713 79.88554535172301 60.36915572205287 76.11445464827699
79.82488070318334 24.248931324494215 88.17511929681666 29.751068675505785
79.23597734194914 2.0055716349028874 78.76402265805086 11.994428365097113
80.85600587597122 86.0738195383946 79.14399412402878 95.9261804616054
2.355740347837714 43.04168077867149 3.644259652162286 52.95831922132851
84.37056052115896 91.96022236824886 85.62943947884104 82.03977763175114
28.327901819619655 82.50385020313374 19.672098180380345 77.49614979686626
58.40721441703382 70.02355860473982 67.59278558296617 73.97644139526018
37.99053038823412 45.012667840308694 46.00946961176588 50.987332159691306
94.0797632000801 48.06108407916183 87.9202367999199 55.93891592083817
82.01602324260105 57.9880325635291 87.98397675739895 66.0119674364709
29.88454811691805 16.14806066131967 22.11545188308195 9.851939338680333
19.0884402621274 56.999217770815235 18.9115597378726 47.000782229184765
16.936445015294083 28.114424210545167 19.063554984705917 37.88557578945483
13.19325580218729 94.66215351566957 16.806744197812712 85.33784648433043
2.135522797699343 62.09814230566727 7.864477202300657 53.90185769433273
33.44631078628772 85.0649248279103 42.55368921371228 80.9350751720897
63.627369354677384 85.55875145263418 56.372630645322616 92.44124854736582
9.136298160115055 25.159484546123753 18.863701839884946 22.840515453876247
66.97424202930968 44.506869050001164 57.025757970690314 43.493130949998836
46.04111067748203 26.564413127913472 41.95888932251797 17.435586872086528
52.18231506179157 23.996675016272714 51.81768493820843 14.003324983727286
34.121564185322576 32.92223023836675 35.878435814677424 23.07776976163325
64.00038903673843 21.062371596377027 73.99961096326157 20.937628403622973
70.15415994166733 40.35318663178147 73.84584005833267 49.64681336821853
2.4707870424537752 36.76041045819294 5.529212957546225 27.239589541807057
87.02538120452714 5.503157867600329 96.97461879547286 4.496842132399671
13.537269401995502 2.021458005231813 14.462730598004498 11.978541994768186
37.7777585521595 90.5258822240856 28.222241447840503 93.4741177759144
77.05806598806896 30.92097593904468 68.94193401193104 25.07902406095532
