95.6199250937759 16.25863739980329 90.3800749062241 7.741362600196708
76.84615213826943 48.230775955544566 67.15384786173057 45.769224044455434
50.71492452150706 10.6641775014978 41.28507547849294 7.3358224985022
38.72762686790128 23.62774205508673 29.272373132098725 20.37225794491327
17.56241833215825 66.70651513441362 12.437581667841751 75.29348486558638
29.910184336300805 72.87635321839316 38.0898156636992 67.12364678160684
81.83506079334023 86.34891927776506 78.16493920665977 95.65108072223494
61.2844740656553 73.30351506245461 64.7155259343447 82.69648493754539
15.10733907886523 21.001152300564822 14.89266092113477 30.998847699435178
74.17713098846683 53.498877844463955 69.82286901153317 62.501122155536045
75.57456332095533 43.28621321289451 70.42543667904467 34.71378678710549
62.7821576625665 90.15446732333069 57.2178423374335 81.84553267666931
92.90999506300976 95.94443024158474 83.09000493699024 94.05556975841526
57.793798761395976 50.4869450737425 62.206201238604024 41.5130549262575
87.49603954058853 12.81239207135637 78.50396045941147 17.18760792864363
41.60137496953819 41.6225858918996 50.39862503046181 46.3774141081004
31.711690113697333 87.23343417797535 38.28830988630266 94.76656582202465
48.4801311829382 62.59008174691623 41.5198688170618 55.40991825308377
54.99407747668257 2.756709727091572 45.00592252331743 3.243290272908428
16.434521375795157 56.708343043910894 21.565478624204843 65.2916569560891
55.652994547225745 62.95717642628275 54.347005452774255 53.04282357371725
36.899164524305334 80.99909307063362 27.100835475694666 79.00090692936638
27.202325449601858 64.25233270273174 34.79767455039814 57.74766729726827
76.17010273417438 81.49548514009234 71.82989726582562 90.50451485990766
54.077500153382196 78.91416259732928 55.922499846617804 69.08583740267072
68.91903383520697 67.11824702073397 71.08096616479303 76.88175297926603
55.20203798941592 7.334452592835814 58.79796201058408 16.665547407164187
61.26868174426375 11.690686207513183 64.73131825573624 2.309313792486817
6.677269096325736 74.42774447649326 11.322730903674264 65.57225552350674
30.029923815519865 4.5462075800127595 39.970076184480135 3.4537924199872405
60.471850318666306 57.12034442094617 69.5281496813337 52.87965557905383
61.01045143890012 67.00781728635745 66.98954856109988 58.99218271364255
94.23179514733863 60.15410681968814 91.76820485266137 69.84589318031186
76.9493258719774 34.96148802404015 83.0506741280226 27.038511975959853
86.86610831877569 58.85065678322702 77.13389168122431 61.14934321677298
90.83870022077123 74.88396051323686 85.16129977922877 83.11603948676314
41.09018014191003 80.00081331194713 40.90981985808997 89.99918668805287
31.90257330046088 65.86550073144362 40.09742669953912 60.134499268556375
16.03370493951716 48.974941787482436 21.96629506048284 57.025058212517564
51.161541824184965 85.87358403728759 44.838458175815035 78.12641596271241
20.98169883771036 18.986208485982765 27.01830116228964 11.013791514017235
22.956387497018362 69.09232000273582 21.043612502981638 78.90767999726418
36.23596004726067 75.51786802084484 45.76403995273933 72.48213197915516
11.278249972361142 41.41222543988239 2.7217500276388584 46.58777456011761
56.9169846755999 27.936370982201012 63.0830153244001 20.063629017798988
77.10308593185252 67.0100656459752 86.89691406814748 64.9899343540248
80.2545898186345 78.31238623552925 87.7454101813655 71.68761376447075
33.99990429613067 53.030935893942775 24.000095703869327 52.969064106057225
26.880664117995458 83.84715271487778 19.119335882004542 90.15284728512222
44.675871655258376 23.427011117804938 49.324128344741624 14.57298888219506
8.368175370322792 58.95991911600716 9.631824629677208 49.04008088399284
20.5398154530702 32.352871695220045 25.4601845469298 23.647128304779955
11.22294212260102 10.276253010800342 18.77705787739898 3.723746989199657
39.50896366184926 48.80213908324263 48.49103633815074 53.19786091675737
71.56949343050871 27.498754985786473 64.43050656949129 34.501245014213524
87.0004680077211 30.06840948895976 96.9995319922789 29.93159051104024
47.11590056667873 30.148614233607127 54.88409943332127 23.851385766392873
2.6205519183959454 72.39752507974097 7.379448081604055 63.602474920259034
15.002621635916858 87.89951389413876 16.997378364083144 78.10048610586124
96.22920805353512 46.33282935680642 87.77079194646488 51.66717064319358
56.3592711730041 33.591617129577806 51.6407288269959 42.408382870422194
82.14057122726604 20.17726462731423 91.85942877273396 17.82273537268577
69.18415900154206 14.341382021637829 72.81584099845794 23.658617978362173
87.64828609791196 45.58093455052666 80.35171390208804 52.41906544947334
12.744290394876375 35.421485302861015 3.2557096051236254 38.578514697138985
96.69105914955146 88.70535003508967 93.30894085044854 79.29464996491033
51.78022171948097 69.46611060721979 42.21977828051903 66.53388939278021
39.86871962106409 34.183526596855714 48.13128037893591 39.816473403144286
70.18282178922871 4.3419034627545505 73.81717821077129 13.658096537245449
86.17096574596054 35.784646725258256 93.82903425403946 42.215353274741744
34.14970010247174 33.18985747316301 41.85029989752826 26.810142526836994
25.474642016446914 5.4046053265960206 18.525357983553086 12.59539467340398
29.854153292809812 39.205012507992166 38.14584670719019 44.794987492007834
3.9754545664652947 24.000060248193726 4.024545433534706 33.999939751806274
2.896766223303196 89.9989341651345 3.103233776696804 80.0010658348655
23.000001726821033 48.00415550326035 32.99999827317897 47.99584449673965
5.056316215237324 94.25167477907357 14.943683784762676 95.74832522092643
56.95731859842341 89.34808565460995 47.04268140157659 90.65191434539005
2.995360655903334 61.898030194710216 5.004639344096666 52.101969805289784
59.01918643410283 37.42584585476887 54.98081356589717 46.57415414523113
7.416931336853106 3.6229641407754656 2.5830686631468938 12.377035859224534
77.88028362344103 12.632983217692406 74.11971637655897 3.3670167823075934
16.077769761633235 40.121564185322654 25.922230238366765 41.878435814677346
80.27949223207871 45.94781452323802 81.72050776792129 36.05218547676198
24.697652822753255 36.754264657816556 31.302347177246745 29.245735342183444
10.19116613538376 26.996344214391403 9.80883386461624 17.003655785608597
82.57610002494525 7.330044851652117 91.42389997505475 2.669955148347883
30.04496597812343 14.33094257193745 39.95503402187657 15.66905742806255
52.99246007102533 94.72551422765872 43.00753992897467 95.27448577234128
96.97024514173185 22.45533199920423 87.02975485826815 23.54466800079577
