66.96883901523354 3.557349836900463 57.03116098476646 2.442650163099537
55.71652628624884 49.99195779765937 56.28347371375116 40.00804220234063
75.38174724439492 41.682904502566885 68.61825275560508 34.317095497433115
10.037281966641192 22.609450343650163 19.962718033358808 21.390549656349837
6.63636846638083 46.01324031983115 7.36363153361917 55.98675968016885
24.097608994343403 77.99904715763147 23.902391005656597 68.00095284236853
90.09872122880194 64.92782840589993 95.90127877119806 73.07217159410007
57.7183503636304 69.80350487900314 52.2816496363696 78.19649512099686
25.058456794031603 34.76233243637378 34.941543205968394 33.23766756362622
86.52249487880846 67.22328788633303 89.47750512119154 76.77671211366697
87.88526941184632 38.147170411237894 80.11473058815368 31.85282958876211
74.2314015879428 76.66368928397348 65.7685984120572 71.33631071602652
77.88478872329007 81.87404388657909 80.11521127670993 72.12595611342091
86.92123990697678 28.883967068379334 77.07876009302322 27.116032931620666
55.907232147914996 6.9586827663359685 46.092767852085004 5.0413172336640315
10.946837500351625 39.00028263312503 11.053162499648375 48.99971736687497
71.21948707404587 82.72773442143004 78.78051292595413 89.27226557856996
3.05529843979287 77.90994286750286 4.94470156020713 68.09005713249714
83.82483075597665 23.311872012119267 74.17516924402335 20.688127987880733
17.057071795276926 66.08971626066908 18.942928204723074 75.91028373933092
47.21846331246526 58.995225098141894 46.78153668753474 49.004774901858106
35.550759530987925 91.92862661716373 26.449240469012075 96.07137338283627
12.137618273925902 26.824782306346716 19.862381726074098 33.17521769365328
85.96561881625344 96.5853458564557 76.03438118374656 95.4146541435443
31.51787285944519 87.85784575114477 22.48212714055481 92.14215424885523
50.92768202335944 83.44967053899474 55.07231797664056 92.55032946100526
31.58218634408228 16.65843588565529 40.41781365591772 21.34156411434471
43.27415399326382 17.594534185912163 34.72584600673618 12.405465814087835
13.48846937182999 69.7733069175493 10.51153062817001 60.226693082450694
57.264743953825665 27.39458722530017 66.73525604617433 30.60541277469983
15.00062821026781 60.92074277301125 24.99937178973219 61.07925722698875
62.104361410704676 57.37327822980737 65.89563858929532 66.62672177019263
84.0069040153161 54.00922748908517 75.9930959846839 59.99077251091483
81.37156011655291 41.69223270941441 74.62843988344709 34.30776729058559
88.54215202390438 51.090180612229815 79.45784797609562 46.909819387770185
69.96693618587594 88.57406003643887 60.03306381412406 87.42593996356113
51.537597043619186 69.46653043638737 44.462402956380814 76.53346956361263
29.177402305849565 71.00314814889622 28.822597694150435 80.99685185110378
79.93302290447471 64.18434993782385 70.06697709552529 65.81565006217615
88.67679368484018 82.04601672306411 87.32320631515982 91.95398327693589
67.46591559424536 19.241157174688322 70.53408440575464 28.758842825311678
16.99999943047364 87.0023864750751 7.000000569526361 86.9976135249249
93.81815205724537 79.14168388840262 96.18184794275463 88.85831611159738
2.889567081179929 24.87513473996368 5.110432918820071 15.12486526003632
83.99345693166681 4.744289476969296 74.00654306833319 5.255710523030704
93.96325051239761 36.972699862094295 88.03674948760239 45.027300137905705
49.33527327113625 95.81840692463693 46.66472672886375 86.18159307536307
41.466588546123056 83.02181809004263 40.533411453876944 92.97818190995737
24.730204811764224 83.62023530351692 15.269795188235776 80.37976469648308
33.94243797398496 81.95617421975712 40.05756202601504 74.04382578024288
40.54106600630275 59.907460985691884 31.45893399369725 64.09253901430812
10.015239569865845 14.609918656984537 19.984760430134155 15.390081343015463
61.40702183632796 35.52285923273506 68.59297816367204 42.47714076726494
56.08357134106174 33.064064560414806 49.91642865893826 40.935935439585194
92.42938747753925 12.967333424404988 93.57061252246075 3.0326665755950124
69.1063757273055 60.87605709052193 66.8936242726945 51.12394290947807
31.146635538924098 23.793817049724563 22.853364461075902 18.206182950275437
27.99974141821953 44.94914972035309 18.00025858178047 45.05085027964691
18.990640401481212 96.30579140456112 9.009359598518788 95.69420859543888
49.319714647325426 63.48205135761626 40.680285352674574 68.51794864238374
24.131204821154036 26.862092487745024 33.868795178845964 29.137907512254976
79.68662274925254 9.471210429329044 88.31337725074746 14.528789570670956
42.430460775189815 25.252732720629453 45.569539224810185 34.74726727937055
22.785140585401567 56.44997571632864 13.214859414598433 53.55002428367136
50.87964576235483 11.090439009726126 41.12035423764517 8.909560990273874
86.11351204068748 58.94064386371073 95.88648795931252 61.05935613628927
35.283650020967045 51.229371068402095 28.71634997903296 58.770628931597905
61.112036789658035 43.00125538182204 60.887963210341965 52.99874461817796
46.51218073281706 22.2264904076561 49.48781926718294 31.7735095923439
91.04464364355836 55.601801986105365 94.95535635644164 46.398198013894635
31.34254688215738 47.71729256694492 34.65745311784262 38.28270743305508
39.568490528638534 4.968031917145358 30.431509471361462 9.031968082854643
39.302967570906624 31.048823797036487 40.697032429093376 40.95117620296351
4.360015500061316 9.427902104816607 11.639984499938684 2.5720978951833935
8.374800842475796 80.96075861269534 9.625199157524204 71.03924138730466
16.01189159806139 49.65536313239958 25.98810840193861 50.34463686760042
56.08112534578474 83.1052248621556 63.91887465421526 76.8947751378444
84.16792962875094 74.13831918136478 81.83207037124906 83.86168081863522
25.179726422957135 5.32851896578949 34.82027357704287 2.67148103421051
56.1933650057485 55.337804165680524 59.8066349942515 64.66219583431948
2.4650297727989336 28.894282773400022 11.534970227201066 33.10571722659998
96.87594354064719 28.92267436599238 95.12405645935281 19.07732563400762
39.48765617336382 45.02631888805607 40.51234382663618 54.97368111194393
81.94781452323801 16.720507767921372 72.05218547676199 15.279492232078628
3.493499995112821 93.97558617198251 2.506500004887179 84.02441382801749
48.277863834236534 16.64360275978983 57.722136165763466 13.356397240210171
56.79601108964334 19.706746615699046 65.20398891035666 14.293253384300954
18.40165132988899 2.7281638387536047 23.59834867011101 11.271836161246394
68.94043164126565 95.76950321505583 59.05956835873435 94.23049678494417
90.8033655578104 24.003868006532976 91.1966344421896 33.996131993467024
