95.99805072062411 7.860397012679447 86.00194927937589 8.139602987320554
69.3294010248404 49.730293395403606 62.67059897515961 42.269706604596394
44.35431283319813 7.457632956860334 35.64568716680187 2.5423670431396657
40.34726562929556 15.585213021500618 35.65273437070444 24.414786978499382
13.70574632716255 89.64329861937031 6.294253672837448 96.35670138062969
28.00060298453672 64.99919618890148 35.99939701546328 71.00080381109852
64.5117435533086 94.1550336677598 55.488256446691395 89.8449663322402
76.16887951054801 56.71148348229559 85.83112048945199 59.28851651770441
4.145600740314242 36.35659571158434 7.854399259685758 45.64340428841566
46.54791620273675 66.02047991868172 47.45208379726325 75.97952008131828
42.65626958067223 44.41052675600866 35.34373041932777 37.58947324399134
67.70457229988132 62.357997033195836 60.29542770011868 55.642002966804164
85.9223288141891 95.1221167247272 76.0776711858109 96.8778832752728
75.64249357997579 37.70501695535881 82.35750642002421 30.294983044641192
89.04230586418228 15.94274757673802 80.95769413581772 10.05725242326198
19.643181044015616 28.041540748920188 18.356818955984384 37.958459251079816
44.96117200756028 89.94751903259086 53.03882799243972 84.05248096740914
33.29829055997281 50.29884499778555 42.70170944002719 53.70115500221445
56.855900234796785 20.808264748486266 47.144099765203215 23.191735251513734
25.434521375795157 15.708343043910894 30.565478624204843 24.291656956089106
58.96790077949936 40.56565169941371 49.03209922050064 39.43434830058629
4.328798115489537 75.7124393111433 7.671201884510463 66.2875606888567
27.233434517364763 60.50991837519461 36.76656548263524 57.49008162480539
67.59302496861335 81.02411497356391 58.40697503138665 84.97588502643609
39.99187669162958 83.89731430430193 42.00812330837042 74.10268569569807
77.55914249374645 63.37225970862596 84.44085750625355 70.62774029137404
60.17399743475695 10.218960138111932 67.82600256524304 3.781039861888068
47.00808600117772 32.71575604076393 56.99191399882228 33.28424395923607
16.131857333941525 96.16819701328974 23.868142666058475 89.83180298671026
24.6878098756607 32.293483472500895 21.3121901243393 41.706516527499105
50.018335133353524 28.572197292645164 59.981664866646476 29.427802707354836
81.71395176910676 44.008189065118465 82.28604823089324 53.991810934881535
87.07961311565522 33.94151007815136 92.92038688434478 42.05848992184864
70.29659699585285 19.991195269877853 69.70340300414715 10.008804730122147
83.25356657268551 76.6281498077036 74.74643342731449 71.3718501922964
91.58768846867362 57.20360800825428 94.41231153132638 66.79639199174572
52.04903124740362 67.39633614102935 55.95096875259638 76.60366385897065
47.668420401506644 57.497482368689745 56.331579598493356 52.502517631310255
21.320186820640924 64.61488922411463 28.679813179359076 71.38511077588537
67.8683845739438 88.89781795666329 74.1316154260562 81.10218204333671
10.028246003403796 16.8931288718451 7.971753996596203 7.106871128154898
3.438156057917795 58.019235071908135 2.561843942082205 67.98076492809186
41.3772980553024 58.01425570476533 40.6227019446976 67.98574429523467
17.59676294784088 55.03282679934957 8.40323705215912 58.96717320065043
71.63815508228777 32.132510392894204 62.36184491771223 35.867489607105796
91.50935226971681 88.77262709041902 94.49064773028319 79.22737290958098
95.00222622849236 94.89943338569792 96.99777377150764 85.10056661430208
24.164008782837787 56.50744561673249 19.835991217162213 47.49255438326751
35.909663955173265 96.94615001309118 26.09033604482674 95.05384998690882
51.44302167551054 7.057656081597031 60.55697832448946 2.9423439184029685
23.845948578279156 73.23157719070883 14.154051421720846 70.76842280929117
11.99053791442249 21.692540531595423 2.0094620855775105 22.307459468404577
24.857808090285253 9.19959892460139 33.14219190971475 14.80040107539861
27.548005630448248 27.724094436607814 36.45199436955175 32.275905563392186
63.22271887543726 15.004962832718462 62.77728112456274 24.995037167281538
83.14758315257575 37.89345423396618 88.85241684742425 46.10654576603382
68.17104182193911 54.29659666609894 77.82895817806089 51.70340333390106
2.031691341661915 86.0235734998674 7.968308658338085 77.9764265001326
36.16669226732488 86.86197790547884 33.83330773267512 77.13802209452116
95.2740409602057 14.165041920376334 92.7259590397943 23.834958079623668
74.84819441336579 76.22270639575032 65.15180558663421 73.77729360424968
86.04143850325543 28.357607687621993 95.95856149674457 29.642392312378007
77.26922071691061 2.1637743258027227 74.73077928308939 11.836225674197276
79.78565838384786 79.84787917221836 74.21434161615214 88.15212082778164
2.174930625492943 44.874592986234894 7.825069374507057 53.125407013765106
87.02608618269814 83.90423203738042 88.97391381730186 74.09576796261958
22.8284762598689 78.29839016011461 13.1715237401311 75.70160983988539
51.5562717941766 60.707996589712494 60.4437282058234 65.2920034102875
33.45704563868041 44.91156382166768 42.54295436131959 49.08843617833232
95.83140965407706 45.787477616786916 88.16859034592294 52.212522383213084
85.48670515019634 64.44236605335188 92.51329484980366 71.55763394664812
20.88454811691805 13.148060661319667 13.115451883081949 6.851939338680333
25.65368272716355 47.415291072532966 30.34631727283645 38.584708927467034
9.210394315484201 36.73826905525831 16.7896056845158 43.26173094474169
6.773841083719324 89.81993437730318 13.226158916280676 82.18006562269682
11.433964484762901 64.0374787541453 20.566035515237097 59.9625212458547
21.427177734120786 85.49784806079934 28.572822265879214 78.50215193920066
51.93154725132827 94.1754748591361 42.06845274867173 95.8245251408639
5.73264510132805 30.605701857231658 14.26735489867195 25.394298142768342
63.05438543695388 51.926082488347916 54.94561456304612 46.073917511652084
42.88317107472311 23.873673476102482 45.11682892527689 14.126326523897516
50.28336870613326 18.197608177663074 55.71663129386674 9.802391822336926
41.68561068818555 37.95277073810667 40.31438931181445 28.047229261893325
76.00561140197436 19.23681750761187 85.99438859802564 18.76318249238813
69.0143716177256 38.98926151900207 74.9856283822744 47.01073848099793
4.884662437475991 14.921114952093584 3.1153375625240085 5.078885047906416
81.01085165154649 4.329239665173455 90.98914834845351 3.6707603348265447
14.429200886425932 13.253149449919988 17.57079911357407 22.746850550080012
38.953108872461115 91.68316359501003 29.04689112753889 90.31683640498997
77.38379519935799 29.404649589874975 68.61620480064201 24.595350410125025
