69.91061061588957 18.065506837120186 64.08938938411043 9.934493162879814
73.22863388352751 10.668080860671784 64.77136611647249 5.331919139328216
95.09388798031698 34.91721069385744 96.90611201968302 25.082789306142562
53.88579551061805 49.146520816657755 46.11420448938195 42.853479183342245
17.72272519827162 86.35809053184705 8.277274801728382 89.64190946815295
55.10168723357175 96.85939885954276 46.89831276642825 91.14060114045724
87.01519863359417 95.38955787436348 96.98480136640583 94.61044212563652
66.78164048726332 88.1734921864999 73.21835951273668 95.8265078135001
8.09487487360615 28.539988905706007 3.90512512639385 19.460011094293993
67.57436096928808 96.018717841268 58.42563903071191 91.981282158732
58.69871324463461 8.290586695765102 49.30128675536539 11.709413304234898
53.17689179521909 88.50123784218384 48.82310820478091 79.49876215781616
77.81571598943069 85.00339721376129 78.18428401056931 94.99660278623871
79.80188112061163 60.39353424913548 70.19811887938837 57.60646575086452
89.34406869539767 23.988147625406384 88.65593130460233 14.011852374593616
31.652922352069933 60.47040804784691 40.347077647930064 55.52959195215309
83.1638741062699 87.00268619383431 82.8361258937301 96.99731380616569
27.011524943225012 2.6607116153862993 36.98847505677499 3.3392883846137007
89.59106686440977 38.96494108341648 88.40893313559023 29.03505891658352
59.14579468314163 37.198620349311625 68.85420531685837 34.801379650688375
45.78153668753489 48.0047749018581 46.21846331246511 57.9952250981419
3.6549108886200132 78.04307638469514 2.3450891113799868 87.95692361530486
22.907224652116394 87.37804217605142 19.092775347883606 96.62195782394858
11.812915542735183 48.354933200751276 2.187084457264816 45.645066799248724
19.87842138666395 82.90586059156787 26.12157861333605 75.09413940843213
39.25878224351014 68.41228019299838 48.74121775648986 71.58771980700162
27.711331779129882 13.649475201521316 20.288668220870118 20.350524798478684
37.55527207522776 11.709935879773266 46.44472792477224 16.290064120226734
14.766136568896878 82.99452779505657 15.233863431103122 73.00547220494343
88.15839470774797 81.77628410912385 79.84160529225203 76.22371589087615
2.8335037758652275 40.99722713185511 3.1664962241347725 31.002772868144888
89.26798999373308 75.67252328135514 96.73201000626692 82.32747671864486
78.97936748380198 81.02731472246602 71.02063251619802 74.97268527753398
67.43104812252648 71.31642235696657 58.56895187747352 66.68357764303343
59.520810285392066 54.86405188183484 50.479189714607934 59.13594811816516
30.238232206312496 84.52894681415827 25.761767793687504 93.47105318584173
66.6565164577001 81.28232360171441 73.3434835422999 88.71767639828559
37.908689697626095 78.04880840393776 28.091310302373905 79.95119159606224
76.570606511976 40.791329069933994 79.429393488024 31.208670930066006
95.99624512944828 59.806261499788114 86.00375487055172 60.193738500211886
95.0183011622896 46.0137915140172 88.9816988377104 53.9862084859828
25.00312972086295 50.823117515064894 34.99687027913705 51.176882484935106
56.04476150312378 61.66754133885168 65.95523849687622 60.33245866114832
27.22279300890939 39.47590425308521 36.77720699109061 36.52409574691479
46.87319143430349 20.881069597950322 37.12680856569651 23.118930402049678
71.48127785540952 44.8596378390591 80.51872214459048 49.1403621609409
84.25282288852026 11.159500561925476 81.74717711147974 20.840499438074524
10.292568269836554 73.00856695852936 9.707431730163446 82.99143304147064
79.60566036917294 55.94625089950647 70.39433963082706 52.05374910049353
35.917630952704386 63.93952839884068 30.082369047295614 72.06047160115932
43.788097807590596 5.559819669296193 34.211902192409404 8.440180330703807
10.143290157365684 23.182104522124877 17.856709842634316 16.817895477875123
74.44982453823512 21.753625567684317 77.55017546176488 12.246374432315685
84.94748336355347 34.90940681506324 83.05251663644653 25.090593184936758
77.83957776278345 5.256378556794068 68.16042223721655 2.743621443205931
42.02900231840919 39.59512438777925 45.97099768159081 30.404875612220746
89.72102276908322 44.80523718309 84.27897723091678 53.19476281691
43.57967670231223 78.25609638418192 40.42032329768777 87.74390361581808
7.819184729490724 62.857773219733765 14.180815270509276 55.142226780266235
86.00116671511663 71.10800828645131 95.99883328488337 70.89199171354869
52.56221870894927 66.04601086304869 43.43778129105073 61.95398913695131
50.234530380587515 5.513373485447868 59.765469619412485 2.486626514552132
62.341382021637905 43.81584099845815 71.65861797836209 40.18415900154185
22.741121730345167 70.46065790695512 27.258878269654833 61.53934209304489
14.897933353462943 5.005111369468701 5.1020666465370565 2.9948886305312987
85.007953005661 64.71810142548976 94.992046994339 65.28189857451024
24.833079160083855 55.78946980195936 17.166920839916145 62.21053019804064
74.69909770499173 72.36402677886561 67.30090229500827 65.63597322113439
53.765296353627136 77.18729855350014 60.234703646372864 84.81270144649986
79.63522678323586 65.87474602759225 70.36477321676414 62.12525397240775
33.210346181766994 17.303152761152372 24.789653818233006 22.696847238847628
25.98080952282838 27.43764882874528 16.01919047717162 26.56235117125472
14.079235892338103 40.93932815583276 7.920764107661897 33.06067184416724
4.340950410734914 68.81473329301274 13.659049589265086 65.18526670698726
22.98354340187462 38.02181765918812 15.016456598125382 31.978182340811877
2.0766845310941475 10.872332960303774 11.923315468905852 9.127667039696226
55.56062127453207 24.30041659963205 64.43937872546793 19.69958340036795
41.912590794477694 94.11313881395745 34.087409205522306 87.88686118604255
46.22122919198467 25.3202193916784 37.77877080801533 30.6797806083216
61.99949008515208 29.071406501566862 52.00050991484792 28.928593498433138
67.99666367545045 48.81737438724539 58.00333632454955 49.18262561275461
62.490535548217 14.8011160807811 53.509464451783 19.1988839192189
20.90238564202589 52.99904705290091 21.09761435797411 43.00095294709909
68.02485010868602 26.497879060574476 77.97514989131398 25.502120939425524
57.2271229699194 72.51015274080562 66.7728770300806 75.48984725919438
14.864162419052096 12.80977712710795 23.135837580947904 7.1902228728920505
32.287387885747385 24.553894214018733 27.712612114252615 33.44610578598127
3.0125810257549768 61.00940492745754 8.987418974245024 52.99059507254246
50.911596962294844 37.06785469791698 57.088403037705156 44.93214530208302
91.55116315336156 10.51983526009488 84.44883684663844 3.4801647399051197
