95.70346293296014 17.991198830729086 96.29653706703986 8.008801169270914
78.70588338504628 43.31042562568396 69.29411661495372 46.68957437431604
41.956549285278804 14.342262071488832 32.043450714721196 15.657737928511168
28.50009041790658 36.33017922046623 33.499909582093416 27.669820779533772
9.117102151916246 64.07856815653726 10.882897848083754 73.92143184346274
20.136566215761295 89.6397860437479 23.863433784238705 80.3602139562521
90.1698967809154 68.13879217457186 87.8301032190846 77.86120782542814
68.80295554294078 85.50856418795667 73.19704445705922 94.49143581204333
25.89481993822394 14.12367176750245 28.10518006177606 23.87632823249755
68.6421998329639 79.29524926098229 75.3578001670361 86.70475073901771
75.86752048280258 38.92416573765729 74.13247951719742 29.075834262342706
67.33265662678556 65.4225233816808 62.667343373214436 56.577476618319196
88.9460752775282 85.07058461926728 81.0539247224718 78.92941538073272
70.33284621837944 41.98890903854846 69.66715378162056 32.01109096145154
78.09846855705888 19.135989614753523 69.90153144294112 24.864010385246477
17.033552437122477 59.02494582034318 22.966447562877523 50.97505417965682
35.640614854144594 86.0129324932443 36.359385145855406 95.9870675067557
38.808922886384984 60.3690364030232 29.191077113615016 57.6309635969768
48.64278545703736 3.1440519404028735 39.35721454296264 6.855948059597127
18.47325771497147 72.87665257554617 27.52674228502853 77.12334742445383
55.043999388677136 94.99980640163157 54.956000611322864 85.00019359836843
44.9772008790764 80.52306037140835 35.0227991209236 81.47693962859165
42.11707401563854 56.924344929241855 51.88292598436146 59.075655070758145
82.40287677640201 86.6152328228938 77.59712322359799 95.3847671771062
55.9065603140026 80.87897424189613 58.0934396859974 71.12102575810387
65.76073701885139 75.83126744528465 60.239262981148606 84.16873255471535
48.20203798941592 8.334452592835813 51.79796201058408 17.665547407164187
51.63040522173026 26.252172194243105 46.36959477826974 17.747827805756895
4.550332099556102 68.9696211706928 3.4496679004438975 59.03037882930719
25.029923815519865 4.5462075800127595 34.970076184480135 3.4537924199872405
59.04755179569035 50.31206338690967 68.95244820430965 51.68793661309033
72.54430501935929 55.61360930383662 79.45569498064071 48.38639069616338
95.15793763188518 59.22303139208361 86.84206236811482 64.77696860791639
90.94770631868283 17.999726529610825 91.05229368131717 8.000273470389175
96.71931218803974 51.34830618097071 87.28068781196026 54.65169381902929
80.61939301830301 68.74103531176115 75.38060698169699 77.25896468823885
48.91565610726928 71.00071143983877 49.08434389273072 80.99928856016123
29.91940269375722 71.9382636068158 36.08059730624278 64.0617363931842
14.161704564956086 62.73869223294502 23.838295435043914 65.26130776705497
65.1937385002122 96.99624512944827 64.8062614997878 87.00375487055173
59.01138653713084 3.337247265490103 68.98861346286917 2.662752734509897
14.134109429718944 80.07554738876509 15.865890570281056 89.92445261123491
35.096340799382446 74.12433110368185 42.903659200617554 67.87566889631815
22.50039229654842 33.17863929487367 13.49960770345158 28.821360705126327
58.61606849189779 34.80465748840455 61.38393150810221 25.19534251159545
78.09770274363058 57.01639356946349 87.90229725636942 58.98360643053651
70.81887340188061 72.8575165024582 77.18112659811939 65.1424834975418
42.87871613490032 51.90540926595221 33.12128386509968 54.09459073404779
27.026334332742568 84.42900785693645 22.973665667257432 93.57099214306355
23.42160092333866 57.49214261566581 30.57839907666134 50.50785738433419
11.871433920536736 38.164174362913265 4.128566079463264 31.835825637086735
12.565971789146975 19.310712839225054 21.434028210853025 14.689287160774944
8.586094933348477 9.653115409604666 15.413905066651523 2.3468845903953346
47.15014260164422 51.783906576116095 56.84985739835578 54.216093423883905
84.99984784776353 13.960993600340185 75.00015215223647 14.039006399659815
87.01089996858072 31.329971023715785 96.98910003141928 30.670028976284215
43.215921566361764 32.82855697084545 36.784078433638236 25.171443029154553
4.393664189144511 51.266967733772105 9.606335810855489 42.733032266227895
10.251367788937074 86.84087581505771 7.748632211062926 77.15912418494229
93.66042574073144 46.18880373368101 84.33957425926856 49.81119626631899
45.35245344542369 27.580145597807054 52.64754655457631 34.41985440219295
74.15668679804737 5.758099348662936 83.84331320195263 8.241900651337064
52.90145453711626 9.075841999301943 59.09854546288374 16.924158000698057
42.1521208277817 40.78565838384778 33.8478791722183 35.21434161615222
20.796489669821902 21.58802023835617 11.203510330178098 24.41197976164383
95.69105914955146 89.70535003508967 92.30894085044854 80.29464996491033
59.87084804570393 65.129087824601 50.12915195429607 62.870912175399006
55.48203133815126 37.446987687292626 62.51796866184874 44.553012312707374
61.40155883433827 10.728220100637849 66.59844116566173 19.27177989936215
84.95382923399725 42.937431213210736 93.04617076600275 37.062568786789264
27.10649175523648 48.07769665834593 32.893508244763524 39.92230334165407
35.993049072099694 9.263554479385952 26.006950927900306 8.736445520614048
47.50551331156485 41.80920347647729 56.49448668843515 46.19079652352271
5.354575587365074 18.186983796192393 2.6454244126349256 27.813016203807607
5.938358983569097 88.91115896891509 4.061641016430903 79.08884103108491
9.116886677643924 57.14983030110207 16.883113322356074 50.85016969889793
5.067032111413115 96.81598272663743 14.932967888586884 95.18401727336257
50.93130866099122 92.82595090049773 41.06869133900878 91.17404909950227
2.166911443676349 46.93010785453245 3.833088556323651 37.06989214546755
65.10929853501507 27.124607014792204 62.89070146498492 36.875392985207796
9.651216762841022 2.584064381351908 2.3487832371589774 9.415935618648092
71.21719819136916 17.84958024605508 68.78280180863084 8.15041975394492
34.0181347710819 47.42546308993471 43.9818652289181 46.57453691006529
83.3542408711628 37.813110393796535 80.6457591288372 28.186889606203465
14.427081461955446 44.746148677894084 17.572918538044554 35.253851322105916
11.768622051977554 14.663726836781382 20.23137794802245 9.336273163218618
87.05142373778467 2.284742719688217 96.94857626221533 3.715257280311783
33.00217462815584 20.852549830278708 42.99782537184416 21.147450169721292
90.76512190736463 89.71003692685116 83.23487809263537 96.28996307314884
91.93492787284728 22.195955915515235 82.06507212715272 23.804044084484765
