95.57235975408604 17.498320423772864 88.42764024591396 10.501679576227136
72.75919258128239 41.29673643727117 65.24080741871761 34.70326356272883
38.508218688888334 12.562639699848217 31.491781311111662 5.4373603001517825
40.99314220855007 22.738215956949766 31.00685779144993 23.261784043050234
16.411016915235756 72.61970349925407 11.588983084764244 81.38029650074593
26.111424092882565 71.04967880818418 35.888575907117435 68.95032119181582
74.9995304049323 79.10092468218585 73.0004695950677 88.89907531781415
64.81973154079564 68.00325072846195 65.18026845920436 77.99674927153805
12.809884600265258 14.143702507535785 15.190115399734742 23.856297492464215
76.03544141825505 53.047846115150556 67.96455858174495 58.952153884849444
73.86728293354957 36.096179754231414 68.13271706645043 27.903820245768586
57.52224104583729 85.77663359212238 60.47775895416271 76.22336640787762
85.60349477268792 96.46624082014087 78.39650522731208 89.53375917985913
61.51523565515383 50.585584674901554 68.48476434484617 43.414415325098446
88.90903530342155 17.05059366456667 79.09096469657845 18.94940633543333
40.01823050044135 47.98639181639491 45.98176949955865 56.01360818360509
29.582242011747407 82.35048902813875 36.41775798825259 89.64951097186125
47.22122231516933 64.82409816770637 40.77877768483067 57.17590183229363
64.81135119109533 2.639522247169917 55.188648808904674 5.360477752830083
9.05063071776652 73.11162858460148 6.94936928223348 82.88837141539852
58.83284733632297 59.651953422137176 55.16715266367703 50.348046577862824
35.880981779481274 79.08444311440104 26.119018220518726 76.91555688559896
15.883168168694507 64.8375509991452 24.116831831305493 59.16244900085481
68.12777850873194 86.09910246221274 61.87222149126807 93.90089753778726
58.15678264552028 71.64785432045205 61.84321735447972 62.35214567954795
67.77014021545901 64.5247653311489 72.22985978454099 73.4752346688511
52.69956991420703 13.172072743716566 55.30043008579297 22.827927256283434
58.4132624343778 18.982892148173804 57.5867375656222 9.017107851826196
4.524157987477274 70.34398507467826 9.475842012522726 61.65601492532175
40.45849551215426 2.9084128067716173 49.54150448784574 7.091587193228383
61.589026243265266 55.35442360619271 70.41097375673473 50.64557639380729
74.35991923082436 47.427799876579385 81.64008076917564 40.572200123420615
95.15429853673344 63.07204007371927 96.84570146326656 72.92795992628074
73.30105684731772 26.439046900564605 68.69894315268228 17.560953099435395
89.92445842945418 62.90183505353798 82.07554157054582 69.09816494646202
96.6766644467671 79.28950147723756 93.3233355532329 88.71049852276244
43.79322260319823 80.14781612935285 46.20677739680177 89.85218387064715
27.712667199428292 64.57269847769652 36.287332800571704 59.42730152230349
16.530447103095874 41.02209681924116 17.469552896904126 50.97790318075884
56.665905027598974 94.23000595553039 51.334094972401026 85.76999404446961
21.8764353060871 24.526640364637622 26.1235646939129 15.47335963536238
21.956387497018362 68.09232000273582 20.043612502981638 77.90767999726418
35.02159981677963 73.53574617318611 44.97840018322037 74.46425382681389
19.905310954851224 36.03153501032996 10.094689045148778 37.96846498967004
57.84875508749742 26.88196541734038 64.15124491250258 19.11803458265962
79.96691472615655 81.97497090827015 86.03308527384345 74.02502909172985
85.81887340188061 81.8575165024582 92.18112659811939 74.1424834975418
30.994671160654093 54.76921872491409 21.005328839345907 55.23078127508591
30.99272035784459 90.73029010332549 21.00727964215541 91.26970989667451
37.86956064456879 17.817706643904764 46.13043935543121 12.182293356095235
15.704168806226852 56.205647520588194 10.295831193773148 47.794352479411806
18.913361291019893 20.915869318041974 17.086638708980107 11.084130681958026
3.8037338991801466 14.718703884410758 12.196266100819853 9.281296115589242
50.138341905854624 53.07480504662062 51.861658094145376 62.92519495337938
66.54167700004885 22.694204135421337 61.45832299995116 31.305795864578663
85.00590104426233 35.24284896602603 94.99409895573767 34.75715103397397
44.92373387509447 30.94164771748551 51.07626612490553 23.05835228251449
2.893078865004668 61.91752996937092 9.106921134995332 54.08247003062908
17.503004697707475 96.76875003315011 14.496995302292527 87.23124996684989
86.33020384241458 55.270423299090474 79.66979615758542 62.729576700909526
54.29047358033885 30.235324234798956 47.70952641966115 37.76467576520104
85.41882672656584 26.00321028321357 94.58117327343416 21.99678971678643
79.59709413484032 2.200848498588467 82.40290586515968 11.799151501411533
85.18068501678354 42.500598611195514 80.81931498321646 51.499401388804486
18.398107762836958 28.62162910662082 9.601892237163042 33.378370893379184
94.87295503039915 96.1623123394924 87.12704496960085 89.8376876605076
53.98750807337728 69.35321837154439 44.01249192662272 68.64678162845561
43.0082105095531 42.71357778880836 52.9917894904469 43.28642221119164
66.63420548613 9.30251067744576 73.36579451387 16.69748932255424
89.28551250118028 43.65297406327467 96.71448749881972 50.34702593672533
36.5485780615226 37.357812579672476 41.4514219384774 28.642187420327524
29.096836701708085 2.1336558058150774 20.903163298291915 7.866344194184922
24.19336683947013 37.622946021357684 33.80663316052987 40.377053978642316
3.498225047605592 22.02488474485883 2.501774952394408 31.97511525514117
8.548309675755906 96.97955578852012 9.451690324244094 87.02044421147988
25.24600318195625 50.54903655671191 34.75399681804375 47.45096344328809
23.004358426887624 95.20872295750902 32.99564157311237 94.79127704249098
76.93130866099122 96.82595090049773 67.06869133900878 95.17404909950227
3.9100312536413515 51.87975082683136 6.0899687463586485 42.12024917316864
58.506869050001235 37.02575797069032 57.493130949998765 46.97424202930968
9.76820697410064 3.713570904410182 2.2317930258993615 10.286429095589817
77.89064794645009 13.14051883560404 70.10935205354991 6.859481164395961
21.036018036478076 45.59906849844488 30.963981963521924 44.40093150155512
78.58463156917178 36.96570296416608 77.41536843082822 27.034297035833923
25.033784396382785 28.5802607848105 34.966215603617215 27.4197392151895
8.278335249785535 26.99224693787545 7.721664750214465 17.00775306212455
85.0000383681104 5.980412258122179 94.9999616318896 6.019587741877821
27.26622278836277 8.674506392449608 34.73377721163723 15.325493607550392
48.69406143669552 93.27785388874 39.30593856330448 96.72214611126
92.80015534417713 28.600532718579025 83.19984465582287 31.399467281420975
