65.94636090396395 4.730420295266311 56.05363909603605 3.2695797047336894
60.760607253225444 38.94180904187331 59.239392746774556 29.058190958126687
84.74414146449203 53.944315269157464 83.25585853550797 44.055684730842536
3.00000000109004 16.000104404976135 12.99999999890996 15.999895595023867
10.099589761361763 34.46218964323267 5.900410238638237 43.53781035676733
42.74865532194203 74.99367858925781 43.25134467805797 65.00632141074219
93.83544349441866 67.13751008789652 96.16455650558134 76.86248991210348
53.36670031252106 68.27429030399864 56.63329968747894 77.72570969600136
9.66929689943949 27.270869155430905 16.33070310056051 34.72913084456909
93.35669008634771 80.27776191539519 96.64330991365229 89.72223808460481
79.5674297076048 32.034351460807386 70.4325702923952 27.965648539192618
68.08619587331624 78.88149323873807 59.91380412668375 73.11850676126193
72.8169502048587 84.49825450502009 77.1830497951413 75.50174549497991
85.72237016430498 35.99228621718867 86.27762983569502 26.00771378281133
68.96215270625817 9.614036252818046 59.03784729374184 8.385963747181954
3.2085753470496092 28.004352261757926 2.7914246529503908 37.99564773824207
81.16763067591926 93.71617496687306 90.83236932408074 96.28382503312694
16.532105771271258 64.97160572131176 15.467894228728742 55.02839427868824
80.59529853873657 16.97059162179422 71.40470146126343 13.029408378205778
24.350962691353313 74.58173630038516 31.649037308646687 81.41826369961484
50.44203888232069 41.62661940829094 43.55796111767931 34.37338059170906
27.62845446019305 89.55989560764428 20.37154553980695 96.44010439235572
22.137618273925902 35.82478230634672 29.862381726074098 42.17521769365328
76.96561881625344 96.5853458564557 67.03438118374656 95.4146541435443
23.547608894407226 82.69771119970576 18.452391105592774 91.30228880029424
48.33740772714475 82.18218508332112 45.66259227285525 91.81781491667888
39.4656928071301 25.892855420079528 48.5343071928699 30.107144579920472
36.7772015194118 12.157782067470203 31.222798480588203 3.842217932529797
14.289488012406835 87.99161263427689 13.710511987593165 78.00838736572311
70.49569043508026 37.829471183473345 79.50430956491974 42.170528816526655
21.13867955429967 72.10034697397882 26.86132044570033 63.899653026021184
67.6268762223442 50.01394157208844 68.3731237776558 59.98605842791156
93.99994765988123 62.022877903055566 84.00005234011877 61.977122096944434
81.58183976732775 38.00168537651001 72.41816023267225 33.99831462348999
96.15925430930932 52.77499614242827 87.84074569069068 47.22500385757173
73.0373795650601 91.97169049370105 66.9626204349399 84.02830950629895
63.41336702699847 66.3499343575944 54.58663297300153 61.65006564240559
38.03633820349262 45.433455713452844 33.96366179650738 54.566544286547156
75.7968501622691 69.58924540733018 66.2031498377309 72.41075459266982
87.51973958559674 67.22414100861943 90.48026041440326 76.77585899138057
65.87962524494803 21.077982179181983 64.12037475505197 30.922017820818017
9.655140519483124 84.41173676927642 2.344859480516875 77.58826323072358
82.03046039771657 89.4489318178876 91.96953960228343 90.5510681821124
2.438269067651354 9.047098165905473 11.561730932348645 4.9529018340945274
86.53406179758295 6.892327441062345 77.46593820241705 11.107672558937654
92.49064773028313 28.227372909580957 89.50935226971687 37.77262709041904
38.51982238030071 94.97688953599936 39.48017761969929 85.02311046400064
32.07634079871498 86.08605518143706 33.92365920128502 95.91394481856294
21.99801186596608 78.00264901705052 14.001988134033917 71.99735098294948
40.226223505297234 80.48696266887349 49.773776494702766 77.51303733112651
37.894017256881604 66.3726142768692 34.105982743118396 75.6273857231308
25.317417306534573 19.75311702942447 34.68258269346543 16.24688297057553
70.39957010651881 43.04141765678218 79.60042989348119 46.95858234321782
64.27590556339219 13.548005630448252 59.72409443660781 22.45199436955175
89.16319013414089 11.650390254234866 92.83680986585911 2.349609745765134
83.48365349378558 73.33952362855725 78.51634650621442 64.66047637144275
39.83029878906278 32.291593437726696 30.169701210937223 29.708406562273304
24.588173734045085 42.987123998702344 15.411826265954915 39.012876001297656
13.861721239726407 95.16776135712445 4.138278760273592 92.83223864287555
63.920393133547265 54.11133166403831 54.079606866452735 55.88866833596169
24.43778129105067 31.953989136951446 33.56221870894933 36.04601086304855
73.19127234244756 20.760618325884536 80.80872765755244 27.239381674115464
50.60348700829783 62.264091490091886 47.39651299170217 71.73590850990811
19.44937984160513 45.71898728080751 10.550620158394873 50.28101271919249
51.61616023182434 12.921214385258311 42.38383976817566 9.078785614741689
73.25101360198974 54.43567005030476 82.74898639801026 57.56432994969524
37.21734335652571 40.17263775868812 30.782656643474294 47.82736224131188
66.73336492571502 40.310069719675894 63.26663507428497 49.689930280324106
40.234543648505 51.005504101819085 39.765456351495 60.994495898180915
95.4755201082064 38.97241599658598 96.5244798917936 29.027584003414017
33.47279880989784 65.34571812773997 28.527201190102158 56.65428187226003
50.993049072099694 17.263554479385952 41.006950927900306 16.736445520614048
40.0601204649538 36.95560779357188 45.9398795350462 45.04439220642812
17.407121856436802 9.976226292300424 26.592878143563198 6.023773707699576
22.63528370187848 61.98668046117701 23.36471629812152 52.01331953882299
3.6719522281788484 49.50359790797843 12.32804777182115 44.49640209202157
51.454228395656415 92.3033762255371 56.545771604343585 83.6966237744629
84.96720666819273 79.95676631658903 77.03279333180727 86.04323368341097
19.008846341274207 14.297296409309208 28.991153658725793 13.702703590690792
55.28843481209564 40.05089149610128 56.71156518790436 49.94910850389872
4.038267009293015 22.61741860105597 13.961732990706984 21.38258139894403
96.18231506179157 19.996675016272714 95.81768493820843 10.003324983727286
50.706117337340764 46.05011128348255 49.293882662659236 55.94988871651745
48.8661902055224 5.148996468087644 39.1338097944776 2.8510035319123563
11.49349999511282 64.97558617198251 10.50650000488718 55.02441382801748
28.370354879853025 23.888487771074868 37.629645120146975 20.111512228925132
49.639816112463365 24.702588856724326 56.360183887536635 17.297411143275674
20.841578049861972 20.07133421847347 19.158421950138028 29.92866578152653
61.9056727566975 95.03336935482267 52.0943272433025 96.96663064517733
83.1856979456723 12.867240153722108 88.8143020543277 21.132759846277892
