68.94636090396395 3.7304202952663106 59.05363909603605 2.2695797047336894
59.58767726347646 37.965343435654056 58.41232273652354 28.034656564345944
84.48435617689933 43.97648461204287 83.51564382310067 34.02351538795713
3.0068577914499386 12.26178404305041 12.993142208550061 11.73821595694959
7.334202990834714 30.578292592495714 2.665797009165286 39.421707407504286
42.0976089943434 76.99904715763147 41.9023910056566 67.00095284236853
93.33355445863914 69.2858766183225 96.66644554136086 78.7141233816775
54.2844740656553 69.30351506245461 57.7155259343447 78.69648493754539
11.517410652605111 25.65986749831282 16.48258934739489 34.34013250168718
92.85930060016479 87.131858169772 95.14069939983521 96.868141830228
81.63564519493292 29.87371119084434 72.36435480506708 26.12628880915566
68.03528453474406 77.95236832452446 59.964715465255935 72.04763167547554
72.99875155521855 80.99906336192575 79.00124844478145 73.00093663807425
87.94482262456907 34.8873920148049 90.05517737543093 25.1126079851951
66.95068053611486 8.700544237956073 57.04931946388514 7.2994557620439275
3.2085753470496092 19.004352261757926 2.7914246529503908 28.995647738242074
80.12576957723503 93.88560429568648 89.87423042276497 96.11439570431352
16.922253210615892 59.99939550713288 17.077746789384108 50.00060449286712
81.18329598430316 17.738619124250956 72.81670401569684 12.261380875749044
27.066927068339908 73.91277838271324 34.93307293166009 80.08722161728676
50.9038133274753 43.070364622386656 45.0961866725247 34.929635377613344
27.62845446019305 89.55989560764428 20.37154553980695 96.44010439235572
21.976733479569198 36.03127527285189 30.023266520430802 41.96872472714811
74.97507822224945 96.4985947076527 65.02492177775055 95.5014052923473
25.318953086561798 81.57027578936052 20.681046913438202 90.42972421063948
53.30650211413576 81.00940319660761 52.69349788586424 90.99059680339239
40.361627491017735 28.1330504913315 49.638372508982265 31.8669495086685
44.990996961600715 13.006736474450907 39.009003038399285 4.993263525549092
15.550332099556103 89.9696211706928 14.449667900443897 80.0303788293072
70.35525427039369 39.148963234480746 79.64474572960631 42.851036765519254
18.65971399645958 75.41849085340604 23.34028600354042 66.58150914659396
71.27050637761937 45.16411191771061 68.72949362238063 54.83588808228939
96.99994765988123 64.02287790305557 87.00005234011877 63.977122096944434
79.34750687332459 35.46965260439508 70.65249312667541 30.530347395604924
95.67394194984544 57.391482057915965 88.32605805015456 50.608517942084035
74.30703178474143 90.7501387673938 67.69296821525857 83.2498612326062
64.47119181766683 66.59872579741258 57.528808182333165 59.401274202587416
37.29690258854958 51.17112397386168 34.70309741145042 60.82887602613832
75.71644305520269 68.3401310572728 66.28355694479731 71.6598689427272
89.19881648377273 70.06460690792257 90.80118351622727 79.93539309207743
70.58509434540825 20.72012999901419 65.41490565459175 29.27987000098581
10.533846010508086 83.53722099592548 3.4661539894919144 76.46277900407452
79.03046039771657 87.4489318178876 88.96953960228343 88.5510681821124
5.59217956439239 7.36032180167026 14.40782043560761 2.6396781983297397
80.53406179758295 2.8923274410623447 71.46593820241705 7.107672558937655
91.73838485194366 36.3119281035235 88.26161514805634 45.6880718964765
45.17382180460331 96.93127058570619 46.82617819539669 87.06872941429381
31.682084842903844 84.01011724056681 32.31791515709615 93.98988275943319
12.289972626129853 76.56829415508749 3.7100273738701475 71.43170584491251
37.59765707810643 84.37052247364448 46.40234292189357 79.62947752635552
37.109910705119006 65.00120818228042 36.890089294880994 74.99879181771958
23.08413068195804 16.91336129101998 32.915869318041956 15.086638708980018
75.47072610213917 48.88205808432891 84.52927389786083 53.11794191567109
66.35325694714521 13.588403719659649 61.646743052854795 22.41159628034035
89.65935051764468 11.816913842436922 92.34064948235532 2.1830861575630776
85.40754009121886 74.3822084283126 80.59245990878114 65.6177915716874
35.60353558938185 29.95127140021441 26.39646441061815 26.04872859978559
20.43838241038796 42.3023382851264 11.561617589612043 37.6976617148736
11.89951389413875 96.99737836408323 2.1004861058612496 95.00262163591677
63.800547569619766 51.601878749243205 54.199452430380234 54.398121250756795
25.402768325900624 32.03392244948033 34.597231674099376 35.96607755051967
76.82488070318334 21.248931324494215 85.17511929681666 26.751068675505785
51.324604736618504 59.5732390149805 46.675395263381496 68.4267609850195
12.408893018440235 47.64168230470342 3.591106981559764 52.35831769529658
55.61616023182434 11.921214385258311 46.38383976817566 8.078785614741689
73.153459753109 55.770753224423274 82.846540246891 58.229246775576726
37.34895645380256 43.28725294821554 30.651043546197442 50.71274705178446
67.21410057632171 33.51694762043405 62.78589942367829 42.48305237956595
42.841471331466565 51.071315997315324 41.158528668533435 60.928684002684676
95.4755201082064 47.97241599658598 96.5244798917936 38.02758400341402
32.08463477267267 70.54469997519791 27.915365227327328 61.455300024802085
53.951601262899814 16.305993563971526 44.048398737100186 17.694006436028474
40.53701459613725 34.21882088726175 43.46298540386275 43.78117911273825
20.133729901263205 5.148658054488015 29.866270098736795 2.8513419455119853
22.071289396942806 61.999491756357195 21.928710603057194 52.000508243642805
3.4339644847629014 47.0374787541453 12.566035515237099 42.9625212458547
57.454228395656415 88.3033762255371 62.545771604343585 79.6966237744629
85.3085126021062 78.46293099079037 76.6914873978938 83.53706900920963
21.001511322170295 9.122926553714962 30.998488677829705 8.877073446285038
53.77501013418986 35.152382045925805 56.22498986581014 44.847617954074195
9.000910084209552 19.0953939926948 18.99908991579045 18.9046060073052
96.78989761640952 24.937211941530418 95.21010238359048 15.062788058469582
50.47175705456064 47.22151371537482 47.52824294543936 56.77848628462518
51.77418646879736 5.485645839745182 42.22581353120264 2.5143541602548183
13.517198370008087 66.76425325796654 10.482801629991913 57.235746742033456
36.131928919534545 24.141001295150847 45.868071080465455 21.858998704849153
54.9753045085197 21.981358710769317 61.0246954914803 14.01864128923068
22.013073338442787 22.10370727887554 19.986926661557213 31.89629272112446
60.949539241828106 95.29143716326377 51.050460758171894 96.70856283673623
81.51080730153868 9.418724485186296 88.48919269846132 16.581275514813704
