96.08139922570118 18.5461827133597 91.91860077429882 9.453817286640302
79.18142541051722 50.74147433624336 70.81857458948278 45.25852566375664
43.819526356532734 10.331227140155384 34.180473643467266 7.668772859844616
36.5315830576448 24.112996685200088 27.468416942355194 19.887003314799912
17.178465694353132 69.49952366759622 12.821534305646868 78.50047633240378
28.549675144339336 67.27916841832474 37.45032485566066 62.72083158167526
74.42270943807587 82.20668195768215 71.57729056192413 91.79331804231785
67.04028714543358 70.09296920360387 68.95971285456642 79.90703079639613
16.715745276560906 16.051494296347556 15.284254723439092 25.948505703652444
74.70945178590335 53.797754050526656 69.29054821409665 62.202245949473344
75.57456332095533 43.28621321289451 70.42543667904467 34.71378678710549
63.332656626785564 77.4225233816808 58.667343373214436 68.5774766183192
86.90999506300976 92.94443024158474 77.09000493699024 91.05556975841526
61.11904790734845 45.086577423694145 66.88095209265154 36.913422576305855
86.89171820832728 14.965063784419824 77.10828179167272 17.034936215580174
39.44624977422765 39.935209724626176 48.55375022577235 44.064790275373824
33.45695792144091 89.4719902452573 40.54304207855909 96.5280097547427
50.1539919919295 63.87973382010217 43.8460080080705 56.12026617989783
64.92720275466368 3.1498982328952394 55.07279724533632 4.850101767104761
14.897175642620937 55.46368765162568 19.102824357379063 64.53631234837432
55.47959379824813 62.97694582938994 54.52040620175187 53.02305417061006
35.998225897853445 81.13318361020467 26.00177410214656 80.86681638979533
21.528322121395924 60.236983895785336 30.471677878604076 55.763016104214664
63.93030404194814 87.08730884447893 62.06969595805186 96.91269115552107
54.03211550214704 77.99989685838837 53.96788449785296 68.00010314161163
73.25014502336994 69.31619731833598 76.74985497663006 78.68380268166402
55.29763944759867 12.049576820671742 56.70236055240133 21.950423179328258
62.5165460038678 16.774867981563407 65.4834539961322 7.225132018436592
7.991790993387234 76.57898423078299 12.008209006612766 67.42101576921701
38.00123132857843 4.110958413895426 47.99876867142157 3.889041586104574
58.63078841363426 52.4310471228603 67.36921158636574 47.5689528771397
61.59732587981419 63.38487822774925 66.40267412018581 54.61512177225075
95.11013553736558 57.00121313082772 94.88986446263442 66.99878686917228
72.83963009428648 30.509190822141743 77.16036990571352 21.490809177858257
84.65879402757558 61.18461072807343 75.34120597242442 64.81538927192658
91.69185194028707 74.62802294625266 84.30814805971293 81.37197705374734
40.87111496989955 78.0764688780087 39.12888503010045 87.9235311219913
30.853187474982064 60.793554345695526 39.146812525017936 55.206445654304474
13.895039420506267 43.08091594887403 20.104960579493735 50.91908405112597
52.4240480303925 82.6436101720087 45.5759519696075 75.3563898279913
22.645763423540064 13.707977479588884 29.354236576459936 6.292022520411115
23.296400236017224 65.17098908387499 20.703599763982776 74.82901091612501
25.21019518400268 73.43449288065464 34.78980481599732 70.56550711934536
16.23243548077695 35.33795381312412 7.767564519223052 40.66204618687588
60.72472334312629 29.45231581704236 65.2752766568737 20.54768418295764
83.26418083982246 70.32319954297817 90.73581916017754 63.67680045702182
82.19735115188669 77.24651532230214 89.80264884811331 70.75348467769786
34.98357439158566 50.59504780093005 25.016425608414337 51.40495219906995
29.752791479169296 86.4472691297151 20.247208520830704 89.5527308702849
47.56328598288954 29.789139049248657 50.43671401711046 20.210860950751343
9.802865088315691 57.99611227121601 10.197134911684309 48.00388772878399
19.17695253655593 31.931794082574644 20.82304746344407 22.068205917425356
10.849239483662917 10.882358583218618 17.150760516337083 3.1176414167813817
40.858553238035306 48.19849706089533 49.141446761964694 53.80150293910467
68.80503282981985 28.756279117434246 61.19496717018015 35.24372088256575
82.00787461165822 28.719493124730583 91.99212538834178 29.280506875269417
49.061541238516355 34.08034780245555 56.938458761483645 27.919652197544455
4.012876001297739 73.58817373404511 7.987123998702261 64.41182626595489
10.330447511750549 93.71302392196137 13.669552488249451 84.28697607803863
96.18201537856133 50.259425721955985 87.81798462143867 55.740574278044015
57.58675480686552 32.72113337796583 52.41324519313448 41.27886662203417
81.20884417553317 21.42997407867333 90.79115582446683 18.57002592132667
67.68106454675545 14.177095349255328 70.31893545324455 23.822904650744672
93.08862316938462 45.12195194988491 84.91137683061538 50.87804805011509
11.744290394876375 32.421485302861015 2.2557096051236254 35.578514697138985
96.48244362015885 94.34021585554596 91.51755637984115 85.65978414445404
48.49201902926077 72.19585178023453 39.50798097073923 67.80414821976547
36.44240757905332 33.9437044656642 45.55759242094668 38.0562955343358
70.19100422007936 4.065881453788265 71.80899577992064 13.934118546211735
89.5913597790587 33.34197159057215 96.4086402209413 40.65802840942785
38.696107330785516 28.752904639117652 45.303892669214484 21.247095360882348
23.65804855862646 4.5913814025721695 16.34195144137354 11.40861859742783
25.854153292809812 35.205012507992166 34.14584670719019 40.794987492007834
3.8440578930995812 21.071758298023898 2.1559421069004188 30.928241701976102
4.202053718064581 93.93591751664728 5.797946281935419 84.06408248335272
24.012471344569537 47.352927628926935 33.98752865543047 46.647072371073065
22.00990758413064 93.6853928146353 31.99009241586936 94.3146071853647
55.99062981453853 91.30596413881226 46.00937018546147 90.69403586118774
2.5722921522961117 59.79183162283533 5.427707847703888 50.20816837716467
58.9390489049794 39.39130285827999 55.0609510950206 48.60869714172001
8.262702659050262 2.5412808255366794 3.7372973409497385 11.45871917446332
81.2769196700561 11.45147580203595 76.7230803299439 2.5485241979640483
18.17306105963651 39.695906266404684 27.82693894036349 42.304093733595316
80.94360096881299 43.5575457238006 85.05639903118701 34.4424542761994
23.493265329163357 31.16548899943614 32.50673467083664 26.83451100056386
8.407212128700008 26.964735898276928 9.592787871299992 17.035264101723072
87.1237807776244 6.105660931449938 96.8762192223756 3.894339068550062
38.03404399164077 15.417521740284753 47.96595600835923 16.582478259715245
57.97983938393511 95.55144709318877 48.02016061606489 96.44855290681123
96.99193931416045 23.716200980023995 87.00806068583955 24.283799019976005
