94.38437601457653 14.680488960988617 87.61562398542347 7.319511039011383
75.52006666836294 53.55093377159871 68.47993333163706 46.44906622840129
48.91721069385742 9.90611201968311 39.08278930614258 8.09388798031689
34.66793954686553 20.791742276893864 25.332060453134467 17.208257723106136
12.636959706341447 76.75188941914978 7.363040293658553 85.24811058085022
29.63192799269742 67.43309410813055 38.36807200730258 62.566905891869446
71.58912714913843 86.25925376086515 68.41087285086157 95.74074623913485
66.60361474390002 73.03656880364535 65.39638525609998 82.96343119635465
13.84557249992539 13.002385354269428 14.15442750007461 22.99761464573057
75.70945178590335 59.797754050526656 70.29054821409665 68.20224594947334
75.95298226348079 45.60281004154304 72.04701773651921 36.39718995845696
61.69445907974726 84.70412674436628 58.30554092025274 75.29587325563372
88.49825450502004 96.18304979514139 79.50174549497996 91.81695020485861
59.26342240084531 49.18463176920081 64.7365775991547 40.81536823079919
89.99339273307683 16.74303888765903 80.00660726692317 17.25696111234097
37.41090777335005 41.0149981019402 46.58909222664995 44.9850018980598
29.540151773142362 84.73952354725938 38.45984822685764 89.26047645274062
50.8756724756001 67.09029434308535 45.1243275243999 58.90970565691465
68.64278545703736 3.1440519404028735 59.35721454296264 6.855948059597127
13.057071795276924 57.08971626066907 14.942928204723076 66.91028373933092
57.30560873810311 70.99065159064375 56.69439126189689 61.00934840935625
27.79475130899417 80.58212839618719 18.20524869100583 83.41787160381281
18.037316088568957 61.0491205647015 25.962683911431043 54.9508794352985
66.27072987966197 87.16417064269899 63.72927012033802 96.83582935730101
56.070950711113404 84.88395992759622 53.929049288886596 75.11604007240378
72.17600647207902 72.06836389562811 73.82399352792098 81.93163610437189
55.44867791881475 12.246748502295816 58.55132208118525 21.753251497704184
61.97290819514376 15.97953705912788 68.02709180485624 8.02046294087212
3.316096682864485 82.70791563417825 6.683903317135515 73.29208436582175
42.0039291565961 4.1981820569311585 51.9960708434039 3.8018179430688415
57.43553486517398 56.04099437357325 66.56446513482602 51.95900562642675
62.24250817918774 64.29867476670995 69.75749182081226 57.70132523329005
92.28452359162915 62.008101931548836 91.71547640837085 71.99189806845116
76.99467430462403 32.89788936647377 79.00532569537597 23.10211063352623
87.69878158421977 62.63562564624021 80.30121841578023 69.36437435375979
94.5103167419745 75.4394275220109 87.4896832580255 82.5605724779891
38.04241306835322 72.10986963415837 35.95758693164678 81.89013036584163
31.90257330046088 60.865500731443625 40.09742669953912 55.134499268556375
13.827114873319612 44.135701878362596 20.172885126680388 51.864298121637404
50.024429764991496 84.98156057302077 43.975570235008504 77.01843942697923
29.33535577506005 9.401526525637316 36.66464422493995 2.5984734743626836
21.380480649180313 64.19434986945171 18.619519350819687 73.80565013054829
23.01026688517603 74.32025527759752 32.98973311482397 73.67974472240248
18.93099015930457 29.910126803985214 11.06900984069543 36.089873196014786
57.41968795131537 36.282754923108826 62.58031204868463 27.71724507689117
78.98876083513464 76.98495567173957 87.01123916486536 71.01504432826043
80.2545898186345 82.31238623552925 87.7454101813655 75.68761376447075
33.99467116065409 49.76921872491409 24.005328839345907 50.23078127508591
28.999372353312037 90.07922166963195 19.000627646687963 89.92077833036805
43.29887622315922 25.207603871823654 48.70112377684078 16.792396128176346
8.977346981312108 56.9999486838111 9.022653018687892 47.0000513161889
18.522982003243207 15.977193368834502 19.477017996756793 6.022806631165499
8.849239483662917 9.882358583218618 15.150760516337083 2.1176414167813817
37.95884713808988 47.05566925317898 46.04115286191012 52.94433074682102
73.38136055795873 28.316740468405598 66.61863944204127 35.6832595315944
85.08830131566415 32.93552981475391 94.91169868433585 31.064470185246087
44.586478494295314 29.349644211084357 53.413521505704686 24.650355788915643
2.853961549445648 70.51602911513447 7.146038450554352 61.48397088486553
9.086074961659396 95.61918726050513 12.913925038340604 86.38081273949487
89.22920805353512 54.33282935680642 80.77079194646488 59.66717064319358
57.807148325604444 27.862377702344478 52.192851674395556 36.137622297655525
84.08561763549021 21.92132837544232 93.91438236450979 20.07867162455768
67.19242062479957 17.06564942948407 68.80757937520043 26.93435057051593
89.46434618885401 45.39468371931495 82.53565381114599 52.60531628068505
11.655175433657678 29.175351627882776 2.3448245663423206 32.824648372117224
95.6324027315176 96.2509358803796 90.3675972684824 87.7490641196204
48.93731437950827 75.08181042196262 41.06268562049173 68.91818957803738
41.918503073627576 36.111854775117344 50.081496926372424 41.888145224882656
72.02136354035467 8.408159654282153 75.97863645964533 17.59184034571785
88.28551250118028 38.65297406327467 95.71448749881972 45.34702593672533
31.631113312559552 32.69467217587522 38.368886687440444 25.30532782412478
28.57679934410635 2.7151306740796546 23.42320065589365 11.284869325920345
23.90356398304182 33.13308319636447 32.09643601695818 38.86691680363553
4.324292523926819 16.01052764724313 3.675707476073181 25.98947235275687
2.2020537180645814 96.93591751664728 3.7979462819354186 87.06408248335272
22.007071532918417 46.26582949912744 31.992928467081583 45.73417050087256
21.056316215237324 94.25167477907357 30.943683784762676 95.74832522092643
57.81795905781141 91.33688837127602 48.18204094218859 88.66311162872398
2.160089367483484 52.64916431892364 5.839910632516516 43.35083568107636
58.70988225517201 40.79803163230566 53.29011774482799 49.20196836769434
7.932342383399341 2.9501397374082305 2.0676576166006595 11.04986026259177
78.46933748310528 11.77923083359047 75.53066251689472 2.2207691664095304
14.13048928546409 39.86515842470415 23.86951071453591 42.13484157529585
79.5143541602549 47.77418646879739 82.4856458397451 38.22581353120261
22.08635879419245 26.92527298706389 31.91364120580755 25.07472701293611
8.667858724605527 25.988956020369326 9.332141275394473 16.011043979630674
83.01735754745732 3.416262165130853 92.98264245254268 2.583737834869147
30.00834173352012 14.288700105097087 39.99165826647988 13.711299894902913
51.99246007102533 94.72551422765872 42.00753992897467 95.27448577234128
95.48421525548537 23.78825554313518 86.51578474451463 28.21174445686482
