94.31647555995931 17.43102030915129 89.68352444004069 8.56897969084871
80.31917259321854 51.51887834362635 71.68082740678146 46.48112165637365
50.945838115404335 11.733951862327269 41.054161884595665 10.266048137672731
38.602565060532896 19.95355953673334 29.3974349394671 16.04644046326666
15.411016915235756 70.61970349925407 10.588983084764244 79.38029650074593
29.63192799269742 69.43309410813055 38.36807200730258 64.56690589186945
78.91595385583015 86.38165388668956 75.08404614416985 95.61834611331044
69.2844740656553 70.30351506245461 72.7155259343447 79.69648493754539
14.629272932291139 19.039756500262744 13.370727067708861 28.960243499737256
72.40971783828867 53.618988708091095 67.59028216171133 62.381011291908905
75.34510937847911 41.71621356302502 68.65489062152089 34.28378643697498
66.46130611607099 77.60823502156519 59.538693883929014 70.39176497843481
90.90999506300976 94.94443024158474 81.09000493699024 93.05556975841526
61.64249357997579 47.70501695535881 68.35750642002421 40.29498304464119
86.78290310912914 13.542660695416892 77.21709689087086 16.45733930458311
40.975054179656794 41.033552437122516 49.024945820343206 46.966447562877484
33.64645530162155 85.29139676482131 40.35354469837845 92.70860323517869
46.287471422887265 62.7672976579638 39.712528577112735 55.2327023420362
57.97450043799054 2.495673327661616 48.02549956200946 3.504326672338384
14.818326346125527 59.50107789931966 19.181673653874473 68.49892210068035
54.043999388677136 64.99980640163157 53.956000611322864 55.000193598368426
37.95692361530486 80.65491088861994 28.043076384695137 79.34508911138006
21.65152509180328 63.467947724888745 30.34847490819672 58.532052275111255
68.10118777464427 86.1227686660387 65.89881222535573 95.8772313339613
55.29374587216736 79.99136387799814 54.70625412783264 70.00863612200186
73.25014502336994 66.31619731833598 76.74985497663006 75.68380268166402
57.470834584093 8.028080454934134 58.529165415907 17.971919545065866
62.43343900439807 16.74825090397071 65.56656099560193 7.251749096029289
7.912182559480383 75.54323874951142 12.087817440519617 66.45676125048858
32.013889082006955 3.3724216877016095 41.986110917993045 2.6275783122983905
58.471850318666306 54.12034442094617 67.5281496813337 49.87965557905383
60.37113186613387 64.2531226569126 65.62886813386612 55.746877343087405
95.45856499772384 58.02107259112341 94.54143500227616 67.97892740887659
75.99831462349007 33.581839767327786 80.00168537650993 24.418160232672218
82.59259984422103 58.0231270473647 73.40740015577897 61.9768729526353
90.31916000947133 73.26059137943895 83.68083999052867 80.73940862056105
42.87111496989955 77.0764688780087 41.12888503010045 86.9235311219913
28.75821996045332 64.64713091782468 37.241780039546676 59.35286908217531
16.321704552719087 46.77782834348551 21.678295447280913 55.22217165651449
54.093456943064155 85.92817058456073 47.906543056935845 78.07182941543927
21.912589608955727 14.932924748488311 28.087410391044273 7.067075251511688
22.784529329714452 71.06193218649057 21.215470670285548 80.93806781350943
28.163049924122223 74.26645724896893 37.83695007587778 71.73354275103107
14.278249972361142 42.41222543988239 5.721750027638858 47.58777456011761
61.64736625355552 27.41192865480513 66.35263374644448 18.58807134519487
81.65488541579157 63.4738591815419 90.34511458420843 58.5261408184581
83.68618587379564 73.7441468904102 90.31381412620436 66.2558531095898
38.89707632517547 50.99072131430118 29.10292367482453 53.00927868569882
26.32610068151166 87.49303911210718 17.67389931848834 92.50696088789282
48.314610777794755 27.70738389869303 51.685389222205245 18.29261610130697
10.715700930954025 58.9919108605162 11.284299069045975 49.0080891394838
20.83493287437811 29.86236759128669 23.16506712562189 20.13763240871331
6.917475859680212 10.936755634319427 13.082524140319787 3.063244365680573
38.95884713808988 46.05566925317898 47.04115286191012 51.94433074682102
68.9159191328734 27.891048835250704 61.084080867126595 34.1089511647493
87.1053766377254 29.021108290768286 96.8946233622746 26.978891709231714
48.286009326717846 34.34757722521425 55.713990673282154 27.652422774785745
2.6976617148736755 70.438382410388 7.302338285126325 61.561617589612
11.69420859543897 93.99064040148122 12.30579140456103 84.00935959851878
95.13354882119114 50.18685689257918 86.86645117880886 55.81314310742082
57.661037350957876 31.766930166320535 52.338962649042124 40.233069833679465
80.10244551699809 20.00695585108183 89.89755448300191 17.99304414891817
68.93528342872034 11.114677224292905 71.06471657127966 20.885322775707095
93.13822931658888 46.19374660386407 84.86177068341112 51.80625339613593
14.820401585894297 35.67194557690291 5.179598414105703 38.32805442309709
96.55781274310804 88.29623020463221 91.44218725689196 79.70376979536779
50.6342515737275 72.87715538818827 41.3657484262725 69.12284461181173
39.68231595943229 35.47857093579318 48.31768404056771 40.52142906420682
70.18282178922871 2.3419034627545505 73.81717821077129 11.658096537245449
88.34449189262173 35.58865708600091 95.65550810737827 42.41134291399909
37.631113312559556 30.69467217587522 44.368886687440444 23.30532782412478
26.01057417362553 2.007952512168853 19.98942582637447 9.992047487831147
26.75913517384594 36.35140310234092 35.24086482615406 41.64859689765908
4.757919661790119 15.057778051698614 3.242080338209881 24.942221948301388
5.63528370187848 93.986680461177 6.36471629812152 84.013319538823
23.000001726821033 48.00415550326035 32.99999827317897 47.99584449673965
23.016158251842707 95.59835160983211 32.983841748157296 96.40164839016789
59.99527258348133 89.78262516999484 50.00472741651867 90.21737483000516
2.0809960810416888 62.91481757514348 3.9190039189583112 53.08518242485652
60.70988225517201 41.79803163230566 55.29011774482799 50.20196836769434
5.784244273684828 2.3291893239157186 2.215755726315172 11.670810676084281
78.71744942293259 11.69578188161125 75.28255057706741 2.304218118388749
19.367969377586604 39.11737090402157 28.632030622413396 42.88262909597843
78.68187588048458 45.823126455480065 81.31812411951542 36.176873544519935
25.699149617364025 30.550036467617666 34.30085038263598 25.449963532382334
8.01667978370451 32.99997217840415 7.98332021629549 23.000027821595847
84.14381989338796 5.190594293680881 93.85618010661204 2.8094057063191187
37.010365105047626 14.678218062853782 46.989634894952374 15.321781937146218
58.98690925791483 95.63842559088991 49.01309074208517 96.36157440911009
94.99193931416045 22.716200980023995 85.00806068583955 23.283799019976005
