58.68640813197941 15.742865118280015 49.31359186802059 12.257134881719985
66.52006666836294 15.550933771598709 59.479933331637056 8.449066228401291
84.37667604900481 42.44550773415829 91.62332395099519 35.55449226584171
4.1937202992677705 5.378287139288948 13.80627970073223 2.6217128607110523
10.859221702293612 87.35852451673819 7.1407782977063885 96.64147548326181
42.91010003424532 91.9438843433939 33.08989996575468 90.0561156566061
83.9057499101448 72.93101763831625 78.0942500898552 81.06898236168375
50.343021592964604 76.01178025877367 49.656978407035396 85.98821974122633
27.557356638990314 19.212643721955228 30.442643361009686 28.787356278044772
82.33347003541475 83.27334231207212 75.66652996458525 90.72665768792788
93.45470047489403 27.270604254153287 84.54529952510597 22.729395745846713
36.979496050500046 95.45234840892218 27.020503949499954 94.54765159107782
57.93099806094562 85.94916670711655 52.06900193905438 94.05083329288345
77.70390231174933 47.304917983836994 68.29609768825067 50.695082016163006
63.99711680494869 3.8302247435596914 54.00288319505131 4.1697752564403086
36.517021108462835 45.14394969756783 27.482978891537165 40.85605030243217
82.21537927225543 91.54830978110442 91.78462072774457 94.45169021889558
45.80384901742978 31.139858776269794 40.19615098257022 22.860141223730206
79.66127186283435 5.809017584422186 70.33872813716565 2.190982415577814
29.05024811760204 33.29292411814723 38.94975188239796 34.70707588185277
67.39391056531743 41.613883920679484 58.60608943468257 46.386116079320516
13.177030189932223 59.06819295879117 14.822969810067777 68.93180704120883
44.64598683751591 71.04190550657249 43.35401316248409 80.95809449342751
14.965618816253432 74.5853458564557 5.034381183746567 73.4146541435443
16.75007332655279 87.17577498179475 11.24992667344721 78.82422501820525
33.47523466885108 79.77014021545898 24.52476533114892 84.22985978454102
34.27027563154317 39.378362741416666 43.72972436845683 42.621637258583334
33.458286091637426 6.021046911426891 32.541713908362574 15.978953088573109
18.418305601460947 62.96604788808045 19.581694398539053 53.03395211191955
92.81340106339987 69.85715791010128 95.18659893660013 60.14284208989872
2.3120633869095926 92.95244820430963 3.6879366130904074 83.04755179569037
73.1853975544492 61.340899446824416 76.8146024455508 70.65910055317558
74.48389417591011 79.21239531260562 65.51610582408989 74.78760468739438
63.62270530555565 51.09458779840485 54.37729469444435 54.90541220159515
81.59680052274263 67.27277743921722 76.40319947725737 58.727222560782785
65.96876934366966 95.44202938302408 56.03123065633033 96.55797061697592
77.49524888238305 52.81076783199362 68.50475111761695 57.18923216800638
40.871103205960104 56.07646679664227 39.128896794039896 65.92353320335774
73.34698404407578 85.47057275151948 64.65301595592422 80.52942724848052
85.44133265200446 65.29572129010967 90.55866734799554 56.70427870989033
86.87734582486127 7.910882613062635 81.12265417513873 16.089117386937364
23.88474605104472 73.5305298510692 28.11525394895528 64.4694701489308
71.01026688517602 96.32025527759752 80.98973311482398 95.67974472240248
2.1248652600363034 10.889567081180003 11.875134739963697 13.110432918819997
58.28891195899193 41.42993497980771 49.71108804100807 46.57006502019229
80.96631285329826 32.420572141535686 71.03368714670174 33.579427858464314
45.96618632485276 89.04456335728968 38.03381367514724 82.95543664271032
12.011718803457393 54.01568898370388 3.988281196542607 59.98431101629612
19.61732746347562 28.961744330660213 18.38267253652438 19.038255669339787
19.407804675137402 79.97781245276444 28.592195324862598 76.02218754723556
5.237766055371581 51.52352481326326 14.76223394462842 48.47647518673674
27.60991865698445 14.984760430134148 28.39008134301555 5.015239569865851
70.80333392820984 18.49162088438528 75.19666607179016 9.50837911561472
71.57010849396455 25.369854376165957 76.42989150603545 16.630145623834043
94.62368567455904 21.445127302727087 87.37631432544096 14.554872697272915
81.46052490400876 49.09598803738841 90.53947509599124 44.90401196261159
60.16970121093724 26.70840656227324 69.83029878906277 29.29159343772676
12.54390834307358 26.304477940707866 7.45609165692642 17.695522059292134
19.412955401715877 73.74144381418331 22.587044598284123 64.25855618581669
52.63052101508807 23.013670159354835 53.36947898491193 32.98632984064517
54.70722486996305 76.5636071623664 63.29277513003695 71.4363928376336
41.8735293627367 13.176484446686406 50.1264706372633 18.823515553313594
67.89686853147319 67.62621765314893 64.10313146852681 58.37378234685107
39.20010488197872 73.71276961432012 30.799895118021286 68.28723038567988
24.050500775800145 6.038378486422166 17.949499224199855 13.961621513577834
89.23976737822592 78.70444987442976 96.76023262177408 85.29555012557024
26.970380101293046 52.43046577135341 31.029619898706954 61.56953422864659
57.87008777844641 64.16582068145367 50.12991222155359 57.83417931854633
48.25405876597726 63.82150664242557 53.74594123402274 72.17849335757444
96.04399862533074 90.94042090836042 87.95600137466926 85.05957909163958
22.508548682584298 39.02421105726837 23.491451317415702 48.97578894273163
47.144137803708034 7.79752066370884 38.855862196291966 2.2024793362911597
43.04711181071181 66.908360632504 44.95288818928819 57.091639367496
12.021642376761411 9.02864171232244 19.97835762323859 2.9713582876775595
2.2776320791111573 33.35706323318273 11.722367920888843 36.64293676681727
4.804410081453357 21.50785297329035 9.195589918546643 30.49214702670965
96.12150520084259 53.9985234305911 95.87849479915741 44.0014765694089
22.30777891228107 96.5383145673668 13.69222108771893 91.4616854326332
36.22604983340696 18.005112466449653 35.77395016659304 27.994887533550347
90.75035842696728 52.43984141340023 81.24964157303272 55.56015858659977
61.46743664009775 31.39765588166433 54.53256335990225 38.60234411833567
82.99936887991657 38.07944055967628 73.00063112008343 37.92055944032372
45.971516517738976 50.53293856479759 36.028483482261024 49.46706143520241
76.28057012869053 26.3486424706346 85.71942987130947 29.6513575293654
31.300850382636067 86.44996353238248 22.699149617363933 91.55003646761752
57.537419704941975 19.744921928145317 66.46258029505802 24.255078071854683
14.000458033252354 33.0676766040007 23.999541966747646 32.9323233959993
16.718713357187916 43.34659616164219 7.281286642812084 46.65340383835781
69.84836016352992 88.77795101379033 60.151639836470075 91.22204898620967
95.98285529356828 4.413706566733776 86.01714470643172 3.5862934332662246
