87.57235975408604 12.498320423772864 80.42764024591396 5.501679576227136
81.8499757676696 45.10824027093061 76.1500242323304 36.89175972906939
32.58735204815515 5.989020157335456 23.412647951844853 2.010979842664544
40.99924029681016 24.08715764309282 31.000759703189843 23.91284235690718
19.93994345042558 78.39167932874123 16.06005654957442 87.60832067125877
33.063187772088625 73.7923919650935 42.936812227911375 72.2076080349065
69.91595385583015 86.38165388668956 66.08404614416985 95.61834611331044
66.90696429570721 73.00086563916044 67.09303570429279 82.99913436083956
17.065674585126967 20.088072066986086 18.934325414873033 29.911927933013914
74.40702919044097 61.63820116974345 65.59297080955903 66.36179883025655
85.64897593755965 43.24062807638561 80.35102406244035 34.75937192361439
57.61210267354694 66.73298267162926 54.38789732645306 57.26701732837074
76.70556169428178 88.94996794894293 75.29443830571822 79.05003205105707
65.97818341019985 51.9835442130857 72.02181658980015 44.0164557869143
92.99678700278433 18.179219554752233 83.00321299721567 17.820780445247767
39.01823050044135 52.98639181639491 44.98176949955865 61.01360818360509
43.4639791016726 91.89654702692523 52.5360208983274 96.10345297307477
46.57158973789165 68.02498574523472 37.42841026210835 63.975014254765284
58.609687578461845 2.063306831484512 49.390312421538155 5.936693168515488
5.883526064452318 85.36833404005333 2.116473935547682 94.63166595994667
61.627124282321184 56.44150685610185 54.372875717678816 49.55849314389815
32.83036628591893 86.6529301799373 29.16963371408107 77.3470698200627
21.10194310652721 65.07446514799119 26.89805689347279 56.925534852008816
63.39227225415944 89.32678765197817 56.60772774584056 96.67321234802183
51.20658982217304 82.99573024145364 50.79341017782696 73.00426975854636
73.25605759579072 69.68595484732576 80.74394240420928 76.31404515267424
42.16556472614664 17.7910895726697 49.83443527385336 24.2089104273303
53.48045524687731 27.318783884036332 58.51954475312269 18.681216115963668
7.289488012406835 79.99161263427689 6.710511987593165 70.00838736572311
44.972030252806476 10.02113091317636 51.027969747193524 17.97886908682364
71.40060979197868 52.96102261954258 80.59939020802132 49.03897738045742
63.407066357061574 60.97609730316206 72.59293364293843 57.02390269683794
91.67286674770052 62.574567724386455 96.32713325229948 71.42543227561355
76.49526621849925 32.77118213190557 73.50473378150075 23.22881786809443
88.01059078437753 64.42206108627735 83.98940921562247 73.57793891372265
95.59419954790928 86.26095707959446 92.40580045209072 95.73904292040554
56.612243427747224 73.03762577134893 55.387756572252776 82.96237422865107
25.587883006777133 73.65478557846555 32.41211699322287 66.34521442153445
10.927293287012299 51.11642545793441 13.072706712987701 60.88357454206559
58.47323816374749 86.76119714939036 61.52676183625251 77.23880285060964
25.862307547841212 26.640238204796567 22.137692452158788 17.359761795203433
25.127080453477358 78.12868707108758 22.872919546522642 87.87131292891242
45.870867811204626 86.18037815169234 54.129132188795374 91.81962184830766
20.910918489590518 45.9396167243073 11.089081510409482 44.0603832756927
62.53242643609012 23.779772780636424 65.46757356390988 14.220227219363576
80.35287711860137 80.84506068333302 89.64712288139863 77.15493931666698
90.02511984020371 84.01871721260036 95.97488015979629 75.98128278739964
24.79768939522164 53.407897889400296 15.202310604778361 50.592102110599704
20.2359736646235 91.34358754847517 11.7640263353765 96.65641245152483
37.130857528724476 9.166975929332574 44.869142471275524 2.8330240706674257
18.704168806226853 74.2056475205882 13.295831193773148 65.7943524794118
17.08863491104069 15.620247125068914 20.91136508895931 6.379752874931086
3.047917446531688 19.690563815758374 12.952082553468312 18.309436184241626
48.881757990758054 52.126650555442744 51.118242009241946 61.873349444557256
67.2655288786386 23.05423896939145 68.7344711213614 32.94576103060855
85.0586438701079 48.76354410323028 94.9413561298921 47.23645589676972
54.20618295027551 36.146635538924144 59.79381704972449 27.853364461075852
2.2463368721451915 69.17340860428175 7.753663127854809 60.82659139571826
14.08166135994606 80.8815989903309 11.91833864005394 71.1184010096691
89.33020384241458 56.270423299090474 82.66979615758542 63.729576700909526
59.5776739020771 37.01786785933841 60.4223260979229 46.98213214066159
87.41059208460592 22.015728096727127 96.58940791539408 25.984271903272873
74.2786599147107 5.052306751489658 75.7213400852893 14.947693248510342
83.41317693796073 52.62089312004211 78.58682306203927 61.37910687995789
24.796489669821902 33.58802023835617 15.203510330178098 36.41197976164383
88.52581465397472 93.76150077619609 85.47418534602528 84.23849922380391
44.78282205785389 78.54239471635623 35.21717794214611 81.45760528364377
44.07171877240394 45.84382708046391 53.92828122759606 44.15617291953609
52.26363139365523 9.397872531653091 61.73636860634477 12.602127468346909
92.0480453383493 52.39675408012345 95.9519546616507 61.60324591987655
48.18687657706606 40.933440006635955 49.81312342293394 31.06655999336404
17.57679934410635 3.7151306740796546 12.423200655893648 12.284869325920345
20.39793630275313 40.95474032200762 29.60206369724687 37.04525967799238
7.62874868630909 39.746803514504855 2.3712513136909097 48.253196485495145
5.793797556869171 96.48694448148443 10.20620244313083 87.51305551851557
28.07668453109415 47.87233296030377 37.923315468905855 46.12766703969623
25.067032111413116 96.81598272663743 34.93296788858689 95.18401727336257
81.81834537358914 93.66450463841609 72.18165462641086 96.33549536158391
3.160089367483484 58.64916431892364 6.839910632516516 49.35083568107636
70.85487804931309 36.89516488473041 65.14512195068691 45.10483511526959
11.804060275505442 4.613996800396702 2.1959397244945578 7.386003199603298
70.72975239072545 14.189087237731947 65.27024760927455 5.810912762268054
34.146026889849566 42.199560355270414 43.853973110150434 39.800439644729586
86.77529251263842 33.159056560001694 81.22470748736158 24.840943439998306
35.10325540578353 32.01088692691704 44.89674459421647 29.98911307308296
4.062333660826415 36.91129125957531 5.937666339173585 27.088708740424693
85.03492017867227 3.5899003033091352 94.96507982132773 2.4100996966908648
29.765378909106378 9.187228514801056 36.23462109089362 16.812771485198944
37.97983938393511 90.55144709318877 28.020160616064892 91.44855290681123
96.87175086148729 32.83621346064997 89.12824913851271 39.16378653935003
