50.693849537264605 17.212264791128312 45.306150462735395 8.787735208871686
61.093289795432966 18.540719968500174 56.906710204567034 9.459280031499826
89.89145998436761 17.91624551978195 96.10854001563239 10.083754480218051
3.2617840430503215 14.993142208550065 2.7382159569496785 5.006857791449935
12.135018655763105 89.10491873922798 5.864981344236895 96.89508126077202
48.66381848920682 82.40241591786575 41.33618151079318 75.59758408213425
87.25153546911417 79.31567808704033 90.74846453088583 88.68432191295967
43.04103010413893 64.39973512207068 46.95896989586107 73.60026487792932
25.809884600265256 28.143702507535785 28.190115399734744 37.856297492464215
59.97429392752737 95.50635947958376 50.02570607247263 94.49364052041624
66.87168571795075 25.125468020653944 57.12831428204925 22.874531979346056
41.83390796154018 93.72198050900681 32.16609203845982 96.27801949099319
53.59962571528635 79.03608531483796 52.40037428471365 88.96391468516204
86.95353812837904 38.3199558759205 77.04646187162096 39.6800441240795
83.99931870663362 6.917462314648116 74.00068129336638 7.082537685351884
41.49774249012724 51.42707438186036 34.50225750987276 58.57292561813964
87.00268619383431 93.83612589373011 96.99731380616569 94.16387410626989
33.88451939154449 35.8739822539849 36.11548060845551 26.1260177460151
84.82483075597665 16.311872012119267 75.17516924402335 13.688127987880735
50.03590211851272 44.598107200268934 59.96409788148728 43.401892799731066
65.83172894911075 57.87916135249534 60.16827105088924 66.12083864750467
6.84952039242975 75.48608402189136 11.15047960757025 84.51391597810864
32.0384882585129 69.02915763308599 25.961511741487104 76.97084236691401
11.148296477316674 57.86635543298906 8.851703522683326 48.13364456701094
20.14215424885531 80.51787285944515 15.85784575114469 71.48212714055485
33.37888121206158 75.31446587930904 26.62111878793842 82.68553412069096
34.64467442713492 41.01264160729669 35.35532557286508 50.98735839270331
34.28424395923631 4.0080860011777375 33.71575604076369 13.991913998822262
11.294732225176766 67.44231966597805 6.705267774823235 58.55768033402195
91.4009541318513 74.79972160864031 88.5990458681487 65.20027839135969
9.19904859086815 43.490454909583306 4.80095140913185 34.509545090416694
75.21139784320525 72.56149752035643 84.78860215679475 75.43850247964357
65.77478487519383 73.48372146834242 56.22521512480616 70.51627853165758
58.632828527007284 59.56451504247769 51.367171472992716 66.4354849575223
94.63440016971825 69.95959034847249 93.36559983028175 60.04040965152751
33.07527406527888 89.10308072379203 24.924725934721117 94.89691927620797
70.48026035357451 52.027086296753836 71.51973964642549 61.972913703246164
47.01139593922848 51.00857237354875 40.98860406077152 58.99142762645125
67.39871510461218 77.62275255211902 58.60128489538781 82.37724744788098
94.51665595138972 39.3204678939132 89.48334404861028 30.679532106086803
91.43472736716824 24.708219912525298 96.56527263283176 33.291780087474706
21.363187265923614 60.87082005257242 30.636812734076386 57.12917994742758
71.01425570476533 94.62270194469762 80.98574429523467 95.37729805530238
8.75199114084348 5.362876428278772 17.24800885915652 10.637123571721228
66.44173291989215 5.019551021495797 65.55826708010785 14.980448978504203
83.68807189647653 21.73838485194359 74.31192810352347 18.26161514805641
54.12117079746085 55.16875446876187 45.87882920253915 60.83124553123813
3.7692187249141496 82.0053288393459 4.2307812750858504 91.9946711606541
45.431078198224576 36.369194295761766 40.568921801775424 27.630805704238234
2.4512365205682913 43.03020537208609 3.5487634794317087 52.96979462791391
26.987032219119758 42.42310577868157 31.012967780880242 51.57689422131843
20.93071251815612 12.905322596564567 29.06928748184388 7.0946774034354325
69.73297431640468 21.99286463708966 70.26702568359532 12.00713536291034
48.72409443660796 29.45199436955183 53.27590556339204 20.54800563044817
55.60854702066187 16.265616302598737 50.39145297933813 7.734383697401264
79.2785792562536 50.354343243406724 88.7214207437464 53.645656756593276
63.462635259665824 30.46629787703597 70.53736474033418 37.53370212296403
16.74955744212853 21.307690884617024 9.25044255787147 14.692309115382978
15.520224037065562 58.976928272076094 16.479775962934436 49.023071727923906
72.94015377283837 41.11361831466562 75.05984622716163 50.88638168533438
59.02599726890496 89.50921197065568 68.97400273109504 88.49078802934432
39.1594652618858 9.885226324381073 44.8405347381142 18.114773675618927
81.93846944533041 89.99962138474925 82.06153055466959 80.00037861525075
20.223443197521007 86.82222630836475 13.776556802478995 79.17777369163525
22.98391716362152 3.4007114999084043 13.016082836378482 2.5992885000915957
93.55751738178505 78.21259528594587 96.44248261821495 87.78740471405413
19.579842268058087 45.62474725844075 24.420157731941913 54.37525274155925
76.77422020477675 68.48553742339311 67.22577979522325 65.51446257660689
36.10501519177688 63.08075186709902 37.89498480822312 72.91924813290099
76.14622081903535 77.20556751382362 67.85377918096465 82.79443248617638
21.944087384279634 30.000312631833538 22.055912615720366 39.99968736816646
50.83011466927579 2.7077181879919374 41.16988533072421 5.292281812008063
24.285064487240813 69.34652866953813 31.714935512759187 62.65347133046187
3.2861884229389196 68.99180289941177 2.7138115770610804 59.008197100588234
12.721341680084679 34.16626098129912 15.278658319915321 43.83373901870088
7.9524738816205405 22.06443662629537 16.04752611837946 27.93556337370463
68.88469063273828 29.160241416646837 77.11530936726172 34.83975858335316
20.652352695633375 93.16816638434796 11.347647304366623 96.83183361565204
38.615641228130904 37.01479505591924 39.384358771869096 46.98520494408076
93.86825865939949 44.859799304866925 84.13174134060051 47.140200695133075
53.458719649660424 31.47022189361728 60.541280350339576 38.52977810638272
83.9972210228861 26.16667947811647 74.0027789771139 25.83332052188353
61.99998927927081 50.01035408986834 52.00001072072919 49.98964591013166
44.74662071298734 42.628452898724206 53.25337928701266 37.371547101275794
38.92111232118039 81.10817094150198 47.07888767881961 86.89182905849802
38.33187625419853 19.60222599552481 45.66812374580147 26.39777400447519
27.473555934075833 15.238700963643966 30.526444065924167 24.761299036356036
3.636197324956574 29.959360136521454 2.363802675043426 20.040639863478546
65.81268647545285 43.00350986756486 66.18731352454715 52.99649013243514
92.06082101999395 4.046346666238533 85.93917898000605 11.953653333761467
