95.74767156745081 26.943782684061432 94.25232843254919 17.056217315938568
70.1329432348205 54.814032732174844 61.8670567651795 49.185967267825156
59.508218688888334 29.56263969984822 52.491781311111666 22.43736030015178
16.24474968247284 45.545184266570764 25.75525031752716 42.454815733429236
3.5078345773763697 55.025856451405836 2.4921654226236303 64.97414354859417
24.58500828992353 80.37810633039696 29.41499171007647 71.62189366960304
96.4819620583879 75.02328295215867 95.5180379416121 84.97671704784133
73.23717757589115 69.34550829905889 64.76282242410885 74.65449170094111
24.199265303323948 35.602521423373254 33.80073469667605 38.397478576626746
78.85930060016479 81.131858169772 81.14069939983521 90.868141830228
90.08653063315172 23.999251188880827 89.91346936684828 14.000748811119173
77.75011563780575 61.56089763516809 68.24988436219425 58.43910236483191
74.05556975841534 96.90999506300977 75.94443024158466 87.09000493699023
65.41006518545679 31.380820220215522 60.58993481454322 22.619179779784478
96.49189690912776 12.196101581841898 87.50810309087224 7.803898418158102
4.4697415032192245 39.02211461359813 3.530258496780775 48.97788538640187
54.145960832900926 93.80070697314287 63.854039167099074 96.19929302685713
23.334877442885862 62.49175391143655 14.665122557114136 57.50824608856345
65.97065107944009 18.54095087250243 56.02934892055992 17.45904912749757
16.632700495370567 73.19058298079277 19.367299504629433 82.80941701920723
56.60608943468266 67.38611607932067 65.39391056531734 62.61388392067933
36.38781453878501 81.60701220939929 31.61218546121499 90.39298779060071
21.920438121741665 48.45297653464438 26.079561878258335 57.54702346535562
90.99605207457151 94.80134535452267 81.00394792542849 95.19865464547733
54.97586388433676 89.49069196503821 45.02413611566324 88.50930803496179
69.98448751185695 79.39355335615654 60.015512488143045 78.60644664384346
29.803078218394432 43.28230841354565 38.19692178160557 48.71769158645435
33.44472792477228 33.29006412022666 24.55527207522772 28.709935879773337
10.817812593917097 79.65784900714873 7.182187406082903 70.34215099285127
31.000056173922225 18.02370097185194 40.999943826077775 17.97629902814806
48.23170928746953 48.286333078958464 55.76829071253047 41.713666921041536
47.28040893293188 62.65089677437771 56.71959106706812 59.34910322562229
94.44459963491336 69.29031309766329 85.55540036508664 64.70968690233671
79.68357764303352 35.43104812252652 84.31642235696648 26.568951877473477
78.4664388162321 41.247426150256146 69.5335611837679 36.752573849743854
55.95827464604433 75.3553973825728 46.04172535395567 76.6446026174272
40.24178636440189 90.35287921719197 31.75821363559811 95.64712078280803
38.59213454496432 75.34124979803562 45.40786545503568 82.65875020196438
58.16405656614875 85.76778483880403 49.83594343385125 80.23221516119597
84.77585899138056 74.5197395855967 75.22414100861944 77.4802604144033
65.14573715806088 5.1983873586487555 74.85426284193912 2.801612641351245
17.09712858078531 87.1340730308481 8.90287141921469 92.8659269691519
84.98842479419604 81.10339754492948 87.01157520580396 90.89660245507052
3.276352618204448 33.99235708162102 2.723647381795552 24.00764291837898
85.87050225115176 18.130578533992924 76.12949774884824 15.869421466007077
84.6768004570218 44.26418083982248 91.3231995429782 51.73581916017752
63.03265306612355 70.04305082216204 70.96734693387646 63.95694917783795
39.43255161097854 68.36439971421932 32.56744838902146 75.63560028578068
26.93509784630851 84.91535983622431 19.06490215369149 91.08464016377569
41.8210139689184 71.7451913871395 50.1789860310816 66.2548086128605
18.433386584662863 30.748233609131475 21.566613415337137 21.251766390868525
17.181254687981955 6.665948420073596 26.818745312018045 9.334051579926404
36.09288837076307 3.040700537784132 45.90711162923693 4.959299462215868
50.88993243432429 53.85859495505723 43.11006756567571 60.14140504494277
96.61762522494746 5.917690611628725 87.38237477505254 2.0823093883712747
85.61000163978692 58.73369778501791 82.38999836021308 49.26630221498209
12.956587127427575 35.90764108993719 11.043412872572425 26.092358910062813
24.17340860428169 68.75366312785488 15.826591395718308 63.246336872145115
24.976928272076087 96.47977596293453 15.023071727923915 95.52022403706547
88.57612780646147 71.01470948251358 79.42387219353853 66.98529051748642
37.86390285973987 36.105787020866444 44.13609714026013 43.894212979133556
73.29024934888602 7.678764070479065 82.70975065111398 4.321235929520935
42.324604736618504 22.573239014980498 37.675395263381496 31.426760985019502
52.358317695296655 38.408893018440196 47.641682304703345 29.591106981559804
42.76603921521004 13.511578710845074 33.23396078478996 10.488421289154926
89.8263616411038 82.49719017892882 94.1736383588962 91.50280982107118
43.78022171948097 65.46611060721979 34.21977828051903 62.53388939278021
43.75215416587663 31.533772385332984 48.24784583412337 40.46622761466702
59.04327718489039 35.94314793220361 66.95672281510961 42.05685206779639
96.95223112658323 57.908488146218346 95.04776887341677 48.091511853781654
29.015197336641876 65.9020570900636 30.984802663358124 56.09794290993641
58.89112796935693 9.962277885282207 49.10887203064307 12.037722114717793
46.78924714762175 16.148806586987288 49.21075285237825 25.851193413012712
19.23718976186494 2.478277740349485 28.76281023813506 5.521722259650515
7.858211995096932 83.64187981116248 4.141788004903068 74.35812018883752
11.586970234685076 47.34606680122989 18.413029765314924 54.65393319877011
38.04155975568893 96.6433275554462 47.95844024431107 95.3566724445538
72.91640620491928 84.08953307131388 63.083593795080716 85.91046692868612
4.3676529232883805 9.435993992181091 11.63234707671162 2.564006007818909
73.3571738471196 43.27759359738997 76.6428261528804 52.72240640261003
6.952487339004192 27.110959478072054 9.047512660995809 36.889040521927946
94.96172264399692 39.90663729615544 93.03827735600308 30.09336270384456
30.910187422430653 51.123642393519965 39.08981257756935 56.876357606480035
70.45260738258179 27.969945806786633 71.54739261741821 18.030054193213367
8.102925226162832 61.91886743571577 9.897074773837168 52.08113256428423
26.078885047906432 23.88466243747608 35.92111495209357 22.11533756252392
63.095639263291226 11.026734484208252 72.90436073670877 12.973265515791748
8.016740919761215 18.591185935641033 17.983259080238785 19.408814064358967
68.8329324512596 92.28170352326968 59.167067548740405 89.71829647673032
77.32668074141837 21.010683444279532 76.67331925858163 30.989316555720468
