48.8338385981895 17.929981053936146 47.1661614018105 8.070018946063854
73.52431216957929 11.761981983341862 70.47568783042071 2.2380180166581383
90.85209522232515 20.51514175481142 95.14790477767485 11.48485824518858
2.8753464576091656 12.871873808873517 5.124653542390835 3.1281261911264835
2.6363684663808304 76.01324031983114 3.3636315336191696 85.98675968016886
42.78032919308235 83.27247783673616 35.21967080691765 76.72752216326384
80.46467461032606 75.69046114201592 85.53532538967394 84.30953885798408
47.73255369740304 73.00715787599616 48.26744630259696 82.99284212400384
15.937541342639495 20.04761502735909 22.062458657360505 27.95238497264091
53.96469912702761 91.59309575794413 44.03530087297239 90.40690424205587
74.7813098559593 24.462558053995313 65.2186901440407 21.537441946004687
39.887252238451275 94.05582458663974 30.112747761548725 91.94417541336026
63.86394962328616 75.36042116115576 60.13605037671384 84.63957883884424
88.96465208697781 44.40651061065351 79.03534791302219 45.59348938934649
96.999997767411 5.004725027515058 87.000002232589 4.995274972484942
55.966771397618444 39.42451595695509 46.033228602381556 40.57548404304491
80.00058731142485 95.92336600419009 89.99941268857515 96.07663399580991
42.04886514620247 45.88875054641589 39.95113485379753 36.11124945358411
88.82483075597665 28.311872012119267 79.17516924402335 25.688127987880733
50.29767647092614 35.69945680378125 59.70232352907386 32.30054319621875
64.99340903016362 54.41455340904922 61.00659096983639 63.58544659095078
2.2632274331738733 46.05458129328037 3.7367725668261267 55.94541870671963
34.165726911200835 65.23472979596981 25.834273088799165 70.76527020403019
16.56805768477656 65.7477568489986 13.431942315223441 56.252243151001394
20.575596756954933 80.7452602520276 17.424403243045067 71.2547397479724
28.68756213035826 75.783720858925 23.31243786964174 84.216279141075
27.34223856429614 34.011726474509594 26.65776143570386 43.988273525490406
38.42648397252684 9.358680515799705 31.57351602747316 16.641319484200295
15.89065145227488 80.07972231670993 10.10934854772512 71.92027768329007
87.7193280025244 77.947986178718 86.2806719974756 68.052013821282
10.19904859086815 50.490454909583306 5.80095140913185 41.509545090416694
70.01394157208844 68.3731237776558 79.98605842791156 67.6268762223442
57.934811114724894 69.80476037550791 48.065188885275106 68.19523962449209
56.46965260439515 54.652493126675445 51.53034739560485 63.347506873324555
95.80710091728805 83.9344288534047 94.19289908271195 74.0655711465953
28.54466488931783 86.69596926113752 23.45533511068217 95.30403073886248
75.46464931608284 48.21933034179331 72.53535068391716 57.78066965820669
45.88755834749824 50.855657446333694 38.11244165250176 57.144342553666306
71.25462502994463 77.2042898010441 64.74537497005537 84.7957101989559
96.51665595138972 45.3204678939132 91.48334404861028 36.6795321060868
96.27322557170818 19.007470802592664 95.72677442829182 28.992529197407336
30.28267943233963 56.34387915410369 37.71732056766037 49.65612084589631
65.00543762042942 96.23312365083407 74.99456237957058 95.76687634916593
10.073430894114104 7.1462337293318186 19.926569105885896 8.853766270668181
77.9187143826317 5.00066077882196 78.0812856173683 14.99933922117804
88.77262709041906 33.49064773028306 79.22737290958094 30.509352269716942
52.56692032579981 50.49613365132228 45.43307967420019 57.50386634867772
2.682084842903845 61.010117240566814 3.317915157096155 70.98988275943319
42.28997262612985 32.568294155087486 33.71002737387015 27.431705844912514
8.020178589184594 57.096944829709976 9.979821410815406 66.90305517029002
19.441533404234974 45.945643094471066 28.558466595765026 50.054356905528934
25.831797121763085 7.761536667483792 34.16820287823692 2.2384633325162078
83.16914725563208 15.997138101544937 82.83085274436792 6.0028618984550635
56.165485098855356 22.208815275596226 63.834514901144644 15.791184724403774
69.97039366883588 14.022034491664602 64.02960633116412 5.977965508335397
87.0011261307936 53.89388666546886 96.9988738692064 54.10611333453114
67.00526436783268 31.992993643323526 74.99473563216732 38.00700635667647
22.43838241038796 17.302338285126403 13.561617589612043 12.697661714873597
20.166982395193294 61.65188633357143 23.833017604806706 52.34811366642857
64.9743789772044 38.01934459838367 71.0256210227956 45.98065540161633
50.842916176714255 86.87721829830969 57.157083823285745 79.12278170169031
41.614443338509574 16.320597046824332 48.385556661490426 23.679402953175668
77.85122339229275 89.99778606194775 78.14877660770725 80.00221393805225
18.358317695296652 92.4088930184402 13.641682304703348 83.5911069815598
19.99486572561608 3.2265311966721772 10.005134274383918 2.7734688033278228
89.937674051053 86.04751220338306 96.062325948947 93.95248779661694
13.294078747801425 42.3000177998957 16.705921252198575 51.6999822001043
89.99438321890025 59.7630690759578 80.00561678109975 60.2369309240422
39.75532577489124 61.05738096007947 38.24467422510876 70.94261903992053
66.53684020920684 88.46577288017059 59.46315979079315 95.53422711982941
17.08649620302885 31.936566030432548 22.91350379697115 40.063433969567456
50.93814768213387 3.7840264468982747 41.06185231786613 2.2159735531017253
21.854313930145917 68.8864712979676 28.145686069854083 61.1135287020324
2.1559421069003526 37.92824170197609 3.8440578930996474 28.07175829802391
2.1452181002941124 17.895098015163864 7.854781899705888 26.104901984836136
7.6489739051630785 14.587214451007634 12.351026094836921 23.412785548992368
76.45409252606359 33.91799970259149 85.54590747393641 38.08200029740851
11.995209527950902 92.21881903909059 2.0047904720490983 91.78118096090941
31.010962526856527 31.09879556876904 32.98903747314347 40.90120443123096
90.84761795407418 48.77501013418981 81.15238204592582 51.22498986581019
60.44718183035377 39.24723704230723 63.55281816964623 48.75276295769277
74.497393914895 30.184822183672033 65.502606085105 25.815177816327967
56.95277073810666 45.31438931181431 47.04722926189334 46.68561068818569
46.10414703344416 30.015196399651984 55.89585296655584 27.984803600348016
32.30394104000947 82.63263483354214 39.69605895999053 89.36736516645786
36.77330237932507 18.180520655281573 43.22669762067493 25.819479344718427
24.984226682955388 12.424340710423145 29.015773317044612 21.575659289576855
17.89000745036445 41.08017854227459 12.109992549635551 32.91982145772541
70.02701085184195 50.106611735188096 67.97298914815805 59.893388264811904
89.48079112565235 13.658839395866055 84.51920887434765 22.341160604133947
