95.26957970473377 24.946360903963964 96.73042029526623 15.053639096036036
74.61100864489464 44.06645422171935 65.38899135510536 47.93354577828065
44.99501375651787 9.776756697307171 35.00498624348213 10.223243302692829
29.191949572038396 27.493924462387046 24.808050427961604 18.506075537612954
16.375879974344404 73.03910550469216 17.624120025655596 82.96089449530784
24.57453156486965 85.98186477242285 25.42546843513035 76.01813522757715
84.17004907882306 72.34690644559089 87.82995092117694 81.65309355440911
67.6162632288449 79.19528642392147 70.3837367711551 88.80471357607853
16.391159133707603 15.26590757727022 19.608840866292397 24.73409242272978
70.60608503123647 71.19822938283626 73.39391496876353 80.80177061716374
72.70519820440596 36.82943975116436 75.29480179559404 27.170560248835642
63.0706286729981 65.99950113416834 62.9293713270019 56.00049886583166
96.8538384256226 93.20010521953266 87.1461615743774 90.79989478046734
65.6385505947756 35.407216435185056 70.3614494052244 26.59278356481494
72.88870162840085 18.857071485815727 65.11129837159915 25.142928514184273
16.45415404663904 63.08213461820119 25.54584595336096 58.91786538179881
33.94360865599392 84.08984697750331 32.05639134400608 93.91015302249669
40.85377210192826 66.20037343462063 31.146227898071743 63.79962656537936
48.609687578461845 2.063306831484512 39.390312421538155 5.936693168515488
16.22179881423719 68.5273176077732 25.77820118576281 71.4726823922268
60.669379982131495 96.71308502737418 57.330620017868505 87.28691497262582
45.99053307271885 80.30753804658833 36.00946692728115 79.69246195341167
44.09904493943575 59.00972756560143 53.90095506056425 60.99027243439857
83.4558619894924 87.38655041413588 76.5441380105076 94.61344958586412
56.56888383951851 80.79081480911219 59.43111616048149 71.20918519088781
73.90454192049901 58.93015525700748 68.09545807950099 67.06984474299252
48.53186986971827 12.22039814204583 51.46813013028173 21.77960185795417
47.60645748796209 24.73490172436245 44.39354251203791 15.265098275637547
9.564797680463098 72.78959228974617 12.435202319536902 63.21040771025383
17.340643979073064 5.813946380203092 26.659356020926936 2.1860536197969087
56.000006409467886 52.0080059126763 65.99999359053211 51.9919940873237
69.01045143890012 58.00781728635745 74.98954856109988 49.99218271364255
95.15793763188518 63.22303139208361 86.84206236811482 68.77696860791639
89.9093474646883 25.87959804156225 92.0906525353117 16.12040195843775
96.77408059355709 51.514013968362555 87.22591940644291 54.485986031637445
80.84003709575038 76.35088573099537 77.15996290424962 85.64911426900463
50.21088527651985 82.33105274111749 53.78911472348015 91.66894725888251
34.668420401506644 74.49748236868975 43.331579598493356 69.50251763131025
22.32005181618627 65.23986222220572 31.67994818381373 68.76013777779428
66.66590502759898 94.23000595553039 61.334094972401026 85.76999404446961
50.463586726728366 8.102606623713747 59.536413273271634 3.897393376286252
17.708210079800548 87.16975375347477 20.291789920199452 96.83024624652523
45.65564825708008 74.47519856451734 54.34435174291992 69.52480143548266
11.673147871078417 38.77811388134598 2.3268521289215833 35.22188611865402
54.366508777856225 27.725643493449248 57.633491222143775 18.274356506550752
77.45580885419004 63.08574371156726 86.54419114580996 58.91425628843274
76.81887340188061 72.8575165024582 83.18112659811939 65.1424834975418
39.79768939522164 61.407897889400296 30.20231060477836 58.592102110599704
29.620235303517006 84.2697951882358 26.379764696482994 93.7302048117642
33.598963633932144 48.38577523008415 38.401036366067856 39.61422476991585
7.920569421470899 53.0583585665105 2.0794305785291014 44.9416414334895
13.348726597489026 32.83457235755202 22.651273402510974 29.165427642447977
8.650370542516473 17.712139881195025 15.349629457483527 10.287860118804975
48.0626082476478 55.21122710251654 57.9373917523522 56.78877289748346
86.99095429282995 20.69937523907334 77.00904570717005 21.30062476092666
86.01089996858072 36.329971023715785 95.98910003141928 35.670028976284215
40.79811123483868 36.14373907449173 35.20188876516132 27.856260925508273
12.173920245186451 49.12471492583827 17.82607975481355 40.87528507416173
10.738503355438977 87.94516054279387 9.261496644561023 78.05483945720613
86.13354882119114 50.18685689257918 77.86645117880886 55.81314310742082
42.05878051288285 24.392216704006508 45.94121948711715 33.60778329599349
84.00431914766051 9.792219294522846 93.99568085233949 10.207780705477154
58.833440460246095 9.130516742355182 65.1665595397539 16.869483257644816
51.37910687995793 50.41317693796065 42.62089312004207 45.58682306203935
24.744290394876373 33.421485302861015 15.255709605123625 36.578514697138985
93.93416048970244 79.91195930148845 92.06583951029756 70.08804069851155
58.97307234541009 64.4817805027622 49.02692765458991 65.5182194972378
51.242755322895114 30.701043735305515 58.757244677104886 37.29895626469449
63.6286875935406 5.598082523380099 68.3713124064594 14.4019174766199
82.36338887067109 46.87131965077676 91.63661112932891 43.12868034922324
23.93771485423946 45.554885286983136 28.06228514576054 36.445114713016864
28.53233199255348 7.888610242215756 19.46766800744652 12.111389757784245
46.363639415073926 42.128059689374695 55.636360584926074 45.871940310625305
2.800974137999342 20.00396269967338 3.199025862000658 29.99603730032662
2.548309675755906 85.97955578852012 3.451690324244094 76.02044421147988
18.22917965756844 57.28343021017721 25.77082034243156 50.71656978982279
2.0563162152373238 91.25167477907357 11.943683784762676 92.74832522092643
45.37741810426808 93.6868749570554 38.62258189573192 86.3131250429446
4.32346368614575 67.71054412868916 7.67653631385425 58.28945587131083
60.461589674294395 24.029073092352537 61.538410325705605 33.97092690764747
7.568215356121728 5.7099801999780295 2.431784643878272 14.29001980002197
75.2769196700561 12.45147580203595 70.7230803299439 3.5485241979640483
28.393439936002288 54.94412046354679 37.60656006399771 51.05587953645321
82.60428366607712 38.73563870230385 79.39571633392288 29.264361297696148
14.626817560024485 55.40090957718877 19.373182439975515 46.59909042281123
7.223742142226512 32.67385365867374 10.776257857773487 23.326146341326258
79.01735754745732 5.416262165130853 88.98264245254268 4.583737834869147
28.021458005231814 15.462730598004503 37.978541994768186 14.537269401995497
94.92624950673321 96.85560843696798 85.07375049326679 95.14439156303202
94.93492787284728 29.195955915515235 85.06507212715272 30.804044084484765
