80.82483931458482 2.87443545114418 75.17516068541518 11.12556454885582
73.55645701534512 20.297037063918893 68.44354298465488 11.702962936081105
72.50138476326251 62.77013127410748 75.49861523673749 53.22986872589252
15.208062782221992 11.33213528392885 18.791937217778006 20.66786471607115
3.5078345773763697 66.02585645140583 2.4921654226236303 75.97414354859417
34.58500828992353 70.37810633039696 39.41499171007647 61.62189366960304
90.39539518342832 85.61661979921475 81.60460481657168 90.38338020078525
55.04103010413893 82.39973512207068 58.95896989586107 91.60026487792932
16.636672101818178 27.55840837711377 25.363327898181822 32.44159162288623
96.40971783828867 87.6189887080911 91.59028216171133 96.3810112919089
90.8065100596019 27.62251640773993 81.1934899403981 30.37748359226007
48.64212534838873 67.1424014831383 39.35787465161127 70.8575985168617
40.03608531483796 80.40037428471366 49.96391468516204 81.59962571528634
93.27758778548977 44.58886900739081 84.72241221451023 39.41113099260919
86.77664611312106 6.7232723432900965 79.22335388687894 13.276727656709904
3.9018052931452067 35.081997639970545 2.0981947068547933 44.918002360029455
76.007419912148 96.27229408069891 85.992580087852 95.72770591930109
32.358275089335365 41.987147377044494 31.641724910664635 32.012852622955506
87.88687656933313 20.05756200579581 78.11312343066687 17.94243799420419
14.472682392226812 41.22179881423719 11.527317607773188 50.77820118576281
67.95673403392811 61.99981280211368 68.04326596607189 52.00018719788632
18.999093070633688 86.10083547569468 17.000906929366312 95.89916452430532
36.9045881514625 41.08250874162102 35.0954118485375 50.91749125837898
57.9830221712243 96.41169168207175 48.0169778287757 95.58830831792825
15.679886739739283 68.29064966883455 12.320113260260717 77.70935033116545
36.68784488150674 89.25438543479993 43.31215511849326 96.74561456520007
47.15011242602176 34.21597307526582 56.84988757397824 31.784026924734174
36.77486798156338 10.483453996132285 27.225132018436618 7.516546003867715
12.740774750555866 86.79176090667461 19.259225249444132 79.20823909332539
76.65807114319551 39.520553730679275 85.34192885680449 44.479446269320725
8.833503775865227 72.99722713185511 9.166496224134773 63.00277286814489
78.97147001877318 64.02155732065796 85.02852998122682 71.97844267934204
79.31864273952193 71.51978667517203 70.68135726047807 66.48021332482797
79.25866885667966 34.61987396054595 70.74133114332034 29.38012603945405
94.25356657268551 81.6281498077036 85.74643342731449 76.3718501922964
73.51640624829794 90.85475535186885 64.48359375170206 95.14524464813115
69.99142043122349 72.01140547605462 62.00857956877651 65.98859452394538
38.19446781854924 53.50730470726628 33.80553218145076 62.49269529273372
70.12017402474132 76.09301726964021 63.87982597525868 83.90698273035979
74.21384829095565 73.73426038452227 81.78615170904435 80.26573961547773
61.80161264135124 10.145737158060882 64.19838735864876 19.854262841939118
8.459576159636061 90.78222097296037 5.54042384036394 81.21777902703963
66.65564825708009 89.47519856451734 75.34435174291991 84.52480143548266
2.050916652249368 5.933285029136444 9.949083347750632 12.066714970863556
70.94373092310651 36.92640497037534 63.056269076893486 43.07359502962466
88.46863154155974 47.75693688323814 79.53136845844026 52.24306311676186
21.095709215012015 75.07002396015477 26.904290784987985 66.92997603984523
25.821558018848357 49.872190611683656 20.178441981151643 58.127809388316344
8.874465662940564 57.09114252410933 3.125534337059436 48.90885747589067
3.0341359631466336 95.41673816558394 12.965864036853366 96.58326183441606
26.727799191888593 38.1645574035213 29.272200808111407 47.8354425964787
21.13763240871329 14.834932874378186 30.86236759128671 17.165067125621814
65.01949594310868 46.558888518298275 74.98050405689132 47.441111481701725
72.97190641240087 4.529288792935488 63.02809358759913 3.470711207064512
93.65935051764468 23.81691384243692 96.34064948235532 14.183086157563078
87.98180205981576 65.02411182935533 80.01819794018424 58.97588817064466
52.32883150725607 26.49775744944917 43.67116849274393 31.50224255055083
12.842540381446788 24.24491070123812 3.1574596185532107 21.75508929876188
29.903067213946386 95.07089679939317 24.096932786053614 86.92910320060683
59.240955799094245 47.005809344560134 58.759044200905755 56.994190655439866
35.66439341180024 30.275254547118912 42.33560658819976 37.72474545288109
73.00996701223615 25.31554838143859 82.99003298776385 24.68445161856141
51.18415900154205 55.34138202163783 54.81584099845795 64.65861797836217
19.28101271919257 66.4493798416051 14.71898728080743 57.55062015839491
33.917806072195276 2.0971249054939873 24.08219392780472 3.9028750945060127
85.66942211194399 56.27075732465795 92.33057788805601 63.72924267534205
10.043907839268648 37.110188508427605 7.956092160731352 46.889811491572395
50.5777499661585 38.98897905348158 41.4222500338415 43.01102094651842
46.841471331466565 53.071315997315324 45.158528668533435 62.928684002684676
96.77233542138589 59.28168942292797 89.22766457861411 52.71831057707203
25.260471213133382 62.68764755497492 28.739528786866618 53.31235244502508
43.774779247782725 9.721121894533301 36.225220752217275 16.2788781054667
27.109017126563238 21.961594235499312 36.89098287343676 24.038405764500688
15.793329287425358 5.297423171125982 24.206670712574642 10.702576828874019
19.374800842475796 48.960758612695344 20.625199157524204 39.039241387304656
6.466706438283554 29.890675586046516 15.533293561716446 34.10932441395349
36.001967781174386 75.85973617864504 45.998032218825614 76.14026382135496
49.93130866099122 86.82595090049773 40.06869133900878 85.17404909950227
4.3194329031538885 15.241508700072258 13.680567096846111 18.758491299927744
63.72248576005906 26.007707355670142 64.27751423994094 35.99229264432986
21.21610459513813 24.54592133798013 30.78389540486187 27.45407866201987
96.61711022025094 37.961771354673836 95.38288977974906 28.038228645326164
55.09761435797426 41.00095294709909 54.90238564202574 50.99904705290091
47.99961096326158 3.9376284036231533 38.00038903673842 4.062371596376846
30.116549898851144 74.00135857246414 29.883450101148856 83.99864142753586
58.63458041942599 15.013371025418763 59.36541958057401 24.986628974581237
46.18781796384305 14.134202727916975 51.81218203615695 5.865797272083024
54.48204154321115 18.78385388457138 45.51795845678885 23.21614611542862
60.69406143669552 74.27785388874 51.30593856330448 77.72214611126
95.81594548651229 5.769123951005481 88.18405451348771 12.230876048994519
