90.79061652759493 22.995613932389453 91.20938347240507 13.004386067610548
69.92778195349763 51.15326213100918 60.07221804650237 52.84673786899082
43.98498819614605 14.387159765839039 34.01501180385395 13.612840234160961
36.9401180452962 29.078225103713383 29.0598819547038 22.921774896286617
18.246812048632304 72.00609533404472 17.753187951367696 81.99390466595528
22.7392731450633 84.45972130153534 27.2607268549367 75.54027869846466
93.92048301225834 84.11792635520754 96.07951698774166 93.88207364479246
73.34550829905892 78.76282242410883 78.65449170094108 87.23717757589117
18.368811448850952 17.013620740938727 17.631188551149048 26.986379259061273
80.63488966561057 72.0133483735354 81.36511033438943 81.9866516264646
70.78968075439263 43.851301611290765 73.21031924560737 34.148698388709235
63.2742765764592 74.69274745383156 66.7257234235408 65.30725254616844
83.98849379780212 96.3390127273271 74.01150620219788 95.6609872726729
68.28832021638057 36.94909202638094 69.71167978361943 27.05090797361906
71.83325769447463 17.789682967719376 64.16674230552537 24.210317032280624
32.835838568863835 59.76762706581613 41.164161431136165 54.23237293418387
40.59879511234009 87.03598505104611 39.40120488765991 96.96401494895389
42.99906333428883 63.903223041125074 33.00093666571117 64.09677695887493
36.911615996266136 4.064036162438637 27.08838400373386 5.935963837561363
17.662769691634487 65.27670926881521 24.337230308365513 72.72329073118479
59.97440872037842 89.01906615573031 54.02559127962158 80.98093384426969
40.957523949785006 82.3496491044766 31.042476050214994 83.6503508955234
50.03138662353744 63.44064222966211 59.96861337646256 64.55935777033788
89.64023919015469 84.57236836307314 82.35976080984531 91.42763163692686
51.67828245265306 77.73713694365719 58.32171754734694 70.26286305634281
73.38690259888281 68.60651664582117 68.61309740111719 77.39348335417883
46.365958515645154 6.274546748997785 49.634041484354846 15.725453251002214
54.35645028434571 16.812488194904837 51.64354971565429 7.187511805095161
4.912182559480383 73.54323874951142 9.087817440519617 64.45676125048858
11.057906130499745 3.241245635895255 20.942093869500255 4.758754364104745
58.000006409467886 57.0080059126763 67.99999359053211 56.9919940873237
74.50163522932088 53.97510126081329 75.49836477067912 44.02489873918671
96.5197866751721 57.68135726047811 91.4802133248279 66.31864273952189
80.23309659616353 32.164642308030565 85.76690340383647 23.835357691969435
90.99176255443398 53.713108731135264 81.00823744556602 54.286891268864736
90.08083122981144 71.45355728145164 85.91916877018856 80.54644271854836
47.134509058666026 78.90256645384785 52.865490941333974 87.09743354615215
31.282331590408038 76.34349242504331 38.71766840959196 69.65650757495669
25.320186820640924 62.61488922411463 32.67981317935907 69.38511077588537
64.44087009081503 85.36373156825265 59.55912990918498 76.63626843174735
23.1673912290563 12.282923406520437 32.8326087709437 9.717076593479563
17.134109429718944 86.07554738876509 18.865890570281056 95.92445261123491
39.21019518400268 75.43449288065464 48.78980481599732 72.56550711934536
11.97105205121394 48.46274633168151 2.02894794878606 49.53725366831849
57.86942146600716 29.870502251151784 60.13057853399284 20.129497748848216
71.53136845844024 64.24306311676182 80.46863154155976 59.75693688323819
81.3866944409096 67.26270267023483 86.6133055590904 58.73729732976517
51.99793813665501 58.85642290513641 42.00206186334499 59.14357709486359
32.710338525137736 88.6483753150332 25.289661474862264 95.3516246849668
33.80623206902171 44.84705684947008 40.19376793097829 37.15294315052992
14.555746517877646 62.297459684087364 9.444253482122354 53.702540315912636
19.348726597489026 33.83457235755202 28.651273402510974 30.165427642447977
4.339582585354227 17.406074624924997 11.660417414645773 10.593925375075003
45.33449721034082 51.2019222153415 54.66550278965918 54.7980777846585
85.99840559117848 17.87374016444004 76.00159440882152 18.12625983555996
86.03500670583836 37.59062813083181 95.96499329416164 36.40937186916819
46.127278604430984 33.87126707828591 43.872721395569016 24.12873292171409
17.839792887617595 53.863529526627474 20.160207112382405 44.136470473372526
12.04308296406375 90.99981438237536 11.95691703593625 81.00018561762464
91.66042574073144 46.18880373368101 82.33957425926856 49.81119626631899
46.93234389018954 19.05164768644659 53.06765610981046 26.94835231355341
84.08561763549021 9.921328375442322 93.91438236450979 8.078671624557678
58.93528342872034 5.114677224292904 61.06471657127966 14.885322775707095
66.92618046160541 45.85600587597115 57.073819538394595 44.14399412402885
19.744290394876373 39.421485302861015 10.255709605123625 42.578514697138985
95.45722420463034 77.97045213596921 96.54277579536966 68.02954786403079
52.99915888813878 68.09170829375255 43.00084111186122 67.90829170624745
50.67280288886532 30.2677407132332 57.32719711113468 37.7322592867668
66.69924819939179 5.24433260913834 73.30075180060821 12.75566739086166
86.00079411296898 41.91089052197234 95.99920588703102 42.08910947802766
26.040721180771595 38.0535407696 33.9592788192284 31.946459230400006
15.658048558626461 12.59138140257217 8.341951441373539 19.408618597427832
43.62633028035965 40.576982628312145 52.37366971964035 45.423017371687855
9.0908201291679 23.45814231976977 4.9091798708321 32.54185768023023
7.938358983569097 89.91115896891509 6.061641016430903 80.08884103108491
21.365639007166923 58.87688523573159 30.634360992833077 55.12311476426841
4.056316215237324 94.25167477907358 13.943683784762676 95.74832522092642
53.018854327652505 96.97469492437607 44.981145672347495 91.02530507562393
2.5722921522961117 63.79183162283533 5.427707847703888 54.20816837716467
65.19421692339452 29.14470948965171 62.805783076605486 38.85529051034829
5.784244273684828 2.3291893239157186 2.215755726315172 11.670810676084281
80.38570461692429 13.804146408534478 77.61429538307571 4.195853591465522
33.66470522056742 50.49102773477628 42.33529477943258 45.50897226522372
79.45260738258179 46.96994580678663 80.54739261741821 37.03005419321337
22.939590446543967 53.555734021211855 27.060409553456033 44.444265978788145
9.061709050171732 37.609015968058024 12.938290949828268 28.390984031941976
82.23870096364396 5.526444065924157 91.76129903635604 2.4735559340758426
25.00007323162368 18.027061243022484 34.99992676837632 17.972938756977516
64.49957730827711 96.1803220053097 55.50042269172289 91.8196779946903
96.13275984627788 27.185697945672278 87.86724015372212 32.814302054327726
