94.3560664988109 14.454523305641516 85.6439335011891 9.545476694358484
91.46489912426846 34.74951653858405 82.53510087573154 39.25048346141595
57.99501375651787 2.7767566973071705 48.00498624348213 3.2232433026928295
42.2401851536497 27.350315138970544 33.7598148463503 32.649684861029456
9.763764440831078 83.70848405230424 2.236235559168921 90.29151594769576
28.050110525870473 71.70611202645313 37.94988947412953 70.29388797354687
73.26463496519092 91.38984892895621 64.73536503480908 96.61015107104379
59.62410479443486 69.58100410295677 68.37589520556514 74.41899589704323
3.747957939721261 30.535886811612468 8.25204206027874 39.46411318838753
52.63488966561057 76.0133483735354 53.36511033438943 85.9866516264646
51.0084908740835 39.99361774091566 44.9915091259165 32.00638225908434
61.08619587331625 75.88149323873807 52.91380412668375 70.11850676126193
83.3350151274104 91.49151436783394 74.6649848725896 86.50848563216606
75.6064657508646 48.801881120611654 78.3935342491354 39.198118879388346
94.04230586418228 30.94274757673802 85.95769413581772 25.05725242326198
33.77792982384889 55.32154458173085 42.22207017615111 60.67845541826915
41.09390336994911 95.9644769860413 50.90609663005089 94.0355230139587
47.14113264092376 65.92568237501297 48.85886735907624 56.07431762498703
67.73355549736277 12.389580069240749 58.26644450263722 15.610419930759251
11.357348836756989 16.59058887584289 6.642651163243011 25.40941112415711
65.93148852154907 51.82487633123381 56.06851147845093 50.17512366876619
11.17861628267085 64.85958527921586 4.82138371732915 57.14041472078414
23.173493716406426 67.12442265399729 28.826506283593574 58.875577346002714
62.27072987966198 87.16417064269899 59.72927012033802 96.83582935730101
44.238179619113 79.67931500814929 47.761820380887 70.32068499185071
71.60651664582116 64.61309740111719 80.39348335417884 69.38690259888281
44.191887617803445 9.628119786508984 53.808112382196555 12.371880213491016
21.38869306784288 46.93283428607827 30.61130693215712 43.06716571392173
22.736245058258014 94.68886479839999 19.263754941741986 85.31113520160001
48.19442728877739 16.06532142820493 49.80557271122261 25.93467857179507
63.43553486517398 38.04099437357325 72.56446513482602 33.95900562642675
68.02390269683794 45.40706635706158 71.97609730316206 54.59293364293842
95.59477360780417 49.725991351875514 90.40522639219583 58.274008648124486
72.33878271848452 14.956086329617886 73.66121728151548 5.043913670382114
89.88542599186427 71.93575713391303 80.11457400813573 74.06424286608697
95.96446382827058 57.00012628354487 96.03553617172942 66.99987371645513
58.63060005626531 85.27335812055667 55.36939994373469 94.72664187944333
33.27335422452974 62.369411237243085 42.72664577547026 65.63058876275691
13.401984482620662 38.01618534897894 12.598015517379338 47.98381465102106
67.9839213034941 89.57552474471454 72.0160786965059 80.42447525528546
23.63978381981056 13.246356247969118 18.36021618018944 4.753643752030883
2.0614159415248796 63.919812405984715 9.93858405847512 70.08018759401529
42.57225140147056 70.2536302787737 39.42774859852944 79.7463697212263
26.777206991090658 32.52409574691496 17.222793008909342 35.47590425308504
70.63367683815382 28.87857365028811 61.36632316184618 25.12142634971189
89.09537782427681 79.12312754540231 96.90462217572319 72.87687245459769
93.33006715701329 95.71288916694571 96.66993284298671 86.28711083305429
12.70252686661522 58.44090274621896 17.29747313338478 49.55909725378104
16.870035084970976 91.86741081095053 7.129964915029024 94.13258918904947
60.556956254577905 10.293329953640685 69.4430437454221 5.706670046359315
20.630358278358468 71.2522012331816 15.369641721641532 62.747798766818406
16.671127684866843 14.712465624370282 13.328872315133156 5.287534375629718
30.076893663522668 2.12648755032526 39.92310633647733 3.87351244967474
36.1740773137885 47.78094492138886 43.8259226862115 54.21905507861114
60.340649482355474 30.18308615756312 57.659350517644526 39.816913842436875
87.3902289303666 48.45970415279077 94.6097710696334 41.54029584720923
64.14914856365723 42.21212224735432 73.85085143634277 39.78787775264568
2.92484988679883 83.88303719360026 5.07515011320117 74.11696280639974
34.56546986509197 94.9679214800229 33.43453013490803 85.0320785199771
81.761670892494 45.058354782916176 80.238329107506 54.941645217083824
66.92636547897335 79.14505955319704 57.07363452102665 80.85494044680296
75.22832044860982 30.5063219025356 84.77167955139018 33.4936780974644
79.19242062479957 4.06564942948407 80.80757937520043 13.93435057051593
75.03376513965767 71.09424927308172 76.96623486034233 80.90575072691828
5.758942364575598 43.319602393161325 2.2410576354244016 52.680397606838675
83.42407428427123 86.01516844063522 92.57592571572877 81.98483155936478
30.87084804570393 78.129087824601 21.12915195429607 75.870912175399
82.03004176387418 65.4527202441483 91.96995823612582 66.5472797558517
47.598082523380086 48.37131240645938 56.401917476619914 43.62868759354062
86.86939556037262 52.905299874457974 81.13060443962738 61.094700125542026
66.20242792472042 57.59170238142016 75.79757207527958 60.40829761857984
43.890347348540544 20.041394646914654 34.109652651459456 17.958605353085346
22.218991600159303 60.938625910046056 23.781008399840697 51.061374089953944
9.671550560809543 2.0453032540551597 8.328449439190457 11.95469674594484
14.030278768283702 81.90506276542499 15.969721231716298 72.09493723457501
22.50785297329034 41.195589918546624 31.49214702670966 36.804410081453376
38.2342450218124 86.48752537612027 47.7657549781876 89.51247462387973
83.99071806538923 95.69547874984241 74.00928193461077 96.30452125015759
21.001928098446594 26.86115740242161 30.998071901553406 27.13884259757839
42.29398216892672 45.561584886928294 33.70601783107328 40.438415113071706
43.3341879474408 15.492953035309506 34.6658120525592 10.507046964690494
53.05363502544499 31.909622524689194 54.94636497455501 22.090377475310806
15.90238564202566 28.99904705290091 16.09761435797434 19.00095294709909
79.3262997273554 23.391743844509936 86.6737002726446 16.608256155490064
53.611490872408 54.3233159107389 60.388509127592 61.6766840892611
2.407212128700009 20.964735898276928 3.592787871299991 11.03526410172307
87.16533824865486 5.2751649893564245 96.83466175134514 2.724835010643576
25.933986881686593 5.114959976460405 28.066013118313407 14.885040023539595
29.355172433650814 89.70713068834505 22.644827566349186 82.29286931165495
70.99957601977071 19.065112383873466 61.00042398022929 18.934887616126534
