88.06550683712024 2.089389384110511 79.93449316287976 7.910610615889489
76.70486412164729 17.20520036186449 71.29513587835271 8.79479963813551
70.03637136809462 60.047892397762745 77.96362863190538 53.952107602237255
19.13165629302469 13.075979365746283 20.86834370697531 22.924020634253715
3.7674651668429955 62.05925135048517 2.2325348331570045 71.94074864951483
40.4647605601429 64.75847032798433 43.5352394398571 55.24152967201567
93.18250951068427 81.14362434215698 86.81749048931573 88.85637565784302
47.848912428602226 79.11790686389642 54.151087571397774 86.88209313610358
11.44047715041636 26.947988454193133 20.55952284958364 31.052011545806867
96.41946895922077 85.01762649009027 95.58053104077923 94.98237350990973
79.9241657376573 29.132479517197517 70.0758342623427 30.867520482802483
57.90493456607594 68.97036946701422 48.09506543392406 67.02963053298578
38.80132164709365 79.28502300399514 47.19867835290635 84.71497699600486
89.6360366902343 38.248683392268546 84.3639633097657 29.75131660773145
89.94296102614037 5.925417370383729 82.05703897385963 12.07458262961627
2.9468375003516263 39.00028263312503 3.0531624996483737 48.99971736687497
78.00058731142485 95.92336600419009 87.99941268857515 96.07663399580991
27.218841139468786 33.84916758596137 24.781158860531214 24.15083241403863
87.57518554439488 16.983151658066447 78.42481445560512 21.016848341933553
23.272985942923267 46.00745769422368 22.727014057076733 55.99254230577632
64.73940975076616 60.94502509806289 63.260590249233836 51.05497490193711
21.741321388132413 87.05526111917955 20.258678611867587 96.94473888082045
38.497136919413634 49.229404539836914 35.502863080586366 58.770595460163086
61.99994156178126 95.97582607246726 52.00005843821874 96.02417392753274
12.577458029161324 68.03345771944332 11.422541970838676 77.96654228055668
32.31456621797567 83.78236495149682 37.68543378202433 92.21763504850318
51.47123712161431 35.11903440070135 60.52876287838569 30.880965599298648
52.920064404176486 7.890486529238656 43.079935595823514 6.109513470761344
13.374063310746845 86.25493319618936 18.625936689253155 77.74506680381064
72.08739686598221 42.06923125985094 81.91260313401779 43.93076874014906
5.462531084179387 77.757750448782 8.537468915820613 68.242249551218
74.44725125968866 64.48176516016679 81.55274874031134 71.51823483983321
94.97936748380198 75.02731472246602 87.02063251619802 68.97268527753398
86.06554178424301 41.91056180153836 77.93445821575699 36.08943819846164
95.05672378439463 67.5573991787757 90.94327621560537 58.4426008212243
78.58852293416419 89.01368248191554 69.41147706583581 92.98631751808446
74.82834554301806 71.2161732545455 67.17165445698194 64.7838267454545
31.712831759348997 60.30253181339507 28.287168240651003 69.69746818660494
68.69294625821004 81.62922146470991 61.30705374178995 88.37077853529009
78.79619174990789 75.29297281202099 87.20380825009211 80.70702718797901
67.74035568735914 14.539730100055621 72.25964431264086 23.46026989994438
9.77198180276641 90.28209586691173 2.22801819723359 83.71790413308827
71.53206015639249 86.24444058818773 80.46793984360751 81.75555941181227
5.337953813123949 4.767564519223161 10.66204618687605 13.23243548077684
72.72953550630623 36.37781200393154 63.270464493693765 39.62218799606846
96.61421435312795 43.07411685105559 87.38578564687205 46.92588314894441
27.495561894922236 83.76829801795043 30.504438105077764 74.23170198204957
19.239603290818117 61.15609829978013 16.760396709181883 70.84390170021986
14.152847285122284 63.8806641179954 7.847152714877716 56.1193358820046
4.000372022693261 95.93900747150896 13.999627977306739 96.06099252849104
31.58679257587507 40.01710328978735 32.413207424124934 49.98289671021265
28.02280663116549 9.522982003243289 37.977193368834506 10.477017996756711
64.14981925138477 46.78519684485007 73.85018074861523 49.21480315514993
71.99935065361605 2.9194205845838694 62.00064934638395 3.0805794154161306
93.91328562325036 22.880476602071322 96.08671437674964 13.119523397928678
88.52217641494357 63.54884112098798 81.47782358505643 56.45115887901202
50.86576030662839 24.902754844416418 45.13423969337161 33.097245155583586
15.47788776675721 34.22452717410377 6.522112233242789 29.775472825896227
33.91269854308964 94.11300339076337 26.087301456910357 87.88699660923663
58.84779848712523 54.07240040940539 57.15220151287477 63.92759959059461
37.12278170169028 31.842916176714294 44.87721829830972 38.1570838232857
79.10244551699809 25.00695585108183 88.89755448300191 22.99304414891817
55.01437279876352 52.10397632510538 52.98562720123648 61.89602367489462
14.156245204480067 51.87790100559524 7.843754795519933 44.12209899440476
36.9956022482404 2.7903379448363164 27.0043977517596 3.2096620551636836
79.29785536009321 48.6393266946623 86.70214463990679 55.3606733053377
19.549313683781833 36.24609348963966 16.450686316218167 45.75390651036034
51.541955597753294 41.909392588734676 42.458044402246706 46.090607411265324
51.928617138687656 48.386927712211715 48.071382861312344 57.613072287788285
96.71448749881962 57.34702593672542 89.28551250118038 50.65297406327458
22.34254688215738 72.71729256694492 25.65745311784262 63.28270743305508
49.14806066131973 13.115451883082004 42.85193933868027 20.884548116917998
27.397015418375098 14.047429145633014 36.6029845816249 17.952570854366986
11.940536326095037 3.0809668244012673 20.059463673904965 8.919033175598733
28.24572571543353 52.99395823698744 27.75427428456647 43.00604176301256
2.4305840938701024 32.9701137281101 11.569415906129898 37.0298862718899
42.208574547517 71.57092962619116 51.791425452483 74.42907037380884
56.99062981453853 91.30596413881226 47.00937018546147 90.69403586118774
5.000266191562159 17.948406931050396 14.999733808437842 18.051593068949604
67.27877154173045 24.16629093303493 64.72122845826955 33.83370906696507
26.21610459513813 19.54592133798013 35.783895404861866 22.45407866201987
96.3565854436358 38.98726847296063 95.6434145563642 29.012731527039367
57.2720191200832 37.007404923458225 56.7279808799168 46.992595076541775
55.97874217840773 3.4605717326799934 46.02125782159227 2.5394282673200066
38.060409553456196 69.44426597878822 33.939590446543804 78.55573402121178
52.641970089536855 17.29545750187221 59.358029910463145 24.70454249812779
59.11609448648654 16.084493724946416 64.88390551351347 7.915506275053585
39.8656915140745 25.848893536694607 30.134308485925505 28.151106463305393
64.99944584878394 78.0744392710676 55.000554151216065 77.9255607289324
96.92097593904475 3.9419340119310986 91.07902406095525 12.0580659880689
