49.31394739959606 16.990133969172255 48.68605260040394 7.009866030827743
68.63106129187479 16.251766277489644 63.368938708125214 7.748233722510355
92.50138476326251 23.770131274107477 95.49861523673749 14.229868725892524
2.372257944913352 14.727626867901304 5.627742055086648 5.272373132098696
2.6363684663808304 79.01324031983114 3.3636315336191696 88.98675968016886
43.288098400879385 79.76675044383543 36.711901599120615 72.23324955616457
82.83544349441866 67.13751008789652 85.16455650558134 76.86248991210348
47.99422539019556 63.00000333461295 48.00577460980444 72.99999666538704
17.51741065260511 22.65986749831282 22.48258934739489 31.34013250168718
53.97429392752737 92.50635947958376 44.02570607247263 91.49364052041624
68.99999994648938 21.000731509513336 59.00000005351062 20.999268490486664
44.847427309756895 96.2257440502091 35.152572690243105 93.7742559497909
59.70089518915065 78.29819656349565 56.29910481084935 87.70180343650435
87.98668055908544 46.36471495944002 78.01331944091456 45.63528504055998
90.99931870663362 2.9174623146481156 81.00068129336638 3.0825376853518844
51.791383224462784 40.5707880505899 42.208616775537216 43.4292119494101
74.00058731142485 88.92336600419009 83.99941268857515 89.07663399580991
37.61879121267924 45.96156199549204 36.38120878732076 36.03843800450796
88.6921336386878 27.727391651217047 79.3078663613122 24.272608348782953
50.26873304671364 34.61713110684954 59.73126695328636 31.382868893150462
61.537375826794495 55.691668082238905 56.462624173205505 64.3083319177611
2.693297010709298 44.563884433516485 7.306702989290702 53.436115566483515
31.90886588410616 69.88218546092443 24.09113411589384 76.11781453907557
15.814387110918073 65.65918441486644 12.185612889081927 56.340815585133555
14.821785189270216 80.65629667484319 11.178214810729784 71.34370332515681
31.07131018134196 78.09751254829564 22.92868981865804 83.90248745170436
26.557687139222875 30.019602492451916 27.442312860777125 39.98039750754808
37.67214283677783 8.60657002631537 30.32785716322217 15.39342997368463
13.100206083573589 87.92284619114405 6.899793916426411 80.07715380885595
91.65023219299127 80.71982348284502 88.34976780700873 71.28017651715498
11.008005912676216 50.999993590532114 10.991994087323784 41.000006409467886
66.22566851375728 69.4851797397862 75.77433148624272 66.5148202602138
63.84589318031188 74.23179514733854 54.15410681968812 71.76820485266146
58.545150921283614 51.696256654040674 53.454849078716386 60.303743345959326
96.37396584287337 85.98599534179125 95.62603415712663 76.01400465820875
32.46916163075664 85.65221425997103 27.530838369243362 94.34778574002897
75.65207095674867 49.761306847580244 70.34792904325133 58.238693152419756
38.53758860098688 51.466521983913346 31.46241139901312 58.533478016086654
72.12612846049002 78.1759844321367 63.873871539509985 83.8240155678633
96.28709114322876 53.446258438571085 91.71290885677124 44.553741561428915
96.96539232926312 28.094083403623753 95.03460767073688 37.90591659637625
25.224886860192754 57.278493675707594 32.775113139807246 50.721506324292406
74.00212974776703 96.14592101234825 83.99787025223297 95.85407898765175
11.03549991166952 6.405240491486969 20.96450008833048 7.594759508513031
75.35474482201586 5.012600265543884 74.64525517798414 14.987399734456115
83.71769687940005 31.656301951366068 74.28230312059995 28.343698048633932
48.76047978173671 53.831097101799706 43.23952021826329 62.168902898200294
3.990721314301233 66.10292367482452 6.009278685698767 75.89707632517548
43.47907191288984 37.59110827251713 36.52092808711016 30.408891727482867
3.4023254184924694 54.72775389653292 8.59767458150753 63.27224610346708
19.15405142172086 43.76842280929111 28.84594857827914 46.23157719070889
24.256693407073914 14.314763302463103 31.743306592926086 7.685236697536897
83.43044544621928 18.9814372140808 82.56955455378072 9.0185627859192
48.398661422954376 24.468481000882516 55.601338577045624 17.531518999117484
59.381726989467 14.39629122643672 54.618273010533 5.603708773563279
85.01089996858072 59.329971023715785 94.98910003141928 58.670028976284215
68.11264086127488 34.85541116732723 75.88735913872512 41.14458883267277
23.571307638565866 20.499394483438685 16.428692361434134 13.500605516561317
20.002621635916856 59.89951389413877 21.997378364083144 50.10048610586123
62.574861853814184 35.357414561119704 69.42513814618582 42.642585438880296
47.980152354094585 86.98503703816156 54.019847645905415 79.01496296183844
38.81164819820813 13.148453195401808 45.18835180179187 20.851546804598193
78.85122339229275 83.99778606194775 79.14877660770725 74.00221393805225
22.733603930187584 95.18657491905532 17.266396069812416 86.81342508094468
22.94382437067941 3.747395873601373 13.056175629320592 2.252604126398627
86.29380913544543 81.79565332012197 91.70619086455457 90.20434667987803
15.395067350287626 46.036729254885245 16.604932649712374 55.963270745114755
96.99602797357161 64.19925984866487 87.00397202642839 63.800740151335134
38.51922242661869 58.23639178579317 35.48077757338131 67.76360821420684
72.21535327474191 83.17096574596069 65.78464672525809 90.82903425403931
13.743431358863457 29.20595721089415 20.256568641136543 36.79404278910585
44.92371243011458 4.870089596268823 35.07628756988542 3.1299104037311767
19.501020604024344 72.33071610458238 24.498979395975656 63.66928389541762
5.2861884229389196 40.991802899411766 4.7138115770610804 31.008197100588234
6.980920708280107 16.425798559994554 11.019079291719894 25.574201440005446
9.648973905163079 10.587214451007634 14.351026094836921 19.412785548992368
81.00196778117439 35.859736178645036 90.99803221882561 36.140263821354964
12.68310777004556 96.75171390761703 3.3168922299544414 93.24828609238297
31.010962526856527 33.09879556876904 32.98903747314347 42.90120443123096
89.9050854781601 52.03039366135384 80.0949145218399 53.96960633864616
57.44718183035377 38.24723704230723 60.55281816964623 47.75276295769277
69.70113282583142 30.702747824514894 60.29886717416857 27.297252175485106
53.91010104696494 46.05612092480348 44.08989895303506 47.94387907519652
44.12261031574495 31.100486196152612 53.87738968425505 28.899513803847388
34.30394104000947 80.63263483354214 41.69605895999053 87.36736516645786
36.33627316321859 17.768622051977566 41.66372683678141 26.231377948022434
27.74751772586714 19.536108916570964 32.25248227413286 28.463891083429036
16.234621090893704 39.81277148519887 9.765378909106298 32.18722851480113
68.36585461503842 47.19017243858179 65.63414538496158 56.80982756141821
94.92097593904475 5.941934011931099 89.07902406095525 14.0580659880689
