92.95835514110307 8.643983147836002 83.04164485889693 7.3560168521639975
66.99766825319743 36.847317221067414 57.002331746802575 37.152682778932586
47.99841881963835 6.125735052730441 38.00158118036165 5.874264947269559
37.29399437776787 15.170343847611392 34.70600562223213 24.82965615238861
20.59456800659794 85.03547697300837 19.40543199340206 94.96452302699163
21.219670806917563 68.72752216326394 28.780329193082437 75.27247783673606
74.58420471142092 85.99626330021523 65.41579528857908 82.00373669978477
65.90093032999711 57.13685001432646 74.09906967000289 62.86314998567354
14.980091924735556 32.10512640428679 17.019908075264446 41.89487359571321
47.85930060016479 69.131858169772 50.14069939983521 78.868141830228
59.63564519493292 50.87371119084434 50.36435480506708 47.12628880915566
63.70457229988132 61.357997033195836 56.29542770011868 54.642002966804164
79.98849379780212 96.3390127273271 70.01150620219788 95.6609872726729
78.70766640622796 39.7630492299889 85.29233359377204 32.2369507700111
90.6006759968201 15.958004180864636 81.3993240031799 12.041995819135364
21.605835173190556 24.610469867734302 26.394164826809444 33.3895301322657
55.21285402086268 94.1511224133936 60.78714597913732 85.8488775866064
33.26931740458231 52.38116023602948 42.73068259541769 55.61883976397052
63.89453311205624 14.978459195633842 54.10546688794376 17.021540804366158
24.71684464225338 13.167452811623445 27.28315535774662 22.832547188376555
67.47483542798624 49.23066086450613 58.525164572013765 44.76933913549387
3.745873691525695 82.84016189836586 6.254126308474305 73.15983810163414
25.568043931738796 64.31468473209694 34.4319560682612 59.68531526790306
59.92512476219962 78.90267928667899 52.07487523780038 85.09732071332101
42.77039710576767 77.99472546902831 43.22960289423233 68.00527453097169
73.00940319660761 67.69349788586425 82.99059680339239 68.30650211413575
55.06258867592589 11.788650376849423 64.9374113240741 10.211349623150577
43.57469809072265 40.327381148790685 52.42530190927735 35.672618851209315
25.152818585117085 94.64628032091383 28.847181414882915 85.35371967908617
31.990112871706348 33.99260371132876 26.009887128293652 42.00739628867124
47.19590441008537 29.38588078959296 56.80409558991463 26.61411921040704
83.68234675754383 40.17674488206929 86.31765324245617 49.82325511793071
95.80476037550798 26.065188885275116 94.19523962449202 35.93481111472488
69.24085282930591 12.680320633443712 72.75914717069409 3.3196793665562883
96.85752516079145 81.18509464275135 87.14247483920855 78.81490535724865
92.61577683297303 66.0147846026556 93.38422316702697 75.9852153973444
53.35287921719199 65.7582136355981 58.64712078280801 74.2417863644019
41.169619395363775 62.291287425151424 50.830380604636225 59.708712574848576
14.35700682639151 54.0415163831376 15.64299317360849 63.9584836168624
80.8683845739438 77.89781795666329 87.1316154260562 70.10218204333671
10.120374755051909 11.922017820818004 11.879625244948091 2.077982179181996
8.5020664632774 60.67106671183968 3.4979335367226008 69.32893328816031
37.15992997971376 69.07107695728405 38.84007002028624 78.92892304271595
12.75980277462346 44.53110337557162 3.24019722537654 41.46889662442838
76.80465748840453 32.38393150810229 67.19534251159547 29.616068491897707
87.78110125113848 93.48067945096508 92.21889874886152 84.51932054903492
96.5650689318079 96.96796709955949 95.4349310681921 87.03203290044051
19.3179151570963 57.98988275943317 18.6820848429037 48.01011724056683
39.961744330660224 95.38267253652447 30.038255669339776 96.61732746347553
55.08691884719535 2.071757797794284 64.91308115280465 3.928242202205716
18.08272494795229 73.88640901456601 9.91727505204771 68.11359098543399
11.713948356618761 17.666940578164464 2.2860516433812386 14.333059421835536
28.925912915884776 2.056652614937919 35.07408708411523 9.943347385062081
27.471289706424507 26.880853219603846 36.52871029357549 31.119146780396154
62.915726202632904 22.08457066760069 61.084273797367096 31.91542933239931
87.21968669523973 36.844298142627046 92.78031330476027 45.155701857372954
76.13423969337175 58.097245155583686 81.86576030662825 49.902754844416314
9.01287600129774 90.58817373404511 12.98712399870226 81.41182626595489
50.46163932143368 95.35204915541766 45.53836067856632 86.64795084458234
96.35822857110931 11.188013388565764 93.64177142889069 20.811986611434236
69.98503703816165 77.0198476459053 62.01496296183835 70.9801523540947
78.11629550590189 21.927885074105422 87.88370449409811 24.072114925894578
78.84914778562661 3.3545019140126406 75.15085221437339 12.64549808598736
81.28209343221813 82.16717097022219 78.71790656778187 91.83282902977781
9.7031845965476 28.008817713579937 10.2968154034524 37.99118228642006
82.68635665445773 92.82434878099754 85.31364334554227 83.17565121900246
28.850400892335763 81.21392387884433 19.149599107664237 78.78607612115567
58.28053262958606 65.34874964357365 67.71946737041394 68.65125035642635
42.386927712211715 50.071382861312344 51.613072287788285 53.928617138687656
94.37996284014633 49.19420115279309 91.62003715985367 58.80579884720691
81.42515096842702 57.50422334788652 88.57484903157298 64.49577665211348
29.28486932592039 9.576799344106275 20.71513067407961 4.423200655893725
25.132919644897676 57.924243257374236 26.867080355102324 48.075756742625764
18.943917920457565 28.442311278489452 23.056082079542435 37.557688721510544
14.63528370187848 95.986680461177 15.36471629812152 86.013319538823
2.761963064875385 54.65311947271878 11.238036935124615 49.34688052728122
36.643609005636854 86.45394733118535 45.356390994363146 81.54605266881465
68.80249920444051 89.7533094079926 61.19750079555949 96.2466905920074
11.483652107093592 23.14536750004279 20.51634789290641 18.85463249995721
69.91113698809478 42.93847401890906 60.08886301190522 41.06152598109094
46.799430480499275 21.664981237459607 43.200569519500725 12.335018762540395
49.29725217548519 14.70113282583146 52.70274782451481 5.2988671741685405
38.44507101637306 39.752072795725766 41.55492898362694 30.247927204274234
67.16398790413177 19.270034254898746 76.83601209586823 16.729965745101254
72.99311292973665 38.420436233961816 77.00688707026335 47.579563766038184
2.2178792076783846 29.15449201430593 7.782120792321615 20.84550798569407
84.07940039583325 2.11247561415252 93.92059960416675 3.88752438584748
15.40165132988899 5.728163838753604 20.59834867011101 14.271836161246396
41.964277338712186 91.59661587671522 32.035722661287814 90.40338412328478
80.2519377246789 28.630784214916247 71.7480622753211 23.369215785083753
