52.57235975408604 22.498320423772864 45.42764024591396 15.501679576227136
53.67424494912248 14.954330807342483 52.32575505087752 5.045669192657517
86.73949303191822 8.616883714444821 95.26050696808178 3.383116285555179
13.42413941535277 31.373047918206836 8.57586058464723 22.626952081793164
12.996412438417899 94.81062538390027 3.003587561582102 95.18937461609973
47.947292261082445 92.03899347953961 42.052707738917555 83.96100652046039
84.6889568985829 87.25340239943516 91.3110431014171 94.74659760056484
51.52255655745805 77.40731477806335 58.47744344254195 84.59268522193665
24.30878286289099 20.294706747167737 27.69121713710901 29.705293252832263
62.99997320318531 94.98363028928729 53.00002679681469 95.01636971071271
74.5312297374072 30.113754258857142 65.4687702625928 25.886245741142858
36.95362814084137 94.32061186184592 27.04637185915863 95.67938813815408
68.49151436783382 76.66498487258953 63.508485632166185 85.33501512741047
80.56120706088845 42.048265155613734 71.43879293911155 37.951734844386266
71.27672765670997 9.776646113121004 64.72327234329003 2.223353886878997
43.42451595695515 57.03322860238155 44.57548404304485 66.96677139761846
70.01144954621351 95.66182198470828 79.98855045378649 96.33817801529172
43.99853057666024 35.99889751065922 50.00146942333976 28.001102489340784
84.82483075597665 13.311872012119265 75.17516924402335 10.688127987880735
52.11162858460147 43.94936928223349 61.88837141539853 46.05063071776651
56.13051814158866 51.001703788818006 55.86948185841134 60.998296211181994
11.498664396289847 76.2307242263597 14.501335603710153 85.7692757736403
27.304740987645136 79.4565368040233 18.695259012354864 84.5434631959767
12.814387110918073 42.659184414866445 9.185612889081927 33.340815585133555
19.325089723447228 69.82121740070022 16.674910276552772 60.17878259929978
34.85892538464608 68.82058262008051 27.14107461535392 75.17941737991949
29.993440517144975 41.00000430268339 30.006559482855025 50.99999569731661
44.6687332984548 22.771777846219692 39.3312667015452 31.228222153780308
8.115106895461274 88.99867486466336 7.884893104538725 79.00132513533664
96.88726466126116 93.08211988748891 91.11273533873884 84.91788011251109
4.398600301909068 35.963700071835135 5.601399698090932 26.036299928164865
77.03000077621186 72.5469074103953 86.96999922378814 71.4530925896047
63.40395122581201 71.36753323116464 54.59604877418799 66.63246676883536
54.77118213190559 71.50473378150083 45.22881786809441 74.49526621849917
89.46092650326351 58.978709346666996 88.53907349673649 49.021290653333004
34.253392806244065 83.20323357996843 27.746607193755935 90.79676642003157
71.13463348905888 63.07545526959683 72.86536651094112 72.92454473040317
41.71766840959192 71.65650757495665 34.28233159040808 78.34349242504335
76.39433113900941 76.61056058285686 71.60566886099059 85.38943941714314
96.28090549355943 38.99210297406695 95.71909450644057 29.007897025933044
93.92429877607205 11.000573100374822 94.07570122392795 20.999426899625178
22.902871419214794 64.86592696915204 31.097128580785206 59.13407303084796
52.00134223953168 89.88415271384349 61.99865776046832 90.11584728615651
10.166588610386864 15.720103778129644 19.833411389613136 18.279896221870356
58.52858646164188 16.028018870453256 57.47141353835812 25.971981129546744
91.4412718989738 26.296759438727893 82.5587281010262 21.703240561272107
48.00409446356871 58.10018651757993 49.99590553643129 67.89981348242007
3.2054111921277393 71.00422115760229 2.7945888078722607 80.99577884239771
65.8317041719911 37.28632608399414 56.168295828008894 34.71367391600586
6.352913197434561 45.186516242864485 3.647086802565439 54.813483757135515
38.31596307969978 48.176283468852354 35.68403692030022 57.823716531147646
24.06820591742534 10.176952536556009 33.931794082574655 11.823047463443991
77.99464661099735 25.9999971341218 78.00535338900265 16.0000028658782
72.3414544864595 22.41787176000376 67.6585455135405 13.58212823999624
62.58213524482168 14.743084235715516 59.41786475517832 5.256915764284484
75.13242572126552 57.856881178091086 84.86757427873448 60.143118821908914
82.12456600634154 32.365051528287474 85.87543399365846 41.634948471712526
26.680828296605586 35.2422040910002 17.319171703394414 38.7577959089998
11.78274742450874 54.68603438446203 20.21725257549126 49.31396561553797
67.0255943117324 49.09586566714657 68.9744056882676 58.90413433285343
70.06368854600306 89.20449435631254 79.93631145399694 90.79550564368746
40.07211492589459 5.116295505901894 37.92788507410541 14.883704494098106
76.28084798890072 85.65215141441021 85.71915201109928 82.34784858558979
14.884543772277931 71.63125196576136 11.115456227722069 62.36874803423864
19.976164708936857 7.487631817595354 10.023835291063142 6.512368182404646
95.49749973425905 74.02531473528924 96.50250026574095 83.97468526471076
23.56865150991585 41.01864090030621 24.43134849008415 50.98135909969379
86.94783088381747 66.72039540888463 77.05216911618253 65.27960459111537
42.832329829928455 78.13142588365702 49.167670170071545 85.86857411634298
90.78206367823243 74.53990857227018 81.21793632176757 77.46009142772982
39.17090554399086 23.13407733767371 32.82909445600914 30.86592266232629
34.80579068984272 7.3799912483132 25.19420931015728 4.6200087516868
23.404119691848358 71.47413943437036 30.595880308151642 64.52586056562964
4.899174616838705 66.87731314104269 7.100825383161295 57.1226868589573
19.79794628193535 24.06408248335271 18.20205371806465 33.935917516647294
2.026957872150052 10.481490603142372 11.973042127849947 11.518509396857628
90.10412879302179 39.92398111478927 95.89587120697821 48.07601888521073
25.019714194528092 86.02646711901325 16.980285805471908 91.97353288098675
51.61927716740701 36.74096406210275 46.38072283259299 45.25903593789725
84.26831083521436 46.21606761629909 77.73168916478564 53.78393238370091
70.46502977279893 32.89428277340002 79.53497022720107 37.10571722659998
91.2443806150868 32.64295917378142 82.7556193849132 27.357040826218576
51.75207279572581 52.5549289836268 42.24792720427419 49.4450710163732
57.04036445847218 40.36595323893733 66.95963554152782 41.63404676106267
36.944829305305596 87.04197877389717 43.055170694694404 94.95802122610283
24.239589541807035 14.470787042453843 33.760410458192965 17.529212957546157
37.593102325062056 35.61743869610723 42.406897674937944 44.38256130389277
11.131357296417065 50.16758640482222 18.868642703582935 43.83241359517778
61.7695032150559 52.05956835873437 60.2304967849441 61.94043164126563
88.44493202458557 2.7103320553377888 79.55506797541443 7.289667944662211
