85.86387818402528 14.158744584005857 76.13612181597472 11.841255415994143
54.932610560198945 55.91225381500238 53.067389439801055 46.08774618499762
72.76397912847528 46.166583657788834 67.23602087152472 37.833416342211166
8.148546627527413 23.209710781436765 17.851453372472587 20.790289218563235
4.203127450320421 57.06390902235715 5.796872549679579 66.93609097764285
26.835845311310802 77.99730459729857 27.164154688689198 68.00269540270143
93.33355445863914 72.2858766183225 96.66644554136086 81.7141233816775
62.78644749002402 77.33003154556833 59.21355250997598 86.66996845443167
23.143702507535785 40.19011539973474 32.856297492464215 37.80988460026526
82.27334231207212 68.66652996458525 89.72665768792788 75.33347003541475
87.86728293354957 46.096179754231414 82.13271706645043 37.903820245768586
66.48665287478146 67.2067954099135 57.513347125218544 62.793204590086496
77.05556975841534 80.90999506300977 78.94443024158466 71.09000493699023
80.77682924475835 33.47712638810003 71.22317075524165 30.522873611899968
64.75382034435641 6.549578050174648 55.24617965564359 3.450421949825352
4.38279388035134 40.01467465001876 3.6172061196486602 49.98532534998124
74.19824084727847 84.33591767272658 77.80175915272153 93.66408232727342
2.400099986035115 81.9638815430311 3.599900013964885 72.0361184569689
87.99952592769635 24.93114872338186 78.00047407230365 25.06885127661814
21.389066986432336 67.19682470575934 18.610933013567664 76.80317529424066
50.9115382094278 58.916207694224596 49.0884617905722 49.083792305775404
37.07191258672259 87.09835772602995 28.928087413277407 92.90164227397005
8.617111600026867 31.318143664762676 15.382888399973133 38.68185633523732
95.93460234880689 95.19396051017986 86.06539765119311 96.80603948982014
45.80949975767754 76.76152634775968 38.19050024232246 83.23847365224032
55.91241824948463 76.08395555980141 54.08758175051537 85.91604444019859
27.222151938209958 17.724658182413744 34.77784806179004 24.275341817586256
43.63040522173026 27.252172194243105 38.36959477826974 18.747827805756895
12.40493697836013 68.79855729223236 9.59506302163987 59.20144270776765
48.10438923358646 29.98363627387839 57.89561076641354 32.01636372612161
16.00643972981555 60.746315495082136 25.99356027018445 61.253684504917864
71.45309258960471 50.030000776211864 72.54690741039529 59.969999223788136
81.20576914265335 62.29602035534568 72.79423085734665 67.70397964465431
82.3066082657109 45.75051220197086 75.6933917342891 38.24948779802914
90.61233131900039 54.93038851109513 81.38766868099961 51.06961148890487
70.77101324315275 87.504194988088 61.22898675684725 90.495805011912
55.65875834446657 66.59214328693294 48.34124165553343 73.40785671306706
31.46463789348477 78.2193268422775 28.53536210651523 87.7806731577225
68.95594626395939 71.66226628235697 59.04405373604061 70.33773371764303
85.8551670450964 85.35690240951277 82.1448329549036 94.64309759048723
58.72843983146004 26.218876613541585 65.27156016853996 33.78112338645841
23.99999943047364 90.0023864750751 14.00000056952636 89.9976135249249
89.99246924378494 81.42071836825353 94.00753075621506 90.57928163174647
4.189181883493651 27.996419739669378 3.8108181165063484 18.003580260330622
96.97323071774323 2.4833025758772638 87.02676928225677 3.5166974241227362
95.21889874886148 41.51932054903489 90.78110125113852 50.48067945096511
48.91253643482012 92.61976237327046 45.08746356517988 83.38023762672954
41.20541119212774 87.00422115760229 40.79458880787226 96.99577884239771
19.9396932798084 82.77422884305336 10.060306720191601 81.22577115694664
35.15367841733201 80.11077285288769 40.84632158266799 71.88922714711231
41.835442596478686 65.72779919188855 32.164557403521314 68.27220080811145
8.315861725025345 13.25104356231567 17.684138274974657 16.748956437684328
62.35494512886966 39.75692508565903 67.64505487113034 48.24307491434097
52.414876797797234 39.34779293359945 45.585123202202766 46.65220706640055
95.12625983556005 16.998405591178486 94.87374016443995 7.001594408821514
78.52714201104357 58.76107522289932 75.47285798895643 49.23892477710068
31.097245155583636 30.865760306628317 22.902754844416364 25.134239693371683
19.509814323708632 42.840931968262126 10.49018567629137 47.159068031737874
22.99981438237536 95.95691703593634 13.000185617624641 96.04308296406366
53.08382314480744 63.11514497384442 44.91617685519256 68.88485502615558
14.112087137850402 28.94723798889183 23.887912862149598 31.05276201110817
78.87352936273669 3.176484446686406 87.12647063726331 8.823515553313594
45.60348700829783 34.264091490091886 42.39651299170217 43.735908509908114
21.999439826874074 56.07484261797477 12.000560173125924 55.92515738202523
52.7964896698219 10.588020238356169 43.2035103301781 13.411979761643831
87.00044913072847 67.06701571133914 96.99955086927153 66.93298428866086
38.41324276206018 53.346265766747145 31.58675723793982 60.653734233252855
58.93751486855416 47.00039045441065 59.06248513144584 56.99960954558935
49.346493989837725 16.281322444332815 52.653506010162275 25.718677555667185
93.62003715985361 62.805798847206894 96.37996284014639 53.194201152793106
32.67564604973859 51.821419564239044 35.32435395026141 42.178580435760956
50.7282037304128 6.373934354427686 41.2717962695872 9.626065645572314
36.044798288516226 29.092089070655575 37.955201711483774 38.907910929344425
12.868587717486275 7.816279913626261 21.131412282513725 2.1837200863737394
9.612728161457017 92.73276957787334 6.387271838542984 83.26723042212666
17.026957872150053 49.48149060314237 26.973042127849947 50.51850939685763
65.08885187394111 84.06512196473166 70.91114812605889 75.93487803526834
83.25259977702666 75.15944282147264 80.74740022297334 84.84055717852736
27.000266191562158 3.9484069310503975 36.99973380843784 4.051593068949603
63.3369690756797 53.76818404274078 68.6630309243203 62.23181595725922
5.520862125956369 34.40895563193725 12.47913787404363 41.59104436806275
94.04720879731286 32.889105617066434 91.95279120268714 23.110894382933566
43.21783046987457 52.328397302221376 46.78216953012543 61.671602697778624
81.99776096384561 20.850382660560246 72.00223903615439 21.149617339439754
2.8834501011490077 95.99864142753587 3.1165498988509923 86.00135857246413
59.22337952290536 12.477801345851404 68.77662047709464 9.522198654148596
55.325114068337875 20.77353926540902 64.67488593166212 17.22646073459098
25.99059507254257 11.012581025754832 34.00940492745743 16.987418974245166
70.93641927641487 94.20516371029014 61.06358072358513 95.79483628970986
85.43386223062896 30.25160948453589 88.56613776937104 39.74839051546411
