95.31962716848182 16.738993910435994 88.68037283151818 9.261006089564008
68.91225381500239 39.06738943980114 59.087746184997606 40.93261056019886
38.882592408518285 5.077168219118825 29.117407591481715 2.9228317808811752
38.112996685200166 22.468416942355233 33.887003314799834 31.531583057644767
20.0200742729899 84.42623787986254 15.979925727010102 93.57376212013746
20.646663532739602 60.29120848019984 27.353336467260398 67.70879151980016
81.0689823616838 90.90574991014473 72.9310176383162 85.09425008985527
68.70032779280189 53.171868668538856 71.29967220719811 62.828131331461144
8.474025473037281 24.238550457784847 11.525974526962719 33.76144954221515
47.46108044896701 71.02912827388249 48.53891955103299 80.97087172611751
66.86728293354957 63.096179754231414 61.132717066450425 54.903820245768586
66.80169653757451 68.39417013346468 57.198303462425486 65.60582986653532
78.93996416678293 96.77249856368842 69.06003583321707 95.22750143631158
73.57834348270407 42.6458560966728 80.42165651729593 35.3541439033272
83.99678700278433 21.179219554752233 74.00321299721567 20.820780445247767
28.30546909495792 43.78817103839993 33.69453090504208 52.21182896160007
52.76540185555185 89.6586046255576 61.23459814444815 84.3413953744424
35.01152494322501 56.6607116153863 44.98847505677499 57.3392883846137
61.64278545703736 10.144051940402873 52.35721454296264 13.855948059597127
23.749627722343394 32.006272562245606 24.250372277656606 41.993727437754394
65.79420281704897 48.41972509627733 56.205797182951024 45.58027490372267
2.4112960538003008 85.74088807833823 5.588703946199699 76.25911192166177
33.03731608856896 69.0491205647015 40.96268391143104 62.9508794352985
60.45586198949241 76.38655041413588 53.54413801050759 83.61344958586412
41.33595180602543 77.95570781988599 42.66404819397457 68.04429218011401
71.64884298889824 67.53678408077165 80.35115701110176 72.46321591922835
44.01845909925137 6.570756183307684 53.98154090074863 7.429243816692316
39.00808600117772 41.71575604076393 48.99191399882228 42.28424395923607
21.987699532059644 96.89645256921864 24.012300467940356 87.10354743078136
46.24880927572104 21.53425741433398 41.75119072427896 30.46574258566602
47.54860769823264 36.277082909286854 56.45139230176736 31.722917090713146
80.09895790779584 44.87240178493922 87.90104209220416 51.12759821506078
95.56682697666878 21.251836857775107 92.43317302333122 30.748163142224893
73.25238779211642 14.943791660924177 74.74761220788358 5.056208339075822
90.98311061192209 68.4106198111994 81.01688938807791 67.5893801888006
93.671612153033 58.179690287125695 96.328387846967 67.8203097128743
49.99325626979186 67.00506669131336 56.00674373020814 74.99493330868664
47.271461617111285 63.62509223170507 56.728538382888715 60.37490776829493
11.05335193277513 69.0002846509757 10.94664806722487 78.9997153490243
79.07667237407013 82.05637222052849 84.92332762592987 73.94362777947151
14.858403202615733 11.102381153827142 9.141596797384267 2.8976188461728576
7.380480649180313 59.19434986945172 4.619519350819687 68.80565013054829
37.449014753090026 71.64083416934531 32.550985246909974 80.35916583065469
16.999978408281873 43.985305895227235 7.000021591718127 44.014694104772765
73.46898968739033 33.60084858731654 66.53101031260967 26.39915141268346
91.54964153107255 83.35841064767371 96.45035846892745 74.64158935232629
92.91687129151099 95.88127362486954 95.08312870848901 86.11872637513046
11.425522818725721 64.74563184472275 14.574477181274279 55.254368155277255
36.99666702908823 95.81746616636192 27.00333297091177 96.18253383363808
58.00037202269326 2.939007471508954 67.99962797730674 3.060992528491046
24.318756068455002 73.51959243156172 15.681243931544998 68.48040756843828
13.62024712506888 17.911365088959393 4.379752874931119 14.088634911040607
27.173221071915865 6.781962859821032 34.82677892808414 13.218037140178968
29.724751929968043 39.22207066241943 36.27524807003196 46.77792933758057
62.3098603730865 26.00961058140843 61.6901396269135 35.99038941859157
85.43997412454803 41.9491065324575 94.56002587545197 46.0508934675425
76.54061836943697 60.782280340629896 79.45938163056303 51.217719659370104
3.775472825896306 93.47788776675725 8.224527174103693 84.52211223324275
50.44137409464161 94.6272502451209 43.55862590535839 87.3727497548791
91.35822857110931 19.188013388565764 88.64177142889069 28.811986611434236
74.86879517884597 81.13790751225491 65.13120482115403 78.86209248774509
81.24838743569994 28.694640236315273 88.75161256430006 35.30535976368473
78.45177133981207 2.030146346606516 79.54822866018793 11.969853653393484
87.48923535252592 77.66367582395698 82.51076464747408 86.33632417604302
6.344325528060782 32.18411079087111 3.655674471939218 41.81588920912889
86.7707532244232 96.84654024689098 89.2292467755768 87.15345975310902
26.492019029260767 82.19585178023453 17.507980970739233 77.80414821976547
62.0403500613201 72.36606586639273 71.9596499386799 73.63393413360727
46.5326984552499 51.754289219807376 55.4673015447501 56.245710780192624
96.59798229944869 49.528037532914 89.40201770055131 56.471962467086
83.30532782412476 57.631113312559584 90.69467217587524 64.36888668744042
34.344257698093024 20.71698001726476 27.655742301906972 13.28301998273524
27.78333620711491 60.93825722159375 26.21666379288509 51.06174277840625
16.193593861175717 30.065457555226978 17.806406138824283 39.93454244477302
9.638549411652061 92.4072158012504 14.361450588347939 83.5927841987496
3.5872144510076236 56.351026094836904 12.412785548992376 51.648973905163096
30.203244985138113 85.41107807275053 39.79675501486189 82.58892192724947
65.16982800267422 91.24091782867673 56.83017199732578 96.75908217132327
16.52178179432119 24.223861889220384 25.47821820567881 19.776138110779616
51.949108503898714 46.28843481209558 42.050891496101286 47.71156518790442
43.730012743900986 18.188917571179722 38.269987256099014 9.811082428820278
49.797982196130604 27.853365141752782 52.202017803869396 18.146634858247218
27.950315946713506 31.888574780882056 30.049684053286494 22.111425219117944
59.0082170151403 15.713464431413438 68.9917829848597 16.28653556858656
70.2355391475891 45.32168001304855 73.7644608524109 54.67831998695145
2.407212128700009 29.964735898276928 3.592787871299991 20.035264101723072
83.0135843951505 4.631680280580376 92.9864156048495 5.368319719419624
19.582478259715256 5.034043991640775 18.417521740284744 14.965956008359225
37.961151529641015 89.37792645134147 28.038848470358985 90.62207354865853
73.42509444809748 25.327775574538247 64.57490555190252 20.672224425461753
