85.91467770382405 2.0802483663864764 76.08532229617595 3.9197516336135236
76.1722174676662 13.503495450554588 71.8277825323338 4.496504549445413
69.03637136809462 56.047892397762745 76.96362863190538 49.952107602237255
20.372060511224785 11.272441113969464 23.627939488775215 20.727558886030536
7.099589761361763 34.46218964323267 2.900410238638237 43.53781035676733
42.715903647307364 52.83229723392523 45.284096352692636 43.16770276607477
91.65535338032451 76.04313486698526 90.34464661967549 85.95686513301474
36.65005782810197 68.28814231887333 43.34994217189803 75.71185768112667
9.47869388357606 22.450295331378207 16.52130611642394 29.549704668621793
95.98363028928735 79.0000267968147 96.01636971071265 88.9999732031853
82.95123848427065 32.69658988786612 73.04876151572935 31.30341011213388
62.99997232623727 75.01663540986816 53.00002767376273 74.98336459013184
38.46433112863115 82.89578805979635 47.53566887136885 87.10421194020365
87.72237016430498 33.99228621718867 88.27762983569502 24.00771378281133
87.8308499020395 5.710469378430685 78.1691500979605 8.289530621569314
3.295729654759293 22.008753264834933 2.704270345240707 31.991246735165067
86.06323227006386 96.7926691495581 95.93676772993614 95.2073308504419
21.445258245290727 48.98013504786774 20.554741754709273 39.01986495213226
83.60968757846184 18.06330683148451 74.39031242153816 21.93669316851549
25.575501668123014 59.018052472553165 26.424498331876986 68.98194752744683
56.25225506110623 65.84064636819649 53.74774493889377 56.15935363180351
15.666024293510374 80.18123368334845 18.333975706489625 89.81876631665155
34.9045881514625 45.08250874162102 33.0954118485375 54.91749125837898
58.747756848998634 93.43194231522352 49.252243151001366 96.56805768477648
8.514509441773024 72.23489127607981 5.485490558226976 81.76510872392019
33.49635375499685 86.43286347473561 40.50364624500315 93.56713652526439
47.27454674899778 34.63404148435484 56.72545325100222 31.36595851564516
41.84596217437315 10.231523692238465 32.15403782562685 7.768476307761535
12.027850458737626 91.99992243459317 11.972149541262374 82.00007756540683
61.264743953825665 39.39458722530017 70.73525604617433 42.60541277469983
2.2257360240666566 70.93968777308565 3.7742639759333434 61.06031222691435
66.18383611583828 58.868508625503 71.81616388416172 67.131491374497
95.99610339955865 72.19735962332386 86.00389660044135 71.80264037667614
83.5091908221417 41.16036990571361 74.4908091778583 36.83963009428639
88.4284145827806 56.63950181324 81.5715854172194 49.36049818676
91.96693618587594 91.57406003643887 82.03306381412406 90.42593996356113
71.88389243025989 73.14886957338183 64.11610756974011 66.85113042661817
39.21242955696023 49.14922536398472 36.78757044303977 58.85077463601528
75.80833508950683 77.76015681767913 68.19166491049317 84.23984318232087
75.15742992511193 69.80083523094314 82.84257007488807 76.19916476905686
64.74986740861442 9.006260550776929 65.25013259138558 18.99373944922307
9.00716884927195 96.99461331194503 2.9928311507280494 89.00538668805497
73.05716641270742 86.75392050531362 82.94283358729258 85.24607949468638
3.997996560672232 5.002673112320127 12.002003439327769 10.997326887679872
72.77746664196012 17.72421829651631 65.22253335803988 24.27578170348369
96.99463400898921 45.768416070833176 87.00536599101079 46.231583929166824
27.032653066123547 85.04305082216204 34.96734693387645 78.95694917783796
22.292568269836554 70.00856695852936 21.707431730163446 79.99143304147064
14.286359880332762 63.76826733883614 7.713640119667238 56.23173266116386
13.134126912539394 96.15033868783354 22.865873087460606 93.84966131216646
26.311203709041617 39.29383732881605 29.688796290958383 48.70616267118395
26.524337653358344 9.770998753061338 35.475662346641656 14.229001246938662
60.12935671900019 45.87002919097375 69.8706432809998 48.12997080902625
64.0995900929588 3.1375952295816014 55.900409907041194 8.862404770418399
93.08230938837136 19.61762522494749 96.91769061162864 10.38237477505251
82.18305396754646 64.73898877409052 73.81694603245354 59.261011225909485
38.95097924043003 33.3015699313239 29.04902075956997 34.6984300686761
16.516029115134437 34.146038450554435 7.483970884865562 29.853961549445568
32.16912566655515 93.76014332534943 23.830874333444847 88.23985667465057
66.19801482243776 52.156472818429876 59.80198517756224 59.843527181570124
36.00353531256108 38.81200897049097 45.99646468743892 39.18799102950903
74.18461740295594 27.34613908794196 83.81538259704406 24.65386091205804
51.68589578962452 66.29279749888255 48.31410421037548 75.70720250111745
18.947688764217105 56.06850996753702 11.052311235782893 49.93149003246298
45.581927353957475 7.001484879547247 36.418072646042525 2.9985151204527525
85.07747937210452 58.94304631779885 90.92252062789548 67.05695368220114
18.714278828329043 64.30305970883781 15.285721171670955 73.69694029116219
67.5047777056741 31.830442943257413 58.4952222943259 36.16955705674259
50.7664483761402 47.32243010373638 47.2335516238598 56.67756989626362
96.49839964538742 59.331050589860155 91.50160035461258 50.668949410139845
27.17892542142906 78.65657464014942 30.82107457857094 69.34342535985058
50.21537590899468 9.170984752726017 43.78462409100532 16.829015247273983
34.989983846268245 20.007531746616653 41.010016153731755 27.992468253383347
16.00039338635345 4.937280714435847 25.99960661364655 5.062719285564153
30.561484306951513 59.29404216854482 25.438515693048487 50.70595783145518
6.129086143476288 46.1288038812501 15.870913856523712 43.8711961187499
47.01468596292357 81.38294118573052 56.98531403707643 80.61705881426948
72.9161427679841 91.91188830719432 63.08385723201591 90.08811169280568
2.0330482007081265 16.426075071537035 11.966951799291873 17.573924928462965
59.44668656230187 12.21386398119995 56.55331343769813 21.78613601880005
19.011618996318667 24.65933159507932 28.988381003681333 25.34066840492068
96.09508329110558 34.99909583502382 95.90491670889442 25.000904164976177
54.835850673072166 39.002695226577714 55.164149326927834 48.997304773422286
54.94781452323801 3.7205077679213727 45.05218547676199 2.2794922320786273
40.81430046311876 62.64999590711196 31.185699536881238 65.35000409288804
50.05100858435165 27.712379089978732 59.94899141564835 26.287620910021268
48.33381266362727 23.229828021015237 53.66618733637273 14.770171978984761
33.48204154321115 27.78385388457138 24.517958456788847 32.21614611542862
57.36686674542536 86.5647433753918 48.63313325457464 91.4352566246082
92.40464958987505 7.616204800642058 87.59535041012495 16.38379519935794
