47.25386713179362 9.796359926117802 40.74613286820638 2.203640073882198
57.68957437431612 11.705883385046244 54.31042562568388 2.294116614953756
78.93122244765331 56.55194018402115 83.06877755234669 47.44805981597885
2.012187032711239 5.348886519295444 11.987812967288761 4.651113480704556
8.072376937978804 85.00052386955905 7.927623062021196 94.99947613044095
50.73095196722224 95.61805237363814 41.26904803277776 92.38194762636186
85.44376424479242 75.3750189205612 78.55623575520758 82.6249810794388
57.460385186243265 71.46855171774612 64.53961481375674 78.53144828225388
14.554119804488806 23.712173676355363 23.445880195511194 28.287826323644637
95.9049861247009 82.0298911831698 86.0950138752991 83.9701088168302
87.53501661275766 20.53605112343237 80.46498338724234 13.463948876567631
52.94101672136635 84.23426260429692 43.05898327863365 85.76573739570308
47.79934673517031 54.51033128081877 52.20065326482969 63.48966871918123
94.46226160489587 39.74429138196616 85.53773839510413 44.25570861803384
80.8308499020395 2.710469378430685 71.1691500979605 5.289530621569315
26.54584595336094 43.91786538179876 17.45415404663906 48.08213461820124
81.58224201174741 86.35048902813875 88.41775798825259 93.64951097186125
43.12171239029667 26.52750886612733 38.87828760970333 17.47249113387267
95.66519343752809 6.769545657904203 90.33480656247191 15.230454342095797
32.00745769422368 30.727014057076744 41.99254230577632 31.272985942923256
73.81805425001886 30.66345473556817 64.18194574998114 33.33654526443183
8.833926103805439 57.88067204046945 3.1660738961945607 66.11932795953055
45.497136919413634 64.2294045398369 42.502863080586366 73.7705954601631
31.98607566749172 90.6271066666632 22.01392433250828 91.3728933333368
36.17577498179479 80.24992667344728 27.82422501820521 85.75007332655272
36.34862004463513 86.04261115568399 37.65137995536487 95.95738884431601
28.000004302683383 37.00655948285503 37.99999569731661 36.99344051714497
33.84808835285603 12.002308247654522 34.15191164714397 21.997691752345478
6.398517606615973 75.7365867609156 9.601482393384027 66.2634132390844
94.02370097185185 60.999943826077775 93.97629902814815 51.000056173922225
3.2696743866202214 94.99272227599343 2.7303256133797786 85.00727772400657
78.40267412018576 46.61512177225073 73.59732587981424 55.38487822774927
71.9995854180974 82.93561329991473 62.000414581902604 83.06438670008527
68.76690340383662 55.835357691969534 63.233096596163385 64.16464230803047
73.90981938777026 70.5421520239044 78.09018061222974 61.45784797609559
66.95827464604433 93.3553973825728 57.04172535395567 94.6446026174272
74.47539070349677 59.40532901950008 67.52460929650323 66.59467098049991
42.12758720758277 48.12880434705239 39.87241279241723 57.87119565294761
76.99125793641673 86.70445945767621 67.00874206358327 87.29554054232379
89.07667237406994 73.05637222052836 94.92332762593006 64.94362777947164
72.63293133650545 9.19051735949788 75.36706866349455 18.809482640502118
19.027141634992862 77.52026885509179 28.972858365007138 76.47973114490821
76.82228751154076 91.2528708869491 85.17771248845924 96.7471291130509
4.18966203141428 10.635944052473427 13.81033796858572 13.364055947526573
62.18047098046847 48.003258038960915 61.81952901953153 57.996741961039085
93.82089463236699 29.871737233038196 88.17910536763301 38.128262766961804
57.04305082216198 79.9673469338765 50.95694917783802 72.0326530661235
8.893168489036093 47.922062274378305 3.106831510963907 56.077937725621695
11.798194694693304 37.853417765671594 14.201805305306696 28.146582234328402
17.8210139689184 86.7451913871395 26.1789860310816 81.2548086128605
11.606610566314528 54.327819700593146 18.39338943368547 61.672180299406854
27.394509536861587 26.984411923720316 26.605490463138413 17.015588076279684
57.857560212949856 16.11090342306028 64.14243978705014 23.88909657693972
71.02757566557996 21.570441654845624 66.97242433442004 12.429558345154376
88.68715422390461 28.43291601725069 93.31284577609539 19.56708398274931
77.18842402917574 38.13461492285359 82.81157597082426 29.865385077146414
49.872721395569144 2.128732921714061 52.127278604430856 11.871267078285939
2.174211457649263 27.654728370014816 5.825788542350737 18.345271629985184
13.304693987097666 86.99070752240867 12.695306012902334 77.00929247759133
46.94015377283837 40.11361831466562 49.05984622716163 49.88638168533438
58.551113588234415 66.7180250450087 67.44888641176559 71.2819749549913
44.08561763549021 18.92132837544232 53.91438236450979 17.07867162455768
78.99993377444456 75.97426575882899 69.00006622555544 76.02573424117101
23.152120827781697 72.78565838384777 14.847879172218303 67.21434161615223
32.050500775800145 2.038378486422167 25.949499224199855 9.961621513577834
84.14447576513543 56.132744590324265 81.85552423486457 65.86725540967574
26.85730049264752 69.2003498804705 35.142699507352475 74.7996501195295
58.36103144120652 39.44569106160369 49.63896855879348 34.55430893839631
52.62411945996455 43.01414863642901 53.37588054003545 52.98585136357099
89.98944942434515 78.99206528396321 96.01055057565485 71.00793471603679
19.45173457031089 51.69810003604786 24.54826542968911 60.30189996395214
41.93889771557519 13.079786483871336 34.06110228442481 6.920213516128664
31.301940067148536 45.71120801404613 40.698059932851464 42.28879198595387
14.868587717486275 7.816279913626261 23.131412282513725 2.1837200863737394
15.997229062037412 43.996301856990065 24.002770937962588 38.003698143009935
6.08310713169217 34.00069072724422 5.91689286830783 43.99930927275578
87.1793488461201 48.327148240625895 96.8206511538799 45.672851759374105
22.9952095279509 96.21881903909059 13.004790472049098 95.78118096090941
21.96432782457223 11.000127252029284 22.03567217542777 20.999872747970716
74.98361418175254 41.97827564941142 67.01638581824746 48.02172435058858
41.77913950269364 61.53036548291993 32.22086049730636 64.46963451708007
85.98164917527723 24.42798539047467 76.01835082472277 23.57201460952533
72.73095370327752 36.3819527023462 63.269046296722486 39.6180472976538
51.28057012869052 23.3486424706346 60.71942987130948 26.6513575293654
51.92904107468786 80.16062279990462 42.07095892531214 81.83937720009538
50.124424649673394 29.89150326870685 59.875575350326606 32.10849673129315
18.356778604200986 35.85485715611587 27.643221395799014 32.14514284388413
35.658135882701416 49.18292264933781 26.341864117298584 52.81707735066219
60.961151529641015 88.37792645134147 51.038848470358985 89.62207354865853
89.80015534417713 4.600532718579024 80.19984465582287 7.399467281420976
