54.0507216930005 17.96145139460983 47.9492783069995 10.038548605390169
63.27300027201783 11.835232187542033 60.72699972798217 2.164767812457966
91.03002862055901 14.022346330849864 96.96997137944099 5.977653669150137
4.261784043050321 11.993142208550065 3.7382159569496785 2.006857791449935
12.48709642052837 85.66244868675943 7.51290357947163 94.33755131324057
43.999397015463195 86.00080381109863 36.000602984536805 79.99919618890137
87.61661979921477 79.60460481657167 92.38338020078523 88.39539518342833
40.20277038460782 68.33417041571842 43.79722961539218 77.66582958428158
25.593534519398517 34.61720136320712 30.406465480601483 43.38279863679288
56.87550659759624 93.10879908765993 47.12449340240376 90.89120091234007
68.5674297076048 24.034351460807382 59.4325702923952 19.965648539192618
45.91128293776518 95.06229007405453 36.08871706223482 96.93770992594547
51.02997762972904 75.1072353334482 48.97002237027096 84.8927646665518
87.97425376445722 39.49324612800378 78.02574623554278 40.50675387199622
82.96215270625817 3.614036252818045 73.03784729374183 2.385963747181955
46.105109066557716 47.081033594838935 39.894890933442284 54.918966405161065
86.00095833067105 93.09788967418912 95.99904166932895 92.90211032581088
34.22722846137225 34.939921471955486 35.77277153862775 25.06007852804451
86.99215015608144 15.28006574073967 77.00784984391856 14.71993425926033
50.018052472553165 45.42449833187699 59.981947527446835 44.57550166812301
67.07313250191476 58.45004157936529 62.926867498085244 67.54995842063471
5.16986433364328 70.87806694498617 10.830135666356721 79.12193305501383
31.436909152402098 69.3685188313672 24.563090847597902 76.6314811686328
13.063191973316474 59.88565480031852 10.936808026683526 50.11434519968148
19.062980235012443 74.55457051212824 14.937019764987557 65.44542948787176
32.74561456520006 75.68784488150672 25.254385434799946 82.31215511849328
34.81894717965368 42.003279087617095 35.18105282034632 51.996720912382905
35.19707975549714 6.003885552754702 34.80292024450286 15.996114447245297
12.571548363110063 72.74660254733911 9.428451636889937 63.25339745266089
89.44475020463375 70.36155894571462 84.55524979536625 61.63844105428538
10.15281968434442 44.88068654209669 3.8471803156555797 37.11931345790331
76.03435413573808 74.41488364341906 85.96564586426192 75.58511635658094
58.978927408876594 71.45856499772377 49.021072591123406 70.54143500227623
61.693798960820764 56.787702864388486 56.306201039179236 65.21229713561152
92.24277621345847 64.94232861484298 93.75722378654153 55.05767138515702
34.51640624829793 91.85475535186885 25.483593751702063 96.14524464813115
74.12759884646984 52.1288070412434 71.87240115353016 61.8711929587566
46.59871750358221 56.528799583802304 39.40128249641779 63.471200416197696
68.02505821251769 73.03370493951734 59.97494178748231 78.96629506048266
95.16154182418478 41.873584037287735 88.83845817581522 34.126415962712265
93.46591559424536 24.241157174688322 96.53408440575464 33.758842825311675
21.75849536308779 61.6475721737192 30.24150463691221 56.3524278262808
65.01425570476533 94.62270194469762 74.98574429523467 95.37729805530238
8.66254462766775 8.512736263878299 17.33745537233225 13.487263736121701
66.65718058302205 3.0117663599884477 67.34281941697795 12.988233640011552
86.93363827871556 22.81191953714178 77.06636172128444 21.18808046285822
52.802648848113414 60.75348467769799 45.197351151886586 67.246515322302
3.0309358939428366 85.00009570386933 2.9690641060571634 94.99990429613067
45.50696088789289 36.32610068151162 40.49303911210711 27.67389931848838
5.105897932347659 45.08059134726339 6.894102067652341 54.91940865273661
24.519643747750692 42.65859091285701 29.480356252249308 51.34140908714299
22.982037161136308 12.975898960904154 31.017962838863692 7.0241010390958465
71.64587748277684 19.98744395886265 72.35412251722316 10.012556041137351
51.4707112070646 33.971906412400884 52.5292887929354 24.02809358759912
58.243720882565825 14.80503282981979 51.756279117434175 7.194967170180209
78.3711768192959 54.1094984893483 87.6288231807041 57.8905015106517
61.91965219754461 26.061541238516234 68.08034780245539 33.938458761483766
22.516029115134437 22.146038450554432 13.483970884865563 17.853961549445568
17.002621635916856 61.89951389413877 18.997378364083144 52.10048610586123
71.60187874924326 36.19945243038022 74.39812125075674 45.80054756961978
59.00101540248034 88.89923793491005 68.99898459751967 89.10076206508995
42.52890051008229 10.653315365600072 47.47109948991771 19.346684634399928
81.07122909022794 92.91298123313749 82.92877090977206 83.08701876686251
21.018985711822992 84.98569006218605 14.981014288177006 77.01430993781395
21.99486572561608 4.226531196672178 12.005134274383918 3.7734688033278228
90.51755637984105 74.6597841444541 95.48244362015895 83.3402158555459
18.734010681384568 40.54295025741009 23.265989318615432 49.45704974258991
83.88552597303635 69.0637837970129 74.11447402696365 66.9362162029871
35.346493989837725 67.28132244433282 38.653506010162275 76.71867755566718
73.8314096540772 77.78747761678709 66.1685903459228 84.21252238321291
20.33519553164909 26.044393577082552 21.66480446835091 35.95560642291745
49.972805356523935 2.4792247258875997 40.027194643476065 3.5207752741124003
24.655222791787786 69.71651253562047 31.344777208212214 62.283487464379526
3.199025862000578 66.99603730032662 2.800974137999422 57.00396269967338
10.304919246606246 32.29609723320368 13.695080753393754 41.70390276679632
7.6677967249185155 25.503599634799485 16.332203275081483 30.496400365200515
70.3842010075564 28.077917883815424 79.6157989924436 31.922082116184576
23.967941048907605 91.43470208334116 14.032058951092397 92.56529791665884
39.26882718899052 37.053750277185706 40.73117281100948 46.946249722814294
95.94910850389871 50.28843481209558 86.05089149610129 51.71156518790442
59.879540200504586 30.471904347440983 64.1204597994954 39.52809565255902
89.99999388075625 26.992177442872052 80.00000611924375 27.007822557127948
60.96398196352192 50.40093150155507 51.03601803647808 51.59906849844493
47.74662071298734 41.628452898724206 56.25337928701266 36.371547101275794
33.87126417945436 84.17979778665726 42.12873582054564 89.82020221334274
40.27313559430383 20.666761079437162 47.72686440569617 27.333238920562838
26.640652742576584 17.188329288725647 29.359347257423416 26.811670711274353
3.5495476602510587 30.969707976240915 2.4504523397489413 21.030292023759085
66.37792645134152 43.03884847035898 67.62207354865848 52.96115152964102
91.92097593904475 2.9419340119310986 86.07902406095525 11.0580659880689
