90.26775127278536 14.605052604773842 81.73224872721464 9.394947395226158
62.75919258128239 64.29673643727118 55.24080741871761 57.70326356272883
80.25115566180241 42.798682253457116 73.74884433819759 35.201317746542884
24.78614193111973 39.83028932498489 31.21385806888027 32.16971067501511
3.69153079708338 60.17424530824258 6.30846920291662 69.82575469175742
29.400926175547085 77.96398132076011 30.599073824452915 68.03601867923989
95.8718603473564 65.00164224675541 96.1281396526436 74.99835775324459
56.384922122622726 65.03797629945593 57.615077877377274 74.96202370054407
27.238550457784843 27.525974526962713 36.76144954221516 24.474025473037287
81.43935478875326 82.24980142261268 84.56064521124674 91.75019857738732
88.2088996844985 34.851655547626955 85.7911003155015 25.148344452373042
80.98895307247997 67.6678144485493 71.01104692752003 68.3321855514507
78.8778832752729 90.92232881418909 77.1221167247271 81.07767118581091
72.88739201480487 31.05517737543102 63.11260798519512 28.94482262456898
69.89171820832728 3.965063784419824 60.108281791672724 6.034936215580176
3.295729654759293 45.00875326483493 2.704270345240707 54.99124673516507
63.277171773323765 82.66225375520207 70.72282822667624 89.33774624479793
21.79157027829258 64.93694404409487 20.20842972170742 55.06305595590513
88.99996609614507 21.018412968248672 79.00003390385493 20.981587031751328
25.749627722343394 60.006272562245606 26.250372277656606 69.99372743775439
52.56638043522055 72.96781775054193 51.43361956477945 63.03218224945808
28.349649104476654 86.04247605021499 29.650350895523346 95.95752394978501
16.553369577109322 23.377743972604307 23.446630422890678 30.622256027395693
88.92817897311328 96.84442406938945 79.07182102688672 95.15557593061055
11.999695842675695 88.05514962131667 2.0003041573243054 87.94485037868333
48.48048471801274 86.02314010286042 47.51951528198726 95.97685989713958
22.58218634408228 16.65843588565529 31.41781365591772 21.34156411434471
58.19659428901953 30.844708695259982 51.80340571098047 23.155291304740018
9.591972525866204 63.98332354762883 10.408027474133796 54.01667645237117
40.18721264493659 13.644611540944176 49.81278735506341 16.355388459055824
31.29880473559913 61.29742457260336 40.701195264400866 64.70257542739664
67.02390269683794 48.40706635706158 70.97609730316206 57.59293364293842
81.95989069319928 63.63204771300525 72.04010930680072 62.36795228699475
82.74292138739666 36.68638720523126 79.25707861260334 27.313612794768737
86.98599534179125 47.6260341571267 77.01400465820875 48.3739658428733
67.00116794296846 66.4179342143488 62.998832057031535 75.5820657856512
42.080606716042396 75.06174375375669 35.919393283957604 82.93825624624331
21.612231570999548 83.03762430851195 20.387768429000452 92.96237569148805
60.62310850555791 79.09556629261134 51.37689149444209 82.90443370738866
91.77585899138056 72.5197395855967 82.22414100861944 75.4802604144033
44.00097668154723 9.901177626189854 53.99902331845277 10.098822373810146
20.59835637689711 76.52842522983534 13.401643623102888 83.47157477016466
84.54733160236542 79.38349879911875 91.45266839763458 86.61650120088125
5.71041360256925 24.94927393799177 4.28958639743075 15.050726062008229
94.90699189459593 4.959911738843632 85.09300810540407 3.0400882611563684
86.42429803292534 39.505095789201306 93.57570196707466 46.494904210798694
42.08570218071769 85.61903278393767 45.91429781928231 76.38096721606233
36.466588546123056 87.02181809004263 35.533411453876944 96.97818190995737
25.24449632907486 74.64277333732389 16.75550367092514 69.35722666267611
34.08236904729557 77.06047160115929 39.91763095270443 68.93952839884071
28.84929648143094 57.10871142341553 23.15070351856906 48.89128857658447
18.60697461275019 12.38774536895764 27.39302538724981 7.61225463104236
53.80956522842099 18.27231665599879 62.19043477157901 23.72768334400121
54.039787131397 48.43499524002579 49.960212868603 57.56500475997421
95.25637764280525 25.944393369249674 96.74362235719475 16.055606630750326
76.40754009121886 56.38220842831259 71.59245990878114 47.61779157168741
20.347577225214188 36.71399067328221 13.652422774785812 29.286009326717785
16.588173734045085 51.987123998702344 7.4118262659549154 48.012876001297656
12.793942512445748 96.42060381083726 3.2060574875542525 93.57939618916274
66.46441463502501 57.251444417829255 57.53558536497499 52.748555582170745
11.63346350704848 15.564151265837173 20.366536492951518 20.43584873416283
55.45448530148679 14.082857682512262 64.54551469851322 9.917142317487738
37.93528342872034 30.114677224292905 40.06471657127966 39.885322775707095
40.99378233351267 44.24927495962642 31.00621766648733 43.75072504037358
35.968807926595616 12.442373073999645 26.031192073404387 13.557626926000355
86.32419183185208 53.04588218550825 87.67580816814792 62.95411781449175
42.195773176495386 48.28053544766588 33.804226823504614 53.71946455233412
60.15617291953609 38.07171877240394 61.84382708046391 47.92828122759606
48.26439354826402 28.310898780715814 51.73560645173598 37.68910121928418
92.34693911267169 62.98794880207271 91.65306088732831 53.01205119792729
37.321921045802455 58.386995011317424 44.678078954197545 51.613004988682576
43.987950852823076 2.653090372255896 34.012049147176924 3.346909627744104
46.12587448050602 36.3645222967658 49.87412551949398 45.6354777032342
4.0654575552269785 3.8064061388242827 13.934542444773022 2.1935938611757173
6.938358983569097 83.91115896891509 5.061641016430903 74.08884103108491
12.804410081453357 37.50785297329035 17.195589918546645 46.49214702670965
52.3666760262443 91.43496097528518 59.6333239737557 84.56503902471482
75.90410318479248 74.92984217848027 70.09589681520752 83.07015782151973
19.053750277185703 4.731172811009479 28.946249722814297 3.2688271889905214
68.71592977526407 34.5521889419092 73.28407022473593 43.4478110580908
2.764075129270249 38.65649025775235 11.23592487072975 33.34350974224765
96.78989761640952 42.93721194153042 95.21010238359048 33.06278805846958
45.48765617336382 57.02631888805607 46.51234382663618 66.97368111194393
69.74753124205678 19.56874061134873 60.25246875794322 16.43125938865127
11.49349999511282 77.97558617198251 10.50650000488718 68.02441382801749
48.24989821506147 5.560939791511445 57.75010178493853 2.439060208488555
73.40803941465514 12.275715182752322 78.59196058534486 3.7242848172476792
36.29235022106972 17.315353580439606 45.70764977893028 20.684646419560394
74.42074414672072 96.33602679548727 65.57925585327928 91.66397320451273
76.09299388960775 15.459143629438978 71.90700611039225 24.540856370561023
