72.54618271335974 3.9186007742989077 63.453817286640266 8.081399225701093
64.55645701534512 25.297037063918893 59.443542984654876 16.702962936081107
64.34980261789092 67.837298099772 73.65019738210908 64.162701900228
6.2039489276078355 7.854870520650214 11.796051072392164 16.145129479349787
3.5078345773763697 67.02585645140583 2.4921654226236303 76.97414354859417
37.487650836949214 62.97368056223167 38.512349163050786 53.02631943776833
95.71229010763304 87.67162254755783 86.28770989236696 84.32837745244217
61.96104277237377 87.43462450351444 66.03895722762623 96.56537549648556
21.329565904353863 43.39527812550288 28.670434095646137 36.60472187449712
83.94903558427622 95.28792782278214 74.05096441572378 96.71207217721786
85.72735467119908 22.628532410697503 76.27264532880092 19.371467589302497
43.704126744366306 65.30554092025282 34.295873255633694 68.69445907974718
48.10811481962526 81.86101453606751 55.89188518037474 88.13898546393249
79.62991191983083 26.887833577042308 70.37008808016917 23.112166422957692
87.72912908553006 2.3766275558598204 78.27087091446994 5.62337244414018
10.985001898059807 35.410907773350054 7.0149981019401935 44.589092226649946
71.51069957131465 87.20140447464918 80.48930042868535 82.79859552535082
39.81670164038535 47.498133865605155 44.18329835961465 38.501866134394845
96.42335239394679 10.668915788958877 87.57664760605321 15.331084211041123
20.18581248836618 23.003453820971213 19.81418751163382 32.99654617902878
74.39266107235883 57.984557882325575 73.60733892764117 48.015442117674425
23.22039439553051 64.00485973065634 22.77960560446949 73.99514026934366
43.81862832221254 50.0674704592804 42.18137167778746 59.9325295407196
45.857270131398906 96.18613948194134 36.142729868601094 93.81386051805866
13.43111616048165 81.20918519088785 10.56888383951835 90.79081480911215
40.92768202335944 81.44967053899474 45.07231797664056 90.55032946100526
49.40786069306925 42.47800736048719 56.59213930693075 35.52199263951281
40.84596217437315 18.231523692238465 31.15403782562685 15.768476307761535
24.67317374627221 92.22541620698375 19.32682625372779 83.77458379301625
87.77236675897105 52.66966611757856 96.22763324102895 47.33033388242144
3.7900786691455877 61.93718297175233 2.2099213308544123 52.06281702824767
90.78623529534993 66.51678175498387 95.21376470465007 75.48321824501613
78.94196889977637 70.24043210070258 69.05803110022363 71.75956789929742
82.77118213190559 33.50473378150083 73.22881786809441 36.49526621849917
90.8885287344372 79.0812255206409 85.1114712655628 70.9187744793591
78.71590402871269 90.33860023113897 69.28409597128731 93.66139976886103
64.66685541563326 74.79456416145382 55.333144584366735 71.20543583854618
22.03633820349262 56.433455713452844 17.96366179650738 65.56654428654716
73.89767646740853 81.0063623704177 64.10232353259147 78.9936376295823
74.18842002360006 75.64033161002136 83.81157997639994 78.35966838997864
54.21362856929416 16.8483576442393 59.78637143070584 25.1516423557607
2.1247545451099192 89.63502475548017 5.875245454890081 80.36497524451983
54.28179274435185 80.34515248655681 63.71820725564815 83.65484751344319
16.499607703451517 2.821360705126463 25.500392296548483 7.178639294873538
73.09918571191805 42.1370161545676 64.90081428808195 47.8629838454324
95.64712288139862 41.15493931666694 86.35287711860138 44.84506068333306
29.478279888084042 95.97707226677032 28.521720111915958 86.02292773322968
15.30357997309636 52.246820100054265 8.69642002690364 59.753179899945735
6.928033372912591 51.94499949836007 13.07196662708741 44.05500050163993
5.000372022693261 95.93900747150896 14.999627977306739 96.06099252849104
34.63182462967737 48.04008088399286 33.36817537032263 57.95991911600714
14.48611788270131 12.849449319097294 23.513882117298692 17.150550680902704
79.27066693876684 40.62277811050276 88.72933306123316 37.37722188949724
59.95040574886713 10.702483395948462 50.04959425113287 9.297516604051538
96.07768083610064 27.882479289817976 93.92231916389936 18.117520710182024
78.11319693716895 64.92072965399984 79.88680306283105 55.07927034600015
71.00700635667647 9.005264367832673 64.99299364332353 16.994735632167327
9.691259200681472 23.372625907714102 2.308740799318527 16.627374092285898
31.910637093205107 80.91637468918704 30.089362906794893 71.08362531081296
59.770267141009384 44.153583066272695 62.229732858990616 53.846416933727305
50.55105922334699 57.21454593316871 53.44894077665301 66.78545406683129
69.69710401936852 18.54658323639058 78.30289598063148 13.453416763609422
69.45177133981207 50.030146346606514 70.54822866018793 59.969853653393486
17.460657906955074 74.25887826965491 8.539342093044926 69.74112173034509
53.97616470893686 5.487631817595354 44.02383529106314 4.512368182404646
76.8015997024551 44.15679358651337 83.1984002975449 51.84320641348663
14.655653909998094 20.01187151625979 15.344346090001906 29.98812848374021
55.81495149525584 43.341035407961485 52.18504850474416 52.658964592038515
60.45034473301148 30.03030392403401 61.54965526698852 39.96969607596599
96.57360638221483 65.28678786382333 91.42639361778517 56.713212136176665
11.472897108639607 66.31436565168947 16.527102891360393 57.68563434831053
33.4947928642378 22.809831717059865 24.5052071357622 27.190168282940135
42.332520302191746 29.79293984019201 51.667479697808254 26.20706015980799
25.087239734512554 2.070060983801779 34.91276026548745 3.929939016198221
20.6191791327992 48.41006400941926 29.3808208672008 43.58993599058074
2.883143256118702 24.470218821412644 7.116856743881298 33.529781178587356
58.30728106404702 67.37102756738273 65.69271893595298 60.628972432617275
59.899767573553994 95.00386862053804 50.100232426446006 96.99613137946196
9.74096406210275 3.3807228325929897 18.259035937897252 8.61927716740701
69.52999581599546 30.239841094770433 66.47000418400454 39.76015890522957
27.950139737408232 31.06765761660066 36.04986026259177 36.932342383399344
95.94525124631716 37.0404820375875 90.05474875368284 28.9595179624125
57.01035408986841 53.00001072072919 56.98964591013159 62.99998927927081
39.38511277441844 6.597753976872431 30.614887225581562 11.402246023127569
26.767578389659118 54.005404901791685 27.232421610340882 63.994595098208315
44.03100140646256 11.404018653361659 47.96899859353744 20.59598134663834
35.84389061957679 27.77970408820043 44.15610938042321 22.22029591179957
55.59188318717267 29.021462965885913 46.40811681282733 32.97853703411409
45.94043164126565 77.76950321505583 36.05956835873435 76.23049678494417
92.97980685337114 3.9732629103504724 85.02019314662886 10.026737089649528
