95.75055190382128 17.30656323344082 88.24944809617872 10.69343676655918
51.1329432348205 52.814032732174844 42.8670567651795 47.185967267825156
77.47696796968398 31.2263777304006 68.52303203031602 26.7736222695994
34.301572605699654 33.71019882484116 43.698427394300346 30.289801175158843
8.945884495037685 63.1123788503815 11.054115504962315 72.8876211496185
27.2178254575699 78.67160078563163 30.7821745424301 69.32839921436837
95.263668903404 75.05451554282234 96.736331096596 84.94548445717766
61.69014662901313 63.04785928809956 60.30985337098687 72.95214071190044
28.11347647412253 25.94080793477009 37.88652352587747 28.05919206522991
73.7154741477575 79.55242294834191 78.2845258522425 88.44757705165809
94.95298226348079 34.60281004154304 91.04701773651921 25.39718995845696
83.99892047829981 70.10389442542731 74.00107952170019 69.89610557457269
70.8778832752729 87.92232881418909 69.1221167247271 78.07767118581091
60.75032230044292 26.560268580057524 51.24967769955708 23.439731419942476
73.41251772698386 7.351528717462996 64.58748227301614 2.6484712825370047
15.01360818360508 40.018230500441334 6.986391816394922 45.981769499558666
51.32829915851302 83.21808775534545 60.67170084148698 86.78191224465455
20.875672475600098 57.09029434308535 15.124327524399902 48.90970565691465
95.97065107944009 21.54095087250243 86.02934892055991 20.45904912749757
25.18581248836618 55.00345382097122 24.81418751163382 64.99654617902878
55.95648380585857 62.96698993898382 62.04351619414143 55.03301006101618
30.254126308474465 85.15983810163418 27.745873691525535 94.84016189836582
22.490081624805377 27.23343451736477 25.509918375194623 36.76656548263523
86.91269115552109 94.93030404194806 77.08730884447891 93.06969595805194
14.994725469028314 90.22960289423241 5.005274530971687 89.77039710576759
40.65388192527382 85.04294054627138 39.34611807472618 94.95705945372862
19.10790241181912 17.966858582906088 28.89209758818088 20.033141417093912
49.7201874631553 18.649190805416872 40.2798125368447 15.350809194583126
18.066784186727446 67.88487169728626 15.933215813272554 58.11512830271375
32.772366758971046 14.669666117578561 41.227633241028954 9.330333882421439
38.146590782128655 58.79816017544704 47.853409217871345 61.20183982455296
68.57220012342059 43.35991923082439 75.42779987657941 50.64008076917561
85.92592747990965 62.09630318646128 78.07407252009035 55.90369681353872
90.1588029840301 37.86386427074224 87.8411970159699 28.13613572925776
90.85752516079145 47.18509464275135 81.14247483920855 44.81490535724865
74.44764154569684 59.37870633994078 67.55235845430316 66.62129366005922
43.65207095674867 71.76130684758024 38.34792904325133 80.23869315241976
22.00290662245761 81.00000084484549 21.99709337754239 90.99999915515451
54.901552063551804 78.01268679321554 45.098447936448196 79.98731320678446
82.85610063437544 77.19091839721222 73.14389936562456 74.80908160278778
47.000013368779115 12.988437664059138 56.999986631220885 13.011562335940862
24.2870651408597 70.42685552717583 15.7129348591403 75.57314447282417
87.0842524206218 81.93817577271614 92.9157475793782 90.06182422728386
11.104170726795864 32.85583309129086 2.8958292732041357 27.14416690870914
88.96199876697257 4.61527899083479 79.03800123302743 3.3847210091652093
81.82313458781248 37.25158312323775 90.17686541218752 42.74841687676225
48.579009303155914 73.79382784833608 51.420990696844086 64.20617215166392
34.64004035613857 84.04113436938306 33.35995964386143 93.95886563061694
17.99356207435483 86.2536489888903 8.00643792564517 85.7463510111097
35.48309222311596 73.55406242051157 42.51690777688404 66.44593757948843
29.06042496089998 48.95395992123091 22.93957503910002 41.04604007876909
17.02280663116549 12.522982003243289 26.97719336883451 13.477017996756711
57.58777783002686 17.647916769585414 66.41222216997313 22.352083230414586
58.94433074682102 40.95884713808988 53.05566925317898 49.04115286191012
96.66467251180863 11.714749773681394 93.33532748819137 2.285250226318606
87.70308138819982 58.35964108683771 80.29691861180018 51.64035891316229
21.080347802455478 36.9384587614837 14.919652197544524 29.0615412385163
13.311804685801782 54.53146999814294 4.688195314198219 49.46853000185706
21.998272204306353 95.13143428646481 12.001727795693647 94.86856571353519
71.55017604308415 55.5208308768118 64.44982395691585 48.4791691231882
11.215239680786128 16.847276801358916 16.784760319213873 25.152723198641084
61.08561763549021 12.921328375442322 70.91438236450979 11.078671624557678
45.265739657315756 35.310400756589885 48.734260342684244 44.689599243410115
43.46065790695508 42.258878269654915 34.53934209304492 37.741121730345085
32.97616470893686 9.487631817595354 23.023835291063143 8.512368182404646
89.5427757953696 68.02954786403079 88.4572242046304 77.97045213596921
37.283650020967045 46.229371068402095 30.71634997903296 53.770628931597905
64.29762019138725 29.79320271821875 69.70237980861275 38.20679728178125
55.32475592220767 29.60992906141296 62.67524407779233 36.39007093858704
91.9981522667815 61.99999965858818 92.0018477332185 52.00000034141182
29.250563963360953 64.17619461716411 34.74943603663905 55.82380538283588
39.96295919243552 2.3925166222687233 30.037040807564484 3.6074833777312767
50.62068049702534 31.194016468118754 53.37931950297466 40.805983531881246
2.021225803963212 3.46022549351186 11.978774196036788 2.53977450648814
4.896766223303196 80.9989341651345 5.103233776696804 71.0010658348655
18.05771288077977 42.95735896868511 23.94228711922023 51.04264103131489
49.60144521888642 95.3775440768875 58.39855478111358 90.6224559231125
66.44229713764845 74.37362572034583 59.55770286235155 81.62637427965417
4.082008492085802 14.106339090297812 11.917991507914198 7.893660909702188
73.85979930486697 35.131741340600506 76.14020069513303 44.868258659399494
2.4355868720864686 41.041110677481896 11.564413127913532 36.958889322518104
96.18231506179157 49.99667501627272 95.81768493820843 40.00332498372728
39.76525544259672 51.34162859375457 48.23474455740328 56.65837140624543
72.98915727284013 24.008109130029638 67.01084272715987 15.99189086997036
3.180842862616954 66.65732405030059 6.819157137383046 57.342675949699405
48.16608069646168 2.7220234091034543 57.83391930353832 5.277976590896546
72.9753045085197 16.981358710769317 79.0246954914803 9.01864128923068
39.42133281305974 22.99106824624713 48.57866718694026 27.00893175375287
71.97125260263824 93.46460522904826 62.028747397361755 94.53539477095174
80.85247545390799 13.355827878656044 77.14752454609201 22.644172121343956
