90.75055190382128 14.30656323344082 83.24944809617872 7.69343676655918
96.80024653192339 45.399154470656256 87.19975346807661 42.600845529343744
60.99546315699807 5.212950339456993 51.00453684300193 4.787049660543007
45.095700336318025 22.132032295320528 36.904299663681975 27.867967704679472
12.662546427614986 89.19427000624825 3.337453572385014 92.80572999375175
28.007404631603453 73.27201376337484 37.99259536839655 72.72798623662516
72.50650438594353 87.43567299601189 65.49349561405647 94.56432700398811
63.12161415711134 70.3662470258725 66.87838584288866 79.6337529741275
27.16218229799057 14.126938792857116 20.83781770200943 21.873061207142882
54.33289163691745 77.57760058221777 49.66710836308255 86.42239941778223
54.93833442638182 27.045514899087557 49.06166557361818 18.954485100912443
48.99577283222922 64.00316688856176 43.00422716777078 55.996833111438235
80.83650957729364 88.20643014321756 73.16349042270636 81.79356985678244
66.90912121483531 53.930199528703206 73.09087878516469 46.069800471296794
93.88275451607386 24.150272586286476 86.11724548392614 17.849727413713524
30.48738455906227 51.234289714236006 33.51261544093773 60.765710285763994
45.17661892356631 96.22207342318092 52.82338107643369 89.77792657681908
46.8756724756001 71.09029434308535 41.1243275243999 62.90970565691465
67.64278545703736 13.144051940402873 58.35721454296264 16.855948059597125
3.0985824335251335 34.0009719440875 2.9014175664748665 43.9990280559125
52.86193519922446 54.166870223521954 43.13806480077554 51.833129776478046
22.972265013237955 74.0206517744119 17.027734986762045 65.9793482255881
24.48589834711216 60.976334272963754 23.51410165288784 51.023665727036246
62.49859470765277 84.02492177775056 61.50140529234723 93.97507822224944
49.238179619113 76.67931500814929 52.761820380887 67.32068499185071
60.8800838679639 60.16692903989528 69.11991613203611 65.83307096010472
38.4656928071301 2.892855420079526 47.5343071928699 7.107144579920474
46.89014448064486 35.99879303080926 47.10985551935514 26.00120696919074
12.746510289973807 77.17811934093176 7.253489710026193 68.82188065906824
51.85216384718486 9.133535968869126 54.14783615281514 18.866464031130874
82.4718503186663 39.12034442094617 91.5281496813337 34.87965557905383
54.326630873037814 44.60789751671901 61.673369126962186 51.39210248328099
94.28452359162915 55.008101931548836 93.71547640837085 64.99189806845116
80.51215043270474 29.97614336607074 81.48784956729526 20.02385663392926
87.27277743921726 64.40319947725746 78.72722256078274 69.59680052274254
93.05172906883632 75.00026759681707 92.94827093116368 84.99973240318293
57.264594305939056 85.0070059229692 56.735405694060944 94.9929940770308
28.19449350615458 64.61901942895294 37.80550649384542 67.38098057104706
10.42269714449005 60.255306574498185 13.57730285550995 69.74469342550182
59.193738500212206 80.99624512944827 58.806261499787794 71.00375487055173
32.99983297816656 29.000125260926755 27.000167021833438 20.999874739073245
16.810289465307722 72.50498411857559 21.189710534692278 81.49501588142441
42.2030682489303 80.0041253732428 41.7969317510697 89.9958746267572
11.407820435607693 24.639678198329896 2.592179564392307 29.360321801670104
72.98957749032793 41.01384661996404 65.01042250967207 34.98615338003596
87.23549234926364 72.51639930297884 96.76450765073636 69.48360069702116
86.69380583148298 88.99061570662039 87.30619416851702 79.00938429337961
9.974483431998593 55.03372402317164 2.0255165680014073 48.96627597682836
15.980266187851758 95.55621097564212 6.019733812148242 96.44378902435788
57.34157745727893 12.816342317259643 66.65842254272107 9.183657682740357
21.328784220942314 63.73084382015724 14.671215779057686 56.26915617984276
16.671127684866843 21.71246562437028 13.328872315133156 12.287534375629718
14.117641416781353 4.849239483662952 21.882358583218647 11.150760516337048
34.21440149086124 48.329706865285495 37.78559850913876 57.670293134714505
74.9157262026329 22.08457066760069 73.0842737973671 31.91542933239931
75.83876749000585 51.8738364727691 82.16123250999415 44.1261635272309
39.36505152828755 48.87543399365866 48.63494847171245 45.12456600634134
3.7891143430160517 65.99555074438028 4.210885656983948 56.00444925561971
21.230497076131805 94.47491707111624 16.769502923868195 85.52508292888376
81.761670892494 54.058354782916176 80.238329107506 63.941645217083824
59.01984764590537 55.0149629618384 52.98015235409463 62.9850370381616
89.3066453064821 25.629668991349767 96.6933546935179 32.37033100865023
73.92877090977223 3.0870187668625393 72.07122909022777 12.912981233137462
72.56509569501489 68.63293679624796 77.43490430498511 77.36706320375204
21.253655420691477 34.2034586261434 14.746344579308523 41.7965413738566
81.11182516526887 81.92048223886138 82.88817483473113 72.07951776113862
36.99999802244239 81.00444697337485 27.00000197755761 80.99555302662515
67.00039045441065 58.06248513144585 76.99960954558935 57.93751486855415
51.82150664242555 38.745941234022716 60.17849335757445 33.254058765977284
88.54684216509044 50.24528872419173 85.45315783490956 59.75471127580827
34.162351199935 42.263785617590926 43.837648800065 39.736214382409074
45.951601262899814 12.305993563971528 36.048398737100186 13.694006436028472
13.627472891155293 50.42507869612888 22.372527108844707 45.57492130387112
7.7025768288740215 15.793329287425358 2.2974231711259785 24.206670712574642
3.2883188877896945 87.9490918353293 4.7116811122103055 78.0509081646707
19.587214451007625 42.351026094836904 28.412785548992375 37.648973905163096
27.454092526063597 90.91799970259149 36.5459074739364 95.08200029740851
95.9679410489076 95.43470208334116 86.0320589510924 96.56529791665884
16.00981832558199 25.68681178773353 25.99018167441801 26.31318821226647
68.9267676281527 43.852619925984975 59.0732323718473 42.147380074015025
36.63895993274702 7.86548941095031 27.36104006725298 4.13451058904969
65.92055944032381 28.999368879916577 66.07944055967619 19.000631120083423
8.052703405359287 39.03899031729704 13.947296594640713 30.961009682702958
79.41097489319255 13.983081339609598 78.58902510680745 4.016918660390402
32.08113256428422 34.10292522616291 41.91886743571578 35.89707477383709
2.4939490019145403 11.974325319813403 3.5060509980854597 2.0256746801865972
87.0000383681104 3.9804122581221795 96.9999616318896 4.019587741877821
31.71129989490292 11.008341733520119 32.28870010509708 20.99165826647988
35.92179562986986 85.1191323721501 26.078204370130134 86.8808676278499
85.18124675022523 32.258253182051455 76.81875324977477 37.741746817948545
