59.57235975408604 13.498320423772864 52.42764024591396 6.501679576227136
65.40493525996177 11.383638488218732 60.59506474003823 2.6163615117812675
88.83778285163736 48.86304958848373 91.16221714836264 39.13695041151627
4.95497639671234 10.939010726221618 13.04502360328766 5.060989273778383
14.099589761361763 80.46218964323268 9.900410238638237 89.53781035676732
44.80344568968385 86.61186833972506 35.19655431031615 89.38813166027494
89.30953885798407 80.46467461032604 80.69046114201593 85.53532538967396
42.72490380017447 64.54759196821098 47.27509619982553 73.45240803178902
21.758375617967427 23.00584164668286 22.241624382032573 32.99415835331714
95.92116980491598 86.11564274685895 86.07883019508402 87.88435725314105
96.19295438621391 30.723808641430146 87.80704561378609 25.276191358569854
40.96473063719782 94.40716806760318 31.035269362802183 95.59283193239682
53.294438305718124 82.05003205105709 54.705561694281876 91.94996794894291
91.54681067941941 32.47577895069614 84.45318932058059 39.52422104930386
79.99931870663362 2.9174623146481156 70.00068129336638 3.0825376853518844
31.97788538640188 44.469741503219154 22.02211461359812 43.530258496780846
84.32829915851302 92.21808775534545 93.67170084148698 95.78191224465455
43.358275089335365 26.98714737704449 42.641724910664635 17.01285262295551
92.97933491969431 10.454118660168085 83.02066508030569 9.545881339831915
33.00057673959621 32.0759411833828 42.99942326040379 31.9240588166172
76.12042321654856 39.167666595097316 67.87957678345144 44.832333404902684
6.254126308474466 60.15983810163418 3.745873691525534 69.84016189836582
40.66271628458454 53.28455998267634 37.33728371541546 62.71544001732366
21.109577946865475 78.84804654081302 12.890422053134525 73.15195345918698
24.11409642805603 95.84151554292012 15.885903571943969 90.15848445707988
33.505446174813514 76.43463226083405 26.494553825186486 83.56536773916595
32.00651332620616 36.74487093728208 41.99348667379384 37.25512906271792
37.58673756562234 18.017107851826186 38.41326243437766 27.982892148173814
9.94368683838267 67.95713910017385 16.05631316161733 60.04286089982615
95.06923125985087 59.912603134017765 96.93076874014913 50.087396865982235
2.8335037758652275 88.99722713185511 3.1664962241347725 79.00277286814489
74.10436141070468 70.37327822980737 77.89563858929532 79.62672177019263
70.94810452424781 75.71851347733937 61.05189547575219 74.28148652266063
69.11934699466876 54.09235693456388 62.88065300533125 61.90764306543612
82.97687295263538 76.592599844221 79.02312704736462 67.407400155779
57.93008519150906 96.83322266199563 48.06991480849094 95.16677733800437
76.41610739739312 60.65521952953166 67.58389260260688 65.34478047046835
31.00290662245761 51.00000084484548 30.99709337754239 60.99999915515452
65.79132906993404 80.42939348802388 56.20867093006596 77.57060651197612
84.05838403897167 65.88669860192441 81.94161596102833 56.113301398075585
85.20224203216333 14.5111103787492 80.79775796783667 23.4888896212508
23.53585944543551 72.78082549738846 26.46414055456449 63.219174502611544
69.04083474855739 94.36228532329567 78.95916525144261 95.63771467670433
9.578382635729422 12.665626447206682 18.421617364270578 17.33437355279332
66.28480389852749 51.230376232537445 59.71519610147251 58.769623767462555
84.79324800592082 28.742505630768065 77.20675199407918 35.257494369231935
47.070023960154714 80.90429078498806 38.929976039845286 75.09570921501194
13.83754348713595 53.735811323390145 4.162456512864051 56.264188676609855
17.09530216902776 32.999091667151006 16.90469783097224 23.000908332848997
25.186718168959267 78.2340194305314 32.81328183104073 71.7659805694686
3.003887728783994 44.80286508831555 12.996112271216006 45.19713491168445
28.693227162397967 18.436079245877092 33.30677283760203 9.563920754122908
64.16633888767448 18.2098352723844 71.83366111232552 11.7901647276156
76.68924637028115 16.95226609150339 75.31075362971885 7.04773390849661
94.909142073838 23.621166145238835 91.090857926162 14.378833854761165
69.70448303213331 48.55901035143849 78.29551696786669 43.44098964856151
61.00313692009992 38.1770857440097 70.99686307990008 37.8229142559903
11.258886730425246 28.838925934539528 8.741113269574754 19.161074065460472
18.747567763526035 67.84060053020706 21.252432236473965 58.159399469792945
47.04431180989687 28.967146503667053 52.95568819010313 37.03285349633295
57.000018231534256 69.98649759243024 66.99998176846574 70.01350240756976
50.00521993982645 20.228412238053796 59.99478006017355 19.771587761946204
77.0571656781466 89.55719972929163 72.9428343218534 80.44280027070837
39.20010488197872 70.71276961432012 30.799895118021286 65.28723038567988
32.050500775800145 4.038378486422166 25.949499224199855 11.961621513577834
89.41739641351705 64.51217094138495 96.58260358648295 71.48782905861505
24.395067350287626 49.036729254885245 25.604932649712374 58.963270745114755
53.08149692637247 57.88814522488258 44.91850307362753 52.11185477511742
47.40155883433827 63.72822010063785 52.59844116566173 72.27177989936214
94.2789004190045 76.77475986550829 87.7210995809955 69.22524013449171
17.421784042025642 42.033545902160796 18.578215957974358 51.966454097839204
46.993049072099694 8.263554479385952 37.006950927900306 7.736445520614047
35.12805968937463 50.636360584926045 38.87194031062537 41.363639415073955
19.360015500061316 10.427902104816607 26.639984499938684 3.5720978951833935
2.003628874580701 33.80953851550435 11.996371125419298 34.19046148449565
2.8711961187498938 20.12908614347629 5.128803881250106 29.87091385652371
93.73901851402984 45.83838048235569 96.26098148597016 36.16161951764431
15.817959057811407 95.33688837127602 6.182040942188594 92.66311162872398
27.615641228130904 24.014795055919237 28.384358771869096 33.98520494408076
84.69301588751554 47.27500670159947 75.30698411248446 50.72499329840053
55.88904052192794 43.95248733900414 46.11095947807206 46.04751266099586
72.99999388075625 31.992177442872052 63.00000611924375 32.007822557127945
63.8928802535449 47.97057160303865 54.1071197464551 50.02942839696135
63.15460369217191 22.76625180037177 72.8453963078281 25.23374819962823
39.543841267471116 81.91349418020786 30.456158732528884 86.08650581979214
49.189120692666876 24.637854526757884 58.810879307333124 27.362145473242116
17.095639263291226 37.02673448420825 26.904360736708774 38.97326551579175
11.99992676837632 39.97293875697746 2.00007323162368 40.02706124302254
69.91056678887938 85.94145303226178 60.08943321112062 84.05854696773822
93.96538172179415 4.587353689758222 84.03461827820585 3.412646310241778
