96.00538450378029 33.89787729527379 93.99461549621971 24.102122704726213
62.22863388352751 51.668080860671786 53.77136611647249 46.331919139328214
69.54212905114403 47.30552899041797 64.45787094885597 38.69447100958203
32.000763347425995 35.087366421242145 41.999236652574005 34.912633578757855
6.69153079708338 55.17424530824258 9.30846920291662 64.82575469175742
20.055874593934856 77.60655797808863 23.944125406065144 68.39344202191137
95.52350467773202 76.02275656534094 96.47649532226798 85.97724343465906
71.65282779489769 69.58578719163218 64.34717220510231 76.41421280836782
25.013620740938727 28.63118855114906 34.98637925906127 29.36881144885094
79.35669008634771 80.27776191539519 82.64330991365229 89.72223808460481
89.99926849048676 34.99999994648938 90.00073150951324 25.000000053510618
74.5609357762068 66.0488691625667 65.4390642237932 61.9511308374333
76.47122064707185 88.7786514632927 73.52877935292815 79.2213485367073
61.02392892316502 29.894034078376052 58.97607107683498 20.105965921623948
85.71256080772382 10.349162917648682 78.28743919227618 3.6508370823513174
3.9084995371620415 41.12059155843411 6.091500462837958 50.87940844156589
53.393332872946985 93.0561332400267 62.606667127053015 96.9438667599733
16.60330322713977 49.46643993937356 9.396696772860233 42.53356006062644
80.91161599626614 13.064036162438637 71.08838400373386 14.935963837561363
12.728258351099496 61.21903364431131 19.271741648900505 68.78096635568869
47.000193598368426 64.04399938867722 56.999806401631574 63.95600061132278
32.075558605106366 86.4511477846858 27.92444139489363 95.5488522153142
22.324650689939432 36.28903357162465 25.675349310060568 45.71096642837535
92.96561881625344 95.5853458564557 83.03438118374656 94.4146541435443
51.82121740070024 87.67491027655286 42.17878259929976 90.32508972344714
65.65255013557062 83.16866790668601 56.34744986442938 86.83133209331399
43.01172647450959 41.65776143570387 52.98827352549041 42.34223856429613
40.318783884036286 22.519544753122766 31.681216115963714 17.480455246877234
13.732826327260609 82.83676243815181 16.26717367273939 73.16323756184819
36.21160044602987 5.560823252154676 45.78839955397013 8.439176747845323
45.23170928746953 60.286333078958464 52.76829071253047 53.713666921041536
54.225668513757284 59.485179739786204 63.774331486242716 56.514820260213796
96.22807265228967 65.66897014725909 87.77192734771033 60.331029852740905
74.08030737650539 35.91468874683734 75.91969262349461 26.085311253162658
78.05987463524126 45.91846157180879 69.94012536475874 40.08153842819121
50.95827464604433 70.3553973825728 41.04172535395567 71.6446026174272
40.28249725818013 86.22836749536226 33.71750274181987 93.77163250463774
27.788289096605403 73.16791009069252 34.2117109033946 80.83208990930748
56.91449397267183 77.92073285624674 47.08550602732817 76.07926714375326
83.9995374388104 74.06801027814295 74.0004625611896 73.93198972185705
66.14573715806088 10.198387358648755 75.85426284193912 7.8016126413512445
22.887231222107253 83.85525304263211 15.112768777892745 90.14474695736789
83.91285551621478 79.4564520577191 88.08714448378522 88.5435479422809
3.1019535221484973 34.99896043986362 2.8980464778515027 25.001039560136377
96.97323071774323 19.483302575877264 87.02676928225677 20.516697424122736
81.30450585597113 36.63201498942642 88.69549414402887 43.36798501057358
55.34756287572875 71.83161917567561 64.65243712427126 68.16838082432439
35.601658320119434 59.730178693978715 30.398341679880563 68.26982130602129
28.789294216852536 82.8503207627778 23.210705783147464 91.1496792372222
35.08236904729557 70.06047160115929 40.91763095270443 61.939528398840714
22.413207424125076 18.982896710212636 21.586792575874924 9.017103289787363
7.0017720057314214 12.133104910915788 16.99822799426858 11.866895089084212
51.000857819180446 7.907385444174566 60.999142180819554 8.092614555825435
49.01441015320834 47.01084828212382 42.98558984679166 54.98915171787618
96.2144696419947 10.690398787671658 87.7855303580053 5.309601212328341
95.70308138819982 55.35964108683771 88.29691861180018 48.64035891316229
20.04209158152463 27.890198885087955 17.95790841847537 18.109801114912045
18.23744630775309 61.471446524327675 13.762553692246913 52.528553475672325
18.68355343887344 93.24947802492605 9.316446561126563 96.75052197507395
95.29648672193612 71.55738183465563 86.70351327806388 66.44261816534437
26.766930166320535 19.338962649042127 35.233069833679465 24.661037350957873
79.26166819385206 18.596311903998355 88.73833180614794 15.403688096001646
48.401508319968904 19.614483178789513 43.598491680031096 28.385516821210487
58.20010488197872 34.71276961432012 49.79989511802128 29.287230385679873
52.998500501222445 2.8775551582181365 43.001499498777555 3.1224448417818635
89.81004765771245 76.14366255053416 92.18995234228755 85.85633744946584
35.09830928066552 55.135761699856154 26.901690719334486 60.864238300143846
48.63896855879352 34.55430893839623 57.36103144120648 39.44569106160377
70.78375683744787 51.518006443061196 75.21624316255213 60.481993556938804
95.0377510272908 48.89112183505552 92.9622489727092 39.10887816494448
22.186876577066062 62.933440006635955 23.813123422933938 53.066559993364045
67.9992053601969 3.0891390294909478 58.000794639803104 2.9108609705090522
51.04525967799236 12.397936302753138 54.95474032200764 21.602063697246862
20.00039338635345 2.9372807144358464 29.99960661364655 3.0627192855641536
8.7769170073122 91.67360310136887 5.2230829926878 82.32639689863113
7.111656391770328 34.8566285640511 14.888343608229672 41.1433714359489
39.00435842688763 95.20872295750902 48.99564157311237 94.79127704249098
70.44229713764845 84.37362572034583 63.55770286235155 91.62637427965417
2.6841985887055464 11.431372679367716 7.315801411294453 2.5686273206322836
84.59360434500277 52.035361656515775 83.40639565499723 61.964638343484225
13.645464001027927 28.589086236442093 18.354535998972075 37.41091376355791
85.38570461692429 31.80414640853448 82.61429538307571 22.19585359146552
31.675059310435834 41.491038455505496 40.324940689564166 46.508961544494504
66.76857778708934 27.67676518664495 63.231422212910665 18.32323481335505
3.8986616056439196 76.92195106594828 10.10133839435608 69.07804893405172
38.029161704503146 16.53922781829383 47.970838295496854 15.460772181706167
57.02947615764188 13.457881256043036 66.97052384235812 14.542118743956964
4.103707278875537 20.98692666155722 13.896292721124464 23.01307333844278
79.60752003102242 96.94184426865986 70.39247996897758 93.05815573134014
70.8033655578104 19.003868006532976 71.1966344421896 28.996131993467024
