96.40098943009295 27.983894809980818 95.59901056990705 18.016105190019182
69.31917259321854 50.51887834362635 60.680827406781454 45.48112165637365
58.7481900271669 34.309240323736944 51.2518099728331 27.690759676263053
18.24474968247284 42.545184266570764 27.75525031752716 39.454815733429236
3.853576231716577 59.07339796445374 2.146423768283423 68.92660203554625
27.140601140457306 78.10168723357181 32.859398859542694 69.89831276642819
95.0915225379075 71.08322578300874 96.9084774620925 80.91677421699126
76.32723682616043 68.49500070851886 67.67276317383957 73.50499929148114
22.175607114364446 33.68651863925328 31.824392885635554 36.31348136074672
80.52249487880846 80.22328788633303 83.47750512119154 89.77671211366697
90.91200657064667 27.999225655678153 91.08799342935333 18.000774344321847
71.8474273097569 56.22574405020911 62.152572690243105 53.77425594979089
77.5739776846843 96.98181743812968 78.4260223153157 87.01818256187032
64.93894219073059 34.608742038887065 61.06105780926942 25.391257961112935
93.37080584423542 13.42817962103248 84.62919415576458 8.57182037896752
4.20857534704961 41.00435226175793 3.79142465295039 50.99564773824207
51.190772505445906 92.63203402614504 60.809227494554094 95.36796597385496
24.10121126258477 62.860081498777234 15.89878873741523 57.139918501222766
64.88687656933313 19.05756200579581 55.11312343066687 16.94243799420419
14.632700495370567 68.19058298079277 17.367299504629433 77.80941701920723
57.15935363180353 62.25225506110632 66.84064636819646 59.74774493889368
37.83392610380544 79.88067204046945 32.16607389619456 88.11932795953055
19.763016104214643 46.52832212139593 24.236983895785357 55.47167787860407
91.99960193967213 96.06309076657237 82.00039806032787 95.93690923342763
57.9836697917754 88.40377643138916 48.0163302082246 87.59622356861084
72.99979844515317 79.0448944077121 63.00020155484682 78.9551055922879
31.50315814770887 42.814041776363766 40.49684185229113 47.185958223636234
39.6597561234125 34.81291832974343 30.3402438765875 31.18708167025657
12.216853558009099 77.48169167863458 7.7831464419909 68.51830832136542
30.01388908200695 15.37242168770161 39.986110917993045 14.62757831229839
49.66030080955543 53.7210763654276 56.33969919044457 46.2789236345724
47.596772084416266 60.36887819936444 56.403227915583734 55.63112180063556
96.22807265228967 65.66897014725909 87.77192734771033 60.331029852740905
79.99831462349007 30.581839767327782 84.00168537650993 21.418160232672218
77.57793891372269 42.01059078437745 68.42206108627731 37.98940921562255
59.95827464604433 73.3553973825728 50.04172535395567 74.6446026174272
36.33158556578866 90.50252798088721 27.668414434211343 95.49747201911279
40.134499268556354 75.9025733004609 45.865500731443646 84.0974266995391
61.47032644093949 83.2396833507077 52.52967355906051 78.7603166492923
84.93539309207743 73.19881648377267 75.06460690792257 74.80118351622733
68.04706372881999 3.684413832143576 77.95293627118001 2.315586167856424
17.59835637689711 82.52842522983534 10.401643623102888 89.47157477016466
86.33245866114832 79.04476150312378 87.66754133885168 88.95523849687622
5.01469410477285 34.99997840828187 4.98530589522715 25.000021591718127
86.88949176615262 17.04540435656531 77.11050823384738 14.954595643434688
83.61210756204886 40.32274765227167 90.38789243795114 47.67725234772833
63.78253066435733 67.68569402630192 72.21746933564266 62.31430597369808
38.03372402317171 72.02551656800146 31.966275976828292 79.97448343199854
26.651279506381655 85.58413144774607 19.348720493618345 92.41586855225393
42.8210139689184 72.7451913871395 51.1789860310816 67.2548086128605
18.853183848624983 25.866704502529963 21.146816151375017 16.133295497470037
16.02280663116549 9.522982003243289 25.97719336883451 10.477017996756711
30.00323555961875 2.8201524886425764 39.99676444038125 3.1798475113574236
42.1489215569722 54.20957890022108 33.8510784430278 59.79042109977892
91.68173872960143 6.75536961001095 82.31826127039857 3.24463038998905
85.01644404387092 56.5753637470629 80.98355595612908 47.4246362529371
17.04209158152463 37.890198885087955 14.95790841847537 28.109801114912045
22.74955744212853 68.30769088461702 15.25044255787147 61.692309115382976
14.97703365143245 95.52131844352536 5.022966348567551 96.47868155647464
89.67529812966316 68.77245236854709 80.32470187033684 65.22754763145291
40.412693673414644 40.517007993227566 47.587306326585356 47.482992006772434
70.29024934888602 9.678764070479065 79.70975065111398 6.321235929520935
45.08974017740766 17.45764532528247 40.91025982259234 26.54235467471753
50.806253396136 35.13822931658882 45.193746603864 26.86177068341118
40.76603921521004 10.511578710845074 31.233960784789957 7.488421289154926
91.89498366818252 79.12363466233131 94.10501633181748 88.87636533766869
41.75390651036036 67.54931368378175 32.24609348963964 64.45068631621825
44.37145051288228 32.74668040305303 49.62854948711772 41.25331959694697
60.83968034179689 38.22660130136889 69.16031965820311 43.77339869863111
95.6075127149228 46.96295560137375 94.3924872850772 37.03704439862625
26.92979463414295 68.88412330668369 29.07020536585705 59.11587669331632
56.951601262899814 4.305993563971527 47.048398737100186 5.694006436028473
49.62068049702534 13.194016468118754 52.37931950297466 22.805983531881246
17.186983796192393 3.6454244126349375 26.813016203807607 6.354575587365062
5.695080753393658 83.70390276679635 2.3049192466063424 74.29609723320365
9.651259982929334 42.28705773030747 16.348740017070664 49.71294226969253
38.08202428850699 96.90195060904955 47.91797571149301 95.09804939095045
76.84091912409603 82.74879976264336 67.15908087590397 85.25120023735664
4.552456959942145 10.621387439497276 11.447543040057855 3.3786125605027237
73.3571738471196 46.27759359738997 76.6428261528804 55.72240640261003
9.44718183035377 28.24723704230723 12.55281816964623 37.75276295769277
87.70361108170599 36.95024559448322 86.29638891829401 27.04975440551678
26.510578338481302 47.7988427713844 35.4894216615187 52.2011572286156
70.62638944666983 27.98602197693114 71.37361055333017 18.01397802306886
9.931805702024104 60.88456353646585 12.068194297975896 51.11543646353415
25.06419506913096 20.798642400833362 34.93580493086904 19.201357599166638
52.013584395150495 9.631680280580376 61.986415604849505 10.368319719419624
4.057397315969636 19.24456720496404 13.942602684030364 20.75543279503596
73.78525755150781 91.44958965425992 64.21474244849219 88.55041034574008
75.41370656673384 21.017144706431733 74.58629343326616 30.982855293568267
