94.18336505040115 20.932859957377026 95.81663494959885 11.067140042622974
59.85671267640195 52.81158004944521 50.14328732359805 55.18841995055479
50.396541259499834 19.38126541013714 41.603458740500166 14.61873458986286
31.535607730628485 23.535460079695444 24.464392269371515 16.464539920304556
18.78361026294485 70.84650581991161 13.216389737055149 79.15349418008839
21.400926175547085 86.96398132076011 22.599073824452915 77.03601867923989
93.82794625511667 79.06902595842989 92.17205374488333 88.93097404157011
73.12607281020878 84.07696726936092 74.87392718979122 93.92303273063908
18.972124368578296 19.405359048319482 15.027875631421704 28.594640951680518
81.37440885531315 72.03929080476497 82.62559114468685 81.96070919523503
72.47663018702752 44.9725329600586 73.52336981297248 35.0274670399414
64.63462467485776 81.9866322174166 65.36537532514224 72.0133677825834
89.86963807294161 92.86570504781272 80.13036192705839 95.13429495218728
66.6064657508646 40.801881120611654 69.3935342491354 31.198118879388343
75.56964709047139 16.970634220120395 66.43035290952861 21.029365779879605
32.00875326483493 47.704270345240715 41.99124673516507 48.295729654759285
33.36211255607328 87.27587841805197 36.63788744392672 96.72412158194803
55.93992147195548 66.77277153862784 46.06007852804452 65.22722846137216
44.09279612031676 4.071309103765788 37.90720387968324 11.928690896234212
16.121405540824522 62.84460699416804 23.878594459175478 69.15539300583197
55.83284733632297 85.65195342213718 52.16715266367703 76.34804657786282
35.96811908303067 81.43626887896225 26.031880916969328 82.56373112103775
33.06968238250816 62.83184625421383 42.93031761749184 61.16815374578617
89.0818467564518 83.1123492148731 80.9181532435482 88.8876507851269
59.40255861118311 75.73795114045035 62.59744138881689 66.26204885954965
76.04489440771216 70.00020155484683 75.95510559228784 79.99979844515317
50.38414321787495 5.038072912273844 51.61585678212505 14.961927087726156
57.94569341924266 15.558489275215756 62.05430658075734 6.441510724784243
11.853338716471814 67.99784858393228 12.146661283528186 58.002151416067726
30.06532142820493 3.8055727112226103 39.934678571795075 2.1944272887773897
57.12995685976498 59.13255455155583 66.87004314023503 56.86744544844417
71.2419415390285 58.942200660611576 72.7580584609715 49.057799339388424
95.58701669373112 52.01708470985677 96.41298330626888 61.98291529014323
75.68746466940922 30.53022509322912 84.31253533059078 25.46977490677088
91.62640155926425 53.10358005377574 82.37359844073575 56.89641994622426
95.31916000947133 71.26059137943895 88.68083999052867 78.73940862056105
42.35287921719199 75.7582136355981 47.64712078280801 84.2417863644019
25.953207241805035 73.9365742579102 34.04679275819497 68.0634257420898
15.565284051558084 52.36644439240037 22.434715948441916 59.63355560759963
66.7861517090444 89.26573961547766 59.213848290955596 82.73426038452234
23.24115717468832 12.53408440575463 32.75884282531168 9.46591559424537
14.624107404975799 87.19303426609284 17.3758925950242 96.80696573390716
28.141683888402625 78.18184794275463 37.858316111597375 75.81815205724537
16.997445373391507 41.15981157645125 7.002554626608494 40.84018842354875
61.95459564343478 21.889491766152638 64.04540435656523 12.110508233847362
67.44322347601255 68.5141628815995 74.55677652398745 61.48583711840049
86.09570921501201 66.07002396015477 91.90429078498799 57.929976039845236
38.99143304147064 57.29256826983649 29.008566958529357 56.70743173016351
29.339672724708397 87.27889988150832 22.660327275291603 94.72110011849168
34.556956254577905 35.293329953640686 43.443043745422095 30.706670046359317
3.5868562966337576 52.96544053303444 2.4131437033662424 43.03455946696556
19.242167358858918 35.17065451979145 24.757832641141082 26.829345480208556
11.345865266166388 12.237401186418154 16.65413473383361 3.762598813581846
41.34779293359946 52.58512320220276 48.65220706640054 59.41487679779724
70.62116614523887 24.090857926162087 61.37883385476113 27.909142073837913
86.18852860790788 38.360052588350584 95.81147139209212 35.639947411649416
49.62430294052969 35.80702169753422 52.37569705947031 26.192978302465782
8.337771356098475 54.71561193647159 11.662228643901525 45.28438806352841
9.996300968038707 83.8997330928414 8.003699031961293 74.1002669071586
89.77541584265613 49.51831058257513 80.22458415734387 52.48168941742487
57.100762065089974 23.00101540248034 56.899237934910026 32.99898459751966
76.49152848421829 24.161870623183766 85.50847151578171 19.838129376816234
67.85018495155227 4.13400314895672 70.14981504844773 13.865996851043281
67.99943982687408 45.07484261797477 58.000560173125926 44.92515738202523
11.686310932886602 33.25687354437278 2.3136890671133976 36.74312645562722
95.28408857105036 96.94848166874439 96.71591142894964 87.05151833125561
55.99931410891229 71.91718429840599 46.00068589108771 72.08281570159401
43.918503073627576 37.111854775117344 52.081496926372424 42.888145224882656
72.57018802648233 6.361815036819216 79.42981197351767 13.638184963180784
85.0374947626945 42.3888193640867 94.9625052373055 43.6111806359133
31.085978241020896 28.923249777839086 40.9140217589791 27.076750222160914
23.347047893863532 4.285532286291387 16.652952106136468 11.714467713708613
45.80600546764653 44.27779319988558 54.19399453235347 49.72220680011442
2.021872054227418 16.096606713540233 3.978127945772582 25.903393286459767
3.63528370187848 88.986680461177 4.36471629812152 79.013319538823
24.000001726821033 52.00415550326035 33.99999827317897 51.99584449673965
2.1164978087375212 95.07303604223463 11.88350219126248 92.92696395776537
49.50403075282003 95.56675882045471 42.49596924717997 88.43324117954529
3.5581057743974496 67.96875416423315 2.4418942256025504 58.03124583576685
65.06579600914382 31.050203191261883 58.934203990856176 38.949796808738114
8.784244273684827 3.3291893239157186 5.215755726315172 12.670810676084281
83.55252277485512 11.7528594586371 80.44747722514488 2.2471405413628993
26.708839935434664 45.566309665702796 35.29116006456534 40.433690334297204
77.3293259316758 40.22699657212786 82.6706740683242 31.773003427872144
20.67763132167449 46.82196444186222 23.32236867832551 37.17803555813778
9.278335249785535 27.99224693787545 8.721664750214465 18.00775306212455
86.21278601030679 5.443115455147488 95.78721398969321 2.5568845448525117
39.494232720514226 19.832498852799528 48.505767279485774 24.167501147200472
66.9056727566975 95.03336935482267 57.0943272433025 96.96663064517733
96.7483905154641 26.433862230628925 87.2516094845359 29.566137769371075
