68.99119883072908 3.2965370670399547 59.00880116927092 2.7034629329600453
59.89091578547449 35.99880992178552 60.10908421452551 26.00119007821448
83.96151853411129 41.9998519154854 84.03848146588871 32.0001480845146
7.170397891603779 15.294196072693307 16.829602108396223 12.705803927306693
8.855674774184877 26.89571911486505 3.1443252258151224 35.104280885134955
40.61961699924913 70.96145893606321 39.38038300075087 61.03854106393679
92.00585136143 67.09982974944447 93.99414863857 76.90017025055553
54.98631508261344 71.010300359837 61.01368491738656 78.989699640163
10.405359048319477 19.027875631421715 19.594640951680525 22.972124368578285
95.20166369433441 87.06414555086394 96.79833630566559 96.93585444913606
81.97268588718919 28.478085191482805 72.02731411281081 29.521914808517195
61.87523929808843 71.15951268118219 54.12476070191157 64.84048731881781
69.86029616717119 77.80407777646457 78.13970383282881 72.19592222353543
87.15853304291652 27.99748609545876 86.84146695708348 18.00251390454124
67.88975343140764 9.044179764234686 58.11024656859236 6.955820235765313
2.9468375003516263 14.000282633125035 3.0531624996483737 23.999717366874965
80.26895719193405 93.38221325625179 89.73104280806595 96.61778674374821
16.573702396457485 56.981793889073884 17.426297603542515 47.018206110926116
82.62899021841675 18.890092473346762 73.37100978158325 15.109907526653236
23.97666547978612 68.42767920861726 28.02333452021388 77.57232079138274
56.42042834312265 48.7939945058431 53.57957165687735 39.2060054941569
29.233046883772378 85.52635477324425 24.766953116227622 94.47364522675575
22.23472979596983 27.83427308879915 27.76527020403017 36.16572691120085
72.86635543298908 93.85170352268341 63.13364456701092 96.14829647731659
20.983364463151332 78.98757723064907 15.016635536848668 87.01242276935093
45.21935750860179 87.00481408920348 44.78064249139821 96.99518591079652
40.0748264300107 27.138219688389867 49.9251735699893 28.861780311610133
39.7772015194118 11.157782067470203 34.2227984805882 2.842217932529797
11.138299615772523 84.51969852459067 6.861700384227477 75.48030147540933
68.07190092488206 42.155109766998294 77.92809907511794 43.844890233001706
11.174928795814903 75.2200668134239 18.825071204185097 68.7799331865761
69.06285969663519 49.000395149760436 68.93714030336481 58.999604850239564
96.99878686917228 63.11013553736551 87.00121313082772 62.88986446263449
79.21229713561156 39.693798960820686 70.78770286438844 34.306201039179314
92.6709752659304 55.22680625635811 87.3290247340696 46.77319374364189
75.9079953040272 90.11890569009411 68.0920046959728 83.88109430990589
69.6013831073732 64.95634186664311 60.39861689262681 61.04365813335689
36.307012948187094 46.04825596925491 37.692987051812906 55.95174403074509
76.62310850555791 67.09556629261134 67.37689149444209 70.90443370738866
86.60331526863239 76.19903428869102 89.39668473136761 85.80096571130898
68.72096118599929 16.305504010409216 65.27903881400071 25.694495989590784
7.573144472824249 87.28706514085965 2.426855527175751 78.71293485914035
80.0527197091743 89.27583308277194 89.9472802908257 90.72416691722806
2.814668251655311 7.735506928577953 11.185331748344689 2.264493071422047
82.72953550630623 4.37781200393154 73.27046449369377 7.62218799606846
94.37392051342022 33.59948850746159 89.62607948657978 42.40051149253841
36.916871291510994 94.88127362486954 39.083128708489006 85.11872637513046
33.57447718127444 85.2543681552773 30.42552281872556 94.7456318447227
7.1990805285650925 67.49043926903437 2.800919471434907 58.50956073096564
37.59765707810643 80.37052247364448 46.40234292189357 75.62947752635552
34.76094487798032 63.00571800469415 35.23905512201968 72.99428199530584
23.083321212401 7.091006215877128 32.916678787599004 8.908993784122872
77.54740032032291 48.725278897855944 86.45259967967709 53.274721102144056
62.38461019490934 12.195538052169306 59.61538980509066 21.804461947830696
95.07768083610064 11.882479289817976 92.92231916389936 2.117520710182025
85.70736285173007 72.20359208166921 80.29263714826993 63.79640791833079
36.37435353886481 32.42178263207517 27.625646461135194 27.57821736792483
21.124714925838216 33.82607975481363 12.875285074161784 28.173920245186377
11.99070752240868 95.69530601290242 2.0092924775913206 96.30469398709758
62.13354882119115 52.18685689257918 53.86645117880885 57.81314310742082
32.30617212348091 39.277217406167466 41.69382787651909 42.722782593832534
72.00145374072963 23.879437593196684 81.99854625927037 24.120562406803316
50.184623632359305 62.14235995058755 47.815376367640695 71.85764004941245
12.905750726918273 51.03376513965763 3.0942492730817275 52.96623486034237
45.24081580438417 9.807507442153435 38.75918419561583 2.1924925578465646
79.25101360198974 55.43567005030476 88.74898639801026 58.56432994969524
32.01262543648579 49.00950028449584 25.987374563514205 56.99049971550416
67.25331959694697 36.371450512882255 58.74668040305304 41.628549487117745
41.53716160395849 48.021468025697764 42.46283839604151 57.978531974302236
94.30230479150919 49.951082850856864 95.69769520849081 40.048917149143136
31.09418424519322 70.8788073171187 28.90581575480678 61.1211926828813
48.75586236062332 13.456700545322974 39.24413763937668 16.543299454677026
43.42379960087263 35.71477054248714 48.57620039912737 44.28522945751286
18.01694725298165 2.58867856798743 27.98305274701835 3.41132143201257
20.606464461792736 59.8018807465152 23.393535538207264 50.1981192534848
5.037777384196817 42.613471035348375 14.962222615803183 41.386528964651625
54.77800896823752 88.678580170112 63.22199103176248 83.321419829888
82.61967421499781 77.08725063134652 73.38032578500219 80.91274936865348
9.031245835766864 9.558105774397538 18.968754164233136 8.441894225602462
54.37491704003256 23.03922674443204 55.62508295996744 32.96077325556796
19.003336324549547 17.18262561275456 28.996663675450453 16.81737438724544
93.62933443213866 26.808458786459475 96.37066556786134 17.191541213540525
46.964206787345844 56.09385026000671 45.035793212654156 65.90614973999328
54.97874217840773 3.4605717326799934 45.02125782159227 2.5394282673200066
16.321452613831067 65.42841481364799 11.678547386168933 56.57158518635202
36.06419506913096 22.798642400833362 45.93580493086904 21.201357599166638
50.26039805909 19.18265241268769 55.73960194091 10.817347587312309
35.16750114720048 14.49423272051423 30.83249885279952 23.50576727948577
58.631099908766444 93.11508259198885 49.368900091233556 96.88491740801115
85.25825318205148 7.818753249774758 90.74174681794852 16.18124675022524
