91.91467770382405 10.080248366386474 82.08532229617595 11.919751633613526
66.18142541051722 41.74147433624336 57.818574589482786 36.25852566375664
49.022346330849814 7.969971379441066 40.977653669150186 2.030028620558934
39.868138069315656 12.075943106278636 38.131861930684344 21.924056893721364
21.202519718506267 88.16022559873909 14.797480281493733 95.83977440126091
23.39344202191134 71.05587459393492 32.60655797808866 74.94412540606508
69.88088495404077 88.08487882522358 60.11911504595924 85.91512117477642
68.39522248245973 62.0516612168425 77.60477751754027 65.9483387831575
10.98467791758711 30.424141948864786 15.01532208241289 39.575858051135214
49.80914371295566 76.00364394006036 50.19085628704434 85.99635605993964
45.5312297374072 48.11375425885714 36.4687702625928 43.88624574114286
62.56093577620681 59.048869162566696 53.43906422379319 54.951130837433304
77.99905797888513 94.90294679940936 68.00094202111487 95.09705320059064
78.97818341019985 40.9835442130857 85.02181658980015 33.0164557869143
87.37080584423542 19.42817962103248 78.62919415576458 14.57182037896752
19.30546909495792 22.78817103839993 24.69453090504208 31.21182896160007
50.069679791909095 94.05132366987064 55.930320208090905 85.94867633012936
32.26931740458231 54.38116023602948 41.73068259541769 57.61883976397052
56.674469098187 25.225362389079162 47.325530901813 28.774637610920838
19.740141608559437 6.539838562267542 24.259858391440563 15.460161437732458
60.916341354967855 45.91081704059206 51.083658645032145 44.08918295940794
3.246809241462092 81.68255508928377 6.753190758537908 72.31744491071623
23.350372212808757 62.83873908985996 32.64962778719124 59.16126091014004
63.081846756451796 75.1123492148731 54.918153243548204 80.8876507851269
45.46776301731995 77.97807169088873 44.53223698268005 68.02192830911127
66.45071704198749 65.92538568212379 75.54928295801251 70.07461431787621
53.79108957266967 19.83443527385333 60.20891042733033 12.16556472614667
43.05185523443204 35.28176370254463 52.94814476556796 36.71823629745537
25.154976068143743 93.11167105045688 30.845023931856257 84.88832894954312
31.84489023300172 30.07190092488206 30.15510976699828 39.92809907511794
53.11093278857767 31.047388085761494 62.88906721142233 28.952611914238506
82.94404592135261 42.44225353639617 87.05595407864739 51.55774646360383
94.28452359162915 28.008101931548836 93.71547640837085 37.991898068451164
67.25238779211642 13.943791660924177 68.74761220788358 4.056208339075822
88.298786272516 80.5535145551236 79.701213727484 75.4464854448764
92.25654939654265 66.31380965033384 95.74345060345735 75.68619034966616
49.40532901950009 67.52460929650323 56.59467098049991 74.47539070349677
41.91940269375722 64.9382636068158 48.08059730624278 57.061736393184205
13.033704939517163 61.974941787482436 18.96629506048284 70.02505821251756
62.915313809491934 81.88363290400714 71.08468619050807 76.11636709599286
8.075701223927867 12.999426899625178 7.924298776072133 3.0005731003748215
5.127080453477358 60.12868707108758 2.8729195465226423 69.87131292891242
36.29022735514828 62.008430298761354 35.70977264485172 71.99156970123865
15.997445373391507 50.15981157645125 6.002554626608494 49.84018842354875
72.96199876697257 35.61527899083479 63.03800123302743 34.38472100916521
90.96986760449639 94.99990920304971 91.03013239550361 85.00009079695029
95.00222622849236 90.89943338569792 96.99777377150764 81.10056661430208
20.57862975117762 54.96640590478186 19.42137024882238 45.03359409521814
39.9816679092093 96.42776727592731 30.018332090790704 95.57223272407269
53.17723731219559 5.319454454356638 62.82276268780441 2.680545545643362
15.45696098713478 74.61239819696391 8.54303901286522 67.38760180303609
17.945407105297377 18.736850434534873 8.054592894702624 17.263149565465127
29.54740032032291 2.7252788978559392 38.452599679677085 7.274721102144061
24.172105015116127 21.699450110555862 33.82789498488387 24.300549889444138
63.25637855679414 15.160422237216569 60.74362144320586 24.83957776278343
86.47782358505633 39.45115887901211 93.52217641494367 46.54884112098789
72.17104182193911 59.29659666609894 81.82895817806089 56.70340333390106
4.961922389397938 92.97115656099812 11.038077610602063 85.02884343900188
46.30825543212171 90.43530797804173 41.69174456787829 81.56469202195827
95.8919917135487 6.001166715116631 96.1080082864513 15.998833284883368
69.84819441336579 72.22270639575032 60.15180558663421 69.77729360424968
79.01623409703345 27.40258840572961 88.98376590296655 26.59741159427039
76.16869691982222 10.49480814282526 71.83130308017778 19.50519185717474
81.69842348329668 81.29730314910833 78.30157651670332 90.70269685089167
2.934219187262785 35.44669903984738 7.065780812737215 44.55330096015262
86.76216651692717 93.94156879952865 85.23783348307283 84.05843120047135
18.453011975260342 82.27391388319522 9.546988024739658 77.72608611680478
51.37342026199421 60.10401478701064 60.62657973800579 63.89598521298936
33.5326984552499 48.754289219807376 42.4673015447501 53.245710780192624
89.7974961667008 54.85584565957126 84.2025038332992 63.14415434042874
83.61300498868255 69.32192104580248 90.38699501131745 76.67807895419752
32.144137803708034 9.797520663708841 23.855862196291966 4.20247933629116
24.501020604024344 56.33071610458238 29.498979395975656 47.66928389541762
18.02377370769956 28.40712185643681 21.97622629230044 37.59287814356319
8.707665396032079 94.76304834615706 15.292334603967921 87.23695165384294
4.062210066514815 55.78627639718637 13.937789933485185 54.21372360281363
33.13591585574957 80.17314571461073 40.86408414425043 73.82685428538927
65.7943039084051 91.58061631901319 56.20569609159491 94.41938368098681
4.687819272281724 28.530829384114046 13.312180727718276 23.469170615885954
65.50089910381669 54.17759207779191 56.49910089618331 49.82240792220809
42.74644273326787 27.99356673255573 43.25355726673213 18.00643326744427
47.28336870613326 18.197608177663074 52.71663129386674 9.802391822336926
37.121564185322576 38.92223023836675 38.878435814677424 29.07776976163325
72.2112574283268 24.438034972538848 81.7887425716732 21.561965027461152
71.2355391475891 42.32168001304855 74.7644608524109 51.67831998695145
3.625898781552233 16.96067038970051 2.374101218447767 7.039329610299488
83.07259764446985 3.8489440657169123 92.92740235553015 2.1510559342830877
12.764150829882455 2.155139132160783 15.235849170117545 11.844860867839216
42.67248264196141 92.7798612194689 33.32751735803859 89.2201387805311
78.29720364933621 33.55617698842071 69.70279635066379 28.443823011579287
