95.00538450378029 29.897877295273787 92.99461549621971 20.102122704726213
50.27455427369318 50.593874661823776 41.72544572630682 45.406125338176224
70.90770705969614 44.06758400712183 65.09229294030386 35.93241599287817
38.128173163145384 42.12485700055747 47.871826836854616 39.87514299944253
2.523911471216075 56.22284994424578 5.476088528783925 65.77715005575422
24.055874593934856 69.60655797808863 27.944125406065144 60.39344202191137
95.35009165497245 65.04241801448896 96.64990834502755 74.95758198551104
61.288516517704416 63.168879510548 58.711483482295584 72.83112048945199
27.143702507535785 28.190115399734736 36.856297492464215 25.809884600265264
86.41946895922077 73.01762649009027 85.58053104077923 82.98237350990973
92.0330149264212 36.56802477105243 87.9669850735788 27.43197522894757
74.62966187994715 68.88844668374941 65.37033812005285 65.11155331625059
77.6190653813218 90.96152779430378 76.3809346186782 81.03847220569622
62.695082016163084 30.703902311749307 59.304917983836916 21.296097688250693
83.85033337749522 5.214193611890559 74.14966662250478 2.7858063881094406
6.327005800265432 39.17930963387381 3.672994199734568 48.82069036612619
57.190772505445906 93.63203402614504 66.8092274945541 96.36796597385496
17.28747142288727 52.7672976579638 10.712528577112733 45.2327023420362
85.29529082195495 20.44061008151755 76.70470917804505 25.55938991848245
16.098582433525134 69.00097194408751 15.901417566474867 78.99902805591249
46.450345736345035 71.07379991349363 55.549654263654965 66.92620008650637
29.827506073968646 86.06895206902782 28.172493926031354 95.93104793097218
31.168153745786167 40.06968238250816 32.83184625421383 49.93031761749184
91.95489067397807 95.05922208361558 84.04510932602193 88.94077791638442
51.914162597329266 90.9224998466179 42.085837402670734 89.0775001533821
65.18136462031967 79.14267979646773 58.81863537968033 86.85732020353227
29.12667830589552 33.88163705990826 38.873321694104476 36.11836294009174
41.69068620751315 14.731318255736328 32.30931379248685 11.268681744263672
8.902398829985213 87.87803973657269 11.097601170014787 78.12196026342731
19.00566801013919 4.761991649194952 28.99433198986081 5.238008350805048
47.17492879581491 66.2200668134239 54.82507120418509 59.779933186576095
58.35499367218806 51.14961727888876 67.64500632781194 54.85038272111124
84.87129160047563 68.16434848651139 77.12870839952437 61.835651513488614
76.25238779211642 40.94379166092418 77.74761220788358 31.056208339075823
96.00832211914707 60.98887165819417 87.99167788085293 55.01112834180583
55.796391991745715 76.58768846867358 46.203608008254285 79.41231153132642
38.54786043281522 78.24562011609031 35.45213956718478 87.75437988390969
26.35286908217529 73.75821996045333 31.64713091782471 82.24178003954667
55.5538284548774 80.93538226212479 46.4461715451226 85.06461773787521
80.96034748543826 72.37154727806602 71.03965251456174 73.62845272193398
60.395278741558236 12.464965317133494 67.60472125844177 5.535034682866507
22.046487245972358 80.06300477218926 13.953512754027644 85.93699522781074
90.48213197915514 78.23596004726068 93.51786802084486 87.76403995273932
10.308283052459014 30.825805161281227 7.691716947540985 21.174194838718773
95.66575673759485 16.79741872294361 86.33424326240515 13.202581277056389
80.82313458781248 43.25158312323775 89.17686541218752 48.74841687676225
32.00471740250062 74.21714458574827 41.99528259749938 73.78285541425173
36.03372402317171 61.025516568001464 29.966275976828292 68.97448343199854
24.632900887815783 86.11951353004716 15.367099112184217 89.88048646995284
37.22585480449547 67.15982192338315 42.77414519550453 58.840178076616844
22.628623373842856 32.98618886541055 23.371376626157144 23.013811134589453
12.02323236713891 11.481439433891971 21.97676763286109 10.518560566108029
48.334019026081755 13.203163460124175 57.665980973918245 16.796836539875823
54.77792933758056 53.72475192996803 47.22207066241944 60.27524807003197
95.96394860799681 9.047476239966468 88.03605139200319 2.9525237600335332
85.81807535410371 63.228358807565506 78.18192464589629 56.771641192434494
13.712534161037382 25.697576688813072 10.287465838962618 16.302423311186928
14.691259200681472 58.3726259077141 7.308740799318527 51.6273740922859
20.881598990330918 92.91833864005403 11.118401009669082 95.08166135994597
68.99419065543987 59.24095579909418 59.005809344560134 58.75904420090582
28.03893286697747 20.377253742168115 37.96106713302253 21.622746257831885
74.03098242446092 8.444244357668119 83.96901757553908 9.555755642331881
45.020706228870175 17.096839416271752 46.979293771129825 26.903160583728248
50.73162218431639 32.61609142838051 41.26837781568361 29.383908571619493
41.94382437067941 3.747395873601373 32.05617562932059 2.252604126398627
90.32419183185208 64.04588218550825 91.67580816814792 73.95411781449175
35.78282205785389 53.542394716356235 26.217177942146105 56.457605283643765
51.30090229500833 36.63597322113433 58.69909770499167 43.36402677886567
60.90032820924949 39.07673161896545 67.09967179075052 46.92326838103455
95.4755201082064 46.97241599658598 96.5244798917936 37.02758400341402
20.532996683148003 66.97814301743624 21.467003316851997 57.021856982563754
63.96295919243552 3.3925166222687233 54.03704080756448 4.607483377731277
49.88584074615444 20.46895920903605 54.11415925384556 29.53104079096395
3.0577780516986124 2.2420803382098926 12.942221948301388 3.7579196617901074
5.529884316899547 95.76019474148956 2.4701156831004534 86.23980525851044
17.111656391770328 40.8566285640511 24.888343608229672 47.1433714359489
33.31993312911216 92.24017782602387 42.68006687088784 95.75982217397613
72.24778982343636 80.19843962789183 65.75221017656364 87.80156037210817
2.9989566965104326 16.582120218584357 7.001043303489567 7.4178797814156425
76.02404224355585 45.10598963186498 73.97595775644415 54.89401036813502
4.622964140775463 33.583068663146896 13.377035859224538 38.416931336853104
87.55252277485512 41.752859458637104 84.44747722514488 32.247140541362896
37.06632929426031 47.91354008955155 44.93367070573969 54.08645991044845
67.8474553676271 26.10998758262985 62.15254463237289 17.89001241737015
2.703985469839691 81.44165704183615 7.296014530160309 72.55834295816385
35.21362612931313 7.554100567118865 44.78637387068687 10.445899432881134
68.46021770071013 17.09532257064502 77.53978229928987 12.90467742935498
26.163437639792903 14.73206288175321 35.8365623602071 17.26793711824679
82.99246007102533 94.72551422765872 73.00753992897467 95.27448577234128
72.23955540598443 22.0057419762828 71.76044459401557 31.9942580237172
