52.815814234608276 2.65540591339085 43.184185765391724 5.34459408660915
66.59395218552892 7.973728278429951 57.40604781447108 4.026271721570049
83.25674968219485 9.418362739866907 92.74325031780515 12.581637260133093
19.347449997539968 42.41468894816494 14.652550002460032 33.58531105183506
16.9964124384179 94.81062538390027 7.003587561582102 95.18937461609973
50.8928791490368 86.02943364668198 41.1071208509632 83.97056635331802
81.60722538216547 91.61179331779917 90.39277461783453 96.38820668220083
31.542348732229136 72.73519423019528 40.45765126777086 77.26480576980472
29.7756141574222 22.481050106994573 20.2243858425778 19.518949893005427
63.99997320318531 95.98363028928729 54.00002679681469 96.01636971071271
53.63619325150661 15.12764529677612 44.36380674849339 18.87235470322388
51.98663221741659 91.36537532514232 42.01336778258341 90.63462467485768
79.41547845221234 86.62216219499878 74.58452154778766 95.37783780500122
90.85531816097031 64.80589550048921 81.14468183902969 67.19410449951079
79.60465663706519 13.96330437825981 78.39534336293481 4.036695621740189
33.1793096338738 55.67299419973458 42.8206903661262 58.32700580026542
80.81487992787235 73.00342811931066 81.18512007212765 82.99657188068934
26.03843800450797 9.618791212679326 35.961561995492026 8.381208787320674
94.86767527240373 21.14268869007675 85.13232472759627 18.85731130992325
55.22179881423719 60.5273176077732 64.77820118576281 63.4726823922268
43.57957165687748 63.20600549415686 46.42042834312252 72.79399450584314
4.481517795234884 81.02323994823217 3.5184822047651156 90.97676005176783
24.160710052163072 83.13659047839815 21.839289947836928 92.86340952160185
8.762464075210648 45.99435448125526 9.237535924789352 36.00564551874474
23.99569770720024 71.58069561519619 28.00430229279976 62.41930438480381
23.41520290754076 56.00509759111447 32.58479709245924 59.99490240888553
31.34223856429614 41.011726474509594 30.65776143570386 50.988273525490406
40.15402248774693 27.072087455244148 41.84597751225307 36.927912544755856
19.331724710205552 85.9551395678679 20.668275289794448 76.0448604321321
93.8454138749178 92.1957459427479 86.1545861250822 85.8042540572521
2.3986003019090676 36.963700071835135 3.6013996980909324 27.036299928164865
87.04496794017983 77.94096070541833 94.95503205982017 84.05903929458167
73.55555322698845 83.29757463041993 68.44444677301155 74.70242536958007
40.68052959659381 72.38433182306301 33.31947040340619 65.61566817693699
88.91959146274549 61.10690435020555 79.08040853725451 62.89309564979445
37.91010266701295 86.93412955599368 32.08989733298705 95.06587044400632
57.96898337662698 75.43108640095018 62.03101662337302 84.56891359904982
29.7945530107946 85.33314029657544 26.2054469892054 94.66685970342456
61.64344352966629 57.45365354538767 70.35655647033371 52.54634645461233
88.74929749853867 41.436614804223105 79.25070250146133 44.563385195776895
96.41843884001678 26.351126763360394 89.58156115998322 33.64887323663961
38.39654378689043 52.951458658025565 47.60345621310957 49.048541341974435
68.97178655036593 65.03799115393164 77.02821344963407 70.96200884606836
7.512490646572209 30.20505324264474 16.48750935342779 25.79494675735526
63.0391422635114 16.434707147491892 58.9608577364886 25.565292852508108
74.01437225413014 37.621164970452156 83.98562774586986 38.378835029547844
62.848304948474244 36.48666327366996 67.15169505152576 45.51333672633004
9.20541119212774 81.00422115760229 8.79458880787226 90.99577884239771
94.92263600938234 46.12384092818011 85.07736399061766 47.87615907181989
15.451236520568292 61.03020537208609 16.54876347943171 70.96979462791391
19.81238306373161 28.143090899276736 22.18761693626839 37.856909100723264
16.02280663116549 14.522982003243289 25.97719336883451 15.477017996756711
64.2125406432204 30.937601417836422 65.7874593567796 21.062398582163578
70.12517786884735 26.922873778479957 71.87482213115265 17.077126221520043
74.04013544414599 10.969581398743104 67.95986455585401 3.030418601256896
49.01089996858071 30.329971023715785 58.98910003141929 29.670028976284215
78.19194173748721 28.274633149553498 69.80805826251279 33.7253668504465
19.426812996323484 57.03296298998927 20.573187003676516 66.96703701001073
7.461834533606591 58.30786676502511 12.538165466393409 49.69213323497489
71.79538192059334 45.29423082907528 80.20461807940666 50.70576917092472
55.335427336480954 84.42106086318854 50.664572663519046 75.57893913681146
53.37666075392273 8.096126523194977 62.62333924607727 11.903873476805023
51.421866152976285 67.98985312010893 60.578133847023715 72.01014687989107
14.143994124028936 89.92618046160543 15.856005875971064 80.07381953839457
14.901299723399136 2.011434867392362 5.098700276600864 3.988565132607638
94.75854330374538 51.005833536631584 95.24145669625462 60.994166463368416
4.050320670401932 62.09101750146385 5.949679329598068 71.90898249853615
67.55759242094672 70.05629553433573 58.44240757905329 65.94370446566427
59.23639178579316 88.48077757338132 68.76360821420684 91.51922242661868
96.87226564080039 69.87704518101754 87.12773435919961 72.12295481898246
44.06343396956744 14.086496203028835 35.93656603043256 19.913503796971163
40.99430704972904 10.992424366290201 33.00569295027096 17.0075756337098
21.079235892338104 51.93932815583276 14.920764107661897 44.06067184416724
4.040320376774685 76.63370185021317 13.959679623225316 75.36629814978683
14.887391731540863 22.0551786874582 5.112608268459137 19.9448213125418
4.049239700582669 10.699980326661555 13.95076029941733 9.300019673338445
77.03321160024501 23.424662714523624 86.96678839975499 24.575337285476376
46.93154725132827 95.1754748591361 37.06845274867173 96.8245251408639
36.22604983340696 39.00511246644965 35.77395016659304 48.99488753355035
59.91113698809478 45.93847401890906 50.08886301190522 44.06152598109094
81.8806062056101 54.84708143508584 74.1193937943899 61.15291856491416
51.59126059509039 20.52108532180638 44.40873940490961 27.47891467819362
27.28409116797223 37.83229861166875 24.71590883202777 28.167701388331253
42.12261031574495 41.100486196152616 51.87738968425505 38.899513803847384
28.40900073419166 77.01941277865697 37.590999265808335 80.98058722134303
20.039329610299497 5.625898781552322 29.960670389700503 4.374101218447678
35.563702165029 26.250806853887326 32.436297834971 35.749193146112674
3.894878293731472 54.91926751045399 2.105121706268528 45.08073248954601
46.19619351189939 54.33670908547556 49.80380648810061 63.66329091452444
95.42509444809748 8.327775574538249 86.57490555190252 3.6722244254617515
