95.94636090396395 9.730420295266308 86.05363909603605 8.269579704733692
67.9942424022018 36.76011913780067 58.00575759779819 37.23988086219933
45.99814912458186 2.863965708582045 36.00185087541814 3.136034291417955
36.95394248991231 14.09184416242313 35.04605751008769 23.90815583757687
22.767465166842996 83.05925135048517 21.232534833157004 92.94074864951483
22.33618151079309 63.59758408213435 29.66381848920691 70.40241591786565
74.4337855306574 87.31117845873769 65.5662144693426 82.68882154126231
66.80350487900314 56.2816496363696 75.19649512099686 61.7183503636304
11.80988460026526 31.143702507535785 14.19011539973474 40.856297492464215
45.60608503123648 66.19822938283626 48.39391496876352 75.80177061716374
62.329761217823986 52.50063347906632 53.670238782176014 47.49936652093368
67.36500932493792 63.438584342032286 58.634990675062085 58.561415657967714
83.92572982740737 96.85859517083979 74.07427017259263 95.14140482916021
76.51523565515383 40.585584674901554 83.48476434484617 33.414415325098446
88.41251772698386 18.351528717462994 79.58748227301614 13.648471282537004
21.454101241338343 24.696698998368227 26.545898758661657 33.30330100163177
56.14083144116569 94.10184777291568 61.85916855883431 85.89815222708432
31.090057132497122 52.05529843979295 40.90994286750288 53.94470156020705
63.834362009695894 15.723699111020798 54.165637990304106 18.2763008889792
25.38286889315045 12.268733046713644 28.61713110684955 21.731266953286358
71.61953798981507 50.91307834671122 62.38046201018493 47.08692165328878
2.0865613065616406 88.91585493615604 3.9134386934383594 79.08414506384396
27.528322121395924 62.236983895785336 36.471677878604076 57.763016104214664
61.48332055523784 79.7864425015415 52.51667944476216 84.2135574984585
39.89985057348803 78.91836039197955 38.10014942651197 69.08163960802045
71.00940319660761 66.69349788586425 80.99059680339239 67.30650211413575
57.19550369482282 11.38449097271842 66.80449630517718 8.61550902728158
42.49616943435045 42.171522561688185 51.50383056564955 37.828477438311815
25.564797680463098 94.78959228974617 28.435202319536902 85.21040771025383
33.12814748929714 35.09939834317782 26.871852510702855 42.90060165682218
45.12995685976498 33.13255455155583 54.87004314023502 30.86744544844417
87.26698644367707 43.309939871003685 90.73301355632293 52.690060128996315
96.71851347733944 28.051895475752197 95.28148652266056 37.9481045242478
70.8243528480802 12.859820343817542 73.1756471519198 3.1401796561824584
95.9128911527466 80.92924728746674 86.0871088472534 79.07075271253326
94.22618570140354 66.00511861717612 93.77381429859646 75.99488138282388
50.27925300685716 66.80505830799709 55.72074699314284 75.19494169200291
42.14781901275524 59.2067889902632 51.85218098724476 56.7932110097368
14.617395007792451 55.01466015000604 15.382604992207549 64.98533984999396
80.54058409699235 75.61004731409683 87.45941590300765 68.38995268590317
11.69473987568446 11.826623665448942 14.30526012431554 2.173376334551058
7.65161986500704 58.76102464131955 2.34838013499296 67.23897535868045
33.76687634916593 70.00543762042942 34.23312365083407 79.99456237957058
15.9533639862459 45.68131139705874 6.0466360137541 44.31868860294126
77.77977278063639 33.46757356390996 68.22022721936361 30.53242643609004
88.76117515319238 96.84410084524797 91.23882484680762 87.15589915475203
96.12993181141536 95.99831148733072 95.87006818858464 86.00168851266928
19.881808455820213 59.99860288069421 20.118191544179787 50.00139711930579
40.99666702908823 95.81746616636192 31.00333297091177 96.18253383363808
56.057516577811626 2.243787317355028 65.94248342218837 3.756212682644972
28.13247791243404 75.81471602532916 19.86752208756596 70.18528397467084
13.742322523928454 18.584416952396328 4.257677476071547 15.415583047603674
28.723746989199633 2.222942122601042 35.27625301080037 9.777057877398958
27.508963661849254 25.80213908324263 36.49103633815074 30.19786091675737
62.65721753724213 23.04338168619558 61.34278246275787 32.95661831380442
88.21968669523973 34.844298142627046 93.78031330476027 43.155701857372954
74.85541116732738 55.88735913872524 81.14458883267262 48.11264086127476
8.620551918395945 82.39752507974097 13.379448081604055 73.60247492025903
50.07296596401166 95.55003429789812 45.92703403598834 86.44996570210188
96.10452724531962 14.123523857912696 93.89547275468038 23.876476142087306
68.0371337062138 77.94983922242425 59.962866293786206 72.05016077757575
81.15668679804737 24.758099348662935 90.84331320195263 27.241900651337065
80.08974017740766 2.4576453252824715 75.91025982259234 11.54235467471753
79.9418492057295 80.08950918199955 78.0581507942705 89.91049081800045
7.616121661106029 30.014758037875392 8.38387833889397 39.985241962124604
83.27088576270569 92.69149911588887 86.72911423729431 83.30850088411113
27.87084804570393 80.129087824601 18.12915195429607 77.870912175399
57.25243313497577 66.4313671997169 66.74756686502423 69.5686328002831
40.32243010373637 48.23355162385981 49.67756989626363 51.76644837614019
96.54684216509044 49.24528872419173 93.45315783490956 58.75471127580827
80.30532782412476 57.631113312559584 87.69467217587524 64.36888668744042
29.82901524727404 10.215375908994611 22.17098475272596 3.784624091005389
24.132919644897676 57.924243257374236 25.867080355102324 48.075756742625764
16.864688435734713 28.47888901667799 21.135311564265287 37.52111098332201
13.46147323888172 95.97091429493202 14.53852676111828 86.02908570506798
3.009324673154945 56.0123928089992 10.990675326845055 49.9876071910008
35.52114960794272 86.22258839319571 44.47885039205728 81.77741160680429
71.01971419452809 91.02646711901325 62.98028580547191 96.97353288098675
10.41153109820892 24.986442331731823 19.58846890179108 21.013557668268177
68.78613601880008 44.44668656230179 59.21386398119993 41.55331343769821
43.55281816964635 20.75276295769273 40.44718183035365 11.247237042307269
47.88286817030665 13.873604053991869 50.11713182969335 4.12639594600813
38.95031594671351 38.88857478088205 41.04968405328649 29.111425219117944
68.03429703583393 18.58463156917186 77.96570296416607 17.41536843082814
71.07334299650839 39.38610871488103 74.92665700349161 48.61389128511897
2.981565841321237 30.574486151151707 7.0184341586787635 21.425513848848293
86.07940039583325 2.11247561415252 95.92059960416675 3.88752438584748
18.18292264933785 5.341864117298571 21.81707735066215 14.65813588270143
42.926249506733214 91.85560843696798 33.073750493266786 90.14439156303202
79.20537661860119 29.704590079054938 70.79462338139881 24.295409920945062
