51.69227319113953 10.371515784034283 44.30772680886047 3.628484215965716
65.68957437431612 26.705883385046242 62.31042562568388 17.294116614953758
68.69075967626313 69.74819002716696 75.30924032373687 62.251809972833044
6.0615746306375184 8.782275444608253 15.93842536936248 7.217724555391747
3.853576231716577 80.07339796445375 2.146423768283423 89.92660203554625
55.8091506801989 96.36823599395078 46.1908493198011 93.63176400604922
83.76940977576035 74.4990901456511 74.23059022423965 77.5009098543489
50.04103010413893 77.39973512207068 53.95896989586107 86.60026487792932
9.617201363207116 22.40646548060146 18.382798636792884 17.59353451939854
96.6420266288253 94.85784519733932 87.3579733711747 91.14215480266068
96.9810371924067 16.564950016824262 87.0189628075933 17.435049983175738
31.98239579350599 84.5807958053003 22.01760420649401 85.4192041946997
54.44560445939913 74.24775268916272 57.55439554060087 83.75224731083728
79.75032230044292 40.560268580057524 70.24967769955708 37.439731419942476
70.6043684274863 5.05069464065598 61.3956315725137 8.94930535934402
12.545845953360937 38.91786538179876 3.4541540466390632 43.08213461820124
70.2414434808883 91.46502773496734 79.7585565191117 94.53497226503266
45.09677695887502 36.99906333428883 44.90322304112498 27.000936665711176
91.38199566686157 7.592072680580587 82.61800433313843 12.407927319419413
12.026219764712064 34.51138065182317 21.973780235287936 33.48861934817683
58.65222223265716 36.83216492106209 49.34777776734284 33.16783507893791
15.746302015670736 69.68862246076027 8.253697984329264 76.31137753923973
43.99027243439858 50.09904493943575 42.00972756560142 59.90095506056425
28.77440012266608 93.51504092019809 19.22559987733392 96.48495907980191
16.88395992759624 86.92904928888667 7.116040072403759 89.07095071111333
33.31446587930905 88.62111878793841 40.68553412069095 95.37888121206159
27.01172647450959 35.65776143570387 36.98827352549041 36.34223856429613
34.7880819079686 15.559766809650686 25.2119180920314 18.440233190349314
6.331724710205552 69.9551395678679 7.668275289794448 60.0448604321321
88.5608232521546 73.78839955397011 91.4391767478454 64.21160044602989
2.5721972926450807 66.98166486664647 3.4278027073549193 57.01833513335353
80.32973861638698 44.77274271623017 85.67026138361302 53.22725728376983
68.99878686917228 75.11013553736551 59.00121313082772 74.88986446263449
69.63282852700729 48.56451504247769 62.367171472992716 55.43548495752231
84.48598603163752 95.77408059355706 81.51401396836248 86.22591940644294
65.97619842651227 92.48728761525085 56.02380157348773 91.51271238474915
90.48026035357451 50.027086296753836 91.51973964642549 59.972913703246164
37.26458237603147 52.00700529078054 36.73541762396853 61.99299470921946
74.92981447546329 81.83482287792842 65.07018552453671 80.16517712207158
72.17538998942626 72.3126836046328 81.82461001057374 69.6873163953672
78.79359021826218 14.063380249049096 77.20640978173782 23.936619750950904
20.24398049882118 77.54281512321042 29.75601950117882 74.45718487678958
64.02159981677963 85.53574617318613 73.97840018322037 86.46425382681387
8.912685657706097 16.879906503218216 17.0873143422939 11.120093496781786
57.995700688735 60.00322809653433 64.004299311265 67.99677190346567
94.8925131161401 29.921597387094117 89.1074868838599 38.07840261290588
46.74414689041014 81.31381412620443 39.25585310958986 74.68618587379557
16.01171880345739 48.01568898370388 7.988281196542607 53.98431101629612
13.660327275291735 28.721100118491798 20.339672724708265 21.278899881508202
16.080591347263393 91.89410206765234 25.919408652736607 90.10589793234766
20.295831193773246 44.79435247941174 25.704168806226754 53.20564752058826
19.48803016421663 29.154559862473313 28.51196983578337 24.845440137526687
69.53056104428754 23.399584283366043 76.46943895571246 30.600415716633957
72.14140504494284 19.889932434324233 65.85859495505716 12.110067565675767
96.21347481149118 11.995440771829731 95.78652518850882 2.0045592281702698
85.57624292131547 33.643883569237296 92.42375707868453 26.356116430762707
58.459381630563186 4.217719659370151 55.540618369436814 13.78228034062985
3.918273735718886 21.91495405332429 2.081726264281114 12.08504594667571
9.886996609236707 83.9126985430897 16.113003390763293 76.0873014569103
46.80476649353387 61.003813066152055 47.19523350646613 70.99618693384795
51.66439341180024 63.27525454711891 58.33560658819976 70.7247454528811
74.76061832588451 9.80872765755241 81.23938167411549 2.191272342447589
77.08094541830279 53.11107554739943 68.91905458169721 58.88892445260057
19.354873337464582 65.7074013661282 12.645126662535418 58.2925986338718
38.977783084834364 10.529175658725144 29.022216915165636 11.470824341274856
96.5427757953696 47.02954786403079 95.4572242046304 56.97045213596921
31.01941605884115 65.55979140731858 40.980583941158855 66.44020859268142
69.94225743966547 30.2423118055088 60.05774256033453 31.7576881944912
51.51218073281706 48.2264904076561 54.48781926718294 57.7735095923439
90.72840131394736 82.45419346341444 95.27159868605264 73.54580653658556
15.810142526836966 53.14970010247176 22.189857473163034 60.85029989752824
47.987950852823076 22.653090372255896 38.012049147176924 23.346909627744104
24.04849579057585 39.3053014581454 33.95150420942415 40.6946985418546
28.03001613775407 5.547046989768739 37.969983862245925 4.452953010231261
3.1042368687192905 51.13417128200644 10.89576313128071 44.86582871799356
3.6917502022850246 29.048083032033087 2.3082497977149754 38.951916967966916
87.15692112414226 44.24281414629079 96.84307887585774 41.75718585370921
13.95712991172279 96.65334756317232 4.04287008827721 95.34665243682768
19.174533067353593 2.874865261288827 24.825466932646407 11.125134738711173
64.2017743297522 46.15960403846948 57.79822567024781 53.84039596153052
32.68781042231723 50.047534268371784 31.31218957768277 59.952465731628216
92.99936887991657 22.07944055967628 83.00063112008343 21.92055944032372
54.459723727135874 40.73927793003622 45.540276272864126 45.26072206996378
50.24283023914893 15.70095841369856 57.75716976085107 22.299041586301442
38.99966392304761 79.9420288297845 29.000336076952387 80.0579711702155
29.007753062124554 31.278335249785624 38.99224693787545 30.721664750214376
34.53610891657095 20.25248227413284 43.46389108342905 15.747517725867159
44.59188318717267 41.02146296588591 35.40811681282733 44.97853703411409
48.80275777895209 85.60949012347443 39.19724222104791 88.39050987652557
91.18124675022523 2.258253182051455 82.81875324977477 7.741746817948545
