49.469704804305195 12.347477220134895 44.530295195694805 3.652522779865106
61.093289795432966 12.540719968500174 56.906710204567034 3.4592800314998255
75.54236704313975 51.35431283319817 80.45763295686025 42.64568716680183
4.2724411139694585 9.627939488775203 13.727558886030542 6.372060511224797
10.462554577871899 78.02896867659904 11.537445422128101 87.97103132340096
42.999408377948996 95.07691469621214 33.000591622051004 94.92308530378786
85.56817641189039 76.49741279999641 78.43182358810961 83.50258720000359
43.65005782810197 70.28814231887333 50.34994217189803 77.71185768112667
12.220705776580893 22.84361652158163 17.779294223419107 31.15638347841837
95.96070919523503 81.37440885531309 86.03929080476497 82.62559114468691
87.59619081399445 18.473818019030627 80.40380918600555 11.526181980969373
55.99634591075902 90.19112179373805 46.00365408924098 89.80887820626195
49.362903049809624 48.275604422185054 52.637096950190376 57.724395577814946
93.29233359377217 35.23695077001121 86.70766640622783 42.76304922998879
71.93770034072195 5.7868388305328935 62.062299659278054 4.2131611694671065
28.9559713528601 47.33792149284996 19.0440286471399 48.66207850715004
80.58224201174741 87.35048902813875 87.41775798825259 94.64951097186125
38.04886514620247 18.888750546415892 35.95113485379753 9.11124945358411
93.42343507042553 4.355813901763451 86.57656492957447 11.644186098236549
28.094037072943436 36.03484314313859 37.905962927056564 37.96515685686141
69.26300919687824 30.38719449875589 60.736990803121756 35.61280550124411
2.95866691010741 69.00017084535082 3.04133308989259 78.99982915464918
46.60102466585907 57.01594355140844 47.39897533414093 66.98405644859156
25.158657304021546 89.77589074491563 16.841342695978454 84.22410925508437
35.077255037509886 77.1058694986058 26.922744962490118 82.8941305013942
29.91241824948463 86.08395555980141 28.08758175051537 95.91604444019859
17.036474112536602 41.39716439680398 26.963525887463398 42.60283560319602
32.566560995602096 22.251749096029343 29.433439004397904 31.748250903970657
7.245347382077156 74.94272186414148 8.754652617922844 65.05727813585852
95.8491910107893 55.99772514738188 96.1508089892107 46.00227485261812
2.3120633869095926 95.95244820430963 3.6879366130904074 86.04755179569037
75.77569853856882 41.841214405263614 70.22430146143118 50.158785594736386
67.86665291686774 79.14703504163681 58.133347083132264 76.85296495836319
64.44259050277769 50.03116767716938 65.55740949722231 59.96883232283062
79.31364778935874 69.70703900787589 82.68635221064126 60.2929609921241
58.99017315340483 96.31332395222465 49.00982684659517 95.68667604777535
79.79838364447417 54.856444886532884 74.20161635552583 63.143555113467116
45.17740230584956 43.00314814889622 44.82259769415044 52.99685185110378
67.99988498777499 83.96608674267563 58.00011501222502 84.03391325732437
81.41670264535581 74.48711629691353 88.58329735464419 67.51288370308647
75.66275273450991 14.01138653713084 76.33724726549009 23.98861346286916
19.168244224078606 76.21210953637839 26.831755775921394 69.78789046362161
70.18821836817258 88.76421249287549 77.81178163182742 95.23578750712451
14.267643604801659 11.386059806304656 23.73235639519834 14.613940193695344
59.63349122214394 54.27435650655081 56.36650877785606 63.72564349344919
89.67510192675233 30.77580425625351 84.32489807324767 39.22419574374649
46.24651532230207 79.80264884811336 39.75348467769793 72.19735115188664
8.893168489036093 55.922062274378305 3.106831510963907 64.0779377256217
8.920778330368133 39.99937235331204 9.079221669631867 30.000627646687963
24.873858895071248 78.90220986007606 31.126141104928752 71.09779013992394
11.55529735739206 51.70988681092091 20.44470264260794 56.29011318907909
28.09100621587705 21.916678787598986 29.90899378412295 12.083321212401014
59.346884590395305 19.58609493334851 66.6531154096047 26.41390506665149
68.08057941541622 19.999350653616045 67.91942058458378 10.000649346383955
95.60309251573574 17.984221548941722 96.39690748426426 8.015778451058278
77.84429814262703 32.78031330476025 86.15570185737297 27.21968669523975
51.57368707997268 4.6281576407527565 56.42631292002732 13.371842359247243
5.255725745456321 22.685883836048017 8.74427425454368 13.314116163951983
14.346824011799168 74.95715252220847 15.653175988200832 65.04284747779153
38.60187874924325 25.19945243038022 41.39812125075675 34.80054756961978
53.30617212348091 67.27721740616747 62.69382787651909 70.72278259383253
41.05645744784383 21.749257655964424 50.94354255215617 20.250742344035576
76.29903385116197 76.55309771582749 67.70096614883803 71.44690228417251
23.10287199735804 63.857698614846434 14.89712800264196 58.142301385153566
34.5886603167162 4.013999874674223 25.411339683283803 7.986000125325777
89.19473240689273 53.00379351010131 88.80526759310727 62.99620648989869
33.171523740131114 63.701609839885336 42.828476259868886 66.29839016011466
58.19491630188112 44.846103199860124 51.80508369811888 37.153896800139876
47.832329829928455 39.131425883657016 54.167670170071545 46.868574116342984
89.65101089475618 77.4138702046442 94.34898910524382 68.5861297953558
24.915365227327232 56.45530002480213 29.084634772672768 65.54469997519787
41.54329945467711 11.75586236062329 38.45670054532289 2.24413763937671
35.28506448724081 46.34652866953813 42.71493551275919 39.65347133046187
17.68219787431145 7.521226844891078 26.31780212568855 2.4787731551089216
3.425798559994547 49.019079291719876 12.574201440005453 44.980920708280124
4.60522197781001 30.036764527289105 3.39477802218999 39.96323547271089
82.48304224257038 51.14408316480411 91.51695775742962 46.85591683519589
16.944972429609546 96.73976190115569 7.055027570390455 95.26023809884431
20.182614589648296 18.067264340049817 21.817385410351704 27.932735659950183
74.82000994357463 36.77393056011019 67.17999005642537 43.22606943988981
41.80406027550544 56.6139968003967 32.19593972449456 59.3860031996033
93.98726847296064 22.6434145563643 84.01273152703936 23.3565854436357
70.8922375155984 34.86145143065008 63.107762484401604 41.13854856934992
52.820256909225996 24.255961426086177 61.179743090774004 29.744038573913823
43.91886743571575 85.89707477383726 34.08113256428425 84.10292522616274
47.14451315890356 30.806581575498647 56.85548684109644 33.19341842450135
15.536108916570953 37.252482274132845 24.463891083429047 32.747517725867155
38.5566535886514 49.941624894964406 29.4433464113486 54.058375105035594
70.67248264196141 95.7798612194689 61.32751735803859 92.2201387805311
86.82384832905917 3.6845201262531333 77.17615167094083 6.315479873746867
