89.6552771789122 10.824388770931037 80.3447228210878 7.175611229068962
57.77144603343756 59.67567951752666 54.22855396656244 50.32432048247334
74.18436434843437 43.85484418575124 67.81563565156563 36.14515581424876
29.06157463063752 32.78227544460825 38.938425369362484 31.217724555391747
3.1171021519162454 51.07856815653726 4.882897848083754 60.92143184346274
25.010348725226653 80.99998929037714 24.989651274773347 71.00001070962286
96.22084030048792 75.00487942471051 95.77915969951208 84.99512057528949
59.2040055920683 68.14712759963048 56.7959944079317 77.85287240036952
17.79574418652137 33.706332029672474 26.20425581347863 28.293667970327522
78.11872390627155 60.91365100955524 83.88127609372845 69.08634899044476
87.293388627732 33.82981840835176 84.706611372268 24.170181591648237
73.97432082850774 69.49390485570994 64.02567917149226 70.50609514429006
81.35855067219123 90.98712757160584 80.64144932780877 81.01287242839416
72.99637117654878 31.190460143212775 63.00362882345123 30.809539856787225
64.90903530342155 5.05059366456667 55.09096469657845 6.94940633543333
4.295729654759293 35.00875326483493 3.704270345240707 44.99124673516507
72.64061485414459 86.0129324932443 73.35938514585541 95.9870675067557
13.227228461372249 66.93992147195549 14.772771538627751 57.060078528044514
90.59529853873657 18.97059162179422 81.40470146126343 15.029408378205778
19.87938899982805 65.07793996511812 18.12061100017195 74.92206003488188
53.33654526443191 63.81805425001884 50.66345473556809 54.18194574998116
34.25412630847447 80.15983810163418 31.745873691525535 89.84016189836582
10.763016104214644 20.52832212139593 15.236983895785356 29.47167787860407
94.70667616012612 96.68736466826245 85.29332383987388 93.31263533173755
19.84360911035749 84.75925393973549 10.15639088964251 87.24074606026451
52.567269719569204 72.03228371731437 51.432730280430796 81.96771628268563
18.58218634408228 12.65843588565529 27.41781365591772 17.34156411434471
55.990996961600715 29.006736474450907 50.009003038399285 20.993263525549093
8.809667764673602 58.93400832091399 7.190332235326398 49.06599167908601
41.237446840013554 13.477473350544187 50.762553159986446 16.522526649455813
23.002009490069547 61.997322547707455 30.997990509930453 68.00267745229255
71.59837003384601 47.20047570711647 74.40162996615399 56.79952429288353
73.99189806845116 64.2845235916291 64.00810193154884 63.71547640837091
83.24351262883161 37.84289957999712 80.75648737116839 28.15710042000288
88.95479125154291 49.67085292995837 79.04520874845709 48.32914707004163
70.18663458805169 81.14703231232954 63.81336541194831 88.85296768767046
44.28249725818013 70.22836749536226 37.71750274181987 77.77163250463774
27.94127727183908 83.95662418143418 22.05872272816092 92.04337581856582
73.88357454206563 73.92729328701247 64.11642545793437 76.07270671298753
92.70281311041853 69.64006323432827 85.29718688958147 76.35993676567173
43.33625391896758 7.197370672696483 52.66374608103242 10.802629327303517
17.53254698696501 78.88907181293288 8.467453013034993 83.11092818706712
87.75555941181226 82.53206015639249 92.24444058818774 91.46793984360751
4.974819038410333 24.893771959950126 7.025180961589667 15.106228040049874
89.90699189459593 4.959911738843632 80.09300810540407 3.0400882611563684
94.24760329428423 40.056934230942495 95.75239670571577 49.943065769057505
42.579009303155914 96.79382784833608 45.420990696844086 87.20617215166392
39.20541119212774 84.00422115760229 38.79458880787226 93.99577884239771
11.53493154846726 71.10580052491122 2.4650684515327406 66.89419947508878
29.22585480449547 79.15982192338315 34.77414519550453 70.84017807661685
25.519479516778993 58.55151572303617 18.480520483221007 51.44848427696383
2.0046625086918874 9.78412191419328 11.995337491308113 10.21587808580672
57.334019026081755 23.203163460124177 66.66598097391825 26.796836539875823
56.96060488552642 36.093143750434216 55.03939511447358 45.906856249565784
95.17019933742611 17.930662314577216 96.82980066257389 8.069337685422784
84.48365349378558 61.339523628557245 79.51634650621442 52.660476371442755
39.01114306752327 44.99161839695462 32.98885693247673 37.00838160304538
19.74390361581812 47.57967670231215 10.256096384181882 44.42032329768785
20.88136102185961 96.0827347663531 11.118638978140389 93.9172652336469
70.61059236877345 58.934538190113614 61.389407631226554 55.065461809886386
14.47402662966369 17.45493134175384 21.52597337033631 24.54506865824616
60.03952758045679 14.05199249901397 67.96047241954321 7.948007500986029
43.97426575882905 37.00006622555544 44.02573424117095 46.99993377444456
36.83282902977783 49.28209343221806 27.16717097022217 46.71790656778194
35.99486572561608 12.226531196672177 26.00513427438392 11.773468803327823
87.64128881172407 55.18814963794033 90.35871118827593 64.81185036205967
36.71869826376607 53.65765303670262 29.28130173623393 60.34234696329738
61.15617291953609 39.07171877240394 62.84382708046391 48.92828122759606
45.705872808811165 22.557367848825653 50.294127191188835 31.442632151174347
95.37641052981186 65.8068174558041 92.62358947018814 56.1931825441959
39.92979463414295 68.88412330668369 42.07020536585705 59.11587669331632
41.99999964757845 3.0018772893754004 32.00000035242155 2.9981227106245996
51.123607031258146 40.12788472639375 48.876392968741854 49.87211527360625
9.080282837630591 3.892402959591628 18.91971716236941 2.107597040408372
3.85250452454724 96.92678759798171 2.14749547545276 87.07321240201829
24.901857694332705 38.13552279769939 33.098142305667295 43.86447720230061
55.91799970259143 89.54590747393638 60.08200029740857 80.45409252606362
80.53831456736688 72.69222108771898 75.46168543263312 81.30777891228102
15.377561745309801 7.906059962744257 24.6224382546902 4.093940037255743
66.28843481209563 42.05089149610128 67.71156518790437 51.94910850389872
8.006433267444276 39.74644273326772 17.993566732555724 40.25355726673228
91.70361108170599 35.95024559448322 90.29638891829401 26.04975440551678
46.38195270234623 56.26904629672247 49.61804729765377 65.73095370327752
64.74753124205678 20.56874061134873 55.25246875794322 17.43125938865127
2.2751376977297038 82.9471784526887 3.7248623022702962 73.0528215473113
47.06419506913096 3.798642400833364 56.93580493086904 2.201357599166636
68.38985751028115 15.935610039364567 77.61014248971885 12.064389960635433
33.043343374469984 20.943062259768865 40.956656625530016 27.056937740231135
65.91056678887938 95.94145303226178 56.08943321112062 94.05854696773822
78.1881034546129 18.1432098891205 75.8118965453871 27.8567901108795
