96.43907452880825 17.301003547951595 87.56092547119175 12.698996452048405
72.70486412164729 41.20520036186449 67.29513587835271 32.79479963813551
34.12354653250854 7.827784290612843 25.87645346749146 2.172215709387157
38.92405689372138 24.86813806931558 29.075943106278622 23.13186193068442
16.411016915235756 70.61970349925407 11.588983084764244 79.38029650074593
32.3050864323093 72.7198216744517 41.6949135676907 69.2801783255483
72.1698967809154 81.13879217457186 69.8301032190846 90.86120782542814
66.64545732074502 68.01258589160808 67.35454267925498 77.98741410839192
12.809884600265258 22.143702507535785 15.190115399734742 31.856297492464215
73.32191895684359 59.485836813077555 64.67808104315641 64.51416318692245
78.0084908740835 38.99361774091566 71.9915091259165 31.00638225908434
61.157871241686266 78.9975070456227 60.842128758313734 69.0024929543773
80.88210912595153 94.63224192351932 77.11789087404847 85.36775807648068
60.71582678744187 47.447758169576204 65.28417321255813 38.552241830423796
84.89171820832728 16.965063784419826 75.10828179167272 19.034936215580174
34.16011981942462 45.884774543238834 39.83988018057538 54.115225456761166
36.64645530162155 84.29139676482131 43.35354469837845 91.70860323517869
51.29073011805078 69.5670284482358 42.70926988194922 64.4329715517642
62.982544511542116 2.582567142522829 53.017455488457884 3.417432857477171
12.50979903252656 64.67554525791647 7.49020096747344 73.32445474208353
61.504807879033855 61.56599519504194 54.495192120966145 54.43400480495806
44.21572117095306 83.6884372800529 35.78427882904694 78.3115627199471
23.438447654721436 68.50932256879312 30.561552345278564 61.490677431206876
67.24838684115473 82.53404471445108 62.751613158845274 91.46595528554892
56.38081244432343 75.98547709675297 55.61918755567657 66.01452290324703
71.46339545214528 69.69121393339113 76.53660454785472 78.30878606660887
47.960326148913296 15.434944624520625 52.039673851086704 24.565055375479375
56.71575604076384 17.99191399882227 57.28424395923616 8.008086001177729
3.1549760681437435 70.11167105045688 8.845023931856257 61.88832894954312
45.701854357939084 5.242043730462713 52.298145642060916 12.757956269537287
60.99732254770742 53.997990509930425 67.00267745229259 46.002009490069575
66.3006502761249 57.363749637007075 73.6993497238751 50.636250362992925
90.75045562410125 58.534627663804244 95.24954437589875 67.46537233619576
70.07374035661407 24.88334738131318 67.92625964338593 15.11665261868682
87.39148205791602 63.32605805015462 80.60851794208398 70.67394194984539
94.66065759337883 74.04383903163841 93.33934240662117 83.95616096836159
51.43868610256392 87.01928172816237 50.56131389743608 96.98071827183763
32.625493044691645 65.4215055023598 41.374506955308355 60.578494497640186
15.012686793215357 46.09844793644823 16.98731320678464 55.90155206355177
56.32320631515998 96.95398327693592 57.67679368484002 87.04601672306408
23.694739875684462 24.826623665448942 26.305260124315538 15.173376334551058
18.46414055456465 76.2191745026116 15.535859445435351 85.7808254973884
49.40872238721237 79.02005811137924 58.59127761278763 82.97994188862076
23.905310954851224 40.03153501032996 14.094689045148778 41.96846498967004
56.9169846755999 24.936370982201012 63.0830153244001 17.063629017798988
79.96691472615655 80.97497090827015 86.03308527384345 73.02502909172985
83.88668084870906 82.91244729832941 90.11331915129094 75.08755270167059
36.821529890076626 57.323952234447184 27.178470109923374 54.676047765552816
29.937177352299905 84.20988621582906 20.062822647700095 85.79011378417094
36.60926961803509 17.674635693074908 43.39073038196491 10.325364306925092
16.555746517877648 63.297459684087364 11.444253482122354 54.702540315912636
19.34957104615489 21.957513709108625 20.65042895384511 12.042486290891375
3.22294212260102 20.276253010800342 10.77705787739898 13.723746989199658
48.966979979649714 54.10787677612721 51.033020020350286 63.89212322387279
64.9176906116288 23.382374775052575 61.0823093883712 32.617625224947425
87.01353045653042 41.63241124602313 96.98646954346958 42.36758875397687
42.591902761982816 39.65853429889889 49.408097238017184 32.34146570110111
3.1739202451864506 58.12471492583827 8.826079754813549 49.87528507416173
9.824695829491379 93.93151871017636 8.175304170508621 84.06848128982364
84.08382314480744 59.11514497384442 75.91617685519256 64.88485502615558
55.20398362530123 30.511965220789385 50.79601637469877 39.488034779210615
80.00431914766051 23.792219294522848 89.99568085233949 24.207780705477152
80.34784858559 2.2808479889006525 83.65215141441 11.719152011099347
83.11264911475175 44.125370583578466 80.88735088524825 53.874629416421534
16.796489669821902 36.58802023835617 7.203510330178097 39.41197976164383
96.31996716629314 92.51751537873142 87.68003283370686 87.48248462126858
51.99931410891229 74.91718429840599 42.00068589108771 75.08281570159401
39.00561678109974 44.23693092404215 48.99438321890026 43.76306907595785
63.18627354914073 7.647950571799316 72.81372645085928 10.352049428200683
87.17096574596054 45.784646725258256 94.82903425403946 52.215353274741744
41.70215686728671 34.44071130985142 46.29784313271329 25.559288690148573
21.536861100780694 3.465793787314558 14.463138899219306 10.534206212685442
28.012097685373313 36.65239318225655 37.98790231462669 37.34760681774345
2.6267361918886527 26.013952053022933 3.3732638081113473 35.98604794697707
2.7748965872693496 88.84758925942738 5.22510341273065 79.15241074057262
20.049239700582667 50.69998032666155 29.950760299417333 49.30001967333845
14.016158251842707 92.59835160983211 23.983841748157293 93.40164839016789
70.97705021642277 95.52149070729395 61.02294978357723 96.47850929270605
2.090007931551126 52.065949601454086 7.909992068448874 43.934050398545914
57.56158488692837 37.70601783107333 52.43841511307163 46.29398216892667
11.651216762841022 3.584064381351908 4.348783237158978 10.415935618648092
78.47891467819369 9.591260595090327 71.52108532180631 2.408739404909673
23.42807111790527 46.02421992309828 32.57192888209473 41.97578007690172
87.76857778708934 37.67676518664495 84.23142221291066 28.32323481335505
28.05706049009194 31.75322573070086 37.942939509908065 30.24677426929914
7.365419580573931 32.986628974581244 6.634580419426069 23.013371025418756
87.38985751028115 5.935610039364567 96.61014248971885 2.0643899606354323
24.99059507254257 9.01258102575483 33.00940492745743 14.98741897424517
37.97393363799585 92.50988642344483 28.026066362004148 91.49011357655517
96.32915792879548 23.269489648166328 89.67084207120452 30.730510351833672
