62.99972590136533 2.9476462874610885 53.00027409863467 3.0523537125389115
71.6418481403103 27.425922083602956 64.3581518596897 20.574077916397044
78.31844559229228 64.75586113564609 87.68155440770772 61.244138864353914
4.954853661301888 9.061158204578332 13.045146338698112 14.938841795421668
2.810625383900334 78.0035875615821 3.189374616099666 87.9964124384179
47.80453801064955 92.13939205038878 42.19546198935045 83.86060794961122
94.91677421699124 89.09152253790745 85.08322578300876 90.90847746209255
45.802955542940786 67.50856418795667 50.197044457059214 76.49143581204333
3.1569009793086305 34.198529336610974 10.843099020691369 27.801470663389026
96.9999732031853 94.98363028928728 87.0000267968147 95.01636971071272
85.9969796109313 19.8262335822525 76.0030203890687 20.1737664177475
31.97432082850775 80.49390485570994 22.02567917149225 81.50609514429006
46.000936638074215 81.99875155521859 53.999063361925785 88.00124844478141
82.41006518545679 33.38082022021552 77.58993481454321 24.619179779784478
77.15027258628655 4.1172454839262 70.84972741371345 11.882754516073799
15.305956476796817 37.24891325433213 8.694043523203183 44.75108674566787
63.368073068091405 86.88288419650807 72.6319269319086 83.11711580349193
38.22122231516933 38.82409816770637 31.778777684830676 31.175901832293636
96.57518554439488 4.983151658066449 87.42481445560512 9.016848341933551
36.00345382097122 27.81418751163383 45.99654617902878 28.18581248836617
79.42042834312265 41.7939945058431 76.57957165687735 32.2060054941569
16.95866691010741 58.00017084535082 17.04133308989259 67.99982915464918
45.5593577703379 52.03138662353744 44.4406422296621 61.96861337646256
34.690140219807134 88.2672032091017 25.309859780192866 91.7327967908983
16.745260252027634 77.42440324304515 7.2547397479723665 80.57559675695485
27.00017953291693 96.0423709444929 36.99982046708307 95.9576290555071
43.81022331921914 38.72869407687724 52.18977668078086 33.27130592312276
31.994279355876216 11.76088974202544 22.005720644123784 12.23911025797456
6.40493697836013 75.79855729223236 3.59506302163987 66.20144270776764
67.72641854985483 74.59547714090783 76.27358145014517 69.40452285909217
9.945399413482178 66.04037402910409 4.054600586517821 57.95962597089591
87.6268762223442 76.01394157208844 88.3731237776558 85.98605842791156
71.78816257822751 63.56003502665458 62.211837421772486 66.43996497334541
71.38433182306308 32.31947040340625 64.61566817693692 39.68052959659375
84.20705119527177 85.7019845003927 75.79294880472823 80.2980154996073
70.74418119770809 90.42115714419924 61.25581880229191 93.57884285580076
85.6689472588825 57.210885276519825 76.3310527411175 60.789114723480175
42.03633820349262 43.433455713452844 37.96366179650738 52.566544286547156
82.62017439689221 95.44881680233759 75.37982560310779 88.55118319766241
79.22001853520844 76.1559238510126 84.77998146479156 67.8440761489874
58.29202252041109 20.6457634235401 65.70797747958892 27.3542365764599
27.588263230723655 76.65514051948318 34.411736769276345 69.34485948051682
59.226913603391736 76.51082363350973 68.77308639660826 79.48917636649027
17.579276337286196 15.353268638444854 24.420723662713804 22.646731361555148
66.8741267227075 44.077002694226955 65.1258732772925 53.922997305773045
96.8978997383184 38.08128308804748 95.1021002616816 47.91871691195252
38.304291215736654 85.99073209619846 37.695708784263346 76.00926790380154
17.43255161097854 47.36439971421931 10.56744838902146 54.63560028578069
15.968308639322517 32.89240359499331 18.03169136067748 23.107596405006692
8.683068907719282 86.52271796768882 17.31693109228072 81.47728203231118
28.545165875417347 35.02980944346392 27.454834124582653 44.97019055653608
25.00177200573142 16.13310491091579 34.998227994268575 15.866895089084212
86.1293567190002 31.870029190973753 95.8706432809998 34.12997080902625
53.75321300049283 7.551440031695053 44.24678699950717 4.448559968304947
92.99862719638055 22.898699062829984 95.00137280361945 13.101300937170018
82.83876749000585 51.8738364727691 89.16123250999415 44.1261635272309
66.3461987691256 6.01199975819408 65.6538012308744 15.98800024180592
10.447004988210438 23.62189958602559 3.5529950117895615 16.37810041397441
15.286609068014275 73.66851608391251 24.713390931985725 70.33148391608749
54.60187874924325 60.19945243038022 57.39812125075675 69.80054756961978
49.80349626096837 58.14527253056535 52.19650373903163 67.85472746943465
76.04143850325543 13.357607687621995 85.95856149674457 14.642392312378005
84.12656101655956 43.098126576921025 77.87343898344044 50.901873423078975
30.8544685821779 66.19755366670879 21.1455314178221 63.802446333291215
29.968807926595613 6.442373073999646 20.031192073404387 7.557626926000354
92.22707872570568 52.32487966409905 95.77292127429432 61.67512033590095
22.716455552193345 49.42099884380313 31.283544447806655 54.57900115619687
66.00804124886956 32.010751708646445 57.99195875113044 37.989248291353555
57.84878818232004 52.13433341146005 60.15121181767996 61.86566658853995
92.73647503568905 77.99305062994408 93.26352496431095 68.00694937005592
24.642187420327495 56.54857806152265 33.357812579672505 61.45142193847735
45.890347348540544 22.041394646914654 36.109652651459456 19.958605353085346
24.76038410011894 28.65059559749799 33.23961589988106 23.34940440250201
18.021225803963212 3.46022549351186 27.978774196036788 2.53977450648814
16.215991062680324 42.268222202097775 23.784008937319676 35.731777797902225
3.864148216646878 41.07524133995725 2.135851783353122 50.92475866004275
64.67987849600513 60.73855496130669 71.32012150399487 53.26144503869331
11.967941048907603 94.43470208334116 2.032058951092397 95.56529791665884
10.39429814276832 2.732645101328063 15.60570185723168 11.267354898671936
61.398377204307806 42.33243508888513 54.601622795692194 49.66756491111487
32.90460600730521 39.00091008420955 33.09539399269479 48.99908991579045
92.83164784747589 27.28653763177826 83.16835215252411 24.71346236822174
49.835850673072166 40.002695226577714 50.164149326927834 49.997304773422286
38.112150305040636 2.0012579273301876 37.887849694959364 11.998742072669813
40.551766697644744 59.030537905228556 39.448233302355256 68.96946209477144
43.02567468018659 10.493949001914624 52.97432531981341 11.506050998085376
43.07940039583324 17.11247561415252 52.92059960416676 18.88752438584748
59.99165826647988 27.71129989490286 50.00834173352012 28.28870010509714
25.48833359046518 86.79662495686686 16.51166640953482 91.20337504313314
87.03202455537811 3.043181103816475 78.96797544462189 8.956818896183524
