74.73884371129002 3.4052083897991516 65.26115628870998 6.594791610200849
63.3280639361026 23.42494274645655 58.6719360638974 14.575057253543447
62.31844559229228 68.75586113564609 71.68155440770772 65.24413886435391
2.350315138970373 6.759814846350409 7.649684861029627 15.240185153649591
3.333930111901134 65.01116339410021 2.666069888098866 74.98883660589979
39.44608712553595 66.98006087075561 38.55391287446405 57.01993912924439
94.86120782542815 85.16989678091531 85.13879217457185 82.83010321908469
64.96104277237377 86.43462450351444 69.03895722762623 95.56537549648556
17.843616521581616 43.779294223419086 26.156383478418384 38.220705776580914
83.96070919523503 95.37440885531309 74.03929080476497 96.62559114468691
80.82943975116433 22.294801795594132 71.17056024883567 19.705198204405868
43.57446823773874 69.98152524367545 34.42553176226126 74.01847475632455
48.6470758962282 83.29083567978634 55.3529241037718 90.70916432021366
76.93591773085691 29.79794495688129 67.06408226914309 28.20205504311871
87.7567405719585 2.4594094862410922 78.2432594280415 5.540590513758907
7.222456051915195 37.521083937233755 2.7775439480848045 46.478916062766245
70.51069957131465 87.20140447464918 79.48930042868535 82.79859552535082
34.381160236029416 52.73068259541767 37.618839763970584 43.26931740458233
95.70472885076673 12.307213409563035 86.29527114923327 15.692786590436965
19.057071795276926 27.08971626066907 20.942928204723074 36.91028373933093
75.6951233443966 59.990696366727605 76.3048766556034 50.009303633272395
22.22039439553051 70.00485973065634 21.77960560446949 79.99514026934366
44.160710052163076 44.13659047839814 41.839289947836924 53.86340952160186
43.942165619649906 96.75828687707917 34.057834380350094 95.24171312292083
10.263047337551246 82.16215839210246 7.736952662448753 91.83784160789754
35.02690045117603 81.97996528960473 40.97309954882397 90.02003471039527
48.858483720573936 41.801400169067044 57.141516279426064 36.198599830932956
32.9961144472453 18.19707975549708 23.0038855527547 17.80292024450292
20.16819701328967 86.86814266605853 13.83180298671033 79.13185733394147
86.02113091317634 55.0279697471935 93.97886908682366 48.9720302528065
3.703792612459189 60.950219788923306 2.296207387540811 51.049780211076694
89.63112180063554 64.59677208441627 94.36887819936446 73.40322791558373
78.99770025416314 70.84836830958646 69.00229974583686 71.15163169041354
86.79655145153436 31.588230127540715 77.20344854846564 34.41176987245928
93.23323925210416 78.81394335808137 86.76676074789584 71.18605664191863
81.79639199174571 89.58768846867358 72.20360800825429 92.41231153132642
64.78066965820672 74.46464931608276 55.21933034179329 71.53535068391724
22.87026266289989 59.90590764076299 17.12973733710011 68.09409235923701
69.81554568342116 81.34555556216897 60.184454316578844 78.65444443783103
77.14389936562458 75.80908160278771 86.85610063437542 78.19091839721229
54.43472736716823 16.708219912525298 59.56527263283177 25.291780087474702
3.6195193508198455 89.80565013054833 6.3804806491801545 80.19434986945167
51.31139242156637 80.26306045716763 60.68860757843363 83.73693954283237
14.946295518110993 3.072974210309554 23.053704481889007 8.927025789690447
71.35009261308883 44.28827809719969 64.64990738691117 51.71172190280031
95.67725234772831 37.61210756204885 88.32274765227169 44.38789243795115
28.173821804603303 96.93127058570619 29.826178195396697 87.06872941429381
14.821558018848357 47.872190611683656 9.178441981151643 56.127809388316344
7.928033372912591 49.94499949836007 14.07196662708741 42.05500050163993
13.00128905242466 92.1135291266171 22.99871094757534 91.8864708733829
33.93538843192814 57.000417482902066 34.06461156807186 66.99958251709793
12.37975287493106 18.08863491104075 21.62024712506894 21.91136508895925
80.27066693876684 39.62277811050276 89.72933306123316 36.37722188949724
57.97190641240087 9.529288792935487 48.02809358759913 8.470711207064513
96.9923056871019 27.900543788534616 95.0076943128981 18.099456211465384
81.9811452055377 67.9999644495462 82.0188547944623 58.0000355504538
74.34372794075135 9.282543415419797 67.65627205924865 16.717456584580205
9.909387975864558 26.066381881463514 4.090612024135442 17.933618118536486
28.82469582949138 79.93151871017636 27.17530417050862 70.06848128982364
57.435193752857096 45.25117052223366 60.564806247142904 54.74882947776634
46.38493194049371 59.2680284063445 49.61506805950629 68.7319715936555
74.49152848421829 15.161870623183766 83.50847151578171 10.838129376816234
71.32310619520655 51.010450683015634 70.67689380479345 60.989549316984366
17.292220585777258 74.56453552188889 8.707779414222742 69.43546447811111
54.999728813124065 3.0520749000672613 45.000271186875935 2.9479250999327387
77.54130231755326 43.38926457055664 84.45869768244674 50.61073542944336
14.655653909998094 24.01187151625979 15.344346090001906 33.98812848374021
51.568632800283105 45.252433134975774 48.431367199716895 54.747566865024226
61.62411945996455 35.01414863642901 62.37588054003545 44.98585136357099
96.79443248617645 65.14622081903529 91.20556751382355 56.8537791809647
12.035766831147773 61.02657692347685 17.964233168852225 52.97342307652315
32.99430704972904 22.9924243662902 25.005692950270962 29.0075756337098
42.46895920903604 32.114159253845536 51.53104079096396 27.88584074615446
23.23718976186494 3.478277740349485 32.76281023813506 6.521722259650515
21.895098015163846 51.85478189970586 30.104901984836154 46.14521810029414
3.3468805272812006 24.7619630648754 8.6531194727188 33.2380369351246
56.027528563002576 67.03635812812647 63.972471436997424 60.963641871873534
59.967941048907605 95.43470208334116 50.032058951092395 96.56529791665884
9.883883298056215 5.161411742436144 18.116116701943785 10.838588257563856
69.61283901814211 33.267268198856144 66.38716098185789 42.732731801143856
27.45871964966042 32.47022189361728 34.541280350339576 39.52977810638272
92.01531880500922 29.988464930792016 85.98468119499078 22.011535069207984
53.835850673072166 53.002695226577714 54.164149326927834 62.997304773422286
43.20685864845573 7.297715723334562 34.79314135154427 12.702284276665438
28.942028829784565 53.00033607695239 29.057971170215435 62.99966392304761
45.11151222892512 11.370354879853032 48.88848777107488 20.629645120146968
31.9434326827771 28.9230568931923 40.0565673172229 23.0769431068077
55.658135882701416 31.182922649337815 46.341864117298584 34.81707735066219
45.80982756141823 80.36585461503834 36.19017243858177 77.63414538496166
95.81594548651229 2.769123951005481 88.18405451348771 9.230876048994519
