89.1742364492306 13.752408048584845 80.8257635507694 8.247591951415155
77.63106129187479 46.251766277489644 72.36893870812521 37.748233722510356
41.35431283319813 7.457632956860334 32.64568716680187 2.5423670431396657
40.996957777687214 24.174393142099195 31.003042222312782 23.825606857900805
14.246812048632304 74.00609533404472 13.753187951367696 83.99390466595528
31.221512136284336 70.47175192757547 40.77848786371567 67.52824807242453
74.08487882522365 76.11911504595925 71.91512117477635 85.88088495404075
67.77646828877744 69.06065824258707 66.22353171122256 78.93934175741293
9.557356638990317 19.212643721955228 12.442643361009683 28.787356278044772
72.62976222569472 61.11179933970717 63.37023777430528 64.88820066029284
81.34510937847911 41.71621356302502 74.65489062152089 34.28378643697498
60.50609514429015 77.97432082850774 59.49390485570985 68.02567917149226
77.9225294709535 90.9993997956884 78.0774705290465 81.0006002043116
58.39222337889927 50.46178391183491 65.60777662110073 43.53821608816509
83.99931870663362 17.917462314648116 74.00068129336638 18.082537685351884
34.081033594838935 49.89489093344228 41.918966405161065 56.10510906655772
40.84887758660638 88.21285402086272 49.15112241339362 93.78714597913728
50.352719134963344 71.70934959286 43.647280865036656 64.29065040714
60.70472885076673 2.307213409563035 51.29527114923327 5.692786590436965
5.8024054774949185 82.33616740280097 2.197594522505082 91.66383259719903
58.019502428820125 57.97381913113577 49.980497571179875 52.02618086886423
31.3837725591218 83.39518240649667 26.6162274408782 74.60481759350333
19.892673763080314 63.917208656345814 26.107326236919686 56.082791343654186
64.84804654081309 84.89042205313457 59.15195345918692 93.10957794686543
54.8576020543287 70.9979718711762 55.1423979456713 61.002028128823795
71.68784488150673 66.25438543479993 78.31215511849327 73.74561456520007
43.41918926728265 19.717545568031 48.58081073271735 28.282454431969
53.02556290765622 23.593647588613766 56.97443709234378 14.406352411386234
3.5050636824651367 78.9754435019991 4.494936317534863 69.0245564980009
46.70895528317961 7.555777446444724 51.29104471682039 16.444222553555278
62.72575119903194 55.77879541512361 69.27424880096807 48.22120458487639
59.37327822980736 61.89563858929531 68.62672177019263 58.10436141070469
92.31141538142701 62.29376137601176 95.68858461857299 71.70623862398824
71.1588029840301 26.86386427074224 68.8411970159699 17.13613572925776
89.39148205791602 66.32605805015461 82.60851794208398 73.67394194984539
96.42783819184483 84.20820721463153 93.57216180815517 93.79179278536847
54.296914126320644 78.17112707260276 51.703085873679356 87.82887292739724
25.712667199428292 66.57269847769652 34.287332800571704 61.42730152230349
14.589245407330008 47.20314983773096 17.410754592669992 56.79685016226904
54.226148732107596 93.67476755351498 57.773851267892404 84.32523244648502
27.113486270378502 30.874438257448602 24.886513729621498 21.125561742551398
21.71234307485667 69.30235365379743 18.28765692514333 78.69764634620257
35.13466090984994 81.8474048681962 44.86533909015006 84.1525951318038
17.9533639862459 39.68131139705874 8.0466360137541 38.31868860294126
57.202581277056474 27.665756737594883 60.797418722943526 18.334243262405117
85.03674948760235 79.02730013790567 90.96325051239765 70.97269986209433
87.81887340188061 84.8575165024582 94.18112659811939 77.1424834975418
34.26982130602133 55.60165832011936 25.73017869397867 50.39834167988064
25.59937626039718 84.03894466796706 16.40062373960282 87.96105533203294
36.739578095622676 18.790731988080474 43.260421904377324 11.209268011919526
17.171472840081407 68.50385453859123 12.828527159918595 59.49614546140877
16.17695253655593 24.931794082574644 17.82304746344407 15.068205917425356
6.43009791042502 13.028791485515017 15.569902089574981 8.971208514484983
46.46127284870044 55.24265633427082 49.53872715129956 64.75734366572918
63.960993600340245 23.00015215223647 64.03900639965975 32.999847847763526
86.0011261307936 45.89388666546886 95.9988738692064 46.10611333453114
48.73235538937518 37.456207795862326 53.26764461062482 28.54379220413767
6.620551918395945 62.397525079740966 11.379448081604055 53.602474920259034
9.868565713535283 76.99827220430636 10.131434286464717 67.00172779569364
88.18201537856133 59.259425721955985 79.81798462143867 64.74057427804402
58.046010863048565 33.437781291050676 53.953989136951435 42.562218708949324
83.52073047615484 25.778256420566954 92.47926952384516 30.221743579433046
71.55347633107831 3.639435594168348 76.44652366892169 12.360564405831653
80.69842348329668 50.29730314910834 77.30157651670332 59.70269685089166
21.438946205211824 29.69874890825978 12.561053794788176 34.30125109174022
88.32946003364006 95.42420794625136 83.67053996635994 86.57579205374864
43.99915888813878 75.09170829375255 34.00084111186122 74.90829170624745
39.701453690239354 48.55391848398557 48.298546309760646 43.44608151601443
56.29231374527701 8.31545551347188 65.70768625472299 11.68454448652812
88.92314886721172 51.05880892284331 95.07685113278828 58.94119107715669
38.097934346682514 44.624083287579275 41.902065653317486 35.375916712420725
27.474642016446914 2.4046053265960206 20.525357983553086 9.59539467340398
26.061742778406263 35.783336207115 35.93825722159374 34.216663792885
3.4113214320125813 34.01694725298165 2.5886785679874187 43.98305274701835
6.9517336199238 96.56120651102859 11.0482663800762 87.43879348897141
22.003192615645954 45.17865039508736 31.996807384354046 44.82134960491264
16.00990758413064 95.6853928146353 25.99009241586936 96.3146071853647
77.99826765215138 96.13160728496987 68.00173234784862 95.86839271503013
4.380722832592943 54.259035937897224 9.619277167407057 45.740964062102776
63.585665363164715 39.51531867979282 56.414334636835285 46.48468132020718
9.529778106382711 3.4587196496604116 2.470221893617288 10.541280350339589
71.120178367039 12.528227433769183 66.879821632961 3.4717725662308165
24.10711974645509 41.0294283969613 33.89288025354491 38.9705716030387
83.98915727284013 37.00810913002964 78.01084272715987 28.991890869970362
33.07095892531217 29.839377200095566 42.92904107468783 28.160622799904434
7.625898781552233 33.96067038970051 6.374101218447767 24.03932961029949
86.21278601030679 6.443115455147488 95.78721398969321 3.5568845448525117
23.699329519953583 12.244261140314709 30.300670480046417 19.75573885968529
36.82629403919986 88.6935215856418 27.17370596080014 91.3064784143582
93.92637686364338 34.904266690322636 86.07362313635662 41.095733309677364
