78.0507216930005 17.96145139460983 71.9492783069995 10.038548605390169
79.92657859242442 11.095477436117772 72.07342140757558 4.904522563882228
95.52589916038444 37.977472088708865 96.47410083961556 28.02252791129113
51.28037393967302 43.77347940446402 44.71962606032698 36.22652059553598
11.13684479878459 91.19170601418426 2.8631552012154087 96.80829398581574
56.94641664017639 96.07014587636141 49.05358335982361 89.92985412363859
86.01519863359417 96.38955787436348 95.98480136640583 95.61044212563652
60.90093032999711 88.13685001432647 69.09906967000289 93.86314998567353
12.328747662863249 27.98918079188978 11.671252337136751 18.01081920811022
63.05468516733751 94.92566713653027 54.94531483266249 89.07433286346973
65.99922565567815 9.087993429353423 56.000774344321854 8.912006570646577
50.26772208613224 84.78444082630493 43.73227791386776 77.21555917369507
75.29443830571812 87.05003205105709 76.70556169428188 96.94996794894291
62.97091443950011 59.538525426669224 53.02908556049989 58.461474573330776
89.27284329937048 25.19077753289428 94.72715670062952 16.80922246710572
10.986391816394892 67.98176949955862 19.013608183605108 62.01823050044137
79.44480930417157 77.24801284728076 82.55519069582843 86.75198715271924
18.012852622955517 4.358275089335454 27.987147377044483 3.641724910664547
90.24329027290851 41.99407747668256 89.75670972709149 32.00592252331744
67.75377045970819 33.639987630871246 76.24622954029181 28.360012369128754
47.33583848916275 46.18174974385188 44.66416151083725 55.81825025614812
2.0054139373325772 76.09991851456043 3.9945860626674228 85.90008148543957
20.58016726912789 84.25625976664226 17.41983273087211 93.74374023335774
11.67651073655121 42.769250499765725 2.3234892634487903 39.230749500234275
23.09809325607211 72.98555074645311 32.90190674392789 71.01444925354689
31.487616932093125 65.84630572075159 40.512383067906875 70.15369427924841
39.45205084432347 9.724204912660486 30.54794915567653 14.275795087339514
43.59591615861286 7.632713469384683 52.40408384138714 12.367286530615317
13.463516432801487 86.97846889279455 12.536483567198513 77.02153110720545
93.9006016568221 88.12814748929725 86.0993983431779 81.87185251070275
2.3986003019090676 33.963700071835135 3.6013996980909324 24.036299928164865
87.84121440526361 77.22430146143118 96.15878559473639 82.77569853856882
74.69058921662412 78.73158101193377 65.30941078337588 75.26841898806623
59.99987769762409 70.96502845726627 50.00012230237591 71.03497154273373
52.701984500392776 50.79294880472828 47.298015499607224 59.20705119527172
27.594199547909287 76.26095707959446 24.405800452090713 85.73904292040554
57.43346057894833 81.96365088553533 66.56653942105167 86.03634911446467
42.331579598493335 82.50251763131021 33.668420401506665 87.49748236868979
74.40426228679122 45.7385252084001 77.59573771320878 36.2614747915999
76.94141708282561 62.763149535516604 67.05858291717439 61.236850464483396
96.96429360519905 44.402005803334006 93.03570639480095 53.597994196665994
22.273184620786967 50.36990295662032 31.726815379213033 53.63009704337968
49.00212974776703 66.14592101234825 58.99787025223297 65.85407898765175
29.09468904514881 47.96846498967022 38.90531095485119 46.03153501032978
38.75712625936568 22.460600846936202 29.242873740634323 25.539399153063798
66.20208441375978 50.59287313034212 75.79791558624022 53.40712686965788
86.61330555909056 21.737297329765262 81.38669444090944 30.262702670234738
6.820430640544405 76.1411301595707 9.179569359455595 85.8588698404293
66.78386869543111 56.454166532717004 57.21613130456888 53.545833467282996
41.77414519550449 48.840178076616816 36.22585480449551 57.159821923383184
42.762233944628406 3.4764751867366925 33.237766055371594 6.5235248132633075
18.5398154530702 23.352871695220045 23.4601845469298 14.647128304779956
80.88205808432885 22.529273897860808 85.11794191567115 13.470726102139192
83.94748336355347 44.90940681506324 82.05251663644653 35.09059318493676
87.30579586457871 9.541677000048768 78.69420413542129 4.458322999951231
36.261011225909556 41.1830539675465 41.738988774090444 32.8169460324535
88.71399067328227 48.652422774785876 81.28600932671773 55.347577225214124
42.99608834605977 87.10182060444056 45.00391165394023 96.89817939555944
4.929103200606881 57.90306721394646 13.070896799393118 52.09693278605354
86.1049899104425 69.98074722314318 95.8950100895575 72.01925277685682
44.58730632658527 68.48299200677252 37.41269367341473 61.51700799322747
50.35170642287144 5.842109340084173 59.64829357712856 2.157890659915827
63.7274743769021 42.59721481590798 72.27252562309789 37.40278518409202
22.72908925230398 67.781685190574 29.27091074769602 60.218314809426005
12.303854714164846 7.544962592919791 3.6961452858351533 2.4550374070802086
87.61712056533453 62.40631832083507 96.38287943466547 57.59368167916493
12.538676992617482 57.4676119774408 5.461323007382518 64.5323880225592
70.75724467710495 71.29895626469441 63.24275532289505 64.70104373530559
46.69924819939179 74.24433260913834 53.30075180060821 81.75566739086166
82.04399862533074 73.94042090836042 73.95600137466926 68.05957909163958
35.81485590247327 17.6519782500203 26.18514409752673 20.3480217499797
36.962501624388395 30.611209970421417 27.037498375611605 29.388790029578583
14.410853541469386 38.655964731592164 7.589146458530613 31.34403526840784
5.0003933863534495 71.93728071443584 14.99960661364655 72.06271928556416
27.06570349098911 35.949868618743814 20.93429650901089 28.050131381256186
6.049239700582669 14.699980326661555 15.95076029941733 13.300019673338445
55.52114960794272 26.222588393195714 64.47885039205728 21.777411606804286
35.37741810426808 95.6868749570554 28.62258189573192 88.3131250429446
52.17381765799357 21.246956927721413 43.82618234200643 26.753043072278587
57.760158905229595 32.52999581599539 48.239841094770405 29.47000418400461
63.99999338491482 46.991866685299186 54.00000661508518 47.008133314700814
66.90663729615545 14.038277356003173 57.09336270384454 15.961722643996827
20.029428396961436 45.89288025354488 17.970571603038564 36.10711974645512
61.12261031574495 28.100486196152612 70.87738968425505 25.899513803847388
55.6845942107555 75.47467370936843 64.31540578924451 80.52532629063157
18.06419506913096 9.798642400833364 27.93580493086904 8.201357599166636
34.89802695504113 34.86864472507945 27.101973044958868 41.13135527492055
2.0830097885002785 54.06093192580408 7.916990211499721 45.93906807419592
48.8476544433495 34.21467661156467 57.1523455566505 39.78532338843533
95.36208246352435 11.700864967607178 88.63791753647565 4.299135032392822
