94.79061652759493 22.995613932389453 95.20938347240507 13.004386067610548
83.73465379489986 41.39281194552709 74.26534620510014 44.60718805447291
41.967273488472664 12.428865960814282 32.032726511527336 13.571134039185718
31.54518426657068 32.755250317527185 28.45481573342932 23.24474968247281
13.289395483822707 67.05075346930582 14.710604516177293 76.94924653069418
20.487650836949214 88.97368056223168 21.512349163050786 79.02631943776832
87.92048301225834 76.11792635520754 90.07951698774166 85.88207364479246
64.20277038460782 79.33417041571842 67.79722961539218 88.66582958428158
18.984677917587106 16.424141948864786 23.015322082412894 25.575858051135214
68.99699231281977 79.00401444322975 77.00300768718023 84.99598555677025
72.38992723254331 40.96264155651078 73.61007276745669 31.03735844348922
65.69445907974726 63.70412674436628 62.30554092025274 54.29587325563372
90.8089985302483 90.36877066598817 81.1910014697517 87.63122933401183
67.46147457333086 39.97091443950012 68.53852542666914 30.029085560499876
80.37538732182588 21.580085583330412 71.62461267817412 26.419914416669588
15.610469867734293 62.39416482680943 24.389530132265705 57.60583517319057
33.36796597385498 87.1907725054459 30.632034026145025 96.8092274945541
36.75821473906244 67.53603141145258 27.241785260937565 64.46396858854742
45.423352393946786 3.668915788958876 36.576647606053214 8.331084211041123
20.36833404005332 72.11647393554769 29.63166595994668 75.88352606445231
60.7513804029456 96.68323250374975 57.2486195970544 87.31676749625025
41.88197725909273 80.92004720394756 32.11802274090727 83.07995279605244
48.34546046281902 60.17373011391552 57.65453953718098 63.82626988608448
73.55443917643203 87.7017630947202 68.44556082356797 96.2982369052798
54.652713052655905 81.81506156570362 57.347286947344095 72.18493843429638
70.91458283329607 62.38108534670232 67.08541716670393 71.61891465329768
49.04030800294177 6.400042687516987 52.95969199705823 15.599957312483014
51.01301830884159 28.57687199823947 46.98698169115841 19.42312800176053
5.245347382077156 65.94272186414148 6.754652617922844 56.057278135858525
21.726418549854827 8.595477140907828 30.273581450145173 3.404522859092171
61.00277286814489 48.83350377586532 70.99722713185511 49.16649622413468
72.94096070541829 57.955032059820134 79.05903929458171 50.044967940179866
95.05848992184862 59.0796131156552 86.94151007815138 64.92038688434481
88.99467430462403 23.89788936647377 91.00532569537597 14.10211063352623
91.86610831877569 53.85065678322702 82.13389168122431 56.14934321677298
85.2382322063125 69.52894681415827 80.7617677936875 78.47105318584173
46.74123483266963 81.0067004307596 47.25876516733037 90.9932995692404
34.668420401506644 73.49748236868975 43.331579598493356 68.50251763131025
20.184454316578798 67.65444443783119 29.815545683421202 70.34555556216881
63.5633851957772 92.74929749853857 60.4366148042228 83.25070250146143
55.190517359497875 8.367068663494534 64.80948264050213 5.632931336505466
14.566598729716198 84.01881908189269 15.433401270283802 93.98118091810731
37.456452057719105 77.08714448378521 46.543547942280895 72.91285551621479
17.33745537233218 40.487263736121825 8.66254462766782 35.512736263878175
55.86942146600716 26.870502251151784 58.13057853399284 17.129497748848216
75.08620367940193 61.92444887347919 84.91379632059807 60.07555112652081
76.09570921501201 74.07002396015477 81.90429078498799 65.92997603984523
39.958865630616955 61.6400403561385 30.041134369383045 60.3599596438615
28.56829415508756 85.71002737387019 23.43170584491244 94.28997262612981
27.186718168959267 51.2340194305314 34.81328183104073 44.7659805694686
11.08272494795229 44.88640901456602 2.917275052047711 39.11359098543398
8.206532580596647 30.42220606774073 17.793467419403353 27.57779393225927
4.650370542516472 16.712139881195025 11.349629457483527 9.287860118804975
39.02809358759914 53.470711207064454 48.97190641240086 54.529288792935546
85.99840559117848 16.87374016444004 76.00159440882152 17.12625983555996
87.07927034600014 35.11319693716903 96.92072965399986 36.88680306283097
41.658534298898836 31.40809723801725 34.341465701101164 24.59190276198275
10.775472825896307 54.47788776675725 15.224527174103693 45.52211223324275
10.503004697707473 86.76875003315011 7.496995302292527 77.23124996684989
96.66042574073144 45.18880373368101 87.33957425926856 48.81119626631899
43.07200813195352 24.94699326170636 48.92799186804648 33.05300673829364
81.00011093941133 8.966692616347546 90.99988906058867 9.033307383652454
62.47774660617657 14.682797454676681 67.52225339382343 23.31720254532332
51.24680954354135 45.63905450888876 42.75319045645865 40.36094549111124
26.221487426597015 30.32062620989842 17.778512573402985 35.67937379010158
93.35871118827585 78.8118503620597 90.64128881172415 69.1881496379403
61.99915888813878 68.09170829375255 52.00084111186122 67.90829170624745
57.22461304096046 33.841006464588666 62.77538695903954 42.158993535411334
67.1018035602798 10.374327046122527 70.8981964397202 19.625672953877473
83.0588089228433 47.07685113278825 90.9411910771567 40.92314886721175
29.205957210894127 44.25656864113652 36.79404278910587 37.74343135886348
31.636622191052147 9.128707757339118 22.363377808947853 12.871292242660882
44.80600546764653 35.27779319988558 53.19399453235347 40.72220680011442
3.8440578930995812 25.071758298023898 2.1559421069004188 34.9282417019761
3.071289396942805 86.99949175635719 2.928710603057195 77.00050824364281
13.172450213234505 58.21712023863446 20.827549786765495 51.78287976136554
2.000281064471091 95.946985231174 11.99971893552891 96.053014768826
48.307778912281066 96.5383145673668 39.692221087718934 91.4616854326332
2.6561385921773244 55.81601874130125 5.343861407822676 46.18398125869875
61.94493579172119 22.112583554022738 64.05506420827881 31.887416445977262
11.529778106382711 2.4587196496604116 4.470221893617288 9.541280350339589
74.78989761640952 11.937211941530418 73.21010238359048 2.0627880584695824
34.540276272864105 51.260722069963734 43.459723727135895 46.739277930036266
82.67120599332951 35.95474343579146 81.32879400667049 26.045256564208543
19.830686470472983 46.86722791564669 26.169313529527017 39.13277208435331
11.145797054976445 19.105304562224205 16.854202945023555 10.894695437775795
84.01085165154649 4.329239665173455 93.98914834845351 3.6707603348265447
27.002174628155846 18.852549830278708 36.99782537184416 19.147450169721292
94.66329091452442 93.19619351189935 85.33670908547558 96.80380648810065
95.95998238199958 27.368672216472472 86.04001761800042 28.631327783527528
