90.97206993926245 13.03688333618656 83.02793006073755 6.963116663813439
78.92124038150632 46.05787563060486 73.07875961849368 37.94212436939514
33.819526356532734 5.331227140155384 24.180473643467263 2.6687728598446157
38.99695049032499 22.825398175150273 29.003049509675012 23.174601824849727
20.696103956344228 73.2964660765257 17.303896043655772 82.7035339234743
37.063187772088625 72.7923919650935 46.936812227911375 71.2076080349065
69.3388378178797 85.18258229988149 66.6611621821203 94.81741770011851
66.12607281020878 71.07696726936092 67.87392718979122 80.92303273063908
16.725311782986246 20.165212522829336 19.274688217013754 29.834787477170664
69.23154313073788 64.33653557697778 60.768456869262124 69.66346442302222
81.93833442638181 43.04551489908756 76.06166557361819 34.95448510091244
56.529255205255474 67.76039688652102 53.470744794744526 58.23960311347898
75.70556169428178 89.94996794894293 74.29443830571822 80.05003205105707
62.97818341019985 53.9835442130857 69.02181658980015 46.0164557869143
89.97211335661768 18.527341226289106 80.02788664338232 17.472658773710894
40.16011981942462 57.884774543238834 45.83988018057538 66.11522545676117
42.36010933790835 91.13682672737217 51.63989066209165 94.86317327262783
40.33487744288586 65.49175391143655 31.665122557114138 60.50824608856345
59.609687578461845 3.063306831484512 50.390312421538155 6.936693168515488
6.883526064452318 85.36833404005333 3.116473935547682 94.63166595994667
59.37822140722019 58.68613891813633 52.62177859277981 51.31386108186367
33.991636197704075 84.58621687842985 30.008363802295925 75.41378312157015
24.173730113915454 68.65453953718097 27.826269886084546 59.34546046281904
63.98973378981736 83.9923208878424 58.01026621018264 92.0076791121576
51.68326209647243 77.98995762511757 52.31673790352757 68.01004237488243
71.55914249374645 69.37225970862596 78.44085750625355 76.62774029137404
37.05591120163526 15.926864215395973 44.94408879836474 22.073135784604027
54.78785586587737 26.484018100974488 59.21214413412263 17.515981899025512
7.2023282695095 80.99590464994652 6.7976717304905 71.00409535005348
44.903050586801285 8.074582272918189 51.096949413198715 15.925417727081811
69.24719747736289 53.55269706665991 78.75280252263711 50.44730293334009
64.51678175498385 61.21376470465006 73.48321824501615 56.78623529534994
91.22303139208364 62.84206236811481 96.77696860791636 71.15793763188519
77.1588029840301 29.86386427074224 74.8411970159699 20.13613572925776
87.40193354570792 66.61471605913563 82.59806645429208 75.38528394086437
95.34399240991883 87.18401781543156 92.65600759008117 96.81598218456844
56.04241306835322 77.10986963415837 53.95758693164678 86.89013036584163
25.058157402243232 73.07601640673619 32.94184259775677 66.92398359326381
20.270567285972163 52.053493362411615 21.729432714027837 61.946506637588385
58.97928254617431 83.89470488175289 61.02071745382569 74.10529511824711
26.450797498110553 30.784891495057767 23.549202501889447 21.215108504942233
24.04189266054658 77.10975872947978 21.95810733945342 86.89024127052022
42.07761304711691 82.89921290768739 49.92238695288309 89.10078709231261
21.85501250670893 47.19534662742648 12.144987493291069 44.80465337257352
65.47141353835828 22.971981129546762 66.52858646164172 13.02801887045324
80.69872199369365 81.54931510654632 89.30127800630635 76.45068489345368
91.09570921501201 86.07002396015477 96.90429078498799 77.92997603984523
34.79768939522164 52.407897889400296 25.20231060477836 49.592102110599704
23.09114252410938 91.1255343370595 14.90885747589062 96.8744656629405
33.18671816895927 12.2340194305314 40.81328183104073 5.7659805694686
16.480356252249404 72.34140908714294 11.519643747750594 63.658590912857065
19.00829159053425 16.586185518670547 22.99170840946575 7.413814481329455
2.060723673074029 19.776884396978524 11.93927632692597 18.223115603021476
46.37848010908243 54.27023539239439 49.62151989091757 63.72976460760561
70.09337172782192 19.08288446585934 71.90662827217808 28.91711553414066
84.00590104426233 48.24284896602603 93.99409895573767 47.75715103397397
53.502243221289305 38.33142136883549 58.497756778710695 29.668578631164504
2.4685300018571397 70.31180468580183 7.53146999814286 61.688195314198175
12.565469865091966 82.9679214800229 11.434530134908034 73.0320785199771
85.5822537524436 61.511811637381996 78.4177462475564 68.488188362618
58.83899733502677 38.002592858104165 59.16100266497323 47.997407141895835
87.56018746254685 22.700420770603074 96.43981253745315 27.299579229396926
76.62555069708773 3.014040942852767 77.37444930291227 12.985959057147234
82.56453552188897 52.707779414222784 77.43546447811103 61.292220585777216
21.716018936408055 35.33892643406722 12.283981063591945 38.66107356593278
87.84829270240218 95.92751453483916 86.15170729759782 86.07248546516084
46.69998220010429 76.2940787478014 37.30001779989571 79.7059212521986
45.16401674631214 47.27014407452486 54.83598325368786 44.72985592547514
52.21060321913926 10.564145384977731 61.78939678086074 13.435854615022269
93.0480453383493 54.39675408012345 96.9519546616507 63.60324591987655
48.10090001957206 39.91849765936657 49.89909998042794 30.081502340633424
17.57679934410635 3.7151306740796546 12.423200655893648 12.284869325920345
19.272790906672004 41.62895493736233 28.727209093327996 38.37104506263767
7.248055005171702 43.53387766695509 2.7519449948282975 52.46612233304491
10.439730144711733 96.75032188158642 13.560269855288267 87.24967811841358
33.14952835137299 46.21364112729655 42.85047164862701 43.78635887270345
30.03108733618493 96.55669285910479 39.96891266381507 95.44330714089521
82.9998032556057 95.04435544199525 73.0001967443943 94.95564455800475
3.761889413552721 59.47111406730276 8.238110586447279 50.52888593269724
68.85487804931309 38.89516488473041 63.145121950686914 47.10483511526959
11.937162838598962 2.2097955295257807 2.0628371614010383 3.7902044704742193
72.88028362344103 11.632983217692406 69.11971637655897 2.3670167823075934
31.10711974645509 42.0294283969613 40.89288025354491 39.9705716030387
85.55382086856778 32.29860430503526 80.44617913143222 23.701395694964738
33.235746742033484 29.517198370008174 42.764253257966516 26.482801629991826
4.148190323145545 40.92690778018192 5.851809676854455 31.073092219818083
87.0585319948376 3.7628197388350113 96.9414680051624 2.2371802611649887
26.327493250057273 9.774161897148618 31.672506749942727 18.225838102851384
37.949539241828106 90.29143716326377 28.050460758171898 91.70856283673623
96.31900843836488 31.480840197737948 87.68099156163512 36.51915980226205
