79.49083511753263 4.83957595303076 88.50916488246737 9.16042404696924
60.89175972906939 29.15002423233039 69.10824027093061 34.84997576766961
27.95210760223736 5.036371368094548 34.047892397762645 12.963628631905452
57.000000001090044 12.999895595024107 66.99999999890996 13.000104404975893
14.375879974344391 68.03910550469216 15.624120025655609 77.96089449530784
53.571627601041634 46.678466477488705 62.428372398958366 51.321533522511295
43.24152967201565 56.46476056014296 52.75847032798435 59.53523943985704
34.75067216557351 79.19975413631943 41.24932783442649 86.80024586368057
78.62970396720759 50.570902927884745 87.37029603279241 55.429097072115255
11.270869155430905 46.66929689943949 18.729130844569095 53.33070310056051
