78.83957595303076 6.4908351175326215 83.16042404696924 15.509164882467378
59.07979825414479 28.11027263721782 68.92020174585521 29.88972736278218
26.95210760223736 6.036371368094548 33.047892397762645 13.963628631905452
55.464392269371594 14.464539920304482 62.535607730628406 21.53546007969552
11.933437364032214 75.05079835920141 18.066562635967788 82.94920164079859
51.571627601041634 45.678466477488705 60.428372398958366 50.321533522511295
37.549675144339346 65.72083158167524 46.450324855660654 70.27916841832476
27.015198633594174 81.61044212563651 36.984801366405826 82.38955787436349
76.57090292788475 44.62970396720759 81.42909707211525 53.37029603279241
10.270869155430905 47.66929689943949 17.729130844569095 54.33070310056051
