85.28388844026864 8.339189427969508 94.71611155973136 11.660810572030492
43.07979825414479 44.110272637217825 52.92020174585521 45.889727362782175
26.95210760223736 17.03637136809455 33.047892397762645 24.96362863190545
53.000000001090044 11.999895595024107 62.999999998909956 12.000104404975893
10.375879974344391 69.03910550469216 11.624120025655609 78.96089449530784
54.22709575055757 58.51023994359683 63.77290424944243 61.48976005640317
37.46476056014296 54.24152967201565 40.53523943985704 63.75847032798435
34.015198633594174 84.61044212563651 43.984801366405826 85.38955787436349
67.57090292788475 45.62970396720759 72.42909707211525 54.37029603279241
14.270869155430905 52.669296899439495 21.729130844569095 59.330703100560505
