81.49083511753263 8.83957595303076 90.50916488246737 13.16042404696924
55.07979825414479 30.11027263721782 64.92020174585521 31.88972736278218
24.03637136809455 4.952107602237358 31.96362863190545 11.047892397762642
54.000000001090044 12.999895595024107 63.999999998909956 13.000104404975893
10.03910550469216 74.37587997434439 19.96089449530784 75.62412002565561
50.22709575055757 43.51023994359683 59.77290424944243 46.48976005640317
41.549675144339346 57.72083158167524 50.450324855660654 62.27916841832476
33.015198633594174 77.61044212563651 42.984801366405826 78.38955787436349
84.6273650512729 43.19210302756673 87.3726349487271 52.80789697243327
6.669296899439492 39.2708691554309 13.330703100560509 46.7291308445691
