86.28388844026864 8.33918942796951 95.71611155973136 11.66081057203049
48.89175972906939 46.15002423233039 57.10824027093061 51.84997576766961
31.03637136809455 16.95210760223736 38.96362863190545 23.04789239776264
59.99989559502411 11.00000000109004 60.00010440497589 20.99999999890996
12.375879974344391 71.03910550469216 13.624120025655609 80.96089449530784
62.51023994359683 51.22709575055757 65.48976005640317 60.77290424944243
32.46476056014296 48.24152967201565 35.53523943985704 57.75847032798435
37.199754136319434 79.75067216557352 44.800245863680566 86.24932783442648
72.57090292788475 50.62970396720759 77.42909707211525 59.37029603279241
18.66929689943949 56.2708691554309 25.33070310056051 63.7291308445691
