78.49083511753263 4.83957595303076 87.50916488246737 9.16042404696924
58.89175972906939 35.15002423233039 67.10824027093061 40.84997576766961
23.03637136809455 6.952107602237357 30.96362863190545 13.047892397762643
49.000000001090044 11.999895595024107 58.999999998909956 12.000104404975893
20.375879974344393 70.03910550469216 21.624120025655607 79.96089449530784
57.678466477488705 45.571627601041634 62.321533522511295 54.428372398958366
36.46476056014296 54.24152967201565 39.53523943985704 63.75847032798435
41.61044212563651 72.01519863359417 42.38955787436349 81.98480136640583
85.19210302756673 51.6273650512729 94.80789697243327 54.3726349487271
6.7182690403986705 31.00794354334788 7.2817309596013295 40.99205645665212
