84.33918942796952 7.283888440268641 87.66081057203048 16.71611155973136
65.1500242323304 31.89175972906939 70.8499757676696 40.10824027093061
21.03637136809455 4.952107602237358 28.96362863190545 11.047892397762642
56.99989559502411 35.000000001090044 57.00010440497589 44.999999998909956
10.050798359201409 88.93343736403222 17.94920164079859 95.06656263596778
61.571627601041634 70.6784664774887 70.42837239895837 75.3215335225113
44.24152967201565 46.46476056014296 53.75847032798435 49.53523943985704
26.61044212563651 78.01519863359417 27.38955787436349 87.98480136640583
86.62970396720759 52.570902927884745 95.37029603279241 57.429097072115255
20.270869155430905 58.66929689943949 27.729130844569095 65.33070310056051
