80.33918942796952 6.283888440268641 83.66081057203048 15.71611155973136
58.07979825414479 28.11027263721782 67.92020174585521 29.88972736278218
26.042105933489605 9.352476699059386 35.95789406651039 10.647523300940614
59.99989559502411 10.00000000109004 60.00010440497589 19.99999999890996
12.050798359201407 74.93343736403222 19.94920164079859 81.06656263596778
50.571627601041634 43.678466477488705 59.428372398958366 48.321533522511295
39.549675144339346 65.72083158167524 48.450324855660654 70.27916841832476
28.19975413631943 79.75067216557352 35.800245863680566 86.24932783442648
76.19210302756673 46.6273650512729 85.80789697243327 49.3726349487271
10.669296899439491 47.2708691554309 17.33070310056051 54.7291308445691
