79.33918942796952 4.283888440268641 82.66081057203048 13.71611155973136
60.15002423233039 28.89175972906939 65.8499757676696 37.10824027093061
22.95210760223736 2.0363713680945477 29.04789239776264 9.963628631905452
52.464392269371594 8.46453992030448 59.535607730628406 15.53546007969552
14.933437364032214 65.05079835920141 21.066562635967788 72.94920164079859
46.22709575055757 43.51023994359683 55.77290424944243 46.48976005640317
46.72083158167524 55.549675144339346 51.27916841832476 64.45032485566065
38.61044212563651 74.01519863359417 39.38955787436349 83.98480136640583
84.19210302756673 47.6273650512729 93.80789697243327 50.3726349487271
2.0079435433478805 40.718269040398674 11.992056456652119 41.281730959601326
