65.49083511753263 7.839575953030759 74.50916488246737 12.16042404696924
66.07979825414479 34.110272637217825 75.92020174585521 35.889727362782175
18.352476699059387 11.042105933489605 19.647523300940613 20.957894066510395
33.99989559502411 30.00000000109004 34.00010440497589 39.999999998909956
11.050798359201407 79.93343736403222 18.94920164079859 86.06656263596778
69.57162760104163 83.6784664774887 78.42837239895837 88.3215335225113
40.46476056014296 50.24152967201565 43.53523943985704 59.75847032798435
25.015198633594174 74.61044212563651 34.984801366405826 75.38955787436349
91.6273650512729 52.19210302756673 94.3726349487271 61.80789697243327
14.007943543347881 59.718269040398674 23.99205645665212 60.281730959601326
