78.49083511753263 4.83957595303076 87.50916488246737 9.16042404696924
59.89175972906939 30.15002423233039 68.10824027093061 35.84997576766961
27.95210760223736 5.036371368094548 34.047892397762645 12.963628631905452
58.000000001090044 12.999895595024107 67.99999999890996 13.000104404975893
15.375879974344391 68.03910550469216 16.624120025655607 77.96089449530784
52.571627601041634 46.678466477488705 61.428372398958366 51.321533522511295
43.24152967201565 56.46476056014296 52.75847032798435 59.53523943985704
34.75067216557351 79.19975413631943 41.24932783442649 86.80024586368057
81.6273650512729 48.19210302756673 84.3726349487271 57.80789697243327
10.270869155430905 46.66929689943949 17.729130844569095 53.33070310056051
