88.83957595303076 7.490835117532621 93.16042404696924 16.50916488246738
43.07979825414479 50.110272637217825 52.92020174585521 51.889727362782175
28.03637136809455 8.952107602237358 35.96362863190545 15.047892397762642
52.000000001090044 27.999895595024107 61.999999998909956 28.000104404975893
11.375879974344391 71.03910550469216 12.624120025655609 80.96089449530784
61.51023994359683 54.22709575055757 64.48976005640317 63.77290424944243
32.24152967201565 57.46476056014296 41.75847032798435 60.53523943985704
40.61044212563651 77.01519863359417 41.38955787436349 86.98480136640583
69.19210302756673 57.6273650512729 78.80789697243327 60.3726349487271
18.270869155430905 56.66929689943949 25.729130844569095 63.33070310056051
