78.28388844026864 4.339189427969509 87.71611155973136 7.660810572030491
58.07979825414479 33.110272637217825 67.92020174585521 34.889727362782175
26.352476699059387 5.042105933489606 27.647523300940613 14.957894066510395
51.46453992030448 9.464392269371594 58.53546007969552 16.535607730628406
18.375879974344393 66.03910550469216 19.624120025655607 75.96089449530784
54.51023994359683 43.22709575055757 57.48976005640317 52.77290424944243
42.72083158167524 52.549675144339346 47.27916841832476 61.450324855660654
39.199754136319434 74.75067216557352 46.800245863680566 81.24932783442648
85.19210302756673 51.6273650512729 94.80789697243327 54.3726349487271
3.2708691554309053 32.66929689943949 10.729130844569095 39.33070310056051
