75.28388844026864 9.33918942796951 84.71611155973136 12.66081057203049
61.15002423233039 24.89175972906939 66.8499757676696 33.10824027093061
30.352476699059387 6.042105933489606 31.647523300940613 15.957894066510395
56.464392269371594 14.464539920304482 63.535607730628406 21.53546007969552
10.933437364032214 73.05079835920141 17.066562635967788 80.94920164079859
54.51023994359683 43.22709575055757 57.48976005640317 52.77290424944243
37.549675144339346 63.72083158167524 46.450324855660654 68.27916841832476
29.19975413631943 77.75067216557352 36.800245863680566 84.24932783442648
75.57090292788475 46.62970396720759 80.42909707211525 55.37029603279241
8.007943543347881 50.71826904039867 17.99205645665212 51.28173095960133
