71.49083511753263 6.83957595303076 80.50916488246737 11.16042404696924
61.89175972906939 30.15002423233039 70.10824027093061 35.84997576766961
21.352476699059387 7.042105933489606 22.647523300940613 16.957894066510395
47.99989559502411 34.000000001090044 48.00010440497589 43.999999998909956
10.050798359201409 86.93343736403222 17.94920164079859 93.06656263596778
65.22709575055757 77.51023994359683 74.77290424944243 80.48976005640317
44.72083158167524 47.549675144339346 49.27916841832476 56.450324855660654
23.19975413631943 73.75067216557352 30.80024586368057 80.24932783442648
87.57090292788475 49.62970396720759 92.42909707211525 58.37029603279241
15.007943543347881 56.718269040398674 24.99205645665212 57.281730959601326
