76.28388844026864 4.339189427969509 85.71611155973136 7.660810572030491
60.89175972906939 36.15002423233039 69.10824027093061 41.84997576766961
25.95210760223736 5.036371368094548 32.047892397762645 12.963628631905452
49.46453992030448 8.464392269371594 56.53546007969552 15.535607730628406
18.03910550469216 73.37587997434439 27.96089449530784 74.62412002565561
58.678466477488705 40.571627601041634 63.321533522511295 49.428372398958366
34.46476056014296 54.24152967201565 37.53523943985704 63.75847032798435
39.75067216557351 75.19975413631943 46.24932783442649 82.80024586368057
82.62970396720759 48.570902927884745 91.37029603279241 53.429097072115255
2.0079435433478805 35.718269040398674 11.992056456652119 36.281730959601326
