79.49083511753263 2.839575953030759 88.50916488246737 7.160424046969241
55.89175972906939 30.15002423233039 64.10824027093061 35.84997576766961
26.95210760223736 4.036371368094548 33.047892397762645 11.963628631905452
60.99989559502411 7.00000000109004 61.00010440497589 16.99999999890996
15.933437364032214 67.05079835920141 22.066562635967788 74.94920164079859
53.678466477488705 42.571627601041634 58.321533522511295 51.428372398958366
42.46476056014296 57.24152967201565 45.53523943985704 66.75847032798434
40.61044212563651 70.01519863359417 41.38955787436349 79.98480136640583
81.57090292788475 43.62970396720759 86.42909707211525 52.37029603279241
12.71826904039867 43.00794354334788 13.28173095960133 52.99205645665212
