85.28388844026864 9.339189427969508 94.71611155973136 12.660810572030492
47.150024232330395 40.89175972906939 52.849975767669605 49.10824027093061
27.03637136809455 17.952107602237355 34.96362863190545 24.047892397762645
54.000000001090044 14.999895595024107 63.999999998909956 15.000104404975893
4.0391055046921585 73.37587997434439 13.96089449530784 74.62412002565561
55.571627601041634 56.678466477488705 64.42837239895837 61.321533522511295
36.46476056014296 53.24152967201565 39.53523943985704 62.75847032798435
35.199754136319434 78.75067216557352 42.800245863680566 85.24932783442648
68.19210302756673 47.6273650512729 77.80789697243327 50.3726349487271
15.270869155430905 54.669296899439495 22.729130844569095 61.330703100560505
