83.49083511753263 2.839575953030759 92.50916488246737 7.160424046969241
51.89175972906939 52.15002423233039 60.10824027093061 57.84997576766961
36.35247669905939 13.042105933489605 37.64752330094061 22.957894066510395
55.46453992030448 23.464392269371594 62.53546007969552 30.535607730628406
5.933437364032214 76.05079835920141 12.066562635967786 83.94920164079859
65.51023994359683 56.22709575055757 68.48976005640317 65.77290424944243
46.549675144339346 55.72083158167524 55.450324855660654 60.27916841832476
30.015198633594174 81.61044212563651 39.984801366405826 82.38955787436349
79.19210302756673 59.6273650512729 88.80789697243327 62.3726349487271
31.71826904039867 53.00794354334788 32.28173095960133 62.99205645665212
