73.28388844026864 12.339189427969508 82.71611155973136 15.660810572030492
60.110272637217825 46.07979825414479 61.889727362782175 55.92020174585521
21.95210760223736 6.036371368094548 28.04789239776264 13.963628631905452
47.99989559502411 32.000000001090044 48.00010440497589 41.999999998909956
6.0391055046921585 94.37587997434439 15.96089449530784 95.62412002565561
64.22709575055757 65.51023994359683 73.77290424944243 68.48976005640317
44.24152967201565 48.46476056014296 53.75847032798435 51.53523943985704
21.19975413631943 76.75067216557352 28.80024586368057 83.24932783442648
81.19210302756673 52.6273650512729 90.80789697243327 55.3726349487271
23.270869155430905 56.669296899439495 30.729130844569095 63.330703100560505
