83.49083511753263 4.839575953030759 92.50916488246737 9.16042404696924
56.110272637217825 48.07979825414479 57.889727362782175 57.92020174585521
33.952107602237355 11.036371368094548 40.047892397762645 18.96362863190545
54.99989559502411 25.00000000109004 55.00010440497589 34.999999998909956
8.050798359201409 76.93343736403222 15.949201640798591 83.06656263596778
62.571627601041634 58.678466477488705 71.42837239895837 63.321533522511295
46.46476056014296 51.24152967201565 49.53523943985704 60.75847032798435
30.61044212563651 75.01519863359417 31.38955787436349 84.98480136640583
78.62970396720759 61.570902927884745 87.37029603279241 66.42909707211525
25.66929689943949 54.2708691554309 32.330703100560505 61.7291308445691
