75.33918942796952 5.283888440268641 78.66081057203048 14.71611155973136
65.11027263721782 36.07979825414479 66.88972736278218 45.92020174585521
28.352476699059387 8.042105933489605 29.647523300940613 17.957894066510395
48.000000001090044 12.999895595024107 57.999999998909956 13.000104404975893
18.05079835920141 77.93343736403222 25.94920164079859 84.06656263596778
51.22709575055757 40.51023994359683 60.77290424944243 43.48976005640317
36.72083158167524 55.549675144339346 41.27916841832476 64.45032485566065
40.015198633594174 83.61044212563651 49.984801366405826 84.38955787436349
84.6273650512729 47.19210302756673 87.3726349487271 56.80789697243327
4.669296899439491 32.2708691554309 11.330703100560509 39.7291308445691
