86.83957595303076 7.490835117532621 91.16042404696924 16.50916488246738
45.89175972906939 41.15002423233039 54.10824027093061 46.84997576766961
27.042105933489605 17.352476699059387 36.95789406651039 18.647523300940613
55.464392269371594 13.464539920304482 62.535607730628406 20.53546007969552
5.0391055046921585 76.37587997434439 14.96089449530784 77.62412002565561
58.51023994359683 54.22709575055757 61.48976005640317 63.77290424944243
33.72083158167524 52.549675144339346 38.27916841832476 61.450324855660654
36.199754136319434 79.75067216557352 43.800245863680566 86.24932783442648
68.62970396720759 47.570902927884745 77.37029603279241 52.429097072115255
15.007943543347881 58.71826904039867 24.99205645665212 59.28173095960133
