84.28388844026864 8.339189427969508 93.71611155973136 11.660810572030492
47.150024232330395 40.89175972906939 52.849975767669605 49.10824027093061
28.03637136809455 17.952107602237355 35.96362863190545 24.047892397762645
55.464392269371594 11.464539920304482 62.535607730628406 18.53546007969552
4.0391055046921585 75.37587997434439 13.96089449530784 76.62412002565561
56.571627601041634 56.678466477488705 65.42837239895837 61.321533522511295
34.72083158167524 53.549675144339346 39.27916841832476 62.450324855660654
34.015198633594174 81.61044212563651 43.984801366405826 82.38955787436349
68.19210302756673 47.6273650512729 77.80789697243327 50.3726349487271
15.270869155430905 54.669296899439495 22.729130844569095 61.330703100560505
