85.83957595303076 9.49083511753262 90.16042404696924 18.50916488246738
65.1500242323304 38.89175972906939 70.8499757676696 47.10824027093061
24.042105933489605 9.352476699059386 33.95789406651039 10.647523300940614
54.99989559502411 39.000000001090044 55.00010440497589 48.999999998909956
12.933437364032212 86.05079835920141 19.066562635967788 93.94920164079859
65.6784664774887 64.57162760104163 70.3215335225113 73.42837239895837
47.72083158167524 45.549675144339346 52.27916841832476 54.450324855660654
24.015198633594174 78.61044212563651 33.984801366405826 79.38955787436349
85.6273650512729 49.19210302756673 88.3726349487271 58.80789697243327
17.00794354334788 63.71826904039867 26.99205645665212 64.28173095960133
