83.83957595303076 5.490835117532621 88.16042404696924 14.50916488246738
51.89175972906939 52.15002423233039 60.10824027093061 57.84997576766961
27.042105933489605 21.352476699059387 36.95789406651039 22.647523300940613
57.99989559502411 21.00000000109004 58.00010440497589 30.99999999890996
8.933437364032214 74.05079835920141 15.066562635967786 81.94920164079859
63.571627601041634 55.678466477488705 72.42837239895837 60.321533522511295
44.72083158167524 54.549675144339346 49.27916841832476 63.450324855660654
30.19975413631943 78.75067216557352 37.800245863680566 85.24932783442648
74.6273650512729 53.19210302756673 77.3726349487271 62.80789697243327
20.270869155430905 57.669296899439495 27.729130844569095 64.33070310056051
