76.49083511753263 9.83957595303076 85.50916488246737 14.16042404696924
52.89175972906939 31.15002423233039 61.10824027093061 36.84997576766961
28.042105933489605 23.352476699059387 37.95789406651039 24.647523300940613
51.46453992030448 9.464392269371594 58.53546007969552 16.535607730628406
13.933437364032214 74.05079835920141 20.066562635967788 81.94920164079859
49.22709575055757 49.51023994359683 58.77290424944243 52.48976005640317
34.24152967201565 51.46476056014296 43.75847032798435 54.53523943985704
29.750672165573512 75.19975413631943 36.24932783442649 82.80024586368057
72.6273650512729 48.19210302756673 75.3726349487271 57.80789697243327
9.007943543347881 51.718269040398674 18.99205645665212 52.281730959601326
