78.49083511753263 11.83957595303076 87.50916488246737 16.16042404696924
60.15002423233039 25.89175972906939 65.8499757676696 34.10824027093061
28.03637136809455 11.952107602237358 35.96362863190545 18.04789239776264
57.46453992030448 15.464392269371594 64.53546007969553 22.535607730628406
12.050798359201407 74.93343736403222 19.94920164079859 81.06656263596778
53.678466477488705 41.571627601041634 58.321533522511295 50.428372398958366
37.549675144339346 63.72083158167524 46.450324855660654 68.27916841832476
28.19975413631943 77.75067216557352 35.800245863680566 84.24932783442648
72.6273650512729 45.19210302756673 75.3726349487271 54.80789697243327
6.0079435433478805 49.71826904039867 15.992056456652119 50.28173095960133
