79.28388844026864 7.339189427969509 88.71611155973136 10.66081057203049
57.07979825414479 32.110272637217825 66.92020174585521 33.889727362782175
22.03637136809455 5.952107602237357 29.96362863190545 12.047892397762643
56.99989559502411 10.00000000109004 57.00010440497589 19.99999999890996
16.933437364032212 67.05079835920141 23.066562635967788 74.94920164079859
52.51023994359683 37.22709575055757 55.48976005640317 46.77290424944243
43.24152967201565 55.46476056014296 52.75847032798435 58.53523943985704
35.199754136319434 78.75067216557352 42.800245863680566 85.24932783442648
87.62970396720759 48.570902927884745 96.37029603279241 53.429097072115255
2.2708691554309053 35.66929689943949 9.729130844569095 42.33070310056051
