79.49083511753263 3.8395759530307596 88.50916488246737 8.16042404696924
61.89175972906939 28.15002423233039 70.10824027093061 33.84997576766961
30.95210760223736 5.036371368094548 37.047892397762645 12.963628631905452
56.000000001090044 12.999895595024107 65.99999999890996 13.000104404975893
14.050798359201409 66.93343736403222 21.94920164079859 73.06656263596778
55.678466477488705 45.571627601041634 60.321533522511295 54.428372398958366
41.549675144339346 57.72083158167524 50.450324855660654 62.27916841832476
37.75067216557351 78.19975413631943 44.24932783442649 85.80024586368057
78.19210302756673 51.6273650512729 87.80789697243327 54.3726349487271
11.669296899439491 44.2708691554309 18.33070310056051 51.7291308445691
