82.49083511753263 5.839575953030759 91.50916488246737 10.16042404696924
56.110272637217825 50.07979825414479 57.889727362782175 59.92020174585521
27.042105933489605 18.352476699059387 36.95789406651039 19.647523300940613
57.99989559502411 20.00000000109004 58.00010440497589 29.99999999890996
12.375879974344391 74.03910550469216 13.624120025655609 83.96089449530784
65.51023994359683 55.22709575055757 68.48976005640317 64.77290424944243
45.46476056014296 54.24152967201565 48.53523943985704 63.75847032798435
30.015198633594174 81.61044212563651 39.984801366405826 82.38955787436349
78.57090292788475 52.62970396720759 83.42909707211525 61.37029603279241
25.270869155430905 55.669296899439495 32.7291308445691 62.330703100560505
