80.28388844026864 5.339189427969509 89.71611155973136 8.66081057203049
49.07979825414479 37.110272637217825 58.92020174585521 38.889727362782175
29.95210760223736 22.03637136809455 36.047892397762645 29.96362863190545
53.99989559502411 7.00000000109004 54.00010440497589 16.99999999890996
11.03910550469216 78.37587997434439 20.96089449530784 79.62412002565561
55.571627601041634 53.678466477488705 64.42837239895837 58.321533522511295
32.24152967201565 56.46476056014296 41.75847032798435 59.53523943985704
26.015198633594174 76.61044212563651 35.984801366405826 77.38955787436349
64.57090292788475 47.62970396720759 69.42909707211525 56.37029603279241
9.007943543347881 53.71826904039867 18.99205645665212 54.28173095960133
