77.83957595303076 6.490835117532621 82.16042404696924 15.50916488246738
54.89175972906939 46.15002423233039 63.10824027093061 51.84997576766961
28.03637136809455 6.952107602237357 35.96362863190545 13.047892397762643
48.000000001090044 40.99989559502411 57.999999998909956 41.00010440497589
11.375879974344391 85.03910550469216 12.624120025655609 94.96089449530784
65.22709575055757 60.51023994359683 74.77290424944243 63.48976005640317
45.549675144339346 50.72083158167524 54.450324855660654 55.27916841832476
25.19975413631943 74.75067216557352 32.800245863680566 81.24932783442648
78.57090292788475 54.62970396720759 83.42909707211525 63.37029603279241
24.66929689943949 56.2708691554309 31.33070310056051 63.7291308445691
