78.28388844026864 3.339189427969509 87.71611155973136 6.660810572030491
56.07979825414479 30.11027263721782 65.92020174585521 31.88972736278218
28.95210760223736 4.036371368094548 35.047892397762645 11.963628631905452
57.464392269371594 9.464539920304482 64.53560773062841 16.53546007969552
18.375879974344393 65.03910550469216 19.624120025655607 74.96089449530784
58.678466477488705 41.571627601041634 63.321533522511295 50.428372398958366
44.72083158167524 55.549675144339346 49.27916841832476 64.45032485566065
37.015198633594174 74.61044212563651 46.984801366405826 75.38955787436349
76.19210302756673 51.6273650512729 85.80789697243327 54.3726349487271
10.007943543347881 47.718269040398674 19.99205645665212 48.281730959601326
