71.28388844026864 7.339189427969509 80.71611155973136 10.66081057203049
66.11027263721782 28.079798254144787 67.88972736278218 37.92020174585521
21.352476699059387 5.042105933489606 22.647523300940613 14.957894066510395
44.464392269371594 34.46453992030448 51.535607730628406 41.53546007969552
10.03910550469216 89.37587997434439 19.96089449530784 90.62412002565561
66.57162760104163 76.6784664774887 75.42837239895837 81.3215335225113
45.46476056014296 47.24152967201565 48.53523943985704 56.75847032798435
26.61044212563651 73.01519863359417 27.38955787436349 82.98480136640583
88.57090292788475 51.62970396720759 93.42909707211525 60.37029603279241
15.669296899439491 52.2708691554309 22.33070310056051 59.7291308445691
