79.49083511753263 7.839575953030759 88.50916488246737 12.16042404696924
53.07979825414479 48.110272637217825 62.92020174585521 49.889727362782175
30.042105933489605 11.352476699059386 39.95789406651039 12.647523300940614
47.000000001090044 39.99989559502411 56.999999998909956 40.00010440497589
7.933437364032213 81.05079835920141 14.066562635967788 88.94920164079859
63.22709575055757 60.51023994359683 72.77290424944243 63.48976005640317
47.24152967201565 50.46476056014296 56.75847032798435 53.53523943985704
30.61044212563651 74.01519863359417 31.38955787436349 83.98480136640583
78.57090292788475 53.62970396720759 83.42909707211525 62.37029603279241
25.66929689943949 54.2708691554309 32.330703100560505 61.7291308445691
