77.28388844026864 10.339189427969508 86.71611155973136 13.660810572030492
54.89175972906939 48.15002423233039 63.10824027093061 53.84997576766961
27.95210760223736 4.036371368094548 34.047892397762645 11.963628631905452
44.000000001090044 39.99989559502411 53.999999998909956 40.00010440497589
7.0391055046921585 95.37587997434439 16.96089449530784 96.62412002565561
66.51023994359683 58.22709575055757 69.48976005640317 67.77290424944243
44.549675144339346 49.72083158167524 53.450324855660654 54.27916841832476
25.19975413631943 77.75067216557352 32.800245863680566 84.24932783442648
79.57090292788475 54.62970396720759 84.42909707211525 63.37029603279241
25.270869155430905 56.669296899439495 32.7291308445691 63.330703100560505
