76.28388844026864 10.339189427969508 85.71611155973136 13.660810572030492
60.110272637217825 27.079798254144787 61.889727362782175 36.92020174585521
32.952107602237355 17.03637136809455 39.047892397762645 24.96362863190545
57.464392269371594 11.464539920304482 64.53560773062841 18.53546007969552
15.050798359201407 77.93343736403222 22.94920164079859 84.06656263596778
52.51023994359683 44.22709575055757 55.48976005640317 53.77290424944243
36.72083158167524 55.549675144339346 41.27916841832476 64.45032485566065
28.19975413631943 77.75067216557352 35.800245863680566 84.24932783442648
68.57090292788475 48.62970396720759 73.42909707211525 57.37029603279241
8.270869155430905 50.669296899439495 15.729130844569095 57.330703100560505
