79.49083511753263 2.839575953030759 88.50916488246737 7.160424046969241
55.89175972906939 31.15002423233039 64.10824027093061 36.84997576766961
25.042105933489605 7.3524766990593875 34.95789406651039 8.647523300940613
55.46453992030448 8.464392269371594 62.53546007969552 15.535607730628406
14.933437364032214 68.05079835920141 21.066562635967788 75.94920164079859
53.678466477488705 42.571627601041634 58.321533522511295 51.428372398958366
42.46476056014296 57.24152967201565 45.53523943985704 66.75847032798434
40.61044212563651 71.01519863359417 41.38955787436349 80.98480136640583
82.57090292788475 42.62970396720759 87.42909707211525 51.37029603279241
12.71826904039867 43.00794354334788 13.28173095960133 52.99205645665212
