74.49083511753263 7.83957595303076 83.50916488246737 12.16042404696924
66.11027263721782 34.07979825414479 67.88972736278218 43.92020174585521
25.042105933489605 9.352476699059386 34.95789406651039 10.647523300940614
49.46453992030448 10.464392269371594 56.53546007969552 17.535607730628406
19.37587997434439 75.03910550469216 20.62412002565561 84.96089449530784
54.678466477488705 38.571627601041634 59.321533522511295 47.428372398958366
34.24152967201565 58.46476056014296 43.75847032798435 61.53523943985704
38.015198633594174 80.61044212563651 47.984801366405826 81.38955787436349
81.62970396720759 49.570902927884745 90.37029603279241 54.429097072115255
5.669296899439491 30.270869155430905 12.330703100560509 37.7291308445691
