89.83957595303076 6.4908351175326215 94.16042404696924 15.509164882467378
49.15002423233039 45.89175972906939 54.84997576766961 54.10824027093061
28.042105933489605 19.352476699059387 37.95789406651039 20.647523300940613
55.464392269371594 13.46453992030448 62.535607730628406 20.53546007969552
8.050798359201409 70.93343736403222 15.949201640798591 77.06656263596778
60.22709575055757 53.51023994359683 69.77290424944243 56.48976005640317
31.72083158167524 51.549675144339346 36.27916841832476 60.450324855660654
38.199754136319434 78.75067216557352 45.800245863680566 85.24932783442648
70.62970396720759 51.570902927884745 79.37029603279241 56.429097072115255
22.71826904039867 55.00794354334788 23.28173095960133 64.99205645665212
