76.28388844026864 5.339189427969509 85.71611155973136 8.66081057203049
60.89175972906939 36.15002423233039 69.10824027093061 41.84997576766961
25.95210760223736 5.036371368094548 32.047892397762645 12.963628631905452
49.46453992030448 8.464392269371594 56.53546007969552 15.535607730628406
18.03910550469216 73.37587997434439 27.96089449530784 74.62412002565561
57.678466477488705 41.571627601041634 62.321533522511295 50.428372398958366
31.549675144339346 56.72083158167524 40.450324855660654 61.27916841832476
38.75067216557351 76.19975413631943 45.24932783442649 83.80024586368057
85.62970396720759 48.570902927884745 94.37029603279241 53.429097072115255
3.270869155430905 32.669296899439495 10.729130844569095 39.330703100560505
