68.49083511753263 6.839575953030759 77.50916488246737 11.16042404696924
66.1500242323304 26.89175972906939 71.8499757676696 35.10824027093061
19.352476699059387 11.042105933489605 20.647523300940613 20.957894066510395
32.464392269371594 27.46453992030448 39.535607730628406 34.53546007969552
13.933437364032214 77.05079835920141 20.066562635967788 84.94920164079859
71.51023994359683 76.22709575055757 74.48976005640317 85.77290424944243
37.24152967201565 52.46476056014296 46.75847032798435 55.53523943985704
25.015198633594174 73.61044212563651 34.984801366405826 74.38955787436349
85.62970396720759 55.570902927884745 94.37029603279241 60.429097072115255
17.71826904039867 59.00794354334788 18.28173095960133 68.99205645665212
