88.33918942796952 6.283888440268641 91.66081057203048 15.71611155973136
48.110272637217825 45.07979825414479 49.889727362782175 54.92020174585521
29.03637136809455 13.952107602237358 36.96362863190545 20.04789239776264
58.99989559502411 15.00000000109004 59.00010440497589 24.99999999890996
9.375879974344391 67.03910550469216 10.624120025655609 76.96089449530784
60.51023994359683 53.22709575055757 63.48976005640317 62.77290424944243
29.464760560142963 50.24152967201565 32.53523943985704 59.75847032798435
36.015198633594174 81.61044212563651 45.984801366405826 82.38955787436349
70.62970396720759 51.570902927884745 79.37029603279241 56.429097072115255
17.00794354334788 60.718269040398674 26.99205645665212 61.281730959601326
