75.49083511753263 8.83957595303076 84.50916488246737 13.16042404696924
61.15002423233039 25.89175972906939 66.8499757676696 34.10824027093061
32.35247669905939 12.042105933489605 33.64752330094061 21.957894066510395
56.000000001090044 16.999895595024107 65.99999999890996 17.000104404975893
15.375879974344391 74.03910550469216 16.62412002565561 83.96089449530784
53.51023994359683 43.22709575055757 56.48976005640317 52.77290424944243
36.549675144339346 60.72083158167524 45.450324855660654 65.27916841832476
27.750672165573512 78.19975413631943 34.24932783442649 85.80024586368057
70.57090292788475 47.62970396720759 75.42909707211525 56.37029603279241
8.669296899439491 50.2708691554309 15.330703100560509 57.7291308445691
