80.33918942796952 4.283888440268641 83.66081057203048 13.71611155973136
56.07979825414479 31.11027263721782 65.92020174585521 32.889727362782175
27.042105933489605 6.3524766990593875 36.95789406651039 7.6475233009406125
58.000000001090044 11.999895595024107 67.99999999890996 12.000104404975893
10.03910550469216 73.37587997434439 19.96089449530784 74.62412002565561
52.22709575055757 44.51023994359683 61.77290424944243 47.48976005640317
40.24152967201565 57.46476056014296 49.75847032798435 60.53523943985704
34.61044212563651 78.01519863359417 35.38955787436349 87.98480136640583
78.19210302756673 50.6273650512729 87.80789697243327 53.3726349487271
10.669296899439491 46.2708691554309 17.33070310056051 53.7291308445691
