81.28388844026864 11.339189427969508 90.71611155973136 14.660810572030492
61.150024232330395 32.89175972906939 66.8499757676696 41.10824027093061
21.95210760223736 6.036371368094548 28.04789239776264 13.963628631905452
52.46453992030448 35.464392269371594 59.53546007969552 42.535607730628406
11.933437364032214 89.05079835920141 18.066562635967788 96.94920164079859
64.6784664774887 69.57162760104163 69.3215335225113 78.42837239895837
43.24152967201565 48.46476056014296 52.75847032798435 51.53523943985704
27.61044212563651 77.01519863359417 28.38955787436349 86.98480136640583
88.6273650512729 52.19210302756673 91.3726349487271 61.80789697243327
20.270869155430905 57.66929689943949 27.729130844569095 64.33070310056051
