86.49083511753263 7.839575953030759 95.50916488246737 12.16042404696924
42.89175972906939 47.15002423233039 51.10824027093061 52.84997576766961
29.03637136809455 10.952107602237358 36.96362863190545 17.04789239776264
55.464392269371594 19.46453992030448 62.535607730628406 26.53546007969552
6.050798359201407 71.93343736403222 13.949201640798593 78.06656263596778
59.678466477488705 54.571627601041634 64.3215335225113 63.428372398958366
32.46476056014296 51.24152967201565 35.53523943985704 60.75847032798435
36.015198633594174 82.61044212563651 45.984801366405826 83.38955787436349
71.57090292788475 52.62970396720759 76.42909707211525 61.37029603279241
18.66929689943949 56.2708691554309 25.33070310056051 63.7291308445691
