77.49083511753263 2.8395759530307596 86.50916488246737 7.16042404696924
59.07979825414479 37.110272637217825 68.92020174585521 38.889727362782175
23.042105933489605 8.352476699059386 32.95789406651039 9.647523300940614
51.46453992030448 7.464392269371594 58.53546007969552 14.535607730628406
18.375879974344393 69.03910550469216 19.624120025655607 78.96089449530784
56.678466477488705 41.571627601041634 61.321533522511295 50.428372398958366
38.549675144339346 56.72083158167524 47.450324855660654 61.27916841832476
42.61044212563651 74.01519863359417 43.38955787436349 83.98480136640583
86.6273650512729 48.19210302756673 89.3726349487271 57.80789697243327
8.71826904039867 32.00794354334788 9.28173095960133 41.99205645665212
