76.83957595303076 7.4908351175326215 81.16042404696924 16.509164882467378
62.110272637217825 26.079798254144787 63.889727362782175 35.92020174585521
26.042105933489605 9.352476699059386 35.95789406651039 10.647523300940614
60.99989559502411 12.00000000109004 61.00010440497589 21.99999999890996
14.375879974344391 73.03910550469216 15.624120025655609 82.96089449530784
55.51023994359683 44.22709575055757 58.48976005640317 53.77290424944243
41.46476056014296 63.24152967201565 44.53523943985704 72.75847032798434
30.750672165573512 80.19975413631943 37.24932783442649 87.80024586368057
75.62970396720759 46.570902927884745 84.37029603279241 51.429097072115255
8.669296899439491 46.2708691554309 15.330703100560509 53.7291308445691
