75.49083511753263 8.839575953030758 84.50916488246737 13.160424046969242
65.1500242323304 37.89175972906939 70.8499757676696 46.10824027093061
22.042105933489605 10.352476699059384 31.957894066510395 11.647523300940616
45.000000001090044 14.999895595024107 54.999999998909956 15.000104404975893
18.05079835920141 79.93343736403222 25.94920164079859 86.06656263596778
55.678466477488705 36.571627601041634 60.321533522511295 45.428372398958366
38.46476056014296 57.24152967201565 41.53523943985704 66.75847032798434
41.75067216557351 87.19975413631943 48.24932783442649 94.80024586368057
79.62970396720759 51.570902927884745 88.37029603279241 56.429097072115255
5.7182690403986705 33.00794354334788 6.2817309596013295 42.99205645665212
