72.49083511753263 9.83957595303076 81.50916488246737 14.16042404696924
61.89175972906939 38.15002423233039 70.10824027093061 43.84997576766961
28.352476699059387 9.042105933489605 29.647523300940613 18.957894066510395
48.000000001090044 12.999895595024107 57.999999998909956 13.000104404975893
19.05079835920141 77.93343736403222 26.94920164079859 84.06656263596778
52.571627601041634 39.678466477488705 61.428372398958366 44.321533522511295
35.24152967201565 58.46476056014296 44.75847032798435 61.53523943985704
42.75067216557351 80.19975413631943 49.24932783442649 87.80024586368057
80.62970396720759 49.570902927884745 89.37029603279241 54.429097072115255
3.0079435433478805 36.718269040398674 12.992056456652119 37.281730959601326
