83.33918942796952 2.2838884402686412 86.66081057203048 11.71611155973136
61.89175972906939 27.15002423233039 70.10824027093061 32.84997576766961
26.042105933489605 8.352476699059387 35.95789406651039 9.647523300940613
55.46453992030448 9.464392269371594 62.53546007969552 16.535607730628406
14.03910550469216 69.37587997434439 23.96089449530784 70.62412002565561
58.51023994359683 45.22709575055757 61.48976005640317 54.77290424944243
43.46476056014296 56.24152967201565 46.53523943985704 65.75847032798434
40.61044212563651 76.01519863359417 41.38955787436349 85.98480136640583
81.57090292788475 48.62970396720759 86.42909707211525 57.37029603279241
9.007943543347881 46.718269040398674 18.99205645665212 47.281730959601326
