76.83957595303076 9.49083511753262 81.16042404696924 18.50916488246738
57.150024232330395 46.89175972906939 62.849975767669605 55.10824027093061
22.03637136809455 9.952107602237357 29.96362863190545 16.047892397762645
45.464392269371594 33.46453992030448 52.535607730628406 40.53546007969552
6.0391055046921585 95.37587997434439 15.96089449530784 96.62412002565561
68.6784664774887 62.571627601041634 73.3215335225113 71.42837239895837
42.549675144339346 44.72083158167524 51.450324855660654 49.27916841832476
24.19975413631943 77.75067216557352 31.80024586368057 84.24932783442648
85.57090292788475 51.62970396720759 90.42909707211525 60.37029603279241
23.00794354334788 61.71826904039867 32.99205645665212 62.28173095960133
