80.49083511753263 2.8395759530307596 89.50916488246737 7.16042404696924
62.15002423233039 31.89175972906939 67.8499757676696 40.10824027093061
24.03637136809455 5.952107602237357 31.96362863190545 12.047892397762643
49.464392269371594 12.464539920304482 56.535607730628406 19.53546007969552
19.37587997434439 66.03910550469216 20.62412002565561 75.96089449530784
50.51023994359683 42.22709575055757 53.48976005640317 51.77290424944243
46.46476056014296 56.24152967201565 49.53523943985704 65.75847032798434
34.75067216557351 77.19975413631943 41.24932783442649 84.80024586368057
90.6273650512729 47.19210302756673 93.3726349487271 56.80789697243327
5.718269040398671 34.00794354334788 6.281730959601329 43.99205645665212
