73.83957595303076 4.4908351175326215 78.16042404696924 13.509164882467378
68.11027263721782 28.079798254144787 69.88972736278218 37.92020174585521
16.042105933489605 11.352476699059386 25.957894066510395 12.647523300940614
43.000000001090044 37.99989559502411 52.999999998909956 38.00010440497589
12.03910550469216 87.37587997434439 21.96089449530784 88.62412002565561
69.6784664774887 73.57162760104163 74.3215335225113 82.42837239895837
45.46476056014296 46.24152967201565 48.53523943985704 55.75847032798435
22.750672165573512 75.19975413631943 29.249327834426488 82.80024586368057
86.19210302756673 54.6273650512729 95.80789697243327 57.3726349487271
19.71826904039867 51.00794354334788 20.28173095960133 60.99205645665212
