79.28388844026864 3.339189427969509 88.71611155973136 6.660810572030491
58.15002423233039 27.89175972906939 63.84997576766961 36.10824027093061
25.042105933489605 7.3524766990593875 34.95789406651039 8.647523300940613
59.99989559502411 8.00000000109004 60.00010440497589 17.99999999890996
15.375879974344391 69.03910550469216 16.62412002565561 78.96089449530784
55.51023994359683 41.22709575055757 58.48976005640317 50.77290424944243
43.72083158167524 54.549675144339346 48.27916841832476 63.450324855660654
41.61044212563651 71.01519863359417 42.38955787436349 80.98480136640583
79.19210302756673 46.6273650512729 88.80789697243327 49.3726349487271
6.0079435433478805 43.718269040398674 15.992056456652119 44.281730959601326
