85.49083511753263 7.839575953030759 94.50916488246737 12.16042404696924
47.110272637217825 46.07979825414479 48.889727362782175 55.92020174585521
28.03637136809455 11.952107602237358 35.96362863190545 18.04789239776264
58.99989559502411 18.00000000109004 59.00010440497589 27.99999999890996
8.375879974344391 69.03910550469216 9.624120025655609 78.96089449530784
57.22709575055757 57.51023994359683 66.77290424944243 60.48976005640317
29.72083158167524 51.549675144339346 34.27916841832476 60.450324855660654
36.015198633594174 83.61044212563651 45.984801366405826 84.38955787436349
71.57090292788475 50.62970396720759 76.42909707211525 59.37029603279241
18.66929689943949 57.2708691554309 25.33070310056051 64.7291308445691
