82.28388844026864 7.339189427969509 91.71611155973136 10.660810572030492
52.89175972906939 52.15002423233039 61.10824027093061 57.84997576766961
28.95210760223736 14.036371368094548 35.047892397762645 21.96362863190545
57.99989559502411 21.00000000109004 58.00010440497589 30.99999999890996
10.933437364032212 77.05079835920141 17.066562635967788 84.94920164079859
64.51023994359683 55.22709575055757 67.48976005640317 64.77290424944243
45.46476056014296 54.24152967201565 48.53523943985704 63.75847032798435
31.015198633594174 82.61044212563651 40.984801366405826 83.38955787436349
76.19210302756673 56.6273650512729 85.80789697243327 59.3726349487271
23.66929689943949 54.2708691554309 30.33070310056051 61.7291308445691
