72.49083511753263 5.83957595303076 81.50916488246737 10.16042404696924
69.1500242323304 33.89175972906939 74.8499757676696 42.10824027093061
13.036371368094548 7.952107602237358 20.96362863190545 14.047892397762642
43.464392269371594 35.46453992030448 50.535607730628406 42.53546007969552
11.050798359201409 81.93343736403222 18.94920164079859 88.06656263596778
66.6784664774887 75.57162760104163 71.3215335225113 84.42837239895837
45.46476056014296 46.24152967201565 48.53523943985704 55.75847032798435
28.61044212563651 75.01519863359417 29.38955787436349 84.98480136640583
87.6273650512729 55.19210302756673 90.3726349487271 64.80789697243327
15.270869155430905 58.669296899439495 22.729130844569095 65.33070310056051
