75.49083511753263 7.839575953030758 84.50916488246737 12.160424046969242
65.1500242323304 36.89175972906939 70.8499757676696 45.10824027093061
22.042105933489605 10.352476699059384 31.957894066510395 11.647523300940616
46.464392269371594 11.464539920304482 53.535607730628406 18.53546007969552
18.05079835920141 79.93343736403222 25.94920164079859 86.06656263596778
56.678466477488705 36.571627601041634 61.321533522511295 45.428372398958366
38.46476056014296 58.24152967201565 41.53523943985704 67.75847032798434
41.75067216557351 88.19975413631943 48.24932783442649 95.80024586368057
79.19210302756673 52.6273650512729 88.80789697243327 55.3726349487271
6.7182690403986705 33.00794354334788 7.2817309596013295 42.99205645665212
