78.28388844026864 14.339189427969508 87.71611155973136 17.660810572030492
61.15002423233039 39.89175972906939 66.8499757676696 48.10824027093061
22.042105933489605 9.352476699059386 31.957894066510395 10.647523300940614
50.99989559502411 37.000000001090044 51.00010440497589 46.999999998909956
9.050798359201407 88.93343736403222 16.94920164079859 95.06656263596778
63.571627601041634 67.6784664774887 72.42837239895837 72.3215335225113
46.549675144339346 51.72083158167524 55.450324855660654 56.27916841832476
24.015198633594174 79.61044212563651 33.984801366405826 80.38955787436349
88.57090292788475 49.62970396720759 93.42909707211525 58.37029603279241
21.270869155430905 59.669296899439495 28.729130844569095 66.33070310056051
