81.49083511753263 2.8395759530307596 90.50916488246737 7.16042404696924
60.07979825414479 33.110272637217825 69.92020174585521 34.889727362782175
24.03637136809455 4.952107602237357 31.96362863190545 11.047892397762643
49.464392269371594 11.464539920304482 56.535607730628406 18.53546007969552
18.933437364032212 68.05079835920141 25.066562635967788 75.94920164079859
49.571627601041634 43.678466477488705 58.428372398958366 48.321533522511295
43.72083158167524 55.549675144339346 48.27916841832476 64.45032485566065
34.75067216557351 76.19975413631943 41.24932783442649 83.80024586368057
92.6273650512729 49.19210302756673 95.3726349487271 58.80789697243327
4.718269040398671 33.00794354334788 5.281730959601329 42.99205645665212
