84.83957595303076 8.49083511753262 89.16042404696924 17.50916488246738
47.110272637217825 40.07979825414479 48.889727362782175 49.92020174585521
25.95210760223736 19.03637136809455 32.047892397762645 26.96362863190545
58.99989559502411 8.00000000109004 59.00010440497589 17.99999999890996
8.933437364032214 70.05079835920141 15.066562635967786 77.94920164079859
58.678466477488705 51.571627601041634 63.321533522511295 60.428372398958366
36.72083158167524 54.549675144339346 41.27916841832476 63.450324855660654
36.015198633594174 82.61044212563651 45.984801366405826 83.38955787436349
63.19210302756673 49.6273650512729 72.80789697243327 52.3726349487271
17.71826904039867 52.00794354334788 18.28173095960133 61.99205645665212
