77.83957595303076 11.49083511753262 82.16042404696924 20.50916488246738
56.110272637217825 48.07979825414479 57.889727362782175 57.92020174585521
28.352476699059387 5.042105933489606 29.647523300940613 14.957894066510395
44.000000001090044 39.99989559502411 53.999999998909956 40.00010440497589
8.03910550469216 95.37587997434439 17.96089449530784 96.62412002565561
65.51023994359683 58.22709575055757 68.48976005640317 67.77290424944243
47.46476056014296 48.24152967201565 50.53523943985704 57.75847032798435
24.015198633594174 79.61044212563651 33.984801366405826 80.38955787436349
80.57090292788475 54.62970396720759 85.42909707211525 63.37029603279241
22.00794354334788 60.718269040398674 31.99205645665212 61.281730959601326
