79.33918942796952 7.283888440268641 82.66081057203048 16.71611155973136
58.110272637217825 45.07979825414479 59.889727362782175 54.92020174585521
27.042105933489605 9.352476699059386 36.95789406651039 10.647523300940614
48.000000001090044 39.99989559502411 57.999999998909956 40.00010440497589
11.375879974344391 85.03910550469216 12.624120025655609 94.96089449530784
65.22709575055757 59.51023994359683 74.77290424944243 62.48976005640317
45.549675144339346 50.72083158167524 54.450324855660654 55.27916841832476
24.19975413631943 75.75067216557352 31.80024586368057 82.24932783442648
76.62970396720759 56.570902927884745 85.37029603279241 61.429097072115255
25.66929689943949 56.2708691554309 32.330703100560505 63.7291308445691
