78.49083511753263 4.83957595303076 87.50916488246737 9.16042404696924
57.07979825414479 37.110272637217825 66.92020174585521 38.889727362782175
23.03637136809455 5.952107602237357 30.96362863190545 12.047892397762643
49.000000001090044 10.999895595024107 58.999999998909956 11.000104404975893
17.933437364032212 72.05079835920141 24.066562635967788 79.94920164079859
57.678466477488705 45.571627601041634 62.321533522511295 54.428372398958366
36.46476056014296 55.24152967201565 39.53523943985704 64.75847032798434
41.61044212563651 72.01519863359417 42.38955787436349 81.98480136640583
84.19210302756673 51.6273650512729 93.80789697243327 54.3726349487271
6.7182690403986705 31.00794354334788 7.2817309596013295 40.99205645665212
