80.49083511753263 2.8395759530307596 89.50916488246737 7.16042404696924
62.15002423233039 31.89175972906939 67.8499757676696 40.10824027093061
24.03637136809455 5.952107602237357 31.96362863190545 12.047892397762643
49.464392269371594 11.464539920304482 56.535607730628406 18.53546007969552
19.37587997434439 66.03910550469216 20.62412002565561 75.96089449530784
49.571627601041634 44.678466477488705 58.428372398958366 49.321533522511295
44.72083158167524 56.549675144339346 49.27916841832476 65.45032485566065
34.75067216557351 77.19975413631943 41.24932783442649 84.80024586368057
91.6273650512729 47.19210302756673 94.3726349487271 56.80789697243327
4.718269040398671 34.00794354334788 5.281730959601329 43.99205645665212
