80.33918942796952 9.28388844026864 83.66081057203048 18.71611155973136
58.07979825414479 29.11027263721782 67.92020174585521 30.88972736278218
30.03637136809455 13.952107602237358 37.96362863190545 20.04789239776264
57.000000001090044 18.999895595024107 66.99999999890996 19.000104404975893
13.03910550469216 77.37587997434439 22.96089449530784 78.62412002565561
50.571627601041634 44.678466477488705 59.428372398958366 49.321533522511295
39.46476056014296 59.24152967201565 42.53523943985704 68.75847032798434
28.19975413631943 76.75067216557352 35.800245863680566 83.24932783442648
68.62970396720759 47.570902927884745 77.37029603279241 52.429097072115255
8.007943543347881 52.71826904039867 17.99205645665212 53.28173095960133
