79.28388844026864 3.339189427969509 88.71611155973136 6.660810572030491
55.89175972906939 30.15002423233039 64.10824027093061 35.84997576766961
25.042105933489605 7.3524766990593875 34.95789406651039 8.647523300940613
55.46453992030448 9.464392269371594 62.53546007969552 16.535607730628406
17.37587997434439 67.03910550469216 18.62412002565561 76.96089449530784
53.678466477488705 42.571627601041634 58.321533522511295 51.428372398958366
39.549675144339346 59.72083158167524 48.450324855660654 64.27916841832476
41.61044212563651 71.01519863359417 42.38955787436349 80.98480136640583
82.6273650512729 42.19210302756673 85.3726349487271 51.80789697243327
11.71826904039867 43.00794354334788 12.28173095960133 52.99205645665212
