76.28388844026864 10.33918942796951 85.71611155973136 13.66081057203049
60.110272637217825 27.079798254144787 61.889727362782175 36.92020174585521
32.952107602237355 17.03637136809455 39.047892397762645 24.96362863190545
56.46453992030448 11.464392269371594 63.53546007969552 18.535607730628406
19.37587997434439 76.03910550469216 20.62412002565561 85.96089449530784
52.51023994359683 44.22709575055757 55.48976005640317 53.77290424944243
34.549675144339346 56.72083158167524 43.450324855660654 61.27916841832476
30.19975413631943 78.75067216557352 37.800245863680566 85.24932783442648
68.57090292788475 48.62970396720759 73.42909707211525 57.37029603279241
9.270869155430905 52.669296899439495 16.729130844569095 59.330703100560505
