83.83957595303076 8.49083511753262 88.16042404696924 17.50916488246738
61.150024232330395 32.89175972906939 66.8499757676696 41.10824027093061
21.95210760223736 6.036371368094548 28.04789239776264 13.963628631905452
55.99989559502411 34.000000001090044 56.00010440497589 43.999999998909956
11.933437364032214 88.05079835920141 18.066562635967788 95.94920164079859
64.6784664774887 69.57162760104163 69.3215335225113 78.42837239895837
43.24152967201565 48.46476056014296 52.75847032798435 51.53523943985704
24.19975413631943 78.75067216557352 31.80024586368057 85.24932783442648
88.6273650512729 52.19210302756673 91.3726349487271 61.80789697243327
21.270869155430905 58.66929689943949 28.729130844569095 65.33070310056051
