83.33918942796952 9.28388844026864 86.66081057203048 18.71611155973136
51.110272637217825 50.07979825414479 52.889727362782175 59.92020174585521
26.042105933489605 18.352476699059387 35.95789406651039 19.647523300940613
59.99989559502411 25.00000000109004 60.00010440497589 34.999999998909956
9.050798359201409 75.93343736403222 16.94920164079859 82.06656263596778
64.6784664774887 53.571627601041634 69.3215335225113 62.428372398958366
36.549675144339346 54.72083158167524 45.450324855660654 59.27916841832476
33.199754136319434 80.75067216557352 40.800245863680566 87.24932783442648
68.57090292788475 50.62970396720759 73.42909707211525 59.37029603279241
19.66929689943949 53.2708691554309 26.33070310056051 60.7291308445691
