70.49083511753263 7.83957595303076 79.50916488246737 12.16042404696924
71.11027263721782 33.07979825414479 72.88972736278218 42.92020174585521
17.352476699059387 6.042105933489606 18.647523300940613 15.957894066510395
43.464392269371594 35.46453992030448 50.535607730628406 42.53546007969552
13.375879974344391 81.03910550469216 14.624120025655609 90.96089449530784
68.51023994359683 74.22709575055757 71.48976005640317 83.77290424944243
45.46476056014296 46.24152967201565 48.53523943985704 55.75847032798435
25.015198633594174 80.61044212563651 34.984801366405826 81.38955787436349
87.57090292788475 55.62970396720759 92.42909707211525 64.37029603279241
18.71826904039867 57.00794354334788 19.28173095960133 66.99205645665212
