79.33918942796952 9.28388844026864 82.66081057203048 18.71611155973136
58.07979825414479 28.11027263721782 67.92020174585521 29.88972736278218
33.35247669905939 12.042105933489605 34.64752330094061 21.957894066510395
58.46453992030448 15.464392269371594 65.53546007969553 22.535607730628406
14.050798359201407 75.93343736403222 21.94920164079859 82.06656263596778
50.571627601041634 44.678466477488705 59.428372398958366 49.321533522511295
39.46476056014296 59.24152967201565 42.53523943985704 68.75847032798434
28.19975413631943 77.75067216557352 35.800245863680566 84.24932783442648
69.62970396720759 47.570902927884745 78.37029603279241 52.429097072115255
6.0079435433478805 52.71826904039867 15.992056456652119 53.28173095960133
