74.28388844026864 9.33918942796951 83.71611155973136 12.66081057203049
61.15002423233039 25.89175972906939 66.8499757676696 34.10824027093061
32.35247669905939 12.042105933489605 33.64752330094061 21.957894066510395
56.000000001090044 16.999895595024107 65.99999999890996 17.000104404975893
13.050798359201407 75.93343736403222 20.94920164079859 82.06656263596778
51.571627601041634 45.678466477488705 60.428372398958366 50.321533522511295
36.549675144339346 59.72083158167524 45.450324855660654 64.27916841832476
27.750672165573512 78.19975413631943 34.24932783442649 85.80024586368057
70.57090292788475 47.62970396720759 75.42909707211525 56.37029603279241
8.669296899439491 49.2708691554309 15.330703100560509 56.7291308445691
