83.33918942796952 2.2838884402686412 86.66081057203048 11.71611155973136
59.89175972906939 27.15002423233039 68.10824027093061 32.84997576766961
27.95210760223736 5.036371368094548 34.047892397762645 12.963628631905452
56.46453992030448 7.464392269371593 63.53546007969552 14.535607730628406
13.03910550469216 67.37587997434439 22.96089449530784 68.62412002565561
56.678466477488705 43.571627601041634 61.321533522511295 52.428372398958366
40.549675144339346 58.72083158167524 49.450324855660654 63.27916841832476
40.61044212563651 74.01519863359417 41.38955787436349 83.98480136640583
78.19210302756673 50.6273650512729 87.80789697243327 53.3726349487271
9.007943543347881 47.718269040398674 18.99205645665212 48.281730959601326
