78.83957595303076 9.49083511753262 83.16042404696924 18.50916488246738
59.110272637217825 45.07979825414479 60.889727362782175 54.92020174585521
25.352476699059387 7.042105933489606 26.647523300940613 16.957894066510395
45.464392269371594 32.46453992030448 52.535607730628406 39.53546007969552
6.0391055046921585 94.37587997434439 15.96089449530784 95.62412002565561
69.51023994359683 63.22709575055757 72.48976005640317 72.77290424944243
45.24152967201565 45.46476056014296 54.75847032798435 48.53523943985704
26.19975413631943 77.75067216557352 33.800245863680566 84.24932783442648
86.57090292788475 52.62970396720759 91.42909707211525 61.37029603279241
26.71826904039867 58.00794354334788 27.28173095960133 67.99205645665212
