85.28388844026864 8.339189427969508 94.71611155973136 11.660810572030492
45.150024232330395 40.89175972906939 50.849975767669605 49.10824027093061
26.95210760223736 18.03637136809455 33.047892397762645 25.96362863190545
53.000000001090044 12.999895595024107 62.999999998909956 13.000104404975893
7.933437364032214 70.05079835920141 14.066562635967786 77.94920164079859
53.571627601041634 57.678466477488705 62.428372398958366 62.321533522511295
37.46476056014296 54.24152967201565 40.53523943985704 63.75847032798435
34.015198633594174 84.61044212563651 43.984801366405826 85.38955787436349
67.57090292788475 45.62970396720759 72.42909707211525 54.37029603279241
17.71826904039867 52.00794354334788 18.28173095960133 61.99205645665212
