80.28388844026864 7.339189427969509 89.71611155973136 10.66081057203049
55.89175972906939 27.15002423233039 64.10824027093061 32.84997576766961
22.042105933489605 7.3524766990593875 31.957894066510395 8.647523300940613
55.46453992030448 10.464392269371594 62.53546007969552 17.535607730628406
12.03910550469216 73.37587997434439 21.96089449530784 74.62412002565561
50.571627601041634 40.678466477488705 59.428372398958366 45.321533522511295
41.549675144339346 57.72083158167524 50.450324855660654 62.27916841832476
33.015198633594174 78.61044212563651 42.984801366405826 79.38955787436349
84.6273650512729 44.19210302756673 87.3726349487271 53.80789697243327
5.0079435433478805 41.71826904039867 14.992056456652119 42.28173095960133
