77.33918942796952 5.283888440268641 80.66081057203048 14.71611155973136
61.07979825414479 37.110272637217825 70.92020174585521 38.889727362782175
21.042105933489605 8.352476699059386 30.957894066510395 9.647523300940614
51.46453992030448 8.464392269371594 58.53546007969552 15.535607730628406
20.37587997434439 73.03910550469216 21.62412002565561 82.96089449530784
54.22709575055757 41.51023994359683 63.77290424944243 44.48976005640317
35.72083158167524 53.549675144339346 40.27916841832476 62.450324855660654
39.75067216557351 77.19975413631943 46.24932783442649 84.80024586368057
83.57090292788475 46.62970396720759 88.42909707211525 55.37029603279241
5.270869155430905 30.66929689943949 12.729130844569095 37.330703100560505
