74.49083511753263 7.83957595303076 83.50916488246737 12.16042404696924
66.11027263721782 34.07979825414479 67.88972736278218 43.92020174585521
25.042105933489605 9.352476699059386 34.95789406651039 10.647523300940614
50.46453992030448 10.464392269371594 57.53546007969552 17.535607730628406
20.37587997434439 74.03910550469216 21.62412002565561 83.96089449530784
54.22709575055757 42.51023994359683 63.77290424944243 45.48976005640317
34.549675144339346 56.72083158167524 43.450324855660654 61.27916841832476
39.75067216557351 77.19975413631943 46.24932783442649 84.80024586368057
84.6273650512729 46.19210302756673 87.3726349487271 55.80789697243327
5.669296899439491 30.270869155430905 12.330703100560509 37.7291308445691
