85.49083511753263 8.83957595303076 94.50916488246737 13.16042404696924
62.89175972906939 38.15002423233039 71.10824027093061 43.84997576766961
20.03637136809455 5.952107602237358 27.96362863190545 12.047892397762642
53.99989559502411 36.000000001090044 54.00010440497589 45.999999998909956
9.03910550469216 90.37587997434439 18.96089449530784 91.62412002565561
66.57162760104163 70.6784664774887 75.42837239895837 75.3215335225113
47.72083158167524 43.549675144339346 52.27916841832476 52.450324855660654
21.015198633594174 80.61044212563651 30.984801366405826 81.38955787436349
82.19210302756673 52.6273650512729 91.80789697243327 55.3726349487271
16.270869155430905 59.66929689943949 23.729130844569095 66.33070310056051
