88.83957595303076 7.490835117532621 93.16042404696924 16.50916488246738
42.07979825414479 51.110272637217825 51.92020174585521 52.889727362782175
28.95210760223736 10.036371368094548 35.047892397762645 17.96362863190545
52.000000001090044 27.999895595024107 61.999999998909956 28.000104404975893
8.050798359201407 72.93343736403222 15.949201640798593 79.06656263596778
60.678466477488705 53.571627601041634 65.3215335225113 62.428372398958366
31.241529672015652 57.46476056014296 40.75847032798435 60.53523943985704
40.61044212563651 77.01519863359417 41.38955787436349 86.98480136640583
68.62970396720759 56.570902927884745 77.37029603279241 61.429097072115255
20.270869155430905 55.66929689943949 27.729130844569095 62.33070310056051
