77.28388844026864 5.339189427969509 86.71611155973136 8.66081057203049
59.89175972906939 35.15002423233039 68.10824027093061 40.84997576766961
24.95210760223736 6.036371368094548 31.04789239776264 13.963628631905452
47.46453992030448 9.464392269371594 54.53546007969552 16.535607730628406
20.933437364032212 70.05079835920141 27.066562635967788 77.94920164079859
59.51023994359683 43.22709575055757 62.48976005640317 52.77290424944243
34.46476056014296 53.24152967201565 37.53523943985704 62.75847032798435
41.61044212563651 76.01519863359417 42.38955787436349 85.98480136640583
88.57090292788475 47.62970396720759 93.42909707211525 56.37029603279241
6.7182690403986705 32.00794354334788 7.2817309596013295 41.99205645665212
