77.49083511753263 9.83957595303076 86.50916488246737 14.16042404696924
58.150024232330395 27.89175972906939 63.849975767669605 36.10824027093061
30.352476699059387 3.042105933489606 31.647523300940613 12.957894066510395
59.46453992030448 10.464392269371594 66.53546007969553 17.535607730628406
13.050798359201407 71.93343736403222 20.94920164079859 78.06656263596778
52.22709575055757 45.51023994359683 61.77290424944243 48.48976005640317
41.72083158167524 52.549675144339346 46.27916841832476 61.450324855660654
31.750672165573512 79.19975413631943 38.24932783442649 86.80024586368057
77.62970396720759 46.570902927884745 86.37029603279241 51.429097072115255
5.0079435433478805 50.71826904039867 14.992056456652119 51.28173095960133
