84.28388844026864 3.339189427969509 93.71611155973136 6.660810572030491
52.89175972906939 53.15002423233039 61.10824027093061 58.84997576766961
33.03637136809455 16.95210760223736 40.96362863190545 23.04789239776264
53.46453992030448 21.464392269371594 60.53546007969552 28.535607730628406
6.933437364032214 75.05079835920141 13.066562635967786 82.94920164079859
64.51023994359683 56.22709575055757 67.48976005640317 65.77290424944243
44.549675144339346 57.72083158167524 53.450324855660654 62.27916841832476
33.61044212563651 78.01519863359417 34.38955787436349 87.98480136640583
79.19210302756673 58.6273650512729 88.80789697243327 61.3726349487271
29.270869155430905 56.669296899439495 36.7291308445691 63.330703100560505
