78.49083511753263 2.8395759530307596 87.50916488246737 7.16042404696924
61.150024232330395 31.89175972906939 66.8499757676696 40.10824027093061
26.352476699059387 2.042105933489606 27.647523300940613 11.957894066510395
51.46453992030448 6.464392269371594 58.53546007969552 13.535607730628406
15.933437364032212 70.05079835920141 22.066562635967788 77.94920164079859
55.678466477488705 42.571627601041634 60.321533522511295 51.428372398958366
41.72083158167524 54.549675144339346 46.27916841832476 63.450324855660654
37.015198633594174 77.61044212563651 46.984801366405826 78.38955787436349
86.57090292788475 49.62970396720759 91.42909707211525 58.37029603279241
9.71826904039867 32.00794354334788 10.28173095960133 41.99205645665212
