75.49083511753263 8.839575953030758 84.50916488246737 13.160424046969242
64.1500242323304 37.89175972906939 69.8499757676696 46.10824027093061
23.95210760223736 6.036371368094548 30.04789239776264 13.963628631905452
45.000000001090044 14.999895595024107 54.999999998909956 15.000104404975893
18.05079835920141 79.93343736403222 25.94920164079859 86.06656263596778
55.678466477488705 36.571627601041634 60.321533522511295 45.428372398958366
38.46476056014296 56.24152967201565 41.53523943985704 65.75847032798434
45.61044212563651 85.01519863359417 46.38955787436349 94.98480136640583
79.19210302756673 52.6273650512729 88.80789697243327 55.3726349487271
5.7182690403986705 32.00794354334788 6.2817309596013295 41.99205645665212
