85.83957595303076 5.490835117532621 90.16042404696924 14.50916488246738
47.150024232330395 40.89175972906939 52.849975767669605 49.10824027093061
28.03637136809455 16.952107602237355 35.96362863190545 23.047892397762645
55.464392269371594 11.464539920304482 62.535607730628406 18.53546007969552
5.0391055046921585 76.37587997434439 14.96089449530784 77.62412002565561
55.571627601041634 56.678466477488705 64.42837239895837 61.321533522511295
32.24152967201565 56.46476056014296 41.75847032798435 59.53523943985704
34.015198633594174 81.61044212563651 43.984801366405826 82.38955787436349
68.62970396720759 46.570902927884745 77.37029603279241 51.429097072115255
18.71826904039867 54.00794354334788 19.28173095960133 63.99205645665212
