68.49083511753263 7.839575953030759 77.50916488246737 12.16042404696924
64.89175972906939 29.15002423233039 73.10824027093061 34.84997576766961
18.352476699059387 11.042105933489605 19.647523300940613 20.957894066510395
32.000000001090044 33.99989559502411 41.999999998909956 34.00010440497589
16.37587997434439 79.03910550469216 17.62412002565561 88.96089449530784
68.22709575055757 79.51023994359683 77.77290424944243 82.48976005640317
36.24152967201565 52.46476056014296 45.75847032798435 55.53523943985704
25.015198633594174 74.61044212563651 34.984801366405826 75.38955787436349
88.57090292788475 52.62970396720759 93.42909707211525 61.37029603279241
15.669296899439491 58.2708691554309 22.33070310056051 65.7291308445691
