78.28388844026864 12.339189427969508 87.71611155973136 15.660810572030492
57.89175972906939 44.15002423233039 66.10824027093061 49.84997576766961
22.042105933489605 11.352476699059386 31.957894066510395 12.647523300940614
45.464392269371594 36.46453992030448 52.535607730628406 43.53546007969552
8.03910550469216 95.37587997434439 17.96089449530784 96.62412002565561
68.51023994359683 62.22709575055757 71.48976005640317 71.77290424944243
48.46476056014296 45.24152967201565 51.53523943985704 54.75847032798435
25.19975413631943 77.75067216557352 32.800245863680566 84.24932783442648
86.19210302756673 52.6273650512729 95.80789697243327 55.3726349487271
20.66929689943949 60.2708691554309 27.33070310056051 67.7291308445691
