89.83957595303076 4.4908351175326215 94.16042404696924 13.509164882467378
44.07979825414479 49.110272637217825 53.92020174585521 50.889727362782175
31.95210760223736 15.036371368094548 38.047892397762645 22.96362863190545
60.99989559502411 16.00000000109004 61.00010440497589 25.99999999890996
6.933437364032213 68.05079835920141 13.066562635967788 75.94920164079859
57.571627601041634 53.678466477488705 66.42837239895837 58.321533522511295
31.464760560142963 50.24152967201565 34.53523943985704 59.75847032798435
38.015198633594174 81.61044212563651 47.984801366405826 82.38955787436349
74.6273650512729 50.19210302756673 77.3726349487271 59.80789697243327
18.00794354334788 59.718269040398674 27.99205645665212 60.281730959601326
