78.83957595303076 9.49083511753262 83.16042404696924 18.50916488246738
59.110272637217825 45.07979825414479 60.889727362782175 54.92020174585521
23.03637136809455 8.952107602237357 30.96362863190545 15.047892397762643
45.464392269371594 32.46453992030448 52.535607730628406 39.53546007969552
6.0391055046921585 94.37587997434439 15.96089449530784 95.62412002565561
68.6784664774887 62.571627601041634 73.3215335225113 71.42837239895837
43.549675144339346 44.72083158167524 52.450324855660654 49.27916841832476
24.015198633594174 80.61044212563651 33.984801366405826 81.38955787436349
85.57090292788475 51.62970396720759 90.42909707211525 60.37029603279241
24.66929689943949 58.2708691554309 31.33070310056051 65.7291308445691
