76.28388844026864 10.339189427969508 85.71611155973136 13.660810572030492
54.89175972906939 48.15002423233039 63.10824027093061 53.84997576766961
27.042105933489605 9.352476699059386 36.95789406651039 10.647523300940614
49.464392269371594 36.46453992030448 56.535607730628406 43.53546007969552
9.933437364032212 89.05079835920141 16.066562635967788 96.94920164079859
64.57162760104163 60.678466477488705 73.42837239895837 65.3215335225113
45.549675144339346 49.72083158167524 54.450324855660654 54.27916841832476
25.750672165573512 77.19975413631943 32.24932783442649 84.80024586368057
78.19210302756673 57.6273650512729 87.80789697243327 60.3726349487271
25.270869155430905 56.669296899439495 32.7291308445691 63.330703100560505
