77.49083511753263 9.83957595303076 86.50916488246737 14.16042404696924
57.89175972906939 29.15002423233039 66.10824027093061 34.84997576766961
24.95210760223736 3.0363713680945477 31.04789239776264 10.963628631905452
60.46453992030448 11.464392269371594 67.53546007969553 18.535607730628406
13.050798359201407 71.93343736403222 20.94920164079859 78.06656263596778
54.22709575055757 46.51023994359683 63.77290424944243 49.48976005640317
39.24152967201565 59.46476056014296 48.75847032798435 62.53523943985704
29.19975413631943 80.75067216557352 36.800245863680566 87.24932783442648
77.19210302756673 49.6273650512729 86.80789697243327 52.3726349487271
5.0079435433478805 50.71826904039867 14.992056456652119 51.28173095960133
