74.83957595303076 2.4908351175326215 79.16042404696924 11.509164882467378
68.1500242323304 33.89175972906939 73.8499757676696 42.10824027093061
16.95210760223736 7.036371368094548 23.04789239776264 14.963628631905452
47.99989559502411 35.000000001090044 48.00010440497589 44.999999998909956
12.375879974344391 81.03910550469216 13.624120025655609 90.96089449530784
63.22709575055757 74.51023994359683 72.77290424944243 77.48976005640317
42.549675144339346 47.72083158167524 51.450324855660654 52.27916841832476
27.61044212563651 74.01519863359417 28.38955787436349 83.98480136640583
86.57090292788475 54.62970396720759 91.42909707211525 63.37029603279241
15.007943543347881 57.718269040398674 24.99205645665212 58.281730959601326
