83.33918942796952 2.2838884402686412 86.66081057203048 11.71611155973136
57.110272637217825 46.07979825414479 58.889727362782175 55.92020174585521
38.35247669905939 8.042105933489605 39.64752330094061 17.957894066510395
47.000000001090044 31.999895595024107 56.999999998909956 32.00010440497589
11.375879974344391 79.03910550469216 12.624120025655609 88.96089449530784
64.6784664774887 58.571627601041634 69.3215335225113 67.42837239895837
45.72083158167524 47.549675144339346 50.27916841832476 56.450324855660654
27.19975413631943 74.75067216557352 34.800245863680566 81.24932783442648
84.6273650512729 57.19210302756673 87.3726349487271 66.80789697243327
26.00794354334788 56.718269040398674 35.99205645665212 57.281730959601326
