82.49083511753263 10.83957595303076 91.50916488246737 15.16042404696924
63.07979825414479 36.110272637217825 72.92020174585521 37.889727362782175
20.042105933489605 7.3524766990593875 29.957894066510395 8.647523300940613
55.99989559502411 35.000000001090044 56.00010440497589 44.999999998909956
13.375879974344391 87.03910550469216 14.624120025655609 96.96089449530784
65.51023994359683 69.22709575055757 68.48976005640317 78.77290424944243
44.549675144339346 46.72083158167524 53.450324855660654 51.27916841832476
25.61044212563651 76.01519863359417 26.38955787436349 85.98480136640583
85.62970396720759 54.570902927884745 94.37029603279241 59.429097072115255
22.71826904039867 56.00794354334788 23.28173095960133 65.99205645665212
