80.28388844026864 9.339189427969508 89.71611155973136 12.660810572030492
57.07979825414479 30.11027263721782 66.92020174585521 31.88972736278218
25.95210760223736 3.0363713680945477 32.047892397762645 10.963628631905452
61.99989559502411 9.00000000109004 62.00010440497589 18.99999999890996
14.375879974344391 70.03910550469216 15.624120025655609 79.96089449530784
52.571627601041634 42.678466477488705 61.428372398958366 47.321533522511295
45.46476056014296 55.24152967201565 48.53523943985704 64.75847032798434
37.61044212563651 72.01519863359417 38.38955787436349 81.98480136640583
82.57090292788475 44.62970396720759 87.42909707211525 53.37029603279241
9.71826904039867 38.00794354334788 10.28173095960133 47.99205645665212
