85.28388844026864 11.339189427969508 94.71611155973136 14.660810572030492
44.07979825414479 44.110272637217825 53.92020174585521 45.889727362782175
26.03637136809455 18.952107602237355 33.96362863190545 25.047892397762645
58.99989559502411 8.00000000109004 59.00010440497589 17.99999999890996
6.050798359201407 70.93343736403222 13.949201640798593 77.06656263596778
56.678466477488705 51.571627601041634 61.321533522511295 60.428372398958366
33.549675144339346 56.72083158167524 42.450324855660654 61.27916841832476
37.199754136319434 81.75067216557352 44.800245863680566 88.24932783442648
65.57090292788475 45.62970396720759 70.42909707211525 54.37029603279241
12.270869155430905 51.66929689943949 19.729130844569095 58.33070310056051
