76.49083511753263 6.83957595303076 85.50916488246737 11.16042404696924
60.07979825414479 34.110272637217825 69.92020174585521 35.889727362782175
24.95210760223736 2.0363713680945477 31.04789239776264 9.963628631905452
55.464392269371594 8.46453992030448 62.535607730628406 15.53546007969552
16.37587997434439 64.03910550469216 17.62412002565561 73.96089449530784
49.678466477488705 37.571627601041634 54.321533522511295 46.428372398958366
44.24152967201565 57.46476056014296 53.75847032798435 60.53523943985704
35.75067216557351 75.19975413631943 42.24932783442649 82.80024586368057
85.6273650512729 44.19210302756673 88.3726349487271 53.80789697243327
6.7182690403986705 35.00794354334788 7.2817309596013295 44.99205645665212
