79.49083511753263 2.839575953030759 88.50916488246737 7.160424046969241
55.89175972906939 30.15002423233039 64.10824027093061 35.84997576766961
26.95210760223736 4.036371368094548 33.047892397762645 11.963628631905452
58.464392269371594 9.46453992030448 65.53560773062841 16.53546007969552
14.03910550469216 71.37587997434439 23.96089449530784 72.62412002565561
53.678466477488705 42.571627601041634 58.321533522511295 51.428372398958366
42.46476056014296 57.24152967201565 45.53523943985704 66.75847032798434
40.61044212563651 69.01519863359417 41.38955787436349 78.98480136640583
80.57090292788475 44.62970396720759 85.42909707211525 53.37029603279241
10.270869155430905 44.669296899439495 17.729130844569095 51.330703100560505
