81.28388844026864 8.339189427969508 90.71611155973136 11.660810572030492
55.110272637217825 49.07979825414479 56.889727362782175 58.92020174585521
28.042105933489605 22.352476699059387 37.95789406651039 23.647523300940613
57.99989559502411 22.00000000109004 58.00010440497589 31.99999999890996
11.375879974344391 74.03910550469216 12.624120025655609 83.96089449530784
63.571627601041634 56.678466477488705 72.42837239895837 61.321533522511295
42.24152967201565 57.46476056014296 51.75847032798435 60.53523943985704
30.19975413631943 78.75067216557352 37.800245863680566 85.24932783442648
75.6273650512729 53.19210302756673 78.3726349487271 62.80789697243327
22.270869155430905 56.669296899439495 29.729130844569095 63.330703100560505
