75.49083511753263 5.83957595303076 84.50916488246737 10.16042404696924
60.07979825414479 39.110272637217825 69.92020174585521 40.889727362782175
24.95210760223736 6.036371368094548 31.04789239776264 13.963628631905452
54.99989559502411 8.00000000109004 55.00010440497589 17.99999999890996
16.03910550469216 77.37587997434439 25.96089449530784 78.62412002565561
56.678466477488705 41.571627601041634 61.321533522511295 50.428372398958366
31.549675144339346 56.72083158167524 40.450324855660654 61.27916841832476
42.61044212563651 74.01519863359417 43.38955787436349 83.98480136640583
86.57090292788475 48.62970396720759 91.42909707211525 57.37029603279241
2.0079435433478805 34.718269040398674 11.992056456652119 35.281730959601326
