85.28388844026864 8.339189427969508 94.71611155973136 11.660810572030492
44.07979825414479 44.110272637217825 53.92020174585521 45.889727362782175
27.95210760223736 17.03637136809455 34.047892397762645 24.96362863190545
53.000000001090044 13.999895595024107 62.999999998909956 14.000104404975893
4.050798359201407 70.93343736403222 11.949201640798593 77.06656263596778
54.22709575055757 58.51023994359683 63.77290424944243 61.48976005640317
35.72083158167524 54.549675144339346 40.27916841832476 63.450324855660654
38.61044212563651 79.01519863359417 39.38955787436349 88.98480136640583
70.6273650512729 44.19210302756673 73.3726349487271 53.80789697243327
13.270869155430905 54.669296899439495 20.729130844569095 61.330703100560505
