74.83957595303076 7.4908351175326215 79.16042404696924 16.509164882467378
61.89175972906939 39.15002423233039 70.10824027093061 44.84997576766961
22.95210760223736 8.036371368094548 29.04789239776264 15.963628631905452
50.46453992030448 10.464392269371594 57.53546007969552 17.535607730628406
23.37587997434439 76.03910550469216 24.62412002565561 85.96089449530784
56.51023994359683 37.22709575055757 59.48976005640317 46.77290424944243
37.46476056014296 55.24152967201565 40.53523943985704 64.75847032798434
42.75067216557351 82.19975413631943 49.24932783442649 89.80024586368057
82.19210302756673 51.6273650512729 91.80789697243327 54.3726349487271
7.7182690403986705 31.00794354334788 8.28173095960133 40.99205645665212
