82.83957595303076 4.490835117532621 87.16042404696924 13.50916488246738
48.89175972906939 37.15002423233039 57.10824027093061 42.84997576766961
28.042105933489605 25.352476699059387 37.95789406651039 26.647523300940613
59.99989559502411 6.00000000109004 60.00010440497589 15.99999999890996
10.933437364032212 70.05079835920141 17.066562635967788 77.94920164079859
58.678466477488705 52.571627601041634 63.321533522511295 61.428372398958366
36.549675144339346 56.72083158167524 45.450324855660654 61.27916841832476
33.61044212563651 74.01519863359417 34.38955787436349 83.98480136640583
62.19210302756673 50.6273650512729 71.80789697243327 53.3726349487271
10.007943543347881 54.71826904039867 19.99205645665212 55.28173095960133
