78.28388844026864 3.339189427969509 87.71611155973136 6.660810572030491
56.07979825414479 32.110272637217825 65.92020174585521 33.889727362782175
27.042105933489605 6.3524766990593875 36.95789406651039 7.6475233009406125
60.99989559502411 8.00000000109004 61.00010440497589 17.99999999890996
17.05079835920141 66.93343736403222 24.94920164079859 73.06656263596778
57.678466477488705 43.571627601041634 62.321533522511295 52.428372398958366
44.72083158167524 55.549675144339346 49.27916841832476 64.45032485566065
38.015198633594174 73.61044212563651 47.984801366405826 74.38955787436349
76.19210302756673 50.6273650512729 85.80789697243327 53.3726349487271
8.007943543347881 47.718269040398674 17.99205645665212 48.281730959601326
