79.28388844026864 7.339189427969509 88.71611155973136 10.66081057203049
56.89175972906939 29.15002423233039 65.10824027093061 34.84997576766961
23.042105933489605 5.3524766990593875 32.95789406651039 6.6475233009406125
55.464392269371594 8.46453992030448 62.535607730628406 15.53546007969552
12.933437364032212 67.05079835920141 19.066562635967788 74.94920164079859
49.571627601041634 41.678466477488705 58.428372398958366 46.321533522511295
41.24152967201565 57.46476056014296 50.75847032798435 60.53523943985704
32.015198633594174 80.61044212563651 41.984801366405826 81.38955787436349
81.19210302756673 48.6273650512729 90.80789697243327 51.3726349487271
8.71826904039867 37.00794354334788 9.28173095960133 46.99205645665212
