78.83957595303076 3.4908351175326215 83.16042404696924 12.509164882467378
60.89175972906939 36.15002423233039 69.10824027093061 41.84997576766961
28.352476699059387 5.042105933489606 29.647523300940613 14.957894066510395
49.46453992030448 8.464392269371594 56.53546007969552 15.535607730628406
20.933437364032212 70.05079835920141 27.066562635967788 77.94920164079859
58.678466477488705 41.571627601041634 63.321533522511295 50.428372398958366
31.549675144339346 56.72083158167524 40.450324855660654 61.27916841832476
39.75067216557351 76.19975413631943 46.24932783442649 83.80024586368057
85.62970396720759 48.570902927884745 94.37029603279241 53.429097072115255
3.270869155430905 32.669296899439495 10.729130844569095 39.330703100560505
