79.49083511753263 2.839575953030759 88.50916488246737 7.160424046969241
55.89175972906939 30.15002423233039 64.10824027093061 35.84997576766961
25.042105933489605 7.3524766990593875 34.95789406651039 8.647523300940613
55.46453992030448 9.464392269371594 62.53546007969552 16.535607730628406
13.050798359201407 67.93343736403222 20.94920164079859 74.06656263596778
54.51023994359683 42.22709575055757 57.48976005640317 51.77290424944243
39.549675144339346 59.72083158167524 48.450324855660654 64.27916841832476
39.75067216557351 72.19975413631943 46.24932783442649 79.80024586368057
79.62970396720759 45.570902927884745 88.37029603279241 50.429097072115255
7.270869155430905 41.669296899439495 14.729130844569095 48.330703100560505
