77.49083511753263 5.83957595303076 86.50916488246737 10.16042404696924
63.110272637217825 33.07979825414479 64.88972736278218 42.92020174585521
24.95210760223736 7.036371368094548 31.04789239776264 14.963628631905452
48.46453992030448 10.464392269371594 55.53546007969552 17.535607730628406
19.933437364032212 70.05079835920141 26.066562635967788 77.94920164079859
56.571627601041634 44.678466477488705 65.42837239895837 49.321533522511295
35.46476056014296 54.24152967201565 38.53523943985704 63.75847032798435
39.75067216557351 77.19975413631943 46.24932783442649 84.80024586368057
88.57090292788475 47.62970396720759 93.42909707211525 56.37029603279241
3.669296899439492 33.2708691554309 10.330703100560509 40.7291308445691
