78.28388844026864 12.339189427969508 87.71611155973136 15.660810572030492
55.89175972906939 41.15002423233039 64.10824027093061 46.84997576766961
23.03637136809455 7.952107602237357 30.96362863190545 14.047892397762643
44.464392269371594 38.46453992030448 51.535607730628406 45.53546007969552
8.03910550469216 93.37587997434439 17.96089449530784 94.62412002565561
67.51023994359683 62.22709575055757 70.48976005640317 71.77290424944243
46.549675144339346 49.72083158167524 55.450324855660654 54.27916841832476
24.015198633594174 79.61044212563651 33.984801366405826 80.38955787436349
86.19210302756673 50.6273650512729 95.80789697243327 53.3726349487271
25.71826904039867 57.00794354334788 26.28173095960133 66.99205645665212
