87.83957595303076 7.490835117532621 92.16042404696924 16.50916488246738
66.1500242323304 38.89175972906939 71.8499757676696 47.10824027093061
26.352476699059387 4.042105933489606 27.647523300940613 13.957894066510395
56.99989559502411 37.000000001090044 57.00010440497589 46.999999998909956
12.03910550469216 89.37587997434439 21.96089449530784 90.62412002565561
64.22709575055757 68.51023994359683 73.77290424944243 71.48976005640317
45.24152967201565 47.46476056014296 54.75847032798435 50.53523943985704
21.015198633594174 78.61044212563651 30.984801366405826 79.38955787436349
82.19210302756673 51.6273650512729 91.80789697243327 54.3726349487271
13.007943543347881 63.71826904039867 22.99205645665212 64.28173095960133
