82.28388844026864 11.33918942796951 91.71611155973136 14.66081057203049
45.89175972906939 51.15002423233039 54.10824027093061 56.84997576766961
26.042105933489605 19.352476699059387 35.95789406651039 20.647523300940613
58.99989559502411 24.00000000109004 59.00010440497589 33.999999998909956
9.03910550469216 76.37587997434439 18.96089449530784 77.62412002565561
59.571627601041634 57.678466477488705 68.42837239895837 62.321533522511295
37.72083158167524 52.549675144339346 42.27916841832476 61.450324855660654
35.199754136319434 79.75067216557352 42.800245863680566 86.24932783442648
69.57090292788475 53.62970396720759 74.42909707211525 62.37029603279241
20.66929689943949 52.2708691554309 27.33070310056051 59.7291308445691
