76.49083511753263 11.83957595303076 85.50916488246737 16.16042404696924
61.15002423233039 24.89175972906939 66.8499757676696 33.10824027093061
28.03637136809455 9.952107602237358 35.96362863190545 16.04789239776264
57.464392269371594 15.464539920304482 64.53560773062841 22.53546007969552
15.375879974344391 72.03910550469216 16.62412002565561 81.96089449530784
51.22709575055757 46.51023994359683 60.77290424944243 49.48976005640317
38.549675144339346 61.72083158167524 47.450324855660654 66.27916841832476
31.61044212563651 75.01519863359417 32.38955787436349 84.98480136640583
74.57090292788475 46.62970396720759 79.42909707211525 55.37029603279241
7.0079435433478805 49.71826904039867 16.99205645665212 50.28173095960133
