86.28388844026864 5.339189427969509 95.71611155973136 8.66081057203049
47.89175972906939 44.15002423233039 56.10824027093061 49.84997576766961
31.95210760223736 15.036371368094548 38.047892397762645 22.96362863190545
58.99989559502411 11.00000000109004 59.00010440497589 20.99999999890996
7.0391055046921585 76.37587997434439 16.96089449530784 77.62412002565561
61.51023994359683 51.22709575055757 64.48976005640317 60.77290424944243
30.464760560142963 48.24152967201565 33.53523943985704 57.75847032798435
35.015198633594174 83.61044212563651 44.984801366405826 84.38955787436349
72.57090292788475 48.62970396720759 77.42909707211525 57.37029603279241
22.71826904039867 52.00794354334788 23.28173095960133 61.99205645665212
