79.33918942796952 3.2838884402686412 82.66081057203048 12.71611155973136
56.89175972906939 29.15002423233039 65.10824027093061 34.84997576766961
27.042105933489605 6.3524766990593875 36.95789406651039 7.6475233009406125
59.46453992030448 8.464392269371594 66.53546007969553 15.535607730628406
11.03910550469216 73.37587997434439 20.96089449530784 74.62412002565561
51.22709575055757 44.51023994359683 60.77290424944243 47.48976005640317
41.72083158167524 53.549675144339346 46.27916841832476 62.450324855660654
34.61044212563651 78.01519863359417 35.38955787436349 87.98480136640583
78.19210302756673 49.6273650512729 87.80789697243327 52.3726349487271
10.669296899439491 46.2708691554309 17.33070310056051 53.7291308445691
