89.33918942796952 6.283888440268641 92.66081057203048 15.71611155973136
42.07979825414479 51.110272637217825 51.92020174585521 52.889727362782175
27.042105933489605 15.352476699059387 36.95789406651039 16.647523300940613
56.99989559502411 23.00000000109004 57.00010440497589 32.999999998909956
9.050798359201407 74.93343736403222 16.94920164079859 81.06656263596778
57.22709575055757 56.51023994359683 66.77290424944243 59.48976005640317
32.549675144339346 57.72083158167524 41.450324855660654 62.27916841832476
38.61044212563651 75.01519863359417 39.38955787436349 84.98480136640583
70.57090292788475 54.62970396720759 75.42909707211525 63.37029603279241
19.270869155430905 53.66929689943949 26.729130844569095 60.33070310056051
