79.49083511753263 5.83957595303076 88.50916488246737 10.16042404696924
58.89175972906939 32.15002423233039 67.10824027093061 37.84997576766961
24.03637136809455 5.952107602237357 31.96362863190545 12.047892397762643
54.99989559502411 10.00000000109004 55.00010440497589 19.99999999890996
16.933437364032212 65.05079835920141 23.066562635967788 72.94920164079859
50.571627601041634 39.678466477488705 59.428372398958366 44.321533522511295
45.72083158167524 52.549675144339346 50.27916841832476 61.450324855660654
33.199754136319434 78.75067216557352 40.800245863680566 85.24932783442648
91.6273650512729 45.19210302756673 94.3726349487271 54.80789697243327
2.2708691554309053 33.66929689943949 9.729130844569095 40.33070310056051
