78.28388844026864 4.339189427969509 87.71611155973136 7.660810572030491
61.110272637217825 26.079798254144787 62.889727362782175 35.92020174585521
26.95210760223736 3.0363713680945477 33.047892397762645 10.963628631905452
60.99989559502411 7.00000000109004 61.00010440497589 16.99999999890996
17.37587997434439 70.03910550469216 18.62412002565561 79.96089449530784
54.678466477488705 40.571627601041634 59.321533522511295 49.428372398958366
43.72083158167524 55.549675144339346 48.27916841832476 64.45032485566065
39.61044212563651 71.01519863359417 40.38955787436349 80.98480136640583
79.19210302756673 47.6273650512729 88.80789697243327 50.3726349487271
8.270869155430905 40.669296899439495 15.729130844569095 47.330703100560505
