80.83957595303076 2.4908351175326215 85.16042404696924 11.509164882467378
57.89175972906939 35.15002423233039 66.10824027093061 40.84997576766961
27.352476699059387 3.042105933489606 28.647523300940613 12.957894066510395
50.000000001090044 10.999895595024107 59.999999998909956 11.000104404975893
15.933437364032212 70.05079835920141 22.066562635967788 77.94920164079859
57.51023994359683 43.22709575055757 60.48976005640317 52.77290424944243
38.46476056014296 55.24152967201565 41.53523943985704 64.75847032798434
39.199754136319434 75.7506721655735 46.800245863680566 82.2493278344265
88.6273650512729 48.19210302756673 91.3726349487271 57.80789697243327
3.270869155430905 33.669296899439495 10.729130844569095 40.330703100560505
