84.28388844026864 3.339189427969509 93.71611155973136 6.660810572030491
52.89175972906939 52.15002423233039 61.10824027093061 57.84997576766961
32.03637136809455 16.95210760223736 39.96362863190545 23.04789239776264
53.464392269371594 22.46453992030448 60.535607730628406 29.53546007969552
5.0391055046921585 78.37587997434439 14.96089449530784 79.62412002565561
65.51023994359683 57.22709575055757 68.48976005640317 66.77290424944243
43.549675144339346 58.72083158167524 52.450324855660654 63.27916841832476
33.61044212563651 77.01519863359417 34.38955787436349 86.98480136640583
79.62970396720759 56.570902927884745 88.37029603279241 61.429097072115255
30.71826904039867 54.00794354334788 31.28173095960133 63.99205645665212
