83.83957595303076 9.490835117532622 88.16042404696924 18.509164882467378
46.89175972906939 52.15002423233039 55.10824027093061 57.84997576766961
26.042105933489605 20.352476699059387 35.95789406651039 21.647523300940613
58.99989559502411 25.00000000109004 59.00010440497589 34.999999998909956
10.050798359201409 74.93343736403222 17.94920164079859 81.06656263596778
63.51023994359683 54.22709575055757 66.48976005640317 63.77290424944243
38.72083158167524 52.549675144339346 43.27916841832476 61.450324855660654
33.199754136319434 81.75067216557352 40.800245863680566 88.24932783442648
69.57090292788475 51.62970396720759 74.42909707211525 60.37029603279241
19.66929689943949 53.2708691554309 26.33070310056051 60.7291308445691
