90.83957595303076 2.4908351175326207 95.16042404696924 11.50916488246738
47.89175972906939 43.15002423233039 56.10824027093061 48.84997576766961
29.95210760223736 16.03637136809455 36.047892397762645 23.96362863190545
56.99989559502411 9.00000000109004 57.00010440497589 18.99999999890996
8.03910550469216 77.37587997434439 17.96089449530784 78.62412002565561
61.678466477488705 50.571627601041634 66.3215335225113 59.428372398958366
33.24152967201565 54.46476056014296 42.75847032798435 57.53523943985704
36.015198633594174 81.61044212563651 45.984801366405826 82.38955787436349
68.19210302756673 50.6273650512729 77.80789697243327 53.3726349487271
16.00794354334788 56.71826904039867 25.99205645665212 57.28173095960133
