79.28388844026864 3.339189427969509 88.71611155973136 6.660810572030491
58.07979825414479 35.110272637217825 67.92020174585521 36.889727362782175
23.95210760223736 5.036371368094548 30.04789239776264 12.963628631905452
50.000000001090044 11.999895595024107 59.999999998909956 12.000104404975893
17.375879974344393 67.03910550469216 18.624120025655607 76.96089449530784
55.678466477488705 43.571627601041634 60.321533522511295 52.428372398958366
39.24152967201565 57.46476056014296 48.75847032798435 60.53523943985704
38.199754136319434 73.7506721655735 45.800245863680566 80.2493278344265
86.62970396720759 50.570902927884745 95.37029603279241 55.429097072115255
5.270869155430905 33.669296899439495 12.729130844569095 40.330703100560505
