79.28388844026864 2.339189427969509 88.71611155973136 5.660810572030491
67.11027263721782 31.079798254144787 68.88972736278218 40.92020174585521
20.03637136809455 4.952107602237357 27.96362863190545 11.047892397762643
52.99989559502411 11.00000000109004 53.00010440497589 20.99999999890996
18.05079835920141 69.93343736403222 25.94920164079859 76.06656263596778
52.678466477488705 41.571627601041634 57.321533522511295 50.428372398958366
40.549675144339346 59.72083158167524 49.450324855660654 64.27916841832476
36.199754136319434 74.75067216557352 43.800245863680566 81.24932783442648
90.57090292788475 48.62970396720759 95.42909707211525 57.37029603279241
3.718269040398671 34.00794354334788 4.281730959601329 43.99205645665212
