79.28388844026864 4.339189427969509 88.71611155973136 7.660810572030491
59.15002423233039 26.89175972906939 64.8499757676696 35.10824027093061
26.95210760223736 2.0363713680945477 33.047892397762645 9.963628631905452
60.99989559502411 7.00000000109004 61.00010440497589 16.99999999890996
17.37587997434439 71.03910550469216 18.62412002565561 80.96089449530784
52.22709575055757 43.51023994359683 61.77290424944243 46.48976005640317
43.72083158167524 55.549675144339346 48.27916841832476 64.45032485566065
37.61044212563651 71.01519863359417 38.38955787436349 80.98480136640583
80.19210302756673 47.6273650512729 89.80789697243327 50.3726349487271
7.270869155430905 40.669296899439495 14.729130844569095 47.330703100560505
