75.49083511753263 7.83957595303076 84.50916488246737 12.16042404696924
60.89175972906939 37.15002423233039 69.10824027093061 42.84997576766961
24.95210760223736 6.036371368094548 31.04789239776264 13.963628631905452
51.46453992030448 8.464392269371594 58.53546007969552 15.535607730628406
18.05079835920141 74.93343736403222 25.94920164079859 81.06656263596778
56.678466477488705 39.571627601041634 61.321533522511295 48.428372398958366
31.549675144339346 57.72083158167524 40.450324855660654 62.27916841832476
38.75067216557351 76.19975413631943 45.24932783442649 83.80024586368057
84.19210302756673 49.6273650512729 93.80789697243327 52.3726349487271
6.7182690403986705 31.00794354334788 7.2817309596013295 40.99205645665212
