78.83957595303076 6.490835117532621 83.16042404696924 15.50916488246738
53.89175972906939 48.15002423233039 62.10824027093061 53.84997576766961
27.042105933489605 9.352476699059386 36.95789406651039 10.647523300940614
48.000000001090044 40.99989559502411 57.999999998909956 41.00010440497589
9.933437364032212 86.05079835920141 16.066562635967788 93.94920164079859
65.22709575055757 61.51023994359683 74.77290424944243 64.48976005640317
45.549675144339346 50.72083158167524 54.450324855660654 55.27916841832476
25.19975413631943 75.75067216557352 32.800245863680566 82.24932783442648
78.57090292788475 54.62970396720759 83.42909707211525 63.37029603279241
24.66929689943949 56.2708691554309 31.33070310056051 63.7291308445691
