78.28388844026864 12.339189427969508 87.71611155973136 15.660810572030492
57.89175972906939 44.15002423233039 66.10824027093061 49.84997576766961
22.042105933489605 11.352476699059386 31.957894066510395 12.647523300940614
45.464392269371594 35.46453992030448 52.535607730628406 42.53546007969552
8.03910550469216 95.37587997434439 17.96089449530784 96.62412002565561
64.22709575055757 66.51023994359683 73.77290424944243 69.48976005640317
47.72083158167524 45.549675144339346 52.27916841832476 54.450324855660654
25.19975413631943 76.75067216557352 32.800245863680566 83.24932783442648
85.62970396720759 51.570902927884745 94.37029603279241 56.429097072115255
20.66929689943949 60.2708691554309 27.33070310056051 67.7291308445691
