78.28388844026864 12.339189427969508 87.71611155973136 15.660810572030492
61.15002423233039 38.89175972906939 66.8499757676696 47.10824027093061
21.042105933489605 10.352476699059386 30.957894066510395 11.647523300940614
49.99989559502411 37.000000001090044 50.00010440497589 46.999999998909956
9.933437364032212 88.05079835920141 16.066562635967788 95.94920164079859
67.51023994359683 65.22709575055757 70.48976005640317 74.77290424944243
47.549675144339346 51.72083158167524 56.450324855660654 56.27916841832476
25.750672165573512 76.19975413631943 32.24932783442649 83.80024586368057
86.19210302756673 52.6273650512729 95.80789697243327 55.3726349487271
21.270869155430905 58.669296899439495 28.729130844569095 65.33070310056051
