84.83957595303076 6.490835117532621 89.16042404696924 15.50916488246738
49.89175972906939 53.15002423233039 58.10824027093061 58.84997576766961
26.042105933489605 22.352476699059387 35.95789406651039 23.647523300940613
54.46453992030448 23.464392269371594 61.53546007969552 30.535607730628406
11.375879974344391 74.03910550469216 12.624120025655609 83.96089449530784
62.571627601041634 53.678466477488705 71.42837239895837 58.321533522511295
42.549675144339346 55.72083158167524 51.450324855660654 60.27916841832476
33.61044212563651 78.01519863359417 34.38955787436349 87.98480136640583
74.6273650512729 52.19210302756673 77.3726349487271 61.80789697243327
20.270869155430905 56.669296899439495 27.729130844569095 63.330703100560505
