75.49083511753263 6.83957595303076 84.50916488246737 11.16042404696924
63.110272637217825 29.079798254144787 64.88972736278218 38.92020174585521
23.95210760223736 2.0363713680945477 30.04789239776264 9.963628631905452
52.464392269371594 8.46453992030448 59.535607730628406 15.53546007969552
14.933437364032214 65.05079835920141 21.066562635967788 72.94920164079859
49.678466477488705 40.571627601041634 54.321533522511295 49.428372398958366
46.72083158167524 55.549675144339346 51.27916841832476 64.45032485566065
38.61044212563651 75.01519863359417 39.38955787436349 84.98480136640583
84.19210302756673 47.6273650512729 93.80789697243327 50.3726349487271
2.0079435433478805 39.718269040398674 11.992056456652119 40.281730959601326
