76.49083511753263 8.83957595303076 85.50916488246737 13.16042404696924
52.89175972906939 31.15002423233039 61.10824027093061 36.84997576766961
29.042105933489605 24.352476699059387 38.95789406651039 25.647523300940613
54.99989559502411 7.00000000109004 55.00010440497589 16.99999999890996
12.050798359201409 74.93343736403222 19.94920164079859 81.06656263596778
50.571627601041634 47.678466477488705 59.428372398958366 52.321533522511295
34.24152967201565 52.46476056014296 43.75847032798435 55.53523943985704
28.750672165573512 74.19975413631943 35.24932783442649 81.80024586368057
71.57090292788475 50.62970396720759 76.42909707211525 59.37029603279241
10.270869155430905 48.669296899439495 17.729130844569095 55.330703100560505
