80.49083511753263 10.83957595303076 89.50916488246737 15.16042404696924
48.07979825414479 55.110272637217825 57.92020174585521 56.889727362782175
26.03637136809455 17.952107602237355 33.96362863190545 24.047892397762645
58.99989559502411 24.00000000109004 59.00010440497589 33.999999998909956
9.050798359201409 73.93343736403222 16.94920164079859 80.06656263596778
64.6784664774887 53.571627601041634 69.3215335225113 62.428372398958366
36.549675144339346 54.72083158167524 45.450324855660654 59.27916841832476
32.75067216557351 80.19975413631943 39.24932783442649 87.80024586368057
69.57090292788475 50.62970396720759 74.42909707211525 59.37029603279241
20.66929689943949 54.2708691554309 27.33070310056051 61.7291308445691
