67.49083511753263 7.839575953030759 76.50916488246737 12.16042404696924
69.11027263721782 30.079798254144787 70.88972736278218 39.92020174585521
14.042105933489605 14.352476699059387 23.957894066510395 15.647523300940613
35.99989559502411 30.00000000109004 36.00010440497589 39.999999998909956
11.050798359201407 79.93343736403222 18.94920164079859 86.06656263596778
69.57162760104163 80.6784664774887 78.42837239895837 85.3215335225113
40.46476056014296 49.24152967201565 43.53523943985704 58.75847032798435
26.750672165573512 73.19975413631943 33.24932783442649 80.80024586368057
90.6273650512729 50.19210302756673 93.3726349487271 59.80789697243327
18.71826904039867 56.00794354334788 19.28173095960133 65.99205645665212
