84.49083511753263 10.83957595303076 93.50916488246737 15.16042404696924
62.89175972906939 38.15002423233039 71.10824027093061 43.84997576766961
20.03637136809455 5.952107602237358 27.96362863190545 12.047892397762642
53.99989559502411 37.000000001090044 54.00010440497589 46.999999998909956
10.933437364032212 87.05079835920141 17.066562635967788 94.94920164079859
66.22709575055757 70.51023994359683 75.77290424944243 73.48976005640317
48.46476056014296 44.24152967201565 51.53523943985704 53.75847032798435
21.015198633594174 80.61044212563651 30.984801366405826 81.38955787436349
80.62970396720759 51.570902927884745 89.37029603279241 56.429097072115255
21.71826904039867 58.00794354334788 22.28173095960133 67.99205645665212
