67.49083511753263 6.839575953030759 76.50916488246737 11.16042404696924
68.11027263721782 29.079798254144787 69.88972736278218 38.92020174585521
18.352476699059387 10.042105933489605 19.647523300940613 19.957894066510395
31.464392269371594 30.46453992030448 38.535607730628406 37.53546007969552
12.050798359201407 81.93343736403222 19.94920164079859 88.06656263596778
68.57162760104163 79.6784664774887 77.42837239895837 84.3215335225113
36.24152967201565 52.46476056014296 45.75847032798435 55.53523943985704
26.750672165573512 72.19975413631943 33.24932783442649 79.80024586368057
87.62970396720759 53.570902927884745 96.37029603279241 58.429097072115255
14.270869155430905 57.66929689943949 21.729130844569095 64.33070310056051
