82.28388844026864 8.339189427969508 91.71611155973136 11.660810572030492
55.110272637217825 49.07979825414479 56.889727362782175 58.92020174585521
29.03637136809455 19.952107602237355 36.96362863190545 26.047892397762645
57.99989559502411 22.00000000109004 58.00010440497589 31.99999999890996
8.050798359201407 75.93343736403222 15.949201640798593 82.06656263596778
62.571627601041634 56.678466477488705 71.42837239895837 61.321533522511295
42.24152967201565 57.46476056014296 51.75847032798435 60.53523943985704
30.19975413631943 78.75067216557352 37.800245863680566 85.24932783442648
76.6273650512729 53.19210302756673 79.3726349487271 62.80789697243327
22.270869155430905 54.669296899439495 29.729130844569095 61.330703100560505
