79.28388844026864 3.339189427969509 88.71611155973136 6.660810572030491
57.07979825414479 34.110272637217825 66.92020174585521 35.889727362782175
25.352476699059387 4.042105933489606 26.647523300940613 13.957894066510395
51.46453992030448 9.464392269371594 58.53546007969552 16.535607730628406
14.050798359201409 69.93343736403222 21.94920164079859 76.06656263596778
55.51023994359683 44.22709575055757 58.48976005640317 53.77290424944243
42.72083158167524 52.549675144339346 47.27916841832476 61.450324855660654
40.199754136319434 73.75067216557352 47.800245863680566 80.24932783442648
85.62970396720759 50.570902927884745 94.37029603279241 55.429097072115255
2.0079435433478805 35.71826904039867 11.992056456652119 36.28173095960133
