75.49083511753263 9.83957595303076 84.50916488246737 14.16042404696924
60.110272637217825 26.079798254144787 61.889727362782175 35.92020174585521
27.352476699059387 2.042105933489606 28.647523300940613 11.957894066510395
57.46453992030448 12.464392269371594 64.53546007969553 19.535607730628406
10.03910550469216 75.37587997434439 19.96089449530784 76.62412002565561
54.51023994359683 44.22709575055757 57.48976005640317 53.77290424944243
38.549675144339346 61.72083158167524 47.450324855660654 66.27916841832476
33.61044212563651 80.01519863359417 34.38955787436349 89.98480136640583
75.57090292788475 45.62970396720759 80.42909707211525 54.37029603279241
8.669296899439491 47.2708691554309 15.330703100560509 54.7291308445691
