64.28388844026864 12.339189427969508 73.71611155973136 15.660810572030492
70.1500242323304 30.89175972906939 75.8499757676696 39.10824027093061
17.352476699059387 10.042105933489605 18.647523300940613 19.957894066510395
35.46453992030448 31.464392269371594 42.53546007969552 38.535607730628406
9.03910550469216 84.37587997434439 18.96089449530784 85.62412002565561
68.6784664774887 81.57162760104163 73.3215335225113 90.42837239895837
36.24152967201565 49.46476056014296 45.75847032798435 52.53523943985704
32.61044212563651 74.01519863359417 33.38955787436349 83.98480136640583
92.6273650512729 54.19210302756673 95.3726349487271 63.80789697243327
17.270869155430905 56.66929689943949 24.729130844569095 63.33070310056051
