67.33918942796952 8.28388844026864 70.66081057203048 17.71611155973136
70.1500242323304 30.89175972906939 75.8499757676696 39.10824027093061
18.352476699059387 9.042105933489605 19.647523300940613 18.957894066510395
37.464392269371594 32.46453992030448 44.535607730628406 39.53546007969552
12.375879974344391 80.03910550469216 13.624120025655609 89.96089449530784
68.51023994359683 80.22709575055757 71.48976005640317 89.77290424944243
37.24152967201565 46.46476056014296 46.75847032798435 49.53523943985704
32.61044212563651 73.01519863359417 33.38955787436349 82.98480136640583
91.6273650512729 55.19210302756673 94.3726349487271 64.80789697243327
16.00794354334788 60.71826904039867 25.99205645665212 61.28173095960133
