78.33918942796952 7.283888440268641 81.66081057203048 16.71611155973136
59.15002423233039 26.89175972906939 64.8499757676696 35.10824027093061
25.042105933489605 9.352476699059386 34.95789406651039 10.647523300940614
59.99989559502411 11.00000000109004 60.00010440497589 20.99999999890996
14.375879974344391 73.03910550469216 15.624120025655609 82.96089449530784
55.51023994359683 43.22709575055757 58.48976005640317 52.77290424944243
38.549675144339346 65.72083158167524 47.450324855660654 70.27916841832476
29.015198633594174 83.61044212563651 38.984801366405826 84.38955787436349
75.19210302756673 45.6273650512729 84.80789697243327 48.3726349487271
12.71826904039867 45.00794354334788 13.28173095960133 54.99205645665212
