82.49083511753263 9.83957595303076 91.50916488246737 14.16042404696924
45.07979825414479 53.110272637217825 54.92020174585521 54.889727362782175
27.03637136809455 16.952107602237355 34.96362863190545 23.047892397762645
58.99989559502411 24.00000000109004 59.00010440497589 33.999999998909956
10.933437364032214 73.05079835920141 17.066562635967788 80.94920164079859
59.571627601041634 57.678466477488705 68.42837239895837 62.321533522511295
36.72083158167524 52.549675144339346 41.27916841832476 61.450324855660654
35.199754136319434 79.75067216557352 42.800245863680566 86.24932783442648
69.57090292788475 54.62970396720759 74.42909707211525 63.37029603279241
19.00794354334788 55.71826904039867 28.99205645665212 56.28173095960133
