85.49083511753263 10.83957595303076 94.50916488246737 15.16042404696924
45.07979825414479 52.110272637217825 54.92020174585521 53.889727362782175
31.352476699059387 14.042105933489605 32.64752330094061 23.957894066510395
60.99989559502411 24.00000000109004 61.00010440497589 33.999999998909956
11.933437364032214 74.05079835920141 18.066562635967788 81.94920164079859
58.571627601041634 56.678466477488705 67.42837239895837 61.321533522511295
35.72083158167524 53.549675144339346 40.27916841832476 62.450324855660654
35.199754136319434 78.75067216557352 42.800245863680566 85.24932783442648
69.57090292788475 54.62970396720759 74.42909707211525 63.37029603279241
20.66929689943949 52.2708691554309 27.33070310056051 59.7291308445691
