76.28388844026864 10.339189427969508 85.71611155973136 13.660810572030492
53.89175972906939 48.15002423233039 62.10824027093061 53.84997576766961
27.042105933489605 9.352476699059386 36.95789406651039 10.647523300940614
50.464392269371594 37.46453992030448 57.535607730628406 44.53546007969552
10.933437364032212 89.05079835920141 17.066562635967788 96.94920164079859
67.6784664774887 58.571627601041634 72.3215335225113 67.42837239895837
45.549675144339346 49.72083158167524 54.450324855660654 54.27916841832476
28.61044212563651 75.01519863359417 29.38955787436349 84.98480136640583
78.19210302756673 58.6273650512729 87.80789697243327 61.3726349487271
25.270869155430905 56.669296899439495 32.7291308445691 63.330703100560505
