85.28388844026864 9.339189427969508 94.71611155973136 12.660810572030492
46.150024232330395 40.89175972906939 51.849975767669605 49.10824027093061
30.352476699059387 16.042105933489605 31.647523300940613 25.957894066510395
53.000000001090044 13.999895595024107 62.999999998909956 14.000104404975893
4.0391055046921585 73.37587997434439 13.96089449530784 74.62412002565561
55.22709575055757 57.51023994359683 64.77290424944243 60.48976005640317
34.72083158167524 54.549675144339346 39.27916841832476 63.450324855660654
36.199754136319434 79.75067216557352 43.800245863680566 86.24932783442648
69.57090292788475 45.62970396720759 74.42909707211525 54.37029603279241
14.270869155430905 54.669296899439495 21.729130844569095 61.330703100560505
