85.33918942796952 4.283888440268641 88.66081057203048 13.71611155973136
54.07979825414479 50.110272637217825 63.92020174585521 51.889727362782175
32.03637136809455 9.952107602237358 39.96362863190545 16.04789239776264
50.99989559502411 26.00000000109004 51.00010440497589 35.999999998909956
8.933437364032212 79.05079835920141 15.066562635967788 86.94920164079859
63.571627601041634 61.678466477488705 72.42837239895837 66.3215335225113
46.72083158167524 48.549675144339346 51.27916841832476 57.450324855660654
29.19975413631943 76.75067216557352 36.800245863680566 83.24932783442648
80.57090292788475 59.62970396720759 85.42909707211525 68.37029603279241
26.00794354334788 55.71826904039867 35.99205645665212 56.28173095960133
