77.28388844026864 12.339189427969508 86.71611155973136 15.660810572030492
58.110272637217825 47.07979825414479 59.889727362782175 56.92020174585521
27.95210760223736 4.036371368094548 34.047892397762645 11.963628631905452
45.46453992030448 37.464392269371594 52.53546007969552 44.535607730628406
10.03910550469216 94.37587997434439 19.96089449530784 95.62412002565561
61.22709575055757 61.51023994359683 70.77290424944243 64.48976005640317
47.46476056014296 49.24152967201565 50.53523943985704 58.75847032798435
24.015198633594174 79.61044212563651 33.984801366405826 80.38955787436349
79.62970396720759 58.570902927884745 88.37029603279241 63.429097072115255
23.00794354334788 60.718269040398674 32.99205645665212 61.281730959601326
