79.28388844026864 3.339189427969509 88.71611155973136 6.660810572030491
57.89175972906939 29.15002423233039 66.10824027093061 34.84997576766961
27.042105933489605 4.3524766990593875 36.95789406651039 5.6475233009406125
60.99989559502411 7.00000000109004 61.00010440497589 16.99999999890996
15.03910550469216 69.37587997434439 24.96089449530784 70.62412002565561
57.51023994359683 43.22709575055757 60.48976005640317 52.77290424944243
43.72083158167524 55.549675144339346 48.27916841832476 64.45032485566065
37.199754136319434 70.75067216557352 44.800245863680566 77.24932783442648
79.57090292788475 48.62970396720759 84.42909707211525 57.37029603279241
9.270869155430905 44.669296899439495 16.729130844569095 51.330703100560505
