79.49083511753263 7.839575953030759 88.50916488246737 12.16042404696924
55.07979825414479 48.110272637217825 64.92020174585521 49.889727362782175
30.042105933489605 11.352476699059386 39.95789406651039 12.647523300940614
47.000000001090044 38.99989559502411 56.999999998909956 39.00010440497589
8.933437364032212 82.05079835920141 15.066562635967788 89.94920164079859
64.22709575055757 60.51023994359683 73.77290424944243 63.48976005640317
47.24152967201565 50.46476056014296 56.75847032798435 53.53523943985704
27.19975413631943 74.75067216557352 34.800245863680566 81.24932783442648
77.57090292788475 53.62970396720759 82.42909707211525 62.37029603279241
25.66929689943949 55.2708691554309 32.330703100560505 62.7291308445691
