84.28388844026864 11.339189427969508 93.71611155973136 14.660810572030492
44.07979825414479 44.110272637217825 53.92020174585521 45.889727362782175
28.352476699059387 17.042105933489605 29.647523300940613 26.957894066510395
55.464392269371594 9.464539920304482 62.535607730628406 16.53546007969552
10.375879974344391 70.03910550469216 11.624120025655609 79.96089449530784
57.678466477488705 51.571627601041634 62.321533522511295 60.428372398958366
33.24152967201565 57.46476056014296 42.75847032798435 60.53523943985704
36.015198633594174 83.61044212563651 45.984801366405826 84.38955787436349
65.6273650512729 46.19210302756673 68.3726349487271 55.80789697243327
12.270869155430905 51.66929689943949 19.729130844569095 58.33070310056051
