82.49083511753263 6.839575953030759 91.50916488246737 11.16042404696924
55.150024232330395 47.89175972906939 60.849975767669605 56.10824027093061
32.04210593348961 12.352476699059387 41.95789406651039 13.647523300940613
50.99989559502411 26.00000000109004 51.00010440497589 35.999999998909956
8.933437364032212 79.05079835920141 15.066562635967788 86.94920164079859
66.51023994359683 59.22709575055757 69.48976005640317 68.77290424944243
47.72083158167524 48.549675144339346 52.27916841832476 57.450324855660654
31.61044212563651 75.01519863359417 32.38955787436349 84.98480136640583
80.57090292788475 59.62970396720759 85.42909707211525 68.37029603279241
29.71826904039867 50.00794354334788 30.28173095960133 59.99205645665212
