78.83957595303076 7.490835117532621 83.16042404696924 16.50916488246738
60.110272637217825 27.079798254144787 61.889727362782175 36.92020174585521
32.952107602237355 17.03637136809455 39.047892397762645 24.96362863190545
56.464392269371594 11.464539920304482 63.535607730628406 18.53546007969552
19.37587997434439 76.03910550469216 20.62412002565561 85.96089449530784
51.51023994359683 44.22709575055757 54.48976005640317 53.77290424944243
36.72083158167524 54.549675144339346 41.27916841832476 63.450324855660654
30.19975413631943 77.75067216557352 37.800245863680566 84.24932783442648
68.57090292788475 48.62970396720759 73.42909707211525 57.37029603279241
9.270869155430905 51.669296899439495 16.729130844569095 58.330703100560505
