86.28388844026864 6.339189427969509 95.71611155973136 9.660810572030492
51.110272637217825 40.07979825414479 52.889727362782175 49.92020174585521
26.042105933489605 20.352476699059387 35.95789406651039 21.647523300940613
55.99989559502411 10.00000000109004 56.00010440497589 19.99999999890996
8.03910550469216 77.37587997434439 17.96089449530784 78.62412002565561
57.571627601041634 54.678466477488705 66.42837239895837 59.321533522511295
33.24152967201565 54.46476056014296 42.75847032798435 57.53523943985704
36.015198633594174 81.61044212563651 45.984801366405826 82.38955787436349
67.62970396720759 47.570902927884745 76.37029603279241 52.429097072115255
18.66929689943949 54.2708691554309 25.33070310056051 61.7291308445691
