74.49083511753263 7.83957595303076 83.50916488246737 12.16042404696924
61.110272637217825 30.079798254144787 62.889727362782175 39.92020174585521
22.352476699059387 6.042105933489606 23.647523300940613 15.957894066510395
46.464392269371594 34.46453992030448 53.535607730628406 41.53546007969552
10.03910550469216 89.37587997434439 19.96089449530784 90.62412002565561
66.6784664774887 73.57162760104163 71.3215335225113 82.42837239895837
43.72083158167524 46.549675144339346 48.27916841832476 55.450324855660654
24.19975413631943 74.75067216557352 31.80024586368057 81.24932783442648
86.62970396720759 50.570902927884745 95.37029603279241 55.429097072115255
15.270869155430905 53.669296899439495 22.729130844569095 60.330703100560505
