82.28388844026864 6.339189427969509 91.71611155973136 9.66081057203049
49.07979825414479 37.110272637217825 58.92020174585521 38.889727362782175
30.95210760223736 22.03637136809455 37.047892397762645 29.96362863190545
53.99989559502411 7.00000000109004 54.00010440497589 16.99999999890996
11.03910550469216 77.37587997434439 20.96089449530784 78.62412002565561
55.571627601041634 53.678466477488705 64.42837239895837 58.321533522511295
32.24152967201565 56.46476056014296 41.75847032798435 59.53523943985704
27.750672165573512 73.19975413631943 34.24932783442649 80.80024586368057
65.6273650512729 47.19210302756673 68.3726349487271 56.80789697243327
10.007943543347881 54.71826904039867 19.99205645665212 55.28173095960133
