76.28388844026864 10.33918942796951 85.71611155973136 13.66081057203049
58.07979825414479 31.11027263721782 67.92020174585521 32.889727362782175
26.95210760223736 3.0363713680945477 33.047892397762645 10.963628631905452
63.99989559502411 10.00000000109004 64.0001044049759 19.99999999890996
13.050798359201407 72.93343736403222 20.94920164079859 79.06656263596778
53.22709575055757 45.51023994359683 62.77290424944243 48.48976005640317
41.72083158167524 54.549675144339346 46.27916841832476 63.450324855660654
33.61044212563651 80.01519863359417 34.38955787436349 89.98480136640583
78.19210302756673 48.6273650512729 87.80789697243327 51.3726349487271
5.0079435433478805 50.71826904039867 14.992056456652119 51.28173095960133
