83.28388844026864 5.339189427969509 92.71611155973136 8.660810572030492
50.89175972906939 50.15002423233039 59.10824027093061 55.84997576766961
34.04210593348961 16.352476699059387 43.95789406651039 17.647523300940613
56.99989559502411 23.00000000109004 57.00010440497589 32.999999998909956
4.0391055046921585 80.37587997434439 13.96089449530784 81.62412002565561
63.571627601041634 58.678466477488705 72.42837239895837 63.321533522511295
46.549675144339346 53.72083158167524 55.450324855660654 58.27916841832476
27.19975413631943 76.75067216557352 34.800245863680566 83.24932783442648
79.62970396720759 61.570902927884745 88.37029603279241 66.42909707211525
29.71826904039867 51.00794354334788 30.28173095960133 60.99205645665212
