85.83957595303076 7.490835117532621 90.16042404696924 16.50916488246738
67.1500242323304 39.89175972906939 72.8499757676696 48.10824027093061
23.042105933489605 10.352476699059386 32.95789406651039 11.647523300940614
51.46453992030448 40.464392269371594 58.53546007969552 47.535607730628406
16.375879974344393 84.03910550469216 17.624120025655607 93.96089449530784
65.6784664774887 63.571627601041634 70.3215335225113 72.42837239895837
48.46476056014296 45.24152967201565 51.53523943985704 54.75847032798435
21.015198633594174 78.61044212563651 30.984801366405826 79.38955787436349
84.6273650512729 48.19210302756673 87.3726349487271 57.80789697243327
16.270869155430905 59.66929689943949 23.729130844569095 66.33070310056051
