76.49083511753263 7.83957595303076 85.50916488246737 12.16042404696924
59.15002423233039 27.89175972906939 64.8499757676696 36.10824027093061
22.042105933489605 5.3524766990593875 31.957894066510395 6.6475233009406125
54.46453992030448 10.464392269371594 61.53546007969552 17.535607730628406
14.933437364032214 67.05079835920141 21.066562635967788 74.94920164079859
47.22709575055757 43.51023994359683 56.77290424944243 46.48976005640317
45.24152967201565 56.46476056014296 54.75847032798435 59.53523943985704
34.015198633594174 78.61044212563651 43.984801366405826 79.38955787436349
85.19210302756673 47.6273650512729 94.80789697243327 50.3726349487271
2.0079435433478805 38.71826904039867 11.992056456652119 39.28173095960133
