81.28388844026864 6.339189427969509 90.71611155973136 9.660810572030492
47.89175972906939 41.15002423233039 56.10824027093061 46.84997576766961
30.352476699059387 19.042105933489605 31.647523300940613 28.957894066510395
56.46453992030448 8.464392269371594 63.53546007969552 15.535607730628406
12.375879974344391 69.03910550469216 13.624120025655609 78.96089449530784
58.678466477488705 51.571627601041634 63.321533522511295 60.428372398958366
37.46476056014296 54.24152967201565 40.53523943985704 63.75847032798435
29.19975413631943 77.75067216557352 36.800245863680566 84.24932783442648
64.19210302756673 50.6273650512729 73.80789697243327 53.3726349487271
14.71826904039867 50.00794354334788 15.28173095960133 59.99205645665212
