80.28388844026864 5.339189427969509 89.71611155973136 8.66081057203049
48.89175972906939 34.15002423233039 57.10824027093061 39.84997576766961
28.95210760223736 21.03637136809455 35.047892397762645 28.96362863190545
53.99989559502411 8.00000000109004 54.00010440497589 17.99999999890996
12.050798359201407 74.93343736403222 19.94920164079859 81.06656263596778
54.571627601041634 54.678466477488705 63.428372398958366 59.321533522511295
32.24152967201565 55.46476056014296 41.75847032798435 58.53523943985704
27.19975413631943 73.75067216557352 34.800245863680566 80.24932783442648
64.19210302756673 50.6273650512729 73.80789697243327 53.3726349487271
10.669296899439491 50.2708691554309 17.33070310056051 57.7291308445691
