79.33918942796952 6.283888440268641 82.66081057203048 15.71611155973136
57.89175972906939 28.15002423233039 66.10824027093061 33.84997576766961
27.95210760223736 6.036371368094548 34.047892397762645 13.963628631905452
56.46453992030448 12.464392269371594 63.53546007969552 19.535607730628406
15.375879974344391 73.03910550469216 16.62412002565561 82.96089449530784
50.571627601041634 45.678466477488705 59.428372398958366 50.321533522511295
40.549675144339346 65.72083158167524 49.450324855660654 70.27916841832476
28.19975413631943 79.75067216557352 35.800245863680566 86.24932783442648
76.19210302756673 46.6273650512729 85.80789697243327 49.3726349487271
9.669296899439491 46.2708691554309 16.33070310056051 53.7291308445691
