75.83957595303076 2.4908351175326215 80.16042404696924 11.509164882467378
64.07979825414479 37.110272637217825 73.92020174585521 38.889727362782175
19.95210760223736 8.036371368094548 26.04789239776264 15.963628631905452
47.99989559502411 33.000000001090044 48.00010440497589 42.999999998909956
11.050798359201407 83.93343736403222 18.94920164079859 90.06656263596778
65.22709575055757 75.51023994359683 74.77290424944243 78.48976005640317
42.24152967201565 48.46476056014296 51.75847032798435 51.53523943985704
22.19975413631943 76.75067216557352 29.80024586368057 83.24932783442648
86.62970396720759 54.570902927884745 95.37029603279241 59.429097072115255
14.007943543347881 58.718269040398674 23.99205645665212 59.281730959601326
