87.83957595303076 7.490835117532621 92.16042404696924 16.50916488246738
43.07979825414479 49.110272637217825 52.92020174585521 50.889727362782175
31.352476699059387 8.042105933489605 32.64752330094061 17.957894066510395
57.99989559502411 21.00000000109004 58.00010440497589 30.99999999890996
7.050798359201407 73.93343736403222 14.949201640798593 80.06656263596778
61.51023994359683 54.22709575055757 64.48976005640317 63.77290424944243
34.46476056014296 52.24152967201565 37.53523943985704 61.75847032798435
38.75067216557351 78.19975413631943 45.24932783442649 85.80024586368057
72.57090292788475 53.62970396720759 77.42909707211525 62.37029603279241
21.71826904039867 54.00794354334788 22.28173095960133 63.99205645665212
