78.49083511753263 2.8395759530307596 87.50916488246737 7.16042404696924
64.11027263721782 33.07979825414479 65.88972736278218 42.92020174585521
23.95210760223736 5.036371368094548 30.04789239776264 12.963628631905452
51.46453992030448 6.464392269371594 58.53546007969552 13.535607730628406
15.933437364032212 70.05079835920141 22.066562635967788 77.94920164079859
55.678466477488705 41.571627601041634 60.321533522511295 50.428372398958366
39.549675144339346 56.72083158167524 48.450324855660654 61.27916841832476
42.61044212563651 74.01519863359417 43.38955787436349 83.98480136640583
85.57090292788475 48.62970396720759 90.42909707211525 57.37029603279241
6.669296899439492 32.2708691554309 13.330703100560509 39.7291308445691
