75.49083511753263 9.83957595303076 84.50916488246737 14.16042404696924
60.15002423233039 26.89175972906939 65.8499757676696 35.10824027093061
33.35247669905939 13.042105933489605 34.64752330094061 22.957894066510395
57.46453992030448 13.464392269371594 64.53546007969553 20.535607730628406
15.375879974344391 74.03910550469216 16.62412002565561 83.96089449530784
51.678466477488705 43.571627601041634 56.321533522511295 52.428372398958366
35.549675144339346 59.72083158167524 44.450324855660654 64.27916841832476
28.750672165573512 77.19975413631943 35.24932783442649 84.80024586368057
68.57090292788475 47.62970396720759 73.42909707211525 56.37029603279241
8.669296899439491 50.2708691554309 15.330703100560509 57.7291308445691
