78.83957595303076 8.49083511753262 83.16042404696924 17.50916488246738
57.15002423233039 45.89175972906939 62.84997576766961 54.10824027093061
29.03637136809455 6.952107602237357 36.96362863190545 13.047892397762643
49.000000001090044 38.99989559502411 58.999999998909956 39.00010440497589
8.933437364032212 85.05079835920141 15.066562635967788 92.94920164079859
64.22709575055757 58.51023994359683 73.77290424944243 61.48976005640317
45.549675144339346 50.72083158167524 54.450324855660654 55.27916841832476
24.750672165573512 75.19975413631943 31.249327834426488 82.80024586368057
76.62970396720759 55.570902927884745 85.37029603279241 60.429097072115255
24.66929689943949 55.2708691554309 31.33070310056051 62.7291308445691
