75.49083511753263 9.83957595303076 84.50916488246737 14.16042404696924
61.110272637217825 26.079798254144787 62.889727362782175 35.92020174585521
31.95210760223736 17.03637136809455 38.047892397762645 24.96362863190545
57.000000001090044 15.999895595024107 66.99999999890996 16.000104404975893
14.050798359201407 75.93343736403222 21.94920164079859 82.06656263596778
52.678466477488705 45.571627601041634 57.321533522511295 54.428372398958366
36.72083158167524 56.549675144339346 41.27916841832476 65.45032485566065
28.750672165573512 76.19975413631943 35.24932783442649 83.80024586368057
69.6273650512729 48.19210302756673 72.3726349487271 57.80789697243327
11.71826904039867 49.00794354334788 12.28173095960133 58.99205645665212
