76.83957595303076 7.490835117532621 81.16042404696924 16.50916488246738
62.110272637217825 25.079798254144787 63.889727362782175 34.92020174585521
30.95210760223736 14.036371368094548 37.047892397762645 21.96362863190545
58.46453992030448 13.464392269371594 65.53546007969553 20.535607730628406
16.37587997434439 75.03910550469216 17.62412002565561 84.96089449530784
54.51023994359683 45.22709575055757 57.48976005640317 54.77290424944243
37.72083158167524 56.549675144339346 42.27916841832476 65.45032485566065
28.19975413631943 77.75067216557352 35.800245863680566 84.24932783442648
67.57090292788475 47.62970396720759 72.42909707211525 56.37029603279241
9.669296899439491 49.2708691554309 16.33070310056051 56.7291308445691
