73.49083511753263 8.83957595303076 82.50916488246737 13.16042404696924
61.89175972906939 39.15002423233039 70.10824027093061 44.84997576766961
27.352476699059387 8.042105933489605 28.647523300940613 17.957894066510395
49.46453992030448 9.464392269371594 56.53546007969552 16.535607730628406
22.37587997434439 77.03910550469216 23.62412002565561 86.96089449530784
52.571627601041634 39.678466477488705 61.428372398958366 44.321533522511295
36.549675144339346 57.72083158167524 45.450324855660654 62.27916841832476
43.75067216557351 80.19975413631943 50.24932783442649 87.80024586368057
81.19210302756673 51.6273650512729 90.80789697243327 54.3726349487271
3.0079435433478805 35.718269040398674 12.992056456652119 36.281730959601326
