82.83957595303076 4.4908351175326215 87.16042404696924 13.509164882467378
55.07979825414479 30.11027263721782 64.92020174585521 31.88972736278218
23.03637136809455 4.952107602237358 30.96362863190545 11.047892397762642
58.99989559502411 10.00000000109004 59.00010440497589 19.99999999890996
11.03910550469216 72.37587997434439 20.96089449530784 73.62412002565561
50.571627601041634 42.678466477488705 59.428372398958366 47.321533522511295
42.549675144339346 58.72083158167524 51.450324855660654 63.27916841832476
34.199754136319434 75.75067216557352 41.800245863680566 82.24932783442648
84.6273650512729 44.19210302756673 87.3726349487271 53.80789697243327
4.0079435433478805 41.71826904039867 13.992056456652119 42.28173095960133
