82.28388844026864 7.339189427969509 91.71611155973136 10.66081057203049
55.150024232330395 47.89175972906939 60.849975767669605 56.10824027093061
31.042105933489605 15.352476699059386 40.95789406651039 16.647523300940613
51.99989559502411 26.00000000109004 52.00010440497589 35.999999998909956
9.933437364032212 78.05079835920141 16.066562635967788 85.94920164079859
65.51023994359683 59.22709575055757 68.48976005640317 68.77290424944243
47.46476056014296 49.24152967201565 50.53523943985704 58.75847032798435
27.750672165573512 76.19975413631943 34.24932783442649 83.80024586368057
80.57090292788475 60.62970396720759 85.42909707211525 69.37029603279241
24.00794354334788 56.718269040398674 33.99205645665212 57.281730959601326
