66.49083511753263 7.839575953030759 75.50916488246737 12.16042404696924
64.89175972906939 29.15002423233039 73.10824027093061 34.84997576766961
18.352476699059387 11.042105933489605 19.647523300940613 20.957894066510395
32.000000001090044 33.99989559502411 41.999999998909956 34.00010440497589
13.050798359201407 80.93343736403222 20.94920164079859 87.06656263596778
68.57162760104163 78.6784664774887 77.42837239895837 83.3215335225113
37.24152967201565 51.46476056014296 46.75847032798435 54.53523943985704
25.015198633594174 74.61044212563651 34.984801366405826 75.38955787436349
89.57090292788475 52.62970396720759 94.42909707211525 61.37029603279241
14.669296899439491 58.2708691554309 21.33070310056051 65.7291308445691
