86.28388844026864 8.33918942796951 95.71611155973136 11.66081057203049
48.89175972906939 46.15002423233039 57.10824027093061 51.84997576766961
34.35247669905939 14.042105933489605 35.64752330094061 23.957894066510395
55.000000001090044 15.999895595024107 64.99999999890996 16.000104404975893
12.375879974344391 71.03910550469216 13.624120025655609 80.96089449530784
62.51023994359683 50.22709575055757 65.48976005640317 59.77290424944243
32.46476056014296 48.24152967201565 35.53523943985704 57.75847032798435
36.199754136319434 79.75067216557352 43.800245863680566 86.24932783442648
70.19210302756673 52.6273650512729 79.80789697243327 55.3726349487271
18.66929689943949 56.2708691554309 25.33070310056051 63.7291308445691
