67.49083511753263 9.83957595303076 76.50916488246737 14.16042404696924
70.1500242323304 31.89175972906939 75.8499757676696 40.10824027093061
12.042105933489605 13.352476699059387 21.957894066510395 14.647523300940613
37.000000001090044 38.99989559502411 46.999999998909956 39.00010440497589
11.933437364032212 83.05079835920141 18.066562635967788 90.94920164079859
68.51023994359683 80.22709575055757 71.48976005640317 89.77290424944243
40.24152967201565 47.46476056014296 49.75847032798435 50.53523943985704
26.015198633594174 78.61044212563651 35.984801366405826 79.38955787436349
91.6273650512729 55.19210302756673 94.3726349487271 64.80789697243327
17.66929689943949 55.2708691554309 24.33070310056051 62.7291308445691
