80.33918942796952 2.2838884402686412 83.66081057203048 11.71611155973136
58.89175972906939 35.15002423233039 67.10824027093061 40.84997576766961
23.03637136809455 6.952107602237357 30.96362863190545 13.047892397762643
49.000000001090044 11.999895595024107 58.999999998909956 12.000104404975893
20.375879974344393 69.03910550469216 21.624120025655607 78.96089449530784
55.678466477488705 44.571627601041634 60.321533522511295 53.428372398958366
35.46476056014296 56.24152967201565 38.53523943985704 65.75847032798434
37.199754136319434 73.7506721655735 44.800245863680566 80.2493278344265
87.57090292788475 48.62970396720759 92.42909707211525 57.37029603279241
5.7182690403986705 31.00794354334788 6.2817309596013295 40.99205645665212
