77.49083511753263 4.83957595303076 86.50916488246737 9.16042404696924
60.89175972906939 36.15002423233039 69.10824027093061 41.84997576766961
25.95210760223736 5.036371368094548 32.047892397762645 12.963628631905452
49.46453992030448 8.464392269371594 56.53546007969552 15.535607730628406
18.03910550469216 75.37587997434439 27.96089449530784 76.62412002565561
58.678466477488705 39.571627601041634 63.321533522511295 48.428372398958366
33.46476056014296 54.24152967201565 36.53523943985704 63.75847032798435
39.75067216557351 75.19975413631943 46.24932783442649 82.80024586368057
85.6273650512729 46.19210302756673 88.3726349487271 55.80789697243327
3.270869155430905 32.669296899439495 10.729130844569095 39.330703100560505
