79.28388844026864 2.339189427969509 88.71611155973136 5.660810572030491
68.11027263721782 32.07979825414479 69.88972736278218 41.92020174585521
20.03637136809455 4.952107602237357 27.96362863190545 11.047892397762643
53.99989559502411 9.00000000109004 54.00010440497589 18.99999999890996
17.05079835920141 70.93343736403222 24.94920164079859 77.06656263596778
53.51023994359683 43.22709575055757 56.48976005640317 52.77290424944243
41.24152967201565 60.46476056014296 50.75847032798435 63.53523943985704
36.015198633594174 77.61044212563651 45.984801366405826 78.38955787436349
86.19210302756673 53.6273650512729 95.80789697243327 56.3726349487271
3.718269040398671 33.00794354334788 4.281730959601329 42.99205645665212
