88.33918942796952 8.28388844026864 91.66081057203048 17.71611155973136
44.89175972906939 50.15002423233039 53.10824027093061 55.84997576766961
26.042105933489605 16.352476699059387 35.95789406651039 17.647523300940613
53.46453992030448 24.464392269371594 60.53546007969552 31.535607730628406
9.050798359201407 74.93343736403222 16.94920164079859 81.06656263596778
58.22709575055757 58.51023994359683 67.77290424944243 61.48976005640317
35.46476056014296 53.24152967201565 38.53523943985704 62.75847032798435
35.199754136319434 78.75067216557352 42.800245863680566 85.24932783442648
70.6273650512729 53.19210302756673 73.3726349487271 62.80789697243327
19.270869155430905 53.66929689943949 26.729130844569095 60.33070310056051
