77.28388844026864 10.339189427969508 86.71611155973136 13.660810572030492
55.89175972906939 48.15002423233039 64.10824027093061 53.84997576766961
27.042105933489605 7.352476699059387 36.95789406651039 8.647523300940614
44.000000001090044 39.99989559502411 53.999999998909956 40.00010440497589
7.0391055046921585 94.37587997434439 16.96089449530784 95.62412002565561
65.6784664774887 58.571627601041634 70.3215335225113 67.42837239895837
45.549675144339346 49.72083158167524 54.450324855660654 54.27916841832476
27.61044212563651 76.01519863359417 28.38955787436349 85.98480136640583
79.57090292788475 54.62970396720759 84.42909707211525 63.37029603279241
25.270869155430905 56.669296899439495 32.7291308445691 63.330703100560505
