85.49083511753263 7.839575953030759 94.50916488246737 12.16042404696924
44.89175972906939 43.15002423233039 53.10824027093061 48.84997576766961
27.95210760223736 18.03637136809455 34.047892397762645 25.96362863190545
52.000000001090044 14.999895595024107 61.999999998909956 15.000104404975893
8.375879974344391 70.03910550469216 9.624120025655609 79.96089449530784
57.678466477488705 55.571627601041634 62.321533522511295 64.42837239895837
34.72083158167524 54.549675144339346 39.27916841832476 63.450324855660654
36.199754136319434 81.75067216557352 43.800245863680566 88.24932783442648
69.57090292788475 45.62970396720759 74.42909707211525 54.37029603279241
13.270869155430905 55.669296899439495 20.729130844569095 62.330703100560505
