79.49083511753263 5.83957595303076 88.50916488246737 10.16042404696924
50.07979825414479 36.110272637217825 59.92020174585521 37.889727362782175
30.95210760223736 20.03637136809455 37.047892397762645 27.96362863190545
50.464392269371594 9.464539920304482 57.535607730628406 16.53546007969552
13.050798359201407 74.93343736403222 20.94920164079859 81.06656263596778
52.22709575055757 52.51023994359683 61.77290424944243 55.48976005640317
33.24152967201565 52.46476056014296 42.75847032798435 55.53523943985704
28.750672165573512 72.19975413631943 35.24932783442649 79.80024586368057
66.19210302756673 49.6273650512729 75.80789697243327 52.3726349487271
10.270869155430905 48.669296899439495 17.729130844569095 55.330703100560505
