85.28388844026864 8.339189427969508 94.71611155973136 11.660810572030492
45.150024232330395 41.89175972906939 50.849975767669605 50.10824027093061
26.95210760223736 18.03637136809455 33.047892397762645 25.96362863190545
53.000000001090044 12.999895595024107 62.999999998909956 13.000104404975893
6.933437364032214 70.05079835920141 13.066562635967786 77.94920164079859
56.51023994359683 56.22709575055757 59.48976005640317 65.77290424944243
37.46476056014296 54.24152967201565 40.53523943985704 63.75847032798435
34.015198633594174 84.61044212563651 43.984801366405826 85.38955787436349
68.57090292788475 45.62970396720759 73.42909707211525 54.37029603279241
16.71826904039867 52.00794354334788 17.28173095960133 61.99205645665212
