80.33918942796952 9.28388844026864 83.66081057203048 18.71611155973136
60.15002423233039 24.89175972906939 65.8499757676696 33.10824027093061
28.03637136809455 10.952107602237358 35.96362863190545 17.04789239776264
58.46453992030448 15.464392269371594 65.53546007969553 22.535607730628406
15.375879974344391 71.03910550469216 16.62412002565561 80.96089449530784
51.22709575055757 45.51023994359683 60.77290424944243 48.48976005640317
37.549675144339346 63.72083158167524 46.450324855660654 68.27916841832476
28.19975413631943 76.75067216557352 35.800245863680566 83.24932783442648
73.6273650512729 46.19210302756673 76.3726349487271 55.80789697243327
7.0079435433478805 49.71826904039867 16.99205645665212 50.28173095960133
