76.28388844026864 6.339189427969509 85.71611155973136 9.66081057203049
60.89175972906939 35.15002423233039 69.10824027093061 40.84997576766961
27.352476699059387 6.042105933489606 28.647523300940613 15.957894066510395
49.46453992030448 10.464392269371594 56.53546007969552 17.535607730628406
19.933437364032212 70.05079835920141 26.066562635967788 77.94920164079859
56.571627601041634 43.678466477488705 65.42837239895837 48.321533522511295
31.549675144339346 56.72083158167524 40.450324855660654 61.27916841832476
39.75067216557351 77.19975413631943 46.24932783442649 84.80024586368057
88.57090292788475 47.62970396720759 93.42909707211525 56.37029603279241
6.7182690403986705 32.00794354334788 7.2817309596013295 41.99205645665212
