77.33918942796952 7.283888440268641 80.66081057203048 16.71611155973136
60.15002423233039 25.89175972906939 65.8499757676696 34.10824027093061
29.042105933489605 17.352476699059387 38.95789406651039 18.647523300940613
58.46453992030448 13.464392269371594 65.53546007969553 20.535607730628406
12.050798359201407 76.93343736403222 19.94920164079859 83.06656263596778
53.51023994359683 43.22709575055757 56.48976005640317 52.77290424944243
35.24152967201565 59.46476056014296 44.75847032798435 62.53523943985704
31.61044212563651 76.01519863359417 32.38955787436349 85.98480136640583
66.19210302756673 50.6273650512729 75.80789697243327 53.3726349487271
8.669296899439491 50.2708691554309 15.330703100560509 57.7291308445691
