79.83957595303076 9.49083511753262 84.16042404696924 18.50916488246738
59.150024232330395 43.89175972906939 64.8499757676696 52.10824027093061
24.352476699059387 7.042105933489606 25.647523300940613 16.957894066510395
44.000000001090044 35.99989559502411 53.999999998909956 36.00010440497589
6.0391055046921585 95.37587997434439 15.96089449530784 96.62412002565561
65.22709575055757 66.51023994359683 74.77290424944243 69.48976005640317
45.549675144339346 47.72083158167524 54.450324855660654 52.27916841832476
24.750672165573512 77.19975413631943 31.249327834426488 84.80024586368057
86.57090292788475 52.62970396720759 91.42909707211525 61.37029603279241
25.71826904039867 58.00794354334788 26.28173095960133 67.99205645665212
