82.28388844026864 8.339189427969508 91.71611155973136 11.660810572030492
55.110272637217825 50.07979825414479 56.889727362782175 59.92020174585521
29.03637136809455 18.952107602237355 36.96362863190545 25.047892397762645
54.464392269371594 23.46453992030448 61.535607730628406 30.53546007969552
8.03910550469216 79.37587997434439 17.96089449530784 80.62412002565561
62.571627601041634 56.678466477488705 71.42837239895837 61.321533522511295
42.24152967201565 57.46476056014296 51.75847032798435 60.53523943985704
29.015198633594174 82.61044212563651 38.984801366405826 83.38955787436349
77.6273650512729 53.19210302756673 80.3726349487271 62.80789697243327
22.270869155430905 54.669296899439495 29.729130844569095 61.330703100560505
