84.83957595303076 5.490835117532621 89.16042404696924 14.50916488246738
46.89175972906939 42.15002423233039 55.10824027093061 47.84997576766961
28.352476699059387 17.042105933489605 29.647523300940613 26.957894066510395
59.99989559502411 7.00000000109004 60.00010440497589 16.99999999890996
8.933437364032214 71.05079835920141 15.066562635967786 78.94920164079859
55.22709575055757 53.51023994359683 64.77290424944243 56.48976005640317
37.46476056014296 54.24152967201565 40.53523943985704 63.75847032798435
35.015198633594174 80.61044212563651 44.984801366405826 81.38955787436349
65.57090292788475 46.62970396720759 70.42909707211525 55.37029603279241
14.71826904039867 51.00794354334788 15.28173095960133 60.99205645665212
