80.33918942796952 9.28388844026864 83.66081057203048 18.71611155973136
60.15002423233039 25.89175972906939 65.8499757676696 34.10824027093061
29.03637136809455 13.952107602237358 36.96362863190545 20.04789239776264
57.000000001090044 18.999895595024107 66.99999999890996 19.000104404975893
13.03910550469216 77.37587997434439 22.96089449530784 78.62412002565561
50.571627601041634 44.678466477488705 59.428372398958366 49.321533522511295
39.46476056014296 58.24152967201565 42.53523943985704 67.75847032798434
27.19975413631943 77.75067216557352 34.800245863680566 84.24932783442648
68.19210302756673 48.6273650512729 77.80789697243327 51.3726349487271
8.007943543347881 52.71826904039867 17.99205645665212 53.28173095960133
