79.28388844026864 3.339189427969509 88.71611155973136 6.660810572030491
61.07979825414479 33.110272637217825 70.92020174585521 34.889727362782175
22.95210760223736 4.036371368094548 29.04789239776264 11.963628631905452
50.46453992030448 10.464392269371594 57.53546007969552 17.535607730628406
17.05079835920141 69.93343736403222 24.94920164079859 76.06656263596778
49.571627601041634 45.678466477488705 58.428372398958366 50.321533522511295
40.24152967201565 57.46476056014296 49.75847032798435 60.53523943985704
38.75067216557351 75.19975413631943 45.24932783442649 82.80024586368057
88.6273650512729 47.19210302756673 91.3726349487271 56.80789697243327
6.718269040398671 32.00794354334788 7.281730959601329 41.99205645665212
