84.49083511753263 10.83957595303076 93.50916488246737 15.16042404696924
67.11027263721782 32.07979825414479 68.88972736278218 41.92020174585521
20.042105933489605 7.3524766990593875 29.957894066510395 8.647523300940613
55.99989559502411 35.000000001090044 56.00010440497589 44.999999998909956
13.375879974344391 86.03910550469216 14.624120025655609 95.96089449530784
65.6784664774887 68.57162760104163 70.3215335225113 77.42837239895837
44.549675144339346 46.72083158167524 53.450324855660654 51.27916841832476
25.61044212563651 76.01519863359417 26.38955787436349 85.98480136640583
83.62970396720759 52.570902927884745 92.37029603279241 57.429097072115255
22.71826904039867 56.00794354334788 23.28173095960133 65.99205645665212
