67.49083511753263 6.839575953030759 76.50916488246737 11.16042404696924
69.11027263721782 30.079798254144787 70.88972736278218 39.92020174585521
15.036371368094548 11.952107602237358 22.96362863190545 18.04789239776264
35.99989559502411 29.00000000109004 36.00010440497589 38.999999998909956
12.050798359201407 79.93343736403222 19.94920164079859 86.06656263596778
71.51023994359683 77.22709575055757 74.48976005640317 86.77290424944243
36.24152967201565 52.46476056014296 45.75847032798435 55.53523943985704
27.750672165573512 73.19975413631943 34.24932783442649 80.80024586368057
87.62970396720759 52.570902927884745 96.37029603279241 57.429097072115255
15.669296899439491 58.2708691554309 22.33070310056051 65.7291308445691
