83.83957595303076 8.490835117532622 88.16042404696924 17.509164882467378
45.89175972906939 51.15002423233039 54.10824027093061 56.84997576766961
26.042105933489605 19.352476699059387 35.95789406651039 20.647523300940613
58.99989559502411 24.00000000109004 59.00010440497589 33.999999998909956
9.03910550469216 76.37587997434439 18.96089449530784 77.62412002565561
62.51023994359683 53.22709575055757 65.48976005640317 62.77290424944243
37.72083158167524 52.549675144339346 42.27916841832476 61.450324855660654
35.199754136319434 81.75067216557352 42.800245863680566 88.24932783442648
69.57090292788475 53.62970396720759 74.42909707211525 62.37029603279241
20.66929689943949 52.2708691554309 27.33070310056051 59.7291308445691
