82.83957595303076 3.4908351175326207 87.16042404696924 12.50916488246738
47.89175972906939 39.15002423233039 56.10824027093061 44.84997576766961
28.95210760223736 21.03637136809455 35.047892397762645 28.96362863190545
56.464392269371594 7.464539920304481 63.535607730628406 14.535460079695518
9.03910550469216 73.37587997434439 18.96089449530784 74.62412002565561
59.51023994359683 53.22709575055757 62.48976005640317 62.77290424944243
35.549675144339346 56.72083158167524 44.450324855660654 61.27916841832476
29.19975413631943 76.75067216557352 36.800245863680566 83.24932783442648
65.57090292788475 47.62970396720759 70.42909707211525 56.37029603279241
10.007943543347881 55.71826904039867 19.99205645665212 56.28173095960133
