76.49083511753263 9.83957595303076 85.50916488246737 14.16042404696924
59.110272637217825 27.079798254144787 60.889727362782175 36.92020174585521
30.042105933489605 22.352476699059387 39.95789406651039 23.647523300940613
55.46453992030448 10.464392269371594 62.53546007969552 17.535607730628406
18.37587997434439 76.03910550469216 19.62412002565561 85.96089449530784
51.51023994359683 44.22709575055757 54.48976005640317 53.77290424944243
34.549675144339346 55.72083158167524 43.450324855660654 60.27916841832476
29.19975413631943 77.75067216557352 36.800245863680566 84.24932783442648
68.57090292788475 48.62970396720759 73.42909707211525 57.37029603279241
9.270869155430905 51.669296899439495 16.729130844569095 58.330703100560505
