72.49083511753263 7.83957595303076 81.50916488246737 12.16042404696924
66.11027263721782 34.07979825414479 67.88972736278218 43.92020174585521
26.95210760223736 8.036371368094548 33.047892397762645 15.963628631905452
48.46453992030448 10.464392269371594 55.53546007969552 17.535607730628406
20.37587997434439 75.03910550469216 21.62412002565561 84.96089449530784
53.678466477488705 38.571627601041634 58.321533522511295 47.428372398958366
34.24152967201565 58.46476056014296 43.75847032798435 61.53523943985704
38.015198633594174 80.61044212563651 47.984801366405826 81.38955787436349
85.6273650512729 47.19210302756673 88.3726349487271 56.80789697243327
5.669296899439491 30.270869155430905 12.330703100560509 37.7291308445691
