81.33918942796952 10.28388844026864 84.66081057203048 19.71611155973136
60.150024232330395 42.89175972906939 65.8499757676696 51.10824027093061
22.03637136809455 7.952107602237357 29.96362863190545 14.047892397762643
46.464392269371594 35.46453992030448 53.535607730628406 42.53546007969552
6.0391055046921585 95.37587997434439 15.96089449530784 96.62412002565561
63.22709575055757 65.51023994359683 72.77290424944243 68.48976005640317
45.24152967201565 46.46476056014296 54.75847032798435 49.53523943985704
26.015198633594174 80.61044212563651 35.984801366405826 81.38955787436349
88.57090292788475 49.62970396720759 93.42909707211525 58.37029603279241
25.71826904039867 58.00794354334788 26.28173095960133 67.99205645665212
