79.49083511753263 4.839575953030759 88.50916488246737 9.16042404696924
59.15002423233039 26.89175972906939 64.8499757676696 35.10824027093061
26.95210760223736 2.0363713680945477 33.047892397762645 9.963628631905452
60.99989559502411 6.00000000109004 61.00010440497589 15.99999999890996
13.933437364032214 71.05079835920141 20.066562635967788 78.94920164079859
52.22709575055757 44.51023994359683 61.77290424944243 47.48976005640317
43.72083158167524 56.549675144339346 48.27916841832476 65.45032485566065
37.61044212563651 71.01519863359417 38.38955787436349 80.98480136640583
80.19210302756673 45.6273650512729 89.80789697243327 48.3726349487271
7.270869155430905 40.669296899439495 14.729130844569095 47.330703100560505
