74.28388844026864 10.339189427969512 83.71611155973136 13.660810572030488
65.11027263721782 37.07979825414479 66.88972736278218 46.92020174585521
22.042105933489605 8.352476699059387 31.957894066510395 9.647523300940613
46.000000001090044 14.999895595024107 55.999999998909956 15.000104404975893
23.37587997434439 75.03910550469216 24.62412002565561 84.96089449530784
55.678466477488705 38.571627601041634 60.321533522511295 47.428372398958366
35.72083158167524 54.549675144339346 40.27916841832476 63.450324855660654
45.61044212563651 82.01519863359417 46.38955787436349 91.98480136640583
81.62970396720759 51.570902927884745 90.37029603279241 56.429097072115255
7.7182690403986705 30.00794354334788 8.28173095960133 39.99205645665212
