76.49083511753263 10.83957595303076 85.50916488246737 15.16042404696924
59.110272637217825 45.07979825414479 60.889727362782175 54.92020174585521
27.042105933489605 9.352476699059386 36.95789406651039 10.647523300940614
48.000000001090044 39.99989559502411 57.999999998909956 40.00010440497589
8.933437364032212 86.05079835920141 15.066562635967788 93.94920164079859
64.22709575055757 58.51023994359683 73.77290424944243 61.48976005640317
48.46476056014296 48.24152967201565 51.53523943985704 57.75847032798435
27.61044212563651 74.01519863359417 28.38955787436349 83.98480136640583
76.62970396720759 56.570902927884745 85.37029603279241 61.429097072115255
24.66929689943949 55.2708691554309 31.33070310056051 62.7291308445691
