84.33918942796952 7.283888440268641 87.66081057203048 16.71611155973136
50.89175972906939 53.15002423233039 59.10824027093061 58.84997576766961
26.042105933489605 22.352476699059387 35.95789406651039 23.647523300940613
54.46453992030448 23.464392269371594 61.53546007969552 30.535607730628406
9.050798359201409 75.93343736403222 16.94920164079859 82.06656263596778
62.571627601041634 53.678466477488705 71.42837239895837 58.321533522511295
44.46476056014296 53.24152967201565 47.53523943985704 62.75847032798435
34.61044212563651 78.01519863359417 35.38955787436349 87.98480136640583
73.57090292788475 52.62970396720759 78.42909707211525 61.37029603279241
22.71826904039867 55.00794354334788 23.28173095960133 64.99205645665212
