80.49083511753263 2.8395759530307596 89.50916488246737 7.16042404696924
62.15002423233039 31.89175972906939 67.8499757676696 40.10824027093061
24.03637136809455 6.952107602237357 31.96362863190545 13.047892397762643
49.464392269371594 13.464539920304482 56.535607730628406 20.53546007969552
20.37587997434439 66.03910550469216 21.62412002565561 75.96089449530784
51.51023994359683 41.22709575055757 54.48976005640317 50.77290424944243
46.46476056014296 56.24152967201565 49.53523943985704 65.75847032798434
34.75067216557351 77.19975413631943 41.24932783442649 84.80024586368057
90.57090292788475 46.62970396720759 95.42909707211525 55.37029603279241
5.718269040398671 34.00794354334788 6.281730959601329 43.99205645665212
