80.83957595303076 6.490835117532621 85.16042404696924 15.50916488246738
60.150024232330395 30.89175972906939 65.8499757676696 39.10824027093061
21.95210760223736 7.036371368094548 28.04789239776264 14.963628631905452
50.464392269371594 34.46453992030448 57.535607730628406 41.53546007969552
9.03910550469216 92.37587997434439 18.96089449530784 93.62412002565561
63.571627601041634 72.6784664774887 72.42837239895837 77.3215335225113
42.24152967201565 51.46476056014296 51.75847032798435 54.53523943985704
24.015198633594174 80.61044212563651 33.984801366405826 81.38955787436349
86.57090292788475 51.62970396720759 91.42909707211525 60.37029603279241
20.270869155430905 56.669296899439495 27.729130844569095 63.330703100560505
