83.28388844026864 3.339189427969509 92.71611155973136 6.660810572030491
52.89175972906939 53.15002423233039 61.10824027093061 58.84997576766961
31.95210760223736 16.03637136809455 38.047892397762645 23.96362863190545
55.464392269371594 21.46453992030448 62.535607730628406 28.53546007969552
7.933437364032214 75.05079835920141 14.066562635967786 82.94920164079859
65.51023994359683 55.22709575055757 68.48976005640317 64.77290424944243
43.24152967201565 60.46476056014296 52.75847032798435 63.53523943985704
33.61044212563651 76.01519863359417 34.38955787436349 85.98480136640583
82.6273650512729 54.19210302756673 85.3726349487271 63.80789697243327
27.270869155430905 55.669296899439495 34.7291308445691 62.330703100560505
