79.49083511753263 7.839575953030759 88.50916488246737 12.16042404696924
54.07979825414479 48.110272637217825 63.92020174585521 49.889727362782175
31.042105933489605 11.352476699059386 40.95789406651039 12.647523300940614
48.464392269371594 36.46453992030448 55.535607730628406 43.53546007969552
7.933437364032213 81.05079835920141 14.066562635967788 88.94920164079859
64.22709575055757 59.51023994359683 73.77290424944243 62.48976005640317
47.24152967201565 50.46476056014296 56.75847032798435 53.53523943985704
25.19975413631943 75.75067216557352 32.800245863680566 82.24932783442648
79.6273650512729 53.19210302756673 82.3726349487271 62.80789697243327
25.66929689943949 53.2708691554309 32.330703100560505 60.7291308445691
