84.83957595303076 5.490835117532621 89.16042404696924 14.50916488246738
47.89175972906939 42.15002423233039 56.10824027093061 47.84997576766961
25.95210760223736 19.03637136809455 32.047892397762645 26.96362863190545
55.46453992030448 9.464392269371594 62.53546007969552 16.535607730628406
7.050798359201408 70.93343736403222 14.949201640798591 77.06656263596778
58.678466477488705 51.571627601041634 63.321533522511295 60.428372398958366
34.549675144339346 56.72083158167524 43.450324855660654 61.27916841832476
33.199754136319434 77.75067216557352 40.800245863680566 84.24932783442648
64.19210302756673 50.6273650512729 73.80789697243327 53.3726349487271
11.669296899439491 51.2708691554309 18.33070310056051 58.7291308445691
