80.28388844026864 3.339189427969509 89.71611155973136 6.660810572030491
58.89175972906939 28.15002423233039 67.10824027093061 33.84997576766961
28.95210760223736 4.036371368094548 35.047892397762645 11.963628631905452
59.99989559502411 9.00000000109004 60.00010440497589 18.99999999890996
18.375879974344393 65.03910550469216 19.624120025655607 74.96089449530784
54.22709575055757 45.51023994359683 63.77290424944243 48.48976005640317
41.72083158167524 55.549675144339346 46.27916841832476 64.45032485566065
38.199754136319434 73.75067216557352 45.800245863680566 80.24932783442648
77.19210302756673 51.6273650512729 86.80789697243327 54.3726349487271
11.007943543347881 47.718269040398674 20.99205645665212 48.281730959601326
