79.28388844026864 7.339189427969509 88.71611155973136 10.660810572030492
57.07979825414479 30.11027263721782 66.92020174585521 31.88972736278218
25.95210760223736 3.0363713680945477 32.047892397762645 10.963628631905452
61.99989559502411 9.00000000109004 62.00010440497589 18.99999999890996
11.933437364032214 71.05079835920141 18.066562635967788 78.94920164079859
52.571627601041634 43.678466477488705 61.428372398958366 48.321533522511295
45.46476056014296 55.24152967201565 48.53523943985704 64.75847032798434
37.61044212563651 73.01519863359417 38.38955787436349 82.98480136640583
82.57090292788475 43.62970396720759 87.42909707211525 52.37029603279241
9.71826904039867 39.00794354334788 10.28173095960133 48.99205645665212
