84.83957595303076 3.4908351175326215 89.16042404696924 12.509164882467378
52.89175972906939 51.15002423233039 61.10824027093061 56.84997576766961
33.952107602237355 13.036371368094548 40.047892397762645 20.96362863190545
49.46453992030448 28.464392269371594 56.53546007969552 35.535607730628406
8.933437364032212 76.05079835920141 15.066562635967788 83.94920164079859
65.51023994359683 57.22709575055757 68.48976005640317 66.77290424944243
47.46476056014296 51.24152967201565 50.53523943985704 60.75847032798435
30.61044212563651 76.01519863359417 31.38955787436349 85.98480136640583
80.57090292788475 60.62970396720759 85.42909707211525 69.37029603279241
28.71826904039867 52.00794354334788 29.28173095960133 61.99205645665212
