79.49083511753263 3.839575953030759 88.50916488246737 8.16042404696924
55.89175972906939 30.15002423233039 64.10824027093061 35.84997576766961
27.95210760223736 4.036371368094548 34.047892397762645 11.963628631905452
55.000000001090044 12.999895595024107 64.99999999890996 13.000104404975893
14.03910550469216 70.37587997434439 23.96089449530784 71.62412002565561
55.51023994359683 42.22709575055757 58.48976005640317 51.77290424944243
42.46476056014296 56.24152967201565 45.53523943985704 65.75847032798434
41.61044212563651 69.01519863359417 42.38955787436349 78.98480136640583
79.57090292788475 45.62970396720759 84.42909707211525 54.37029603279241
9.270869155430905 45.669296899439495 16.729130844569095 52.330703100560505
