67.49083511753263 7.839575953030759 76.50916488246737 12.16042404696924
66.07979825414479 34.110272637217825 75.92020174585521 35.889727362782175
15.952107602237358 12.036371368094548 22.04789239776264 19.96362863190545
33.99989559502411 30.00000000109004 34.00010440497589 39.999999998909956
14.375879974344391 78.03910550469216 15.624120025655609 87.96089449530784
69.22709575055757 84.51023994359683 78.77290424944243 87.48976005640317
37.549675144339346 52.72083158167524 46.450324855660654 57.27916841832476
26.015198633594174 74.61044212563651 35.984801366405826 75.38955787436349
91.6273650512729 52.19210302756673 94.3726349487271 61.80789697243327
15.270869155430905 56.669296899439495 22.729130844569095 63.330703100560505
