88.83957595303076 9.49083511753262 93.16042404696924 18.50916488246738
47.110272637217825 40.07979825414479 48.889727362782175 49.92020174585521
26.95210760223736 17.03637136809455 33.047892397762645 24.96362863190545
58.99989559502411 8.00000000109004 59.00010440497589 17.99999999890996
6.933437364032214 70.05079835920141 13.066562635967786 77.94920164079859
56.678466477488705 51.571627601041634 61.321533522511295 60.428372398958366
33.549675144339346 56.72083158167524 42.450324855660654 61.27916841832476
35.015198633594174 84.61044212563651 44.984801366405826 85.38955787436349
68.6273650512729 45.19210302756673 71.3726349487271 54.80789697243327
12.007943543347881 54.71826904039867 21.99205645665212 55.28173095960133
