81.28388844026864 11.339189427969508 90.71611155973136 14.660810572030492
49.07979825414479 56.110272637217825 58.92020174585521 57.889727362782175
25.042105933489605 22.352476699059387 34.95789406651039 23.647523300940613
53.000000001090044 27.999895595024107 62.999999998909956 28.000104404975893
9.050798359201409 73.93343736403222 16.94920164079859 80.06656263596778
64.6784664774887 54.571627601041634 69.3215335225113 63.428372398958366
37.549675144339346 54.72083158167524 46.450324855660654 59.27916841832476
31.750672165573512 80.19975413631943 38.24932783442649 87.80024586368057
70.6273650512729 49.19210302756673 73.3726349487271 58.80789697243327
19.270869155430905 55.669296899439495 26.729130844569095 62.330703100560505
