83.28388844026864 12.339189427969508 92.71611155973136 15.660810572030492
63.15002423233039 38.89175972906939 68.8499757676696 47.10824027093061
23.042105933489605 9.352476699059386 32.95789406651039 10.647523300940614
50.46453992030448 39.464392269371594 57.53546007969552 46.535607730628406
10.03910550469216 90.37587997434439 19.96089449530784 91.62412002565561
63.22709575055757 68.51023994359683 72.77290424944243 71.48976005640317
47.72083158167524 46.549675144339346 52.27916841832476 55.450324855660654
24.015198633594174 77.61044212563651 33.984801366405826 78.38955787436349
85.6273650512729 50.19210302756673 88.3726349487271 59.80789697243327
18.66929689943949 60.2708691554309 25.33070310056051 67.7291308445691
