82.83957595303076 8.49083511753262 87.16042404696924 17.50916488246738
59.150024232330395 30.89175972906939 64.8499757676696 39.10824027093061
20.95210760223736 6.036371368094548 27.04789239776264 13.963628631905452
52.46453992030448 36.464392269371594 59.53546007969552 43.535607730628406
10.933437364032214 89.05079835920141 17.066562635967788 96.94920164079859
63.22709575055757 73.51023994359683 72.77290424944243 76.48976005640317
45.46476056014296 46.24152967201565 48.53523943985704 55.75847032798435
28.61044212563651 77.01519863359417 29.38955787436349 86.98480136640583
86.57090292788475 51.62970396720759 91.42909707211525 60.37029603279241
19.00794354334788 60.71826904039867 28.99205645665212 61.28173095960133
