77.28388844026864 4.339189427969509 86.71611155973136 7.660810572030491
57.07979825414479 37.110272637217825 66.92020174585521 38.889727362782175
24.03637136809455 5.952107602237357 31.96362863190545 12.047892397762643
50.000000001090044 10.999895595024107 59.999999998909956 11.000104404975893
15.933437364032212 70.05079835920141 22.066562635967788 77.94920164079859
57.51023994359683 42.22709575055757 60.48976005640317 51.77290424944243
38.24152967201565 57.46476056014296 47.75847032798435 60.53523943985704
39.199754136319434 76.7506721655735 46.800245863680566 83.2493278344265
88.6273650512729 48.19210302756673 91.3726349487271 57.80789697243327
3.270869155430905 33.669296899439495 10.729130844569095 40.330703100560505
