87.33918942796952 7.283888440268641 90.66081057203048 16.71611155973136
66.11027263721782 39.07979825414479 67.88972736278218 48.92020174585521
25.352476699059387 5.042105933489606 26.647523300940613 14.957894066510395
52.46453992030448 38.464392269371594 59.53546007969552 45.535607730628406
10.050798359201407 86.93343736403222 17.94920164079859 93.06656263596778
68.6784664774887 65.57162760104163 73.3215335225113 74.42837239895837
47.72083158167524 43.549675144339346 52.27916841832476 52.450324855660654
25.61044212563651 74.01519863359417 26.38955787436349 83.98480136640583
82.19210302756673 52.6273650512729 91.80789697243327 55.3726349487271
13.007943543347881 63.71826904039867 22.99205645665212 64.28173095960133
