77.28388844026864 6.339189427969509 86.71611155973136 9.66081057203049
60.07979825414479 31.11027263721782 69.92020174585521 32.889727362782175
25.95210760223736 2.0363713680945477 32.047892397762645 9.963628631905452
55.464392269371594 8.46453992030448 62.535607730628406 15.53546007969552
14.375879974344391 64.03910550469216 15.624120025655609 73.96089449530784
47.22709575055757 40.51023994359683 56.77290424944243 43.48976005640317
46.46476056014296 54.24152967201565 49.53523943985704 63.75847032798435
34.75067216557351 76.19975413631943 41.24932783442649 83.80024586368057
84.6273650512729 44.19210302756673 87.3726349487271 53.80789697243327
7.7182690403986705 36.00794354334788 8.28173095960133 45.99205645665212
