69.83957595303076 5.4908351175326215 74.16042404696924 14.509164882467378
72.11027263721782 31.079798254144787 73.88972736278218 40.92020174585521
13.036371368094548 7.952107602237358 20.96362863190545 14.047892397762642
41.464392269371594 36.46453992030448 48.535607730628406 43.53546007969552
10.933437364032212 82.05079835920141 17.066562635967788 89.94920164079859
68.51023994359683 74.22709575055757 71.48976005640317 83.77290424944243
40.24152967201565 48.46476056014296 49.75847032798435 51.53523943985704
26.19975413631943 77.75067216557352 33.800245863680566 84.24932783442648
91.6273650512729 55.19210302756673 94.3726349487271 64.80789697243327
18.71826904039867 55.00794354334788 19.28173095960133 64.99205645665212
