76.83957595303076 10.49083511753262 81.16042404696924 19.50916488246738
56.89175972906939 48.15002423233039 65.10824027093061 53.84997576766961
23.95210760223736 7.036371368094548 30.04789239776264 14.963628631905452
43.000000001090044 37.99989559502411 52.999999998909956 38.00010440497589
7.0391055046921585 95.37587997434439 16.96089449530784 96.62412002565561
62.22709575055757 63.51023994359683 71.77290424944243 66.48976005640317
48.46476056014296 47.24152967201565 51.53523943985704 56.75847032798435
26.61044212563651 74.01519863359417 27.38955787436349 83.98480136640583
81.57090292788475 53.62970396720759 86.42909707211525 62.37029603279241
23.66929689943949 58.2708691554309 30.33070310056051 65.7291308445691
