82.28388844026864 7.339189427969509 91.71611155973136 10.66081057203049
52.89175972906939 52.15002423233039 61.10824027093061 57.84997576766961
32.952107602237355 13.036371368094548 39.047892397762645 20.96362863190545
52.99989559502411 27.00000000109004 53.00010440497589 36.999999998909956
8.933437364032212 76.05079835920141 15.066562635967788 83.94920164079859
65.51023994359683 58.22709575055757 68.48976005640317 67.77290424944243
47.46476056014296 50.24152967201565 50.53523943985704 59.75847032798435
27.750672165573512 77.19975413631943 34.24932783442649 84.80024586368057
80.57090292788475 59.62970396720759 85.42909707211525 68.37029603279241
28.71826904039867 52.00794354334788 29.28173095960133 61.99205645665212
