81.28388844026864 3.339189427969509 90.71611155973136 6.660810572030491
61.15002423233039 29.89175972906939 66.8499757676696 38.10824027093061
22.95210760223736 4.036371368094548 29.04789239776264 11.963628631905452
52.46453992030448 12.464392269371594 59.53546007969552 19.535607730628406
18.05079835920141 69.93343736403222 25.94920164079859 76.06656263596778
50.571627601041634 42.678466477488705 59.428372398958366 47.321533522511295
44.46476056014296 54.24152967201565 47.53523943985704 63.75847032798435
37.61044212563651 75.01519863359417 38.38955787436349 84.98480136640583
92.6273650512729 49.19210302756673 95.3726349487271 58.80789697243327
5.718269040398671 34.00794354334788 6.281730959601329 43.99205645665212
