67.49083511753263 10.83957595303076 76.50916488246737 15.16042404696924
69.89175972906939 32.15002423233039 78.10824027093061 37.84997576766961
12.042105933489605 11.352476699059387 21.957894066510395 12.647523300940613
37.000000001090044 38.99989559502411 46.999999998909956 39.00010440497589
11.933437364032212 82.05079835920141 18.066562635967788 89.94920164079859
68.51023994359683 76.22709575055757 71.48976005640317 85.77290424944243
39.549675144339346 46.72083158167524 48.450324855660654 51.27916841832476
27.750672165573512 74.19975413631943 34.24932783442649 81.80024586368057
91.6273650512729 55.19210302756673 94.3726349487271 64.80789697243327
16.66929689943949 57.2708691554309 23.33070310056051 64.7291308445691
