82.83957595303076 3.4908351175326207 87.16042404696924 12.50916488246738
49.89175972906939 36.15002423233039 58.10824027093061 41.84997576766961
28.042105933489605 25.352476699059387 37.95789406651039 26.647523300940613
58.99989559502411 6.00000000109004 59.00010440497589 15.99999999890996
10.933437364032212 70.05079835920141 17.066562635967788 77.94920164079859
58.678466477488705 52.571627601041634 63.321533522511295 61.428372398958366
36.24152967201565 57.46476056014296 45.75847032798435 60.53523943985704
33.61044212563651 74.01519863359417 34.38955787436349 83.98480136640583
64.57090292788475 46.62970396720759 69.42909707211525 55.37029603279241
9.007943543347881 55.71826904039867 18.99205645665212 56.28173095960133
