70.33918942796952 4.283888440268641 73.66081057203048 13.71611155973136
68.11027263721782 29.079798254144787 69.88972736278218 38.92020174585521
18.352476699059387 10.042105933489605 19.647523300940613 19.957894066510395
31.464392269371594 29.46453992030448 38.535607730628406 36.53546007969552
11.03910550469216 84.37587997434439 20.96089449530784 85.62412002565561
70.57162760104163 79.6784664774887 79.42837239895837 84.3215335225113
36.24152967201565 52.46476056014296 45.75847032798435 55.53523943985704
29.61044212563651 71.01519863359417 30.38955787436349 80.98480136640583
87.19210302756673 54.6273650512729 96.80789697243327 57.3726349487271
17.71826904039867 56.00794354334788 18.28173095960133 65.99205645665212
