79.33918942796952 7.283888440268641 82.66081057203048 16.71611155973136
59.110272637217825 28.079798254144787 60.889727362782175 37.92020174585521
30.03637136809455 20.952107602237355 37.96362863190545 27.047892397762645
53.000000001090044 13.999895595024107 62.999999998909956 14.000104404975893
13.933437364032214 75.05079835920141 20.066562635967788 82.94920164079859
52.51023994359683 44.22709575055757 55.48976005640317 53.77290424944243
35.549675144339346 53.72083158167524 44.450324855660654 58.27916841832476
29.750672165573512 76.19975413631943 36.24932783442649 83.80024586368057
69.57090292788475 49.62970396720759 74.42909707211525 58.37029603279241
10.669296899439491 51.2708691554309 17.33070310056051 58.7291308445691
