80.49083511753263 6.839575953030759 89.50916488246737 11.16042404696924
55.07979825414479 30.11027263721782 64.92020174585521 31.88972736278218
23.03637136809455 4.952107602237358 30.96362863190545 11.047892397762642
55.46453992030448 9.464392269371594 62.53546007969552 16.535607730628406
10.03910550469216 72.37587997434439 19.96089449530784 73.62412002565561
50.571627601041634 42.678466477488705 59.428372398958366 47.321533522511295
41.549675144339346 58.72083158167524 50.450324855660654 63.27916841832476
33.015198633594174 77.61044212563651 42.984801366405826 78.38955787436349
81.62970396720759 45.570902927884745 90.37029603279241 50.429097072115255
4.669296899439492 39.2708691554309 11.330703100560509 46.7291308445691
