79.28388844026864 3.339189427969509 88.71611155973136 6.660810572030491
56.07979825414479 31.11027263721782 65.92020174585521 32.889727362782175
25.042105933489605 7.3524766990593875 34.95789406651039 8.647523300940613
56.464392269371594 9.46453992030448 63.535607730628406 16.53546007969552
15.375879974344391 69.03910550469216 16.62412002565561 78.96089449530784
53.678466477488705 41.571627601041634 58.321533522511295 50.428372398958366
42.72083158167524 54.549675144339346 47.27916841832476 63.450324855660654
41.61044212563651 71.01519863359417 42.38955787436349 80.98480136640583
79.19210302756673 46.6273650512729 88.80789697243327 49.3726349487271
6.0079435433478805 44.718269040398674 15.992056456652119 45.281730959601326
