76.49083511753263 6.83957595303076 85.50916488246737 11.16042404696924
60.07979825414479 32.110272637217825 69.92020174585521 33.889727362782175
24.95210760223736 2.0363713680945477 31.04789239776264 9.963628631905452
55.464392269371594 8.46453992030448 62.535607730628406 15.53546007969552
15.375879974344391 64.03910550469216 16.62412002565561 73.96089449530784
47.22709575055757 40.51023994359683 56.77290424944243 43.48976005640317
44.549675144339346 56.72083158167524 53.450324855660654 61.27916841832476
34.75067216557351 76.19975413631943 41.24932783442649 83.80024586368057
85.6273650512729 44.19210302756673 88.3726349487271 53.80789697243327
7.7182690403986705 35.00794354334788 8.28173095960133 44.99205645665212
