77.33918942796952 5.283888440268641 80.66081057203048 14.71611155973136
61.07979825414479 37.110272637217825 70.92020174585521 38.889727362782175
22.03637136809455 6.952107602237357 29.96362863190545 13.047892397762643
51.46453992030448 9.464392269371594 58.53546007969552 16.535607730628406
20.37587997434439 73.03910550469216 21.62412002565561 82.96089449530784
54.22709575055757 42.51023994359683 63.77290424944243 45.48976005640317
35.46476056014296 53.24152967201565 38.53523943985704 62.75847032798435
42.61044212563651 75.01519863359417 43.38955787436349 84.98480136640583
82.19210302756673 50.6273650512729 91.80789697243327 53.3726349487271
4.270869155430905 30.66929689943949 11.729130844569095 37.330703100560505
