77.33918942796952 7.283888440268641 80.66081057203048 16.71611155973136
62.110272637217825 25.079798254144787 63.889727362782175 34.92020174585521
33.35247669905939 13.042105933489605 34.64752330094061 22.957894066510395
58.46453992030448 13.464392269371594 65.53546007969553 20.535607730628406
15.375879974344391 74.03910550469216 16.62412002565561 83.96089449530784
53.51023994359683 43.22709575055757 56.48976005640317 52.77290424944243
35.549675144339346 60.72083158167524 44.450324855660654 65.27916841832476
28.750672165573512 77.19975413631943 35.24932783442649 84.80024586368057
66.62970396720759 49.570902927884745 75.37029603279241 54.429097072115255
8.669296899439491 50.2708691554309 15.330703100560509 57.7291308445691
