84.33918942796952 7.283888440268641 87.66081057203048 16.71611155973136
64.07979825414479 36.110272637217825 73.92020174585521 37.889727362782175
21.03637136809455 4.952107602237358 28.96362863190545 11.047892397762642
55.99989559502411 36.000000001090044 56.00010440497589 45.999999998909956
10.050798359201409 88.93343736403222 17.94920164079859 95.06656263596778
62.571627601041634 70.6784664774887 71.42837239895837 75.3215335225113
44.24152967201565 46.46476056014296 53.75847032798435 49.53523943985704
23.750672165573512 79.19975413631943 30.249327834426488 86.80024586368057
86.62970396720759 53.570902927884745 95.37029603279241 58.429097072115255
20.270869155430905 58.66929689943949 27.729130844569095 65.33070310056051
