77.28388844026864 10.339189427969508 86.71611155973136 13.660810572030492
58.110272637217825 47.07979825414479 59.889727362782175 56.92020174585521
28.95210760223736 4.036371368094548 35.047892397762645 11.963628631905452
44.46453992030448 36.464392269371594 51.53546007969552 43.535607730628406
9.03910550469216 94.37587997434439 18.96089449530784 95.62412002565561
60.22709575055757 61.51023994359683 69.77290424944243 64.48976005640317
46.72083158167524 48.549675144339346 51.27916841832476 57.450324855660654
24.015198633594174 80.61044212563651 33.984801366405826 81.38955787436349
80.57090292788475 55.62970396720759 85.42909707211525 64.37029603279241
25.270869155430905 56.669296899439495 32.7291308445691 63.330703100560505
