79.33918942796952 6.283888440268641 82.66081057203048 15.71611155973136
56.89175972906939 28.15002423233039 65.10824027093061 33.84997576766961
27.95210760223736 6.036371368094548 34.047892397762645 13.963628631905452
59.99989559502411 11.00000000109004 60.00010440497589 20.99999999890996
15.375879974344391 73.03910550469216 16.62412002565561 82.96089449530784
52.571627601041634 45.678466477488705 61.428372398958366 50.321533522511295
40.549675144339346 64.72083158167524 49.450324855660654 69.27916841832476
28.19975413631943 80.75067216557352 35.800245863680566 87.24932783442648
75.19210302756673 46.6273650512729 84.80789697243327 49.3726349487271
8.007943543347881 49.71826904039867 17.99205645665212 50.28173095960133
