82.28388844026864 5.339189427969509 91.71611155973136 8.660810572030492
50.89175972906939 50.15002423233039 59.10824027093061 55.84997576766961
34.952107602237355 13.036371368094548 41.047892397762645 20.96362863190545
53.464392269371594 24.46453992030448 60.535607730628406 31.53546007969552
4.0391055046921585 80.37587997434439 13.96089449530784 81.62412002565561
64.57162760104163 58.678466477488705 73.42837239895837 63.321533522511295
46.549675144339346 53.72083158167524 55.450324855660654 58.27916841832476
28.19975413631943 76.75067216557352 35.800245863680566 83.24932783442648
79.62970396720759 59.570902927884745 88.37029603279241 64.42909707211525
30.71826904039867 52.00794354334788 31.28173095960133 61.99205645665212
