72.49083511753263 8.83957595303076 81.50916488246737 13.16042404696924
61.89175972906939 38.15002423233039 70.10824027093061 43.84997576766961
28.352476699059387 8.042105933489605 29.647523300940613 17.957894066510395
48.000000001090044 12.999895595024107 57.999999998909956 13.000104404975893
18.05079835920141 77.93343736403222 25.94920164079859 84.06656263596778
52.22709575055757 40.51023994359683 61.77290424944243 43.48976005640317
35.24152967201565 58.46476056014296 44.75847032798435 61.53523943985704
40.015198633594174 83.61044212563651 49.984801366405826 84.38955787436349
83.6273650512729 47.19210302756673 86.3726349487271 56.80789697243327
3.0079435433478805 35.718269040398674 12.992056456652119 36.281730959601326
