79.49083511753263 2.8395759530307596 88.50916488246737 7.16042404696924
58.89175972906939 33.15002423233039 67.10824027093061 38.84997576766961
24.042105933489605 8.352476699059387 33.95789406651039 9.647523300940613
50.464392269371594 12.464539920304482 57.535607730628406 19.53546007969552
17.933437364032212 65.05079835920141 24.066562635967788 72.94920164079859
53.51023994359683 37.22709575055757 56.48976005640317 46.77290424944243
44.72083158167524 54.549675144339346 49.27916841832476 63.450324855660654
37.61044212563651 77.01519863359417 38.38955787436349 86.98480136640583
90.57090292788475 46.62970396720759 95.42909707211525 55.37029603279241
2.6692968994394914 34.2708691554309 9.330703100560509 41.7291308445691
