84.83957595303076 3.4908351175326215 89.16042404696924 12.509164882467378
54.89175972906939 48.15002423233039 63.10824027093061 53.84997576766961
33.03637136809455 9.952107602237358 40.96362863190545 16.04789239776264
50.99989559502411 26.00000000109004 51.00010440497589 35.999999998909956
8.933437364032212 79.05079835920141 15.066562635967788 86.94920164079859
66.51023994359683 57.22709575055757 69.48976005640317 66.77290424944243
44.24152967201565 51.46476056014296 53.75847032798435 54.53523943985704
31.61044212563651 73.01519863359417 32.38955787436349 82.98480136640583
78.19210302756673 61.6273650512729 87.80789697243327 64.3726349487271
26.00794354334788 55.71826904039867 35.99205645665212 56.28173095960133
