74.83957595303076 6.4908351175326215 79.16042404696924 15.509164882467378
61.89175972906939 40.15002423233039 70.10824027093061 45.84997576766961
22.03637136809455 7.952107602237358 29.96362863190545 14.047892397762642
51.99989559502411 9.00000000109004 52.00010440497589 18.99999999890996
22.37587997434439 75.03910550469216 23.62412002565561 84.96089449530784
55.678466477488705 37.571627601041634 60.321533522511295 46.428372398958366
33.24152967201565 57.46476056014296 42.75847032798435 60.53523943985704
45.61044212563651 81.01519863359417 46.38955787436349 90.98480136640583
81.19210302756673 51.6273650512729 90.80789697243327 54.3726349487271
5.669296899439492 33.2708691554309 12.330703100560509 40.7291308445691
