82.83957595303076 3.4908351175326207 87.16042404696924 12.50916488246738
47.89175972906939 41.15002423233039 56.10824027093061 46.84997576766961
30.352476699059387 20.042105933489605 31.647523300940613 29.957894066510395
55.46453992030448 9.464392269371594 62.53546007969552 16.535607730628406
11.375879974344391 69.03910550469216 12.624120025655609 78.96089449530784
58.678466477488705 51.571627601041634 63.321533522511295 60.428372398958366
38.46476056014296 54.24152967201565 41.53523943985704 63.75847032798435
32.61044212563651 76.01519863359417 33.38955787436349 85.98480136640583
64.19210302756673 50.6273650512729 73.80789697243327 53.3726349487271
14.71826904039867 50.00794354334788 15.28173095960133 59.99205645665212
