86.28388844026864 6.339189427969509 95.71611155973136 9.66081057203049
48.89175972906939 45.15002423233039 57.10824027093061 50.84997576766961
31.95210760223736 15.036371368094548 38.047892397762645 22.96362863190545
56.46453992030448 12.464392269371594 63.53546007969552 19.535607730628406
7.0391055046921585 76.37587997434439 16.96089449530784 77.62412002565561
61.51023994359683 51.22709575055757 64.48976005640317 60.77290424944243
31.464760560142963 49.24152967201565 34.53523943985704 58.75847032798435
36.199754136319434 80.75067216557352 43.800245863680566 87.24932783442648
72.57090292788475 49.62970396720759 77.42909707211525 58.37029603279241
22.71826904039867 53.00794354334788 23.28173095960133 62.99205645665212
