77.83957595303076 9.49083511753262 82.16042404696924 18.50916488246738
61.110272637217825 43.07979825414479 62.889727362782175 52.92020174585521
25.352476699059387 7.042105933489606 26.647523300940613 16.957894066510395
45.46453992030448 31.464392269371594 52.53546007969552 38.535607730628406
7.0391055046921585 94.37587997434439 16.96089449530784 95.62412002565561
69.51023994359683 63.22709575055757 72.48976005640317 72.77290424944243
46.24152967201565 47.46476056014296 55.75847032798435 50.53523943985704
24.19975413631943 78.75067216557352 31.80024586368057 85.24932783442648
86.57090292788475 52.62970396720759 91.42909707211525 61.37029603279241
27.71826904039867 58.00794354334788 28.28173095960133 67.99205645665212
