85.33918942796952 8.28388844026864 88.66081057203048 17.71611155973136
63.07979825414479 36.110272637217825 72.92020174585521 37.889727362782175
20.042105933489605 6.3524766990593875 29.957894066510395 7.6475233009406125
55.99989559502411 35.000000001090044 56.00010440497589 44.999999998909956
13.375879974344391 86.03910550469216 14.624120025655609 95.96089449530784
64.6784664774887 69.57162760104163 69.3215335225113 78.42837239895837
44.549675144339346 45.72083158167524 53.450324855660654 50.27916841832476
25.61044212563651 76.01519863359417 26.38955787436349 85.98480136640583
84.19210302756673 54.6273650512729 93.80789697243327 57.3726349487271
22.71826904039867 56.00794354334788 23.28173095960133 65.99205645665212
