79.33918942796952 8.28388844026864 82.66081057203048 17.71611155973136
60.15002423233039 24.89175972906939 65.8499757676696 33.10824027093061
28.03637136809455 10.952107602237358 35.96362863190545 17.04789239776264
58.46453992030448 15.464392269371594 65.53546007969553 22.535607730628406
12.050798359201407 72.93343736403222 19.94920164079859 79.06656263596778
51.571627601041634 44.678466477488705 60.428372398958366 49.321533522511295
37.549675144339346 62.72083158167524 46.450324855660654 67.27916841832476
28.19975413631943 76.75067216557352 35.800245863680566 83.24932783442648
74.6273650512729 46.19210302756673 77.3726349487271 55.80789697243327
7.0079435433478805 49.71826904039867 16.99205645665212 50.28173095960133
