75.49083511753263 9.83957595303076 84.50916488246737 14.16042404696924
61.15002423233039 24.89175972906939 66.8499757676696 33.10824027093061
25.042105933489605 11.352476699059386 34.95789406651039 12.647523300940614
57.464392269371594 14.464539920304482 64.53560773062841 21.53546007969552
11.933437364032214 73.05079835920141 18.066562635967788 80.94920164079859
53.678466477488705 42.571627601041634 58.321533522511295 51.428372398958366
37.24152967201565 63.46476056014296 46.75847032798435 66.53523943985704
32.61044212563651 76.01519863359417 33.38955787436349 85.98480136640583
75.57090292788475 46.62970396720759 80.42909707211525 55.37029603279241
7.0079435433478805 50.71826904039867 16.99205645665212 51.28173095960133
