67.49083511753263 7.839575953030759 76.50916488246737 12.16042404696924
67.1500242323304 30.89175972906939 72.8499757676696 39.10824027093061
14.042105933489605 15.352476699059387 23.957894066510395 16.647523300940613
33.99989559502411 30.00000000109004 34.00010440497589 39.999999998909956
14.375879974344391 78.03910550469216 15.624120025655609 87.96089449530784
69.57162760104163 80.6784664774887 78.42837239895837 85.3215335225113
40.46476056014296 50.24152967201565 43.53523943985704 59.75847032798435
27.750672165573512 73.19975413631943 34.24932783442649 80.80024586368057
91.6273650512729 50.19210302756673 94.3726349487271 59.80789697243327
18.71826904039867 56.00794354334788 19.28173095960133 65.99205645665212
