74.28388844026864 10.33918942796951 83.71611155973136 13.66081057203049
61.15002423233039 24.89175972906939 66.8499757676696 33.10824027093061
32.35247669905939 12.042105933489605 33.64752330094061 21.957894066510395
56.000000001090044 18.999895595024107 65.99999999890996 19.000104404975893
12.03910550469216 78.37587997434439 21.96089449530784 79.62412002565561
51.571627601041634 44.678466477488705 60.428372398958366 49.321533522511295
38.46476056014296 58.24152967201565 41.53523943985704 67.75847032798434
27.750672165573512 78.19975413631943 34.24932783442649 85.80024586368057
70.57090292788475 46.62970396720759 75.42909707211525 55.37029603279241
8.669296899439491 49.2708691554309 15.330703100560509 56.7291308445691
