82.49083511753263 4.839575953030759 91.50916488246737 9.16042404696924
52.89175972906939 52.15002423233039 61.10824027093061 57.84997576766961
28.042105933489605 19.352476699059387 37.95789406651039 20.647523300940613
57.99989559502411 20.00000000109004 58.00010440497589 29.99999999890996
7.0391055046921585 77.37587997434439 16.96089449530784 78.62412002565561
65.51023994359683 55.22709575055757 68.48976005640317 64.77290424944243
44.72083158167524 57.549675144339346 49.27916841832476 66.45032485566065
34.61044212563651 78.01519863359417 35.38955787436349 87.98480136640583
79.19210302756673 55.6273650512729 88.80789697243327 58.3726349487271
28.71826904039867 53.00794354334788 29.28173095960133 62.99205645665212
