78.33918942796952 7.283888440268641 81.66081057203048 16.71611155973136
60.110272637217825 28.079798254144787 61.889727362782175 37.92020174585521
30.03637136809455 20.952107602237355 37.96362863190545 27.047892397762645
54.000000001090044 12.999895595024107 63.999999998909956 13.000104404975893
12.933437364032214 76.05079835920141 19.066562635967788 83.94920164079859
50.571627601041634 45.678466477488705 59.428372398958366 50.321533522511295
33.549675144339346 53.72083158167524 42.450324855660654 58.27916841832476
29.750672165573512 75.19975413631943 36.24932783442649 82.80024586368057
69.6273650512729 50.19210302756673 72.3726349487271 59.80789697243327
10.007943543347881 53.718269040398674 19.99205645665212 54.281730959601326
