82.83957595303076 4.490835117532621 87.16042404696924 13.50916488246738
48.89175972906939 36.15002423233039 57.10824027093061 41.84997576766961
30.03637136809455 21.95210760223736 37.96362863190545 28.04789239776264
57.99989559502411 7.00000000109004 58.00010440497589 16.99999999890996
9.03910550469216 73.37587997434439 18.96089449530784 74.62412002565561
56.22709575055757 55.51023994359683 65.77290424944243 58.48976005640317
35.549675144339346 56.72083158167524 44.450324855660654 61.27916841832476
30.750672165573512 74.19975413631943 37.24932783442649 81.80024586368057
64.57090292788475 47.62970396720759 69.42909707211525 56.37029603279241
10.007943543347881 56.71826904039867 19.99205645665212 57.28173095960133
