87.49083511753263 4.83957595303076 96.50916488246737 9.16042404696924
50.110272637217825 41.07979825414479 51.889727362782175 50.92020174585521
34.35247669905939 15.042105933489605 35.64752330094061 24.957894066510395
53.464392269371594 10.464539920304482 60.535607730628406 17.53546007969552
7.933437364032213 73.05079835920141 14.066562635967788 80.94920164079859
60.678466477488705 49.571627601041634 65.3215335225113 58.428372398958366
30.549675144339346 52.72083158167524 39.450324855660654 57.27916841832476
36.199754136319434 79.75067216557352 43.800245863680566 86.24932783442648
72.6273650512729 48.19210302756673 75.3726349487271 57.80789697243327
17.66929689943949 53.2708691554309 24.33070310056051 60.7291308445691
