84.28388844026864 11.339189427969508 93.71611155973136 14.660810572030492
44.89175972906939 42.15002423233039 53.10824027093061 47.84997576766961
28.352476699059387 18.042105933489605 29.647523300940613 27.957894066510395
55.464392269371594 9.464539920304482 62.535607730628406 16.53546007969552
11.375879974344391 70.03910550469216 12.624120025655609 79.96089449530784
56.678466477488705 51.571627601041634 61.321533522511295 60.428372398958366
33.549675144339346 56.72083158167524 42.450324855660654 61.27916841832476
40.61044212563651 79.01519863359417 41.38955787436349 88.98480136640583
66.6273650512729 46.19210302756673 69.3726349487271 55.80789697243327
16.71826904039867 50.00794354334788 17.28173095960133 59.99205645665212
