81.83957595303076 2.4908351175326207 86.16042404696924 11.50916488246738
59.89175972906939 27.15002423233039 68.10824027093061 32.84997576766961
28.95210760223736 5.036371368094548 35.047892397762645 12.963628631905452
56.46453992030448 9.464392269371594 63.53546007969552 16.535607730628406
16.03910550469216 69.37587997434439 25.96089449530784 70.62412002565561
54.571627601041634 44.678466477488705 63.428372398958366 49.321533522511295
40.24152967201565 59.46476056014296 49.75847032798435 62.53523943985704
38.199754136319434 74.75067216557352 45.800245863680566 81.24932783442648
77.19210302756673 50.6273650512729 86.80789697243327 53.3726349487271
9.007943543347881 47.718269040398674 18.99205645665212 48.281730959601326
