79.28388844026864 6.339189427969509 88.71611155973136 9.660810572030492
56.150024232330395 44.89175972906939 61.849975767669605 53.10824027093061
34.35247669905939 7.042105933489606 35.64752330094061 16.957894066510395
48.000000001090044 33.99989559502411 57.999999998909956 34.00010440497589
12.375879974344391 82.03910550469216 13.624120025655609 91.96089449530784
66.51023994359683 59.22709575055757 69.48976005640317 68.77290424944243
46.46476056014296 47.24152967201565 49.53523943985704 56.75847032798435
28.750672165573512 75.19975413631943 35.24932783442649 82.80024586368057
83.57090292788475 54.62970396720759 88.42909707211525 63.37029603279241
27.66929689943949 54.2708691554309 34.330703100560505 61.7291308445691
