89.33918942796952 7.283888440268641 92.66081057203048 16.71611155973136
42.07979825414479 51.110272637217825 51.92020174585521 52.889727362782175
27.042105933489605 14.352476699059387 36.95789406651039 15.647523300940613
53.46453992030448 24.464392269371594 60.53546007969552 31.535607730628406
9.050798359201407 73.93343736403222 16.94920164079859 80.06656263596778
59.678466477488705 53.571627601041634 64.3215335225113 62.428372398958366
32.549675144339346 57.72083158167524 41.450324855660654 62.27916841832476
36.75067216557351 76.19975413631943 43.24932783442649 83.80024586368057
70.6273650512729 54.19210302756673 73.3726349487271 63.80789697243327
19.270869155430905 54.66929689943949 26.729130844569095 61.33070310056051
