72.28388844026864 12.339189427969508 81.71611155973136 15.660810572030492
56.89175972906939 47.15002423233039 65.10824027093061 52.84997576766961
23.95210760223736 8.036371368094548 30.04789239776264 15.963628631905452
42.46453992030448 34.464392269371594 49.53546007969552 41.535607730628406
6.0391055046921585 95.37587997434439 15.96089449530784 96.62412002565561
62.22709575055757 62.51023994359683 71.77290424944243 65.48976005640317
46.46476056014296 47.24152967201565 49.53523943985704 56.75847032798435
25.750672165573512 75.19975413631943 32.24932783442649 82.80024586368057
82.57090292788475 52.62970396720759 87.42909707211525 61.37029603279241
23.66929689943949 58.2708691554309 30.33070310056051 65.7291308445691
