88.33918942796952 4.283888440268641 91.66081057203048 13.71611155973136
49.110272637217825 39.07979825414479 50.889727362782175 48.92020174585521
28.95210760223736 15.036371368094548 35.047892397762645 22.96362863190545
59.99989559502411 11.00000000109004 60.00010440497589 20.99999999890996
9.375879974344391 72.03910550469216 10.624120025655609 81.96089449530784
58.51023994359683 54.22709575055757 61.48976005640317 63.77290424944243
35.46476056014296 52.24152967201565 38.53523943985704 61.75847032798435
37.199754136319434 79.75067216557352 44.800245863680566 86.24932783442648
69.62970396720759 47.570902927884745 78.37029603279241 52.429097072115255
16.66929689943949 55.2708691554309 23.33070310056051 62.7291308445691
