78.28388844026864 4.339189427969509 87.71611155973136 7.660810572030491
60.07979825414479 33.110272637217825 69.92020174585521 34.889727362782175
25.352476699059387 3.042105933489606 26.647523300940613 12.957894066510395
50.46453992030448 10.464392269371594 57.53546007969552 17.535607730628406
16.05079835920141 68.93343736403222 23.94920164079859 75.06656263596778
50.22709575055757 45.51023994359683 59.77290424944243 48.48976005640317
40.24152967201565 56.46476056014296 49.75847032798435 59.53523943985704
42.61044212563651 74.01519863359417 43.38955787436349 83.98480136640583
86.19210302756673 50.6273650512729 95.80789697243327 53.3726349487271
3.2708691554309053 32.66929689943949 10.729130844569095 39.33070310056051
