77.33918942796952 5.283888440268641 80.66081057203048 14.71611155973136
61.110272637217825 30.079798254144787 62.889727362782175 39.92020174585521
23.352476699059387 6.042105933489606 24.647523300940613 15.957894066510395
46.464392269371594 34.46453992030448 53.535607730628406 41.53546007969552
11.933437364032214 85.05079835920141 18.066562635967788 92.94920164079859
65.6784664774887 73.57162760104163 70.3215335225113 82.42837239895837
42.72083158167524 46.549675144339346 47.27916841832476 55.450324855660654
24.19975413631943 74.75067216557352 31.80024586368057 81.24932783442648
89.6273650512729 48.19210302756673 92.3726349487271 57.80789697243327
16.270869155430905 53.669296899439495 23.729130844569095 60.330703100560505
