85.33918942796952 3.2838884402686412 88.66081057203048 12.71611155973136
49.07979825414479 37.110272637217825 58.92020174585521 38.889727362782175
30.95210760223736 22.03637136809455 37.047892397762645 29.96362863190545
54.99989559502411 7.00000000109004 55.00010440497589 16.99999999890996
11.03910550469216 75.37587997434439 20.96089449530784 76.62412002565561
58.51023994359683 51.22709575055757 61.48976005640317 60.77290424944243
34.549675144339346 55.72083158167524 43.450324855660654 60.27916841832476
27.750672165573512 73.19975413631943 34.24932783442649 80.80024586368057
66.6273650512729 47.19210302756673 69.3726349487271 56.80789697243327
10.007943543347881 54.71826904039867 19.99205645665212 55.28173095960133
