78.83957595303076 9.49083511753262 83.16042404696924 18.50916488246738
59.110272637217825 45.07979825414479 60.889727362782175 54.92020174585521
26.352476699059387 7.042105933489606 27.647523300940613 16.957894066510395
45.464392269371594 32.46453992030448 52.535607730628406 39.53546007969552
6.0391055046921585 94.37587997434439 15.96089449530784 95.62412002565561
69.51023994359683 62.22709575055757 72.48976005640317 71.77290424944243
44.24152967201565 45.46476056014296 53.75847032798435 48.53523943985704
25.015198633594174 80.61044212563651 34.984801366405826 81.38955787436349
85.57090292788475 51.62970396720759 90.42909707211525 60.37029603279241
27.71826904039867 59.00794354334788 28.28173095960133 68.99205645665212
