85.33918942796952 3.2838884402686412 88.66081057203048 12.71611155973136
52.89175972906939 50.15002423233039 61.10824027093061 55.84997576766961
33.952107602237355 12.036371368094548 40.047892397762645 19.96362863190545
53.99989559502411 24.00000000109004 54.00010440497589 33.999999998909956
7.050798359201408 77.93343736403222 14.949201640798591 84.06656263596778
66.6784664774887 57.571627601041634 71.3215335225113 66.42837239895837
45.549675144339346 54.72083158167524 54.450324855660654 59.27916841832476
28.750672165573512 76.19975413631943 35.24932783442649 83.80024586368057
76.62970396720759 60.570902927884745 85.37029603279241 65.42909707211525
26.66929689943949 54.2708691554309 33.330703100560505 61.7291308445691
