85.28388844026864 11.339189427969508 94.71611155973136 14.660810572030492
48.110272637217825 40.07979825414479 49.889727362782175 49.92020174585521
28.352476699059387 18.042105933489605 29.647523300940613 27.957894066510395
55.464392269371594 9.464539920304482 62.535607730628406 16.53546007969552
11.375879974344391 70.03910550469216 12.624120025655609 79.96089449530784
54.22709575055757 54.51023994359683 63.77290424944243 57.48976005640317
33.549675144339346 56.72083158167524 42.450324855660654 61.27916841832476
39.61044212563651 79.01519863359417 40.38955787436349 88.98480136640583
66.6273650512729 47.19210302756673 69.3726349487271 56.80789697243327
16.71826904039867 51.00794354334788 17.28173095960133 60.99205645665212
