72.28388844026864 7.339189427969509 81.71611155973136 10.66081057203049
66.11027263721782 28.079798254144787 67.88972736278218 37.92020174585521
17.95210760223736 6.036371368094548 24.04789239776264 13.963628631905452
44.464392269371594 34.46453992030448 51.535607730628406 41.53546007969552
11.03910550469216 88.37587997434439 20.96089449530784 89.62412002565561
66.57162760104163 75.6784664774887 75.42837239895837 80.3215335225113
45.46476056014296 46.24152967201565 48.53523943985704 55.75847032798435
26.61044212563651 74.01519863359417 27.38955787436349 83.98480136640583
88.57090292788475 51.62970396720759 93.42909707211525 60.37029603279241
15.669296899439491 52.2708691554309 22.33070310056051 59.7291308445691
