78.28388844026864 3.339189427969509 87.71611155973136 6.660810572030491
63.15002423233039 29.89175972906939 68.8499757676696 38.10824027093061
21.042105933489605 7.352476699059387 30.957894066510395 8.647523300940614
49.000000001090044 13.999895595024107 58.999999998909956 14.000104404975893
17.05079835920141 69.93343736403222 24.94920164079859 76.06656263596778
52.51023994359683 44.22709575055757 55.48976005640317 53.77290424944243
42.72083158167524 56.549675144339346 47.27916841832476 65.45032485566065
39.75067216557351 74.19975413631943 46.24932783442649 81.80024586368057
87.6273650512729 48.19210302756673 90.3726349487271 57.80789697243327
4.718269040398671 33.00794354334788 5.281730959601329 42.99205645665212
