84.83957595303076 7.490835117532621 89.16042404696924 16.50916488246738
48.110272637217825 41.07979825414479 49.889727362782175 50.92020174585521
25.03637136809455 18.952107602237355 32.96362863190545 25.047892397762645
58.99989559502411 7.00000000109004 59.00010440497589 16.99999999890996
11.375879974344391 69.03910550469216 12.624120025655609 78.96089449530784
55.22709575055757 54.51023994359683 64.77290424944243 57.48976005640317
37.46476056014296 54.24152967201565 40.53523943985704 63.75847032798435
35.015198633594174 81.61044212563651 44.984801366405826 82.38955787436349
65.57090292788475 46.62970396720759 70.42909707211525 55.37029603279241
13.270869155430905 53.66929689943949 20.729130844569095 60.33070310056051
