75.49083511753263 9.83957595303076 84.50916488246737 14.16042404696924
61.15002423233039 24.89175972906939 66.8499757676696 33.10824027093061
30.352476699059387 8.042105933489605 31.647523300940613 17.957894066510395
57.464392269371594 14.464539920304482 64.53560773062841 21.53546007969552
11.933437364032214 74.05079835920141 18.066562635967788 81.94920164079859
51.22709575055757 45.51023994359683 60.77290424944243 48.48976005640317
37.24152967201565 63.46476056014296 46.75847032798435 66.53523943985704
31.61044212563651 76.01519863359417 32.38955787436349 85.98480136640583
74.6273650512729 46.19210302756673 77.3726349487271 55.80789697243327
7.0079435433478805 50.71826904039867 16.99205645665212 51.28173095960133
