65.28388844026864 10.339189427969508 74.71611155973136 13.660810572030492
70.1500242323304 31.89175972906939 75.8499757676696 40.10824027093061
18.352476699059387 9.042105933489605 19.647523300940613 18.957894066510395
36.000000001090044 38.99989559502411 45.999999998909956 39.00010440497589
8.03910550469216 86.37587997434439 17.96089449530784 87.62412002565561
68.51023994359683 80.22709575055757 71.48976005640317 89.77290424944243
39.24152967201565 47.46476056014296 48.75847032798435 50.53523943985704
27.015198633594174 77.61044212563651 36.984801366405826 78.38955787436349
91.6273650512729 56.19210302756673 94.3726349487271 65.80789697243327
17.66929689943949 56.2708691554309 24.33070310056051 63.7291308445691
