82.49083511753263 6.839575953030759 91.50916488246737 11.16042404696924
53.07979825414479 50.110272637217825 62.92020174585521 51.889727362782175
33.03637136809455 9.952107602237358 40.96362863190545 16.04789239776264
50.99989559502411 26.00000000109004 51.00010440497589 35.999999998909956
8.933437364032212 79.05079835920141 15.066562635967788 86.94920164079859
66.51023994359683 59.22709575055757 69.48976005640317 68.77290424944243
47.72083158167524 48.549675144339346 52.27916841832476 57.450324855660654
29.19975413631943 76.75067216557352 36.800245863680566 83.24932783442648
81.57090292788475 59.62970396720759 86.42909707211525 68.37029603279241
27.66929689943949 51.2708691554309 34.330703100560505 58.7291308445691
