82.83957595303076 4.490835117532621 87.16042404696924 13.50916488246738
47.89175972906939 42.15002423233039 56.10824027093061 47.84997576766961
25.95210760223736 19.03637136809455 32.047892397762645 26.96362863190545
55.46453992030448 8.464392269371594 62.53546007969552 15.535607730628406
8.933437364032212 70.05079835920141 15.066562635967788 77.94920164079859
58.678466477488705 51.571627601041634 63.321533522511295 60.428372398958366
37.46476056014296 54.24152967201565 40.53523943985704 63.75847032798435
35.61044212563651 76.01519863359417 36.38955787436349 85.98480136640583
64.19210302756673 50.6273650512729 73.80789697243327 53.3726349487271
14.71826904039867 50.00794354334788 15.28173095960133 59.99205645665212
