78.28388844026864 2.339189427969509 87.71611155973136 5.660810572030491
66.11027263721782 30.079798254144787 67.88972736278218 39.92020174585521
19.042105933489605 7.352476699059387 28.957894066510395 8.647523300940614
50.46453992030448 10.464392269371594 57.53546007969552 17.535607730628406
18.05079835920141 69.93343736403222 25.94920164079859 76.06656263596778
50.571627601041634 45.678466477488705 59.428372398958366 50.321533522511295
41.549675144339346 59.72083158167524 50.450324855660654 64.27916841832476
37.015198633594174 78.61044212563651 46.984801366405826 79.38955787436349
84.19210302756673 52.6273650512729 93.80789697243327 55.3726349487271
4.718269040398671 33.00794354334788 5.281730959601329 42.99205645665212
