64.28388844026864 12.339189427969508 73.71611155973136 15.660810572030492
68.1500242323304 31.89175972906939 73.8499757676696 40.10824027093061
13.036371368094548 11.952107602237357 20.96362863190545 18.047892397762645
36.99989559502411 30.00000000109004 37.00010440497589 39.999999998909956
10.933437364032212 80.05079835920141 17.066562635967788 87.94920164079859
68.51023994359683 80.22709575055757 71.48976005640317 89.77290424944243
38.24152967201565 51.46476056014296 47.75847032798435 54.53523943985704
28.19975413631943 73.75067216557352 35.800245863680566 80.24932783442648
92.6273650512729 52.19210302756673 95.3726349487271 61.80789697243327
19.71826904039867 56.00794354334788 20.28173095960133 65.99205645665212
