85.49083511753263 7.839575953030759 94.50916488246737 12.16042404696924
47.110272637217825 46.07979825414479 48.889727362782175 55.92020174585521
31.352476699059387 10.042105933489605 32.64752330094061 19.957894066510395
58.99989559502411 17.00000000109004 59.00010440497589 26.99999999890996
8.375879974344391 68.03910550469216 9.624120025655609 77.96089449530784
57.22709575055757 56.51023994359683 66.77290424944243 59.48976005640317
29.72083158167524 50.549675144339346 34.27916841832476 59.450324855660654
36.015198633594174 82.61044212563651 45.984801366405826 83.38955787436349
69.19210302756673 53.6273650512729 78.80789697243327 56.3726349487271
17.66929689943949 57.2708691554309 24.33070310056051 64.7291308445691
