74.28388844026864 10.339189427969512 83.71611155973136 13.660810572030488
61.89175972906939 40.15002423233039 70.10824027093061 45.84997576766961
22.042105933489605 8.352476699059387 31.957894066510395 9.647523300940613
51.99989559502411 10.00000000109004 52.00010440497589 19.99999999890996
21.37587997434439 77.03910550469216 22.62412002565561 86.96089449530784
54.678466477488705 36.571627601041634 59.321533522511295 45.428372398958366
35.24152967201565 57.46476056014296 44.75847032798435 60.53523943985704
45.61044212563651 83.01519863359417 46.38955787436349 92.98480136640583
80.19210302756673 52.6273650512729 89.80789697243327 55.3726349487271
3.270869155430905 33.669296899439495 10.729130844569095 40.330703100560505
