78.28388844026864 3.339189427969509 87.71611155973136 6.660810572030491
66.11027263721782 29.079798254144787 67.88972736278218 38.92020174585521
20.042105933489605 7.352476699059387 29.957894066510395 8.647523300940614
50.46453992030448 10.464392269371594 57.53546007969552 17.535607730628406
18.05079835920141 69.93343736403222 25.94920164079859 76.06656263596778
50.22709575055757 46.51023994359683 59.77290424944243 49.48976005640317
43.46476056014296 57.24152967201565 46.53523943985704 66.75847032798434
37.015198633594174 77.61044212563651 46.984801366405826 78.38955787436349
85.19210302756673 52.6273650512729 94.80789697243327 55.3726349487271
4.718269040398671 34.00794354334788 5.281730959601329 43.99205645665212
