85.28388844026864 9.339189427969508 94.71611155973136 12.660810572030492
46.150024232330395 40.89175972906939 51.849975767669605 49.10824027093061
27.03637136809455 17.952107602237355 34.96362863190545 24.047892397762645
54.000000001090044 13.999895595024107 63.999999998909956 14.000104404975893
4.0391055046921585 73.37587997434439 13.96089449530784 74.62412002565561
55.22709575055757 57.51023994359683 64.77290424944243 60.48976005640317
35.46476056014296 54.24152967201565 38.53523943985704 63.75847032798435
39.61044212563651 77.01519863359417 40.38955787436349 86.98480136640583
68.19210302756673 48.6273650512729 77.80789697243327 51.3726349487271
15.270869155430905 54.669296899439495 22.729130844569095 61.330703100560505
