76.28388844026864 10.339189427969508 85.71611155973136 13.660810572030492
58.110272637217825 47.07979825414479 59.889727362782175 56.92020174585521
28.03637136809455 5.952107602237357 35.96362863190545 12.047892397762643
44.46453992030448 37.464392269371594 51.53546007969552 44.535607730628406
8.03910550469216 95.37587997434439 17.96089449530784 96.62412002565561
62.22709575055757 61.51023994359683 71.77290424944243 64.48976005640317
44.24152967201565 51.46476056014296 53.75847032798435 54.53523943985704
25.19975413631943 77.75067216557352 32.800245863680566 84.24932783442648
81.6273650512729 55.19210302756673 84.3726349487271 64.80789697243327
28.71826904039867 54.00794354334788 29.28173095960133 63.99205645665212
