80.83957595303076 3.4908351175326215 85.16042404696924 12.509164882467378
59.07979825414479 31.11027263721782 68.92020174585521 32.889727362782175
24.95210760223736 2.0363713680945477 31.04789239776264 9.963628631905452
55.464392269371594 8.46453992030448 62.535607730628406 15.53546007969552
13.375879974344391 64.03910550469216 14.624120025655609 73.96089449530784
49.22709575055757 40.51023994359683 58.77290424944243 43.48976005640317
45.46476056014296 54.24152967201565 48.53523943985704 63.75847032798435
33.75067216557351 76.19975413631943 40.24932783442649 83.80024586368057
82.57090292788475 45.62970396720759 87.42909707211525 54.37029603279241
8.71826904039867 37.00794354334788 9.28173095960133 46.99205645665212
