74.28388844026864 13.339189427969508 83.71611155973136 16.660810572030492
57.110272637217825 48.07979825414479 58.889727362782175 57.92020174585521
27.95210760223736 6.036371368094548 34.047892397762645 13.963628631905452
44.000000001090044 40.99989559502411 53.999999998909956 41.00010440497589
9.03910550469216 94.37587997434439 18.96089449530784 95.62412002565561
63.678466477488705 58.571627601041634 68.3215335225113 67.42837239895837
44.549675144339346 50.72083158167524 53.450324855660654 55.27916841832476
25.19975413631943 76.75067216557352 32.800245863680566 83.24932783442648
79.19210302756673 59.6273650512729 88.80789697243327 62.3726349487271
23.00794354334788 60.718269040398674 32.99205645665212 61.281730959601326
