83.49083511753263 9.83957595303076 92.50916488246737 14.16042404696924
45.07979825414479 52.110272637217825 54.92020174585521 53.889727362782175
30.352476699059387 15.042105933489605 31.647523300940613 24.957894066510395
60.99989559502411 24.00000000109004 61.00010440497589 33.999999998909956
11.933437364032214 73.05079835920141 18.066562635967788 80.94920164079859
59.571627601041634 57.678466477488705 68.42837239895837 62.321533522511295
36.72083158167524 53.549675144339346 41.27916841832476 62.450324855660654
35.199754136319434 78.75067216557352 42.800245863680566 85.24932783442648
70.6273650512729 54.19210302756673 73.3726349487271 63.80789697243327
20.66929689943949 52.2708691554309 27.33070310056051 59.7291308445691
