81.28388844026864 11.339189427969508 90.71611155973136 14.660810572030492
49.07979825414479 56.110272637217825 58.92020174585521 57.889727362782175
24.042105933489605 21.352476699059387 33.95789406651039 22.647523300940613
55.46453992030448 25.464392269371594 62.53546007969552 32.535607730628406
9.050798359201409 73.93343736403222 16.94920164079859 80.06656263596778
64.6784664774887 53.571627601041634 69.3215335225113 62.428372398958366
37.549675144339346 54.72083158167524 46.450324855660654 59.27916841832476
32.75067216557351 80.19975413631943 39.24932783442649 87.80024586368057
69.57090292788475 49.62970396720759 74.42909707211525 58.37029603279241
19.270869155430905 55.669296899439495 26.729130844569095 62.330703100560505
