84.28388844026864 11.339189427969508 93.71611155973136 14.660810572030492
44.07979825414479 44.110272637217825 53.92020174585521 45.889727362782175
25.03637136809455 18.952107602237355 32.96362863190545 25.047892397762645
55.46453992030448 9.464392269371594 62.53546007969552 16.535607730628406
9.375879974344391 70.03910550469216 10.624120025655609 79.96089449530784
55.22709575055757 54.51023994359683 64.77290424944243 57.48976005640317
33.24152967201565 57.46476056014296 42.75847032798435 60.53523943985704
37.199754136319434 81.75067216557352 44.800245863680566 88.24932783442648
66.6273650512729 46.19210302756673 69.3726349487271 55.80789697243327
12.270869155430905 51.66929689943949 19.729130844569095 58.33070310056051
