80.28388844026864 7.339189427969509 89.71611155973136 10.66081057203049
59.15002423233039 28.89175972906939 64.8499757676696 37.10824027093061
23.03637136809455 5.952107602237357 30.96362863190545 12.047892397762643
53.46453992030448 11.464392269371594 60.53546007969552 18.535607730628406
16.933437364032212 66.05079835920141 23.066562635967788 73.94920164079859
53.51023994359683 37.22709575055757 56.48976005640317 46.77290424944243
45.72083158167524 52.549675144339346 50.27916841832476 61.450324855660654
35.199754136319434 77.75067216557352 42.800245863680566 84.24932783442648
90.6273650512729 46.19210302756673 93.3726349487271 55.80789697243327
2.2708691554309053 34.66929689943949 9.729130844569095 41.33070310056051
