76.49083511753263 4.83957595303076 85.50916488246737 9.16042404696924
57.89175972906939 36.15002423233039 66.10824027093061 41.84997576766961
24.95210760223736 6.036371368094548 31.04789239776264 13.963628631905452
49.46453992030448 10.464392269371594 56.53546007969552 17.535607730628406
20.933437364032212 70.05079835920141 27.066562635967788 77.94920164079859
58.51023994359683 43.22709575055757 61.48976005640317 52.77290424944243
31.549675144339346 57.72083158167524 40.450324855660654 62.27916841832476
41.61044212563651 75.01519863359417 42.38955787436349 84.98480136640583
85.19210302756673 50.6273650512729 94.80789697243327 53.3726349487271
2.669296899439492 33.2708691554309 9.330703100560509 40.7291308445691
