78.28388844026864 13.339189427969508 87.71611155973136 16.660810572030492
56.89175972906939 42.15002423233039 65.10824027093061 47.84997576766961
23.03637136809455 6.952107602237357 30.96362863190545 13.047892397762643
45.464392269371594 39.46453992030448 52.535607730628406 46.53546007969552
9.03910550469216 94.37587997434439 18.96089449530784 95.62412002565561
67.51023994359683 63.22709575055757 70.48976005640317 72.77290424944243
46.549675144339346 48.72083158167524 55.450324855660654 53.27916841832476
23.015198633594174 79.61044212563651 32.984801366405826 80.38955787436349
86.62970396720759 48.570902927884745 95.37029603279241 53.429097072115255
21.270869155430905 59.669296899439495 28.729130844569095 66.33070310056051
