74.49083511753263 9.83957595303076 83.50916488246737 14.16042404696924
62.110272637217825 26.079798254144787 63.889727362782175 35.92020174585521
33.35247669905939 15.042105933489605 34.64752330094061 24.957894066510395
57.000000001090044 15.999895595024107 66.99999999890996 16.000104404975893
14.050798359201407 75.93343736403222 21.94920164079859 82.06656263596778
53.51023994359683 45.22709575055757 56.48976005640317 54.77290424944243
36.72083158167524 57.549675144339346 41.27916841832476 66.45032485566065
28.750672165573512 76.19975413631943 35.24932783442649 83.80024586368057
68.57090292788475 48.62970396720759 73.42909707211525 57.37029603279241
8.669296899439491 49.2708691554309 15.330703100560509 56.7291308445691
