81.49083511753263 6.839575953030759 90.50916488246737 11.16042404696924
55.07979825414479 30.11027263721782 64.92020174585521 31.88972736278218
24.03637136809455 4.952107602237358 31.96362863190545 11.047892397762642
55.46453992030448 9.464392269371594 62.53546007969552 16.535607730628406
10.03910550469216 73.37587997434439 19.96089449530784 74.62412002565561
52.678466477488705 40.571627601041634 57.321533522511295 49.428372398958366
41.549675144339346 57.72083158167524 50.450324855660654 62.27916841832476
34.75067216557351 74.19975413631943 41.24932783442649 81.80024586368057
81.62970396720759 45.570902927884745 90.37029603279241 50.429097072115255
5.669296899439492 39.2708691554309 12.330703100560509 46.7291308445691
