77.49083511753263 8.83957595303076 86.50916488246737 13.16042404696924
55.15002423233039 29.89175972906939 60.84997576766961 38.10824027093061
31.042105933489605 23.352476699059387 40.95789406651039 24.647523300940613
51.46453992030448 9.464392269371594 58.53546007969552 16.535607730628406
12.03910550469216 77.37587997434439 21.96089449530784 78.62412002565561
49.571627601041634 49.678466477488705 58.428372398958366 54.321533522511295
34.24152967201565 51.46476056014296 43.75847032798435 54.53523943985704
32.61044212563651 74.01519863359417 33.38955787436349 83.98480136640583
70.57090292788475 48.62970396720759 75.42909707211525 57.37029603279241
9.007943543347881 51.718269040398674 18.99205645665212 52.281730959601326
