83.83957595303076 8.49083511753262 88.16042404696924 17.50916488246738
67.1500242323304 32.89175972906939 72.8499757676696 41.10824027093061
21.95210760223736 4.036371368094548 28.04789239776264 11.963628631905452
55.99989559502411 35.000000001090044 56.00010440497589 44.999999998909956
10.050798359201409 88.93343736403222 17.94920164079859 95.06656263596778
62.22709575055757 71.51023994359683 71.77290424944243 74.48976005640317
45.24152967201565 47.46476056014296 54.75847032798435 50.53523943985704
23.750672165573512 79.19975413631943 30.249327834426488 86.80024586368057
85.62970396720759 53.570902927884745 94.37029603279241 58.429097072115255
20.270869155430905 58.66929689943949 27.729130844569095 65.33070310056051
