80.28388844026864 5.339189427969509 89.71611155973136 8.66081057203049
49.89175972906939 35.15002423233039 58.10824027093061 40.84997576766961
29.95210760223736 21.03637136809455 36.047892397762645 28.96362863190545
53.99989559502411 7.00000000109004 54.00010440497589 16.99999999890996
12.050798359201407 75.93343736403222 19.94920164079859 82.06656263596778
55.571627601041634 54.678466477488705 64.42837239895837 59.321533522511295
32.24152967201565 56.46476056014296 41.75847032798435 59.53523943985704
27.19975413631943 73.75067216557352 34.800245863680566 80.24932783442648
66.57090292788475 47.62970396720759 71.42909707211525 56.37029603279241
10.669296899439491 50.2708691554309 17.33070310056051 57.7291308445691
