87.83957595303076 5.490835117532621 92.16042404696924 14.50916488246738
64.07979825414479 42.110272637217825 73.92020174585521 43.889727362782175
25.95210760223736 5.036371368094548 32.047892397762645 12.963628631905452
56.99989559502411 37.000000001090044 57.00010440497589 46.999999998909956
12.03910550469216 88.37587997434439 21.96089449530784 89.62412002565561
65.22709575055757 68.51023994359683 74.77290424944243 71.48976005640317
45.549675144339346 47.72083158167524 54.450324855660654 52.27916841832476
22.750672165573512 74.19975413631943 29.249327834426488 81.80024586368057
82.62970396720759 50.570902927884745 91.37029603279241 55.429097072115255
14.270869155430905 59.66929689943949 21.729130844569095 66.33070310056051
