76.83957595303076 7.490835117532621 81.16042404696924 16.50916488246738
60.15002423233039 25.89175972906939 65.8499757676696 34.10824027093061
29.042105933489605 16.352476699059387 38.95789406651039 17.647523300940613
58.46453992030448 13.464392269371594 65.53546007969553 20.535607730628406
12.050798359201407 76.93343736403222 19.94920164079859 83.06656263596778
54.51023994359683 44.22709575055757 57.48976005640317 53.77290424944243
35.24152967201565 59.46476056014296 44.75847032798435 62.53523943985704
31.61044212563651 76.01519863359417 32.38955787436349 85.98480136640583
68.57090292788475 47.62970396720759 73.42909707211525 56.37029603279241
9.669296899439491 50.2708691554309 16.33070310056051 57.7291308445691
