84.83957595303076 4.490835117532621 89.16042404696924 13.50916488246738
52.89175972906939 51.15002423233039 61.10824027093061 56.84997576766961
29.03637136809455 15.952107602237357 36.96362863190545 22.047892397762645
56.99989559502411 22.00000000109004 57.00010440497589 31.99999999890996
9.03910550469216 80.37587997434439 18.96089449530784 81.62412002565561
65.51023994359683 54.22709575055757 68.48976005640317 63.77290424944243
43.24152967201565 57.46476056014296 52.75847032798435 60.53523943985704
29.015198633594174 82.61044212563651 38.984801366405826 83.38955787436349
77.57090292788475 53.62970396720759 82.42909707211525 62.37029603279241
21.270869155430905 54.669296899439495 28.729130844569095 61.330703100560505
