83.33918942796952 8.28388844026864 86.66081057203048 17.71611155973136
50.89175972906939 54.15002423233039 59.10824027093061 59.84997576766961
25.042105933489605 23.352476699059387 34.95789406651039 24.647523300940613
57.99989559502411 22.00000000109004 58.00010440497589 31.99999999890996
9.050798359201409 74.93343736403222 16.94920164079859 81.06656263596778
61.571627601041634 55.678466477488705 70.42837239895837 60.321533522511295
44.46476056014296 53.24152967201565 47.53523943985704 62.75847032798435
33.61044212563651 79.01519863359417 34.38955787436349 88.98480136640583
71.62970396720759 53.570902927884745 80.37029603279241 58.429097072115255
23.71826904039867 55.00794354334788 24.28173095960133 64.99205645665212
