74.28388844026864 10.339189427969512 83.71611155973136 13.660810572030488
61.89175972906939 39.15002423233039 70.10824027093061 44.84997576766961
21.042105933489605 8.352476699059387 30.957894066510395 9.647523300940613
47.464392269371594 11.46453992030448 54.535607730628406 18.53546007969552
23.37587997434439 75.03910550469216 24.62412002565561 84.96089449530784
54.678466477488705 37.571627601041634 59.321533522511295 46.428372398958366
35.72083158167524 54.549675144339346 40.27916841832476 63.450324855660654
45.61044212563651 82.01519863359417 46.38955787436349 91.98480136640583
81.62970396720759 51.570902927884745 90.37029603279241 56.429097072115255
8.71826904039867 31.00794354334788 9.28173095960133 40.99205645665212
