72.28388844026864 6.339189427969509 81.71611155973136 9.660810572030492
65.1500242323304 25.89175972906939 70.8499757676696 34.10824027093061
19.352476699059387 11.042105933489605 20.647523300940613 20.957894066510395
29.00000000109004 30.999895595024107 38.999999998909956 31.000104404975893
15.375879974344391 76.03910550469216 16.62412002565561 85.96089449530784
67.22709575055757 80.51023994359683 76.77290424944243 83.48976005640317
40.24152967201565 53.46476056014296 49.75847032798435 56.53523943985704
24.19975413631943 71.75067216557352 31.80024586368057 78.24932783442648
87.57090292788475 53.62970396720759 92.42909707211525 62.37029603279241
15.71826904039867 56.00794354334788 16.28173095960133 65.99205645665212
