81.28388844026864 4.339189427969509 90.71611155973136 7.660810572030491
50.89175972906939 50.15002423233039 59.10824027093061 55.84997576766961
34.952107602237355 11.036371368094548 41.047892397762645 18.96362863190545
54.464392269371594 24.46453992030448 61.535607730628406 31.53546007969552
5.933437364032214 77.05079835920141 12.066562635967786 84.94920164079859
62.571627601041634 58.678466477488705 71.42837239895837 63.321533522511295
46.549675144339346 54.72083158167524 55.450324855660654 59.27916841832476
26.015198633594174 80.61044212563651 35.984801366405826 81.38955787436349
79.62970396720759 59.570902927884745 88.37029603279241 64.42909707211525
29.71826904039867 52.00794354334788 30.28173095960133 61.99205645665212
