78.33918942796952 6.283888440268641 81.66081057203048 15.71611155973136
57.89175972906939 28.15002423233039 66.10824027093061 33.84997576766961
24.042105933489605 6.3524766990593875 33.95789406651039 7.6475233009406125
57.000000001090044 15.999895595024107 66.99999999890996 16.000104404975893
11.03910550469216 76.37587997434439 20.96089449530784 77.62412002565561
55.51023994359683 43.22709575055757 58.48976005640317 52.77290424944243
40.72083158167524 58.549675144339346 45.27916841832476 67.45032485566065
34.61044212563651 80.01519863359417 35.38955787436349 89.98480136640583
78.57090292788475 45.62970396720759 83.42909707211525 54.37029603279241
9.71826904039867 47.00794354334788 10.28173095960133 56.99205645665212
