78.83957595303076 7.490835117532621 83.16042404696924 16.50916488246738
56.15002423233039 45.89175972906939 61.84997576766961 54.10824027093061
32.35247669905939 5.042105933489606 33.64752330094061 14.957894066510395
48.000000001090044 39.99989559502411 57.999999998909956 40.00010440497589
8.933437364032212 85.05079835920141 15.066562635967788 92.94920164079859
65.6784664774887 56.571627601041634 70.3215335225113 65.42837239895837
48.46476056014296 49.24152967201565 51.53523943985704 58.75847032798435
25.750672165573512 75.19975413631943 32.24932783442649 82.80024586368057
79.6273650512729 53.19210302756673 82.3726349487271 62.80789697243327
24.00794354334788 58.718269040398674 33.99205645665212 59.281730959601326
