77.28388844026864 9.33918942796951 86.71611155973136 12.66081057203049
60.110272637217825 28.079798254144787 61.889727362782175 37.92020174585521
27.95210760223736 3.0363713680945477 34.047892397762645 10.963628631905452
59.46453992030448 10.464392269371594 66.53546007969553 17.535607730628406
12.050798359201407 71.93343736403222 19.94920164079859 78.06656263596778
52.22709575055757 45.51023994359683 61.77290424944243 48.48976005640317
41.72083158167524 52.549675144339346 46.27916841832476 61.450324855660654
31.750672165573512 79.19975413631943 38.24932783442649 86.80024586368057
77.62970396720759 46.570902927884745 86.37029603279241 51.429097072115255
7.669296899439492 46.2708691554309 14.330703100560509 53.7291308445691
