78.28388844026864 7.339189427969509 87.71611155973136 10.66081057203049
55.15002423233039 29.89175972906939 60.84997576766961 38.10824027093061
32.03637136809455 19.952107602237355 39.96362863190545 26.047892397762645
54.99989559502411 8.00000000109004 55.00010440497589 17.99999999890996
13.03910550469216 77.37587997434439 22.96089449530784 78.62412002565561
52.571627601041634 48.678466477488705 61.428372398958366 53.321533522511295
33.24152967201565 51.46476056014296 42.75847032798435 54.53523943985704
31.61044212563651 73.01519863359417 32.38955787436349 82.98480136640583
68.19210302756673 50.6273650512729 77.80789697243327 53.3726349487271
10.669296899439491 48.2708691554309 17.33070310056051 55.7291308445691
