83.28388844026864 3.339189427969509 92.71611155973136 6.660810572030491
51.89175972906939 52.15002423233039 60.10824027093061 57.84997576766961
36.35247669905939 13.042105933489605 37.64752330094061 22.957894066510395
55.46453992030448 22.464392269371594 62.53546007969552 29.535607730628406
5.933437364032214 76.05079835920141 12.066562635967786 83.94920164079859
64.6784664774887 56.571627601041634 69.3215335225113 65.42837239895837
44.549675144339346 55.72083158167524 53.450324855660654 60.27916841832476
34.61044212563651 77.01519863359417 35.38955787436349 86.98480136640583
79.19210302756673 58.6273650512729 88.80789697243327 61.3726349487271
31.71826904039867 54.00794354334788 32.28173095960133 63.99205645665212
