76.83957595303076 9.49083511753262 81.16042404696924 18.50916488246738
54.89175972906939 50.15002423233039 63.10824027093061 55.84997576766961
23.95210760223736 7.036371368094548 30.04789239776264 14.963628631905452
44.46453992030448 35.464392269371594 51.53546007969552 42.535607730628406
8.03910550469216 95.37587997434439 17.96089449530784 96.62412002565561
64.6784664774887 59.571627601041634 69.3215335225113 68.42837239895837
47.72083158167524 47.549675144339346 52.27916841832476 56.450324855660654
25.750672165573512 75.19975413631943 32.24932783442649 82.80024586368057
78.19210302756673 57.6273650512729 87.80789697243327 60.3726349487271
21.00794354334788 61.718269040398674 30.99205645665212 62.281730959601326
