84.49083511753263 2.839575953030759 93.50916488246737 7.160424046969241
51.89175972906939 52.15002423233039 60.10824027093061 57.84997576766961
32.03637136809455 17.95210760223736 39.96362863190545 24.04789239776264
52.000000001090044 25.999895595024107 61.999999998909956 26.000104404975893
5.0391055046921585 78.37587997434439 14.96089449530784 79.62412002565561
65.51023994359683 56.22709575055757 68.48976005640317 65.77290424944243
44.549675144339346 58.72083158167524 53.450324855660654 63.27916841832476
33.61044212563651 77.01519863359417 34.38955787436349 86.98480136640583
79.62970396720759 56.570902927884745 88.37029603279241 61.429097072115255
27.270869155430905 55.669296899439495 34.7291308445691 62.330703100560505
