75.49083511753263 8.83957595303076 84.50916488246737 13.16042404696924
59.07979825414479 30.11027263721782 68.92020174585521 31.88972736278218
28.03637136809455 13.952107602237358 35.96362863190545 20.04789239776264
56.000000001090044 16.999895595024107 65.99999999890996 17.000104404975893
15.375879974344391 73.03910550469216 16.62412002565561 82.96089449530784
53.51023994359683 43.22709575055757 56.48976005640317 52.77290424944243
35.549675144339346 60.72083158167524 44.450324855660654 65.27916841832476
27.015198633594174 81.61044212563651 36.984801366405826 82.38955787436349
68.19210302756673 50.6273650512729 77.80789697243327 53.3726349487271
8.669296899439491 49.2708691554309 15.330703100560509 56.7291308445691
