85.49083511753263 10.83957595303076 94.50916488246737 15.16042404696924
67.11027263721782 32.07979825414479 68.88972736278218 41.92020174585521
20.03637136809455 4.952107602237358 27.96362863190545 11.047892397762642
50.000000001090044 41.99989559502411 59.999999998909956 42.00010440497589
13.375879974344391 86.03910550469216 14.624120025655609 95.96089449530784
67.6784664774887 67.57162760104163 72.3215335225113 76.42837239895837
44.549675144339346 46.72083158167524 53.450324855660654 51.27916841832476
22.19975413631943 78.75067216557352 29.80024586368057 85.24932783442648
82.62970396720759 51.570902927884745 91.37029603279241 56.429097072115255
18.270869155430905 58.66929689943949 25.729130844569095 65.33070310056051
