80.33918942796952 5.283888440268641 83.66081057203048 14.71611155973136
60.150024232330395 31.89175972906939 65.8499757676696 40.10824027093061
19.95210760223736 8.036371368094548 26.04789239776264 15.963628631905452
48.000000001090044 37.99989559502411 57.999999998909956 38.00010440497589
10.933437364032214 88.05079835920141 17.066562635967788 95.94920164079859
61.22709575055757 73.51023994359683 70.77290424944243 76.48976005640317
44.72083158167524 47.549675144339346 49.27916841832476 56.450324855660654
24.015198633594174 77.61044212563651 33.984801366405826 78.38955787436349
87.57090292788475 50.62970396720759 92.42909707211525 59.37029603279241
22.71826904039867 52.00794354334788 23.28173095960133 61.99205645665212
