90.33918942796952 3.2838884402686412 93.66081057203048 12.71611155973136
50.110272637217825 42.07979825414479 51.889727362782175 51.92020174585521
31.03637136809455 17.95210760223736 38.96362863190545 24.04789239776264
56.99989559502411 9.00000000109004 57.00010440497589 18.99999999890996
7.933437364032213 72.05079835920141 14.066562635967788 79.94920164079859
61.678466477488705 49.571627601041634 66.3215335225113 58.428372398958366
32.549675144339346 52.72083158167524 41.450324855660654 57.27916841832476
39.61044212563651 77.01519863359417 40.38955787436349 86.98480136640583
69.19210302756673 49.6273650512729 78.80789697243327 52.3726349487271
17.66929689943949 55.2708691554309 24.33070310056051 62.7291308445691
