75.49083511753263 8.83957595303076 84.50916488246737 13.16042404696924
57.89175972906939 27.15002423233039 66.10824027093061 32.84997576766961
24.03637136809455 2.9521076022373576 31.96362863190545 9.047892397762642
58.46453992030448 12.464392269371594 65.53546007969553 19.535607730628406
11.03910550469216 76.37587997434439 20.96089449530784 77.62412002565561
55.51023994359683 44.22709575055757 58.48976005640317 53.77290424944243
37.24152967201565 61.46476056014296 46.75847032798435 64.53523943985704
33.61044212563651 80.01519863359417 34.38955787436349 89.98480136640583
78.57090292788475 45.62970396720759 83.42909707211525 54.37029603279241
7.669296899439492 48.2708691554309 14.330703100560509 55.7291308445691
