83.83957595303076 4.490835117532621 88.16042404696924 13.50916488246738
47.89175972906939 42.15002423233039 56.10824027093061 47.84997576766961
25.95210760223736 19.03637136809455 32.047892397762645 26.96362863190545
55.46453992030448 9.464392269371594 62.53546007969552 16.535607730628406
11.375879974344391 69.03910550469216 12.624120025655609 78.96089449530784
58.678466477488705 51.571627601041634 63.321533522511295 60.428372398958366
37.46476056014296 54.24152967201565 40.53523943985704 63.75847032798435
35.61044212563651 76.01519863359417 36.38955787436349 85.98480136640583
64.19210302756673 50.6273650512729 73.80789697243327 53.3726349487271
11.669296899439491 51.2708691554309 18.33070310056051 58.7291308445691
