85.28388844026864 3.339189427969509 94.71611155973136 6.660810572030491
51.89175972906939 53.15002423233039 60.10824027093061 58.84997576766961
33.03637136809455 15.952107602237358 40.96362863190545 22.04789239776264
57.99989559502411 20.00000000109004 58.00010440497589 29.99999999890996
5.933437364032214 76.05079835920141 12.066562635967786 83.94920164079859
64.51023994359683 56.22709575055757 67.48976005640317 65.77290424944243
44.549675144339346 56.72083158167524 53.450324855660654 61.27916841832476
33.61044212563651 77.01519863359417 34.38955787436349 86.98480136640583
79.19210302756673 58.6273650512729 88.80789697243327 61.3726349487271
32.71826904039867 55.00794354334788 33.28173095960133 64.99205645665212
