90.83957595303076 2.4908351175326207 95.16042404696924 11.50916488246738
47.89175972906939 43.15002423233039 56.10824027093061 48.84997576766961
27.042105933489605 20.352476699059387 36.95789406651039 21.647523300940613
56.99989559502411 9.00000000109004 57.00010440497589 18.99999999890996
9.050798359201407 74.93343736403222 16.94920164079859 81.06656263596778
61.678466477488705 51.571627601041634 66.3215335225113 60.428372398958366
34.24152967201565 54.46476056014296 43.75847032798435 57.53523943985704
36.015198633594174 81.61044212563651 45.984801366405826 82.38955787436349
68.19210302756673 49.6273650512729 77.80789697243327 52.3726349487271
16.00794354334788 56.71826904039867 25.99205645665212 57.28173095960133
