82.28388844026864 7.339189427969509 91.71611155973136 10.660810572030492
52.89175972906939 51.15002423233039 61.10824027093061 56.84997576766961
29.03637136809455 17.952107602237355 36.96362863190545 24.047892397762645
54.464392269371594 23.46453992030448 61.535607730628406 30.53546007969552
10.933437364032212 77.05079835920141 17.066562635967788 84.94920164079859
65.51023994359683 54.22709575055757 68.48976005640317 63.77290424944243
43.24152967201565 57.46476056014296 52.75847032798435 60.53523943985704
29.015198633594174 83.61044212563651 38.984801366405826 84.38955787436349
78.57090292788475 53.62970396720759 83.42909707211525 62.37029603279241
22.270869155430905 54.669296899439495 29.729130844569095 61.330703100560505
