73.49083511753263 8.83957595303076 82.50916488246737 13.16042404696924
61.89175972906939 39.15002423233039 70.10824027093061 44.84997576766961
27.352476699059387 8.042105933489605 28.647523300940613 17.957894066510395
48.000000001090044 12.999895595024107 57.999999998909956 13.000104404975893
19.05079835920141 78.93343736403222 26.94920164079859 85.06656263596778
52.571627601041634 39.678466477488705 61.428372398958366 44.321533522511295
36.549675144339346 57.72083158167524 45.450324855660654 62.27916841832476
43.75067216557351 80.19975413631943 50.24932783442649 87.80024586368057
80.19210302756673 50.6273650512729 89.80789697243327 53.3726349487271
3.0079435433478805 36.718269040398674 12.992056456652119 37.281730959601326
