84.49083511753263 9.83957595303076 93.50916488246737 14.16042404696924
62.89175972906939 40.15002423233039 71.10824027093061 45.84997576766961
24.352476699059387 5.042105933489606 25.647523300940613 14.957894066510395
52.46453992030448 38.464392269371594 59.53546007969552 45.535607730628406
10.050798359201407 88.93343736403222 17.94920164079859 95.06656263596778
68.6784664774887 66.57162760104163 73.3215335225113 75.42837239895837
45.24152967201565 45.46476056014296 54.75847032798435 48.53523943985704
22.19975413631943 75.75067216557352 29.80024586368057 82.24932783442648
82.19210302756673 53.6273650512729 91.80789697243327 56.3726349487271
14.669296899439491 60.2708691554309 21.33070310056051 67.7291308445691
