66.49083511753263 9.83957595303076 75.50916488246737 14.16042404696924
70.1500242323304 31.89175972906939 75.8499757676696 40.10824027093061
14.952107602237358 10.036371368094548 21.04789239776264 17.96362863190545
36.000000001090044 38.99989559502411 45.999999998909956 39.00010440497589
10.03910550469216 86.37587997434439 19.96089449530784 87.62412002565561
68.51023994359683 80.22709575055757 71.48976005640317 89.77290424944243
39.549675144339346 46.72083158167524 48.450324855660654 51.27916841832476
26.015198633594174 78.61044212563651 35.984801366405826 79.38955787436349
91.6273650512729 56.19210302756673 94.3726349487271 65.80789697243327
17.66929689943949 55.2708691554309 24.33070310056051 62.7291308445691
