76.49083511753263 10.83957595303076 85.50916488246737 15.16042404696924
59.150024232330395 27.89175972906939 64.8499757676696 36.10824027093061
26.95210760223736 3.0363713680945477 33.047892397762645 10.963628631905452
63.99989559502411 9.00000000109004 64.0001044049759 18.99999999890996
13.050798359201407 72.93343736403222 20.94920164079859 79.06656263596778
54.22709575055757 45.51023994359683 63.77290424944243 48.48976005640317
41.72083158167524 54.549675144339346 46.27916841832476 63.450324855660654
33.61044212563651 80.01519863359417 34.38955787436349 89.98480136640583
78.19210302756673 47.6273650512729 87.80789697243327 50.3726349487271
5.0079435433478805 51.71826904039867 14.992056456652119 52.28173095960133
