72.28388844026864 7.339189427969509 81.71611155973136 10.66081057203049
65.1500242323304 28.89175972906939 70.8499757676696 37.10824027093061
16.042105933489605 11.352476699059386 25.957894066510395 12.647523300940614
43.000000001090044 37.99989559502411 52.999999998909956 38.00010440497589
13.050798359201409 85.93343736403222 20.94920164079859 92.06656263596778
67.22709575055757 76.51023994359683 76.77290424944243 79.48976005640317
45.46476056014296 46.24152967201565 48.53523943985704 55.75847032798435
22.750672165573512 75.19975413631943 29.249327834426488 82.80024586368057
86.62970396720759 53.570902927884745 95.37029603279241 58.429097072115255
19.71826904039867 51.00794354334788 20.28173095960133 60.99205645665212
