80.49083511753263 7.839575953030759 89.50916488246737 12.16042404696924
55.89175972906939 46.15002423233039 64.10824027093061 51.84997576766961
27.042105933489605 11.352476699059386 36.95789406651039 12.647523300940614
47.000000001090044 37.99989559502411 56.999999998909956 38.00010440497589
8.933437364032212 83.05079835920141 15.066562635967788 90.94920164079859
63.571627601041634 60.678466477488705 72.42837239895837 65.3215335225113
47.24152967201565 49.46476056014296 56.75847032798435 52.53523943985704
32.61044212563651 73.01519863359417 33.38955787436349 82.98480136640583
76.19210302756673 56.6273650512729 85.80789697243327 59.3726349487271
25.66929689943949 54.2708691554309 32.330703100560505 61.7291308445691
