85.49083511753263 7.839575953030759 94.50916488246737 12.16042404696924
44.89175972906939 48.15002423233039 53.10824027093061 53.84997576766961
31.352476699059387 11.042105933489605 32.64752330094061 20.957894066510395
58.99989559502411 16.00000000109004 59.00010440497589 25.99999999890996
8.375879974344391 68.03910550469216 9.624120025655609 77.96089449530784
57.22709575055757 55.51023994359683 66.77290424944243 58.48976005640317
29.72083158167524 50.549675144339346 34.27916841832476 59.450324855660654
36.75067216557351 78.19975413631943 43.24932783442649 85.80024586368057
69.19210302756673 53.6273650512729 78.80789697243327 56.3726349487271
17.66929689943949 57.2708691554309 24.33070310056051 64.7291308445691
