87.33918942796952 7.283888440268641 90.66081057203048 16.71611155973136
67.11027263721782 39.07979825414479 68.88972736278218 48.92020174585521
25.352476699059387 4.042105933489606 26.647523300940613 13.957894066510395
55.99989559502411 36.000000001090044 56.00010440497589 45.999999998909956
11.050798359201407 86.93343736403222 18.94920164079859 93.06656263596778
67.6784664774887 65.57162760104163 72.3215335225113 74.42837239895837
47.72083158167524 44.549675144339346 52.27916841832476 53.450324855660654
21.015198633594174 78.61044212563651 30.984801366405826 79.38955787436349
82.19210302756673 52.6273650512729 91.80789697243327 55.3726349487271
14.270869155430905 60.66929689943949 21.729130844569095 67.33070310056051
