77.33918942796952 7.283888440268641 80.66081057203048 16.71611155973136
58.15002423233039 25.89175972906939 63.84997576766961 34.10824027093061
29.95210760223736 13.036371368094548 36.047892397762645 20.96362863190545
56.000000001090044 18.999895595024107 65.99999999890996 19.000104404975893
12.03910550469216 77.37587997434439 21.96089449530784 78.62412002565561
50.571627601041634 45.678466477488705 59.428372398958366 50.321533522511295
35.549675144339346 60.72083158167524 44.450324855660654 65.27916841832476
26.015198633594174 80.61044212563651 35.984801366405826 81.38955787436349
69.19210302756673 49.6273650512729 78.80789697243327 52.3726349487271
8.669296899439491 49.2708691554309 15.330703100560509 56.7291308445691
