77.83957595303076 9.49083511753262 82.16042404696924 18.50916488246738
54.89175972906939 50.15002423233039 63.10824027093061 55.84997576766961
23.95210760223736 7.036371368094548 30.04789239776264 14.963628631905452
43.000000001090044 38.99989559502411 52.999999998909956 39.00010440497589
8.03910550469216 95.37587997434439 17.96089449530784 96.62412002565561
62.22709575055757 62.51023994359683 71.77290424944243 65.48976005640317
49.46476056014296 47.24152967201565 52.53523943985704 56.75847032798435
25.750672165573512 75.19975413631943 32.24932783442649 82.80024586368057
78.19210302756673 56.6273650512729 87.80789697243327 59.3726349487271
22.00794354334788 61.718269040398674 31.99205645665212 62.281730959601326
