82.83957595303076 8.49083511753262 87.16042404696924 17.50916488246738
58.150024232330395 30.89175972906939 63.849975767669605 39.10824027093061
24.352476699059387 5.042105933489606 25.647523300940613 14.957894066510395
52.46453992030448 36.464392269371594 59.53546007969552 43.535607730628406
10.933437364032214 89.05079835920141 17.066562635967788 96.94920164079859
63.22709575055757 73.51023994359683 72.77290424944243 76.48976005640317
45.46476056014296 46.24152967201565 48.53523943985704 55.75847032798435
30.61044212563651 78.01519863359417 31.38955787436349 87.98480136640583
84.19210302756673 54.6273650512729 93.80789697243327 57.3726349487271
18.00794354334788 60.71826904039867 27.99205645665212 61.28173095960133
