75.33918942796952 5.283888440268641 78.66081057203048 14.71611155973136
66.11027263721782 37.07979825414479 67.88972736278218 46.92020174585521
25.95210760223736 9.036371368094548 32.047892397762645 16.96362863190545
49.46453992030448 9.464392269371594 56.53546007969552 16.535607730628406
17.05079835920141 77.93343736403222 24.94920164079859 84.06656263596778
51.22709575055757 39.51023994359683 60.77290424944243 42.48976005640317
36.72083158167524 55.549675144339346 41.27916841832476 64.45032485566065
41.199754136319434 79.7506721655735 48.800245863680566 86.2493278344265
84.6273650512729 47.19210302756673 87.3726349487271 56.80789697243327
4.669296899439491 32.2708691554309 11.330703100560509 39.7291308445691
