78.33918942796952 7.283888440268641 81.66081057203048 16.71611155973136
58.15002423233039 26.89175972906939 63.84997576766961 35.10824027093061
28.95210760223736 6.036371368094548 35.047892397762645 13.963628631905452
56.46453992030448 12.464392269371594 63.53546007969552 19.535607730628406
14.375879974344391 73.03910550469216 15.624120025655609 82.96089449530784
55.51023994359683 43.22709575055757 58.48976005640317 52.77290424944243
38.549675144339346 64.72083158167524 47.450324855660654 69.27916841832476
29.015198633594174 84.61044212563651 38.984801366405826 85.38955787436349
75.19210302756673 45.6273650512729 84.80789697243327 48.3726349487271
7.0079435433478805 49.71826904039867 16.99205645665212 50.28173095960133
