80.33918942796952 10.28388844026864 83.66081057203048 19.71611155973136
58.07979825414479 46.110272637217825 67.92020174585521 47.889727362782175
22.03637136809455 7.952107602237357 29.96362863190545 14.047892397762643
46.464392269371594 35.46453992030448 53.535607730628406 42.53546007969552
6.0391055046921585 95.37587997434439 15.96089449530784 96.62412002565561
66.6784664774887 62.571627601041634 71.3215335225113 71.42837239895837
45.549675144339346 45.72083158167524 54.450324855660654 50.27916841832476
26.015198633594174 79.61044212563651 35.984801366405826 80.38955787436349
89.57090292788475 49.62970396720759 94.42909707211525 58.37029603279241
25.71826904039867 58.00794354334788 26.28173095960133 67.99205645665212
