76.83957595303076 7.4908351175326215 81.16042404696924 16.509164882467378
59.15002423233039 26.89175972906939 64.8499757676696 35.10824027093061
26.95210760223736 4.036371368094548 33.047892397762645 11.963628631905452
57.46453992030448 13.464392269371594 64.53546007969553 20.535607730628406
11.933437364032214 73.05079835920141 18.066562635967788 80.94920164079859
55.51023994359683 44.22709575055757 58.48976005640317 53.77290424944243
41.46476056014296 61.24152967201565 44.53523943985704 70.75847032798434
29.015198633594174 83.61044212563651 38.984801366405826 84.38955787436349
76.57090292788475 45.62970396720759 81.42909707211525 54.37029603279241
11.71826904039867 46.00794354334788 12.28173095960133 55.99205645665212
