80.49083511753263 4.83957595303076 89.50916488246737 9.16042404696924
50.07979825414479 35.110272637217825 59.92020174585521 36.889727362782175
29.95210760223736 20.03637136809455 36.047892397762645 27.96362863190545
50.464392269371594 9.464539920304482 57.535607730628406 16.53546007969552
12.050798359201407 74.93343736403222 19.94920164079859 81.06656263596778
52.22709575055757 54.51023994359683 61.77290424944243 57.48976005640317
33.24152967201565 53.46476056014296 42.75847032798435 56.53523943985704
28.750672165573512 72.19975413631943 35.24932783442649 79.80024586368057
69.6273650512729 48.19210302756673 72.3726349487271 57.80789697243327
13.71826904039867 50.00794354334788 14.28173095960133 59.99205645665212
