77.28388844026864 12.339189427969508 86.71611155973136 15.660810572030492
56.89175972906939 43.15002423233039 65.10824027093061 48.84997576766961
26.352476699059387 5.042105933489606 27.647523300940613 14.957894066510395
45.464392269371594 39.46453992030448 52.535607730628406 46.53546007969552
9.03910550469216 93.37587997434439 18.96089449530784 94.62412002565561
67.51023994359683 63.22709575055757 70.48976005640317 72.77290424944243
46.549675144339346 49.72083158167524 55.450324855660654 54.27916841832476
23.015198633594174 79.61044212563651 32.984801366405826 80.38955787436349
86.62970396720759 48.570902927884745 95.37029603279241 53.429097072115255
22.270869155430905 59.669296899439495 29.729130844569095 66.33070310056051
