70.33918942796952 7.283888440268641 73.66081057203048 16.71611155973136
72.11027263721782 31.079798254144787 73.88972736278218 40.92020174585521
13.036371368094548 7.952107602237358 20.96362863190545 14.047892397762642
39.000000001090044 38.99989559502411 48.999999998909956 39.00010440497589
13.375879974344391 81.03910550469216 14.624120025655609 90.96089449530784
68.6784664774887 75.57162760104163 73.3215335225113 84.42837239895837
39.24152967201565 47.46476056014296 48.75847032798435 50.53523943985704
27.750672165573512 75.19975413631943 34.24932783442649 82.80024586368057
92.6273650512729 56.19210302756673 95.3726349487271 65.80789697243327
15.669296899439491 56.2708691554309 22.33070310056051 63.7291308445691
