89.33918942796952 4.283888440268641 92.66081057203048 13.71611155973136
44.89175972906939 47.15002423233039 53.10824027093061 52.84997576766961
29.03637136809455 14.952107602237358 36.96362863190545 21.04789239776264
55.46453992030448 16.464392269371594 62.53546007969552 23.535607730628406
6.933437364032213 68.05079835920141 13.066562635967788 75.94920164079859
58.571627601041634 53.678466477488705 67.42837239895837 58.321533522511295
30.464760560142963 51.24152967201565 33.53523943985704 60.75847032798435
42.61044212563651 77.01519863359417 43.38955787436349 86.98480136640583
73.57090292788475 50.62970396720759 78.42909707211525 59.37029603279241
18.00794354334788 59.718269040398674 27.99205645665212 60.281730959601326
