77.83957595303076 9.49083511753262 82.16042404696924 18.50916488246738
59.110272637217825 45.07979825414479 60.889727362782175 54.92020174585521
23.03637136809455 9.952107602237357 30.96362863190545 16.047892397762645
45.464392269371594 33.46453992030448 52.535607730628406 40.53546007969552
6.0391055046921585 94.37587997434439 15.96089449530784 95.62412002565561
68.6784664774887 62.571627601041634 73.3215335225113 71.42837239895837
42.24152967201565 45.46476056014296 51.75847032798435 48.53523943985704
25.19975413631943 77.75067216557352 32.800245863680566 84.24932783442648
85.57090292788475 51.62970396720759 90.42909707211525 60.37029603279241
24.270869155430905 58.66929689943949 31.729130844569095 65.33070310056051
