82.28388844026864 13.339189427969508 91.71611155973136 16.660810572030492
61.15002423233039 37.89175972906939 66.8499757676696 46.10824027093061
26.352476699059387 5.042105933489606 27.647523300940613 14.957894066510395
49.000000001090044 42.99989559502411 58.999999998909956 43.00010440497589
9.03910550469216 90.37587997434439 18.96089449530784 91.62412002565561
65.6784664774887 65.57162760104163 70.3215335225113 74.42837239895837
45.24152967201565 49.46476056014296 54.75847032798435 52.53523943985704
24.015198633594174 78.61044212563651 33.984801366405826 79.38955787436349
86.6273650512729 50.19210302756673 89.3726349487271 59.80789697243327
18.00794354334788 61.718269040398674 27.99205645665212 62.281730959601326
