68.49083511753263 7.83957595303076 77.50916488246737 12.16042404696924
72.11027263721782 31.079798254144787 73.88972736278218 40.92020174585521
13.036371368094548 7.952107602237358 20.96362863190545 14.047892397762642
42.464392269371594 36.46453992030448 49.535607730628406 43.53546007969552
10.933437364032212 83.05079835920141 17.066562635967788 90.94920164079859
68.51023994359683 75.22709575055757 71.48976005640317 84.77290424944243
39.549675144339346 47.72083158167524 48.450324855660654 52.27916841832476
25.015198633594174 80.61044212563651 34.984801366405826 81.38955787436349
91.6273650512729 55.19210302756673 94.3726349487271 64.80789697243327
18.71826904039867 56.00794354334788 19.28173095960133 65.99205645665212
