87.33918942796952 7.283888440268641 90.66081057203048 16.71611155973136
66.11027263721782 39.07979825414479 67.88972736278218 48.92020174585521
25.352476699059387 4.042105933489606 26.647523300940613 13.957894066510395
55.99989559502411 36.000000001090044 56.00010440497589 45.999999998909956
14.375879974344391 85.03910550469216 15.624120025655609 94.96089449530784
66.6784664774887 65.57162760104163 71.3215335225113 74.42837239895837
47.72083158167524 43.549675144339346 52.27916841832476 52.450324855660654
25.61044212563651 73.01519863359417 26.38955787436349 82.98480136640583
83.19210302756673 52.6273650512729 92.80789697243327 55.3726349487271
14.270869155430905 60.66929689943949 21.729130844569095 67.33070310056051
