68.33918942796952 6.283888440268641 71.66081057203048 15.71611155973136
69.1500242323304 30.89175972906939 74.8499757676696 39.10824027093061
19.352476699059387 10.042105933489605 20.647523300940613 19.957894066510395
36.000000001090044 37.99989559502411 45.999999998909956 38.00010440497589
12.375879974344391 81.03910550469216 13.624120025655609 90.96089449530784
69.51023994359683 80.22709575055757 72.48976005640317 89.77290424944243
39.24152967201565 46.46476056014296 48.75847032798435 49.53523943985704
32.61044212563651 75.01519863359417 33.38955787436349 84.98480136640583
91.6273650512729 54.19210302756673 94.3726349487271 63.80789697243327
15.007943543347881 59.71826904039867 24.99205645665212 60.28173095960133
