85.28388844026864 7.339189427969509 94.71611155973136 10.660810572030492
42.89175972906939 48.15002423233039 51.10824027093061 53.84997576766961
32.35247669905939 9.042105933489605 33.64752330094061 18.957894066510395
55.464392269371594 20.46453992030448 62.535607730628406 27.53546007969552
6.050798359201407 71.93343736403222 13.949201640798593 78.06656263596778
59.678466477488705 54.571627601041634 64.3215335225113 63.428372398958366
32.46476056014296 51.24152967201565 35.53523943985704 60.75847032798435
36.015198633594174 81.61044212563651 45.984801366405826 82.38955787436349
71.57090292788475 52.62970396720759 76.42909707211525 61.37029603279241
17.66929689943949 56.2708691554309 24.33070310056051 63.7291308445691
