79.28388844026864 3.339189427969509 88.71611155973136 6.660810572030491
57.89175972906939 33.15002423233039 66.10824027093061 38.84997576766961
22.03637136809455 5.952107602237358 29.96362863190545 12.047892397762642
51.46453992030448 9.464392269371594 58.53546007969552 16.535607730628406
17.375879974344393 67.03910550469216 18.624120025655607 76.96089449530784
55.51023994359683 44.22709575055757 58.48976005640317 53.77290424944243
39.24152967201565 56.46476056014296 48.75847032798435 59.53523943985704
39.199754136319434 73.75067216557352 46.800245863680566 80.24932783442648
86.62970396720759 52.570902927884745 95.37029603279241 57.429097072115255
6.718269040398671 31.00794354334788 7.281730959601329 40.99205645665212
