75.49083511753263 5.83957595303076 84.50916488246737 10.16042404696924
60.89175972906939 37.15002423233039 69.10824027093061 42.84997576766961
24.95210760223736 6.036371368094548 31.04789239776264 13.963628631905452
51.46453992030448 9.464392269371594 58.53546007969552 16.535607730628406
17.03910550469216 77.37587997434439 26.96089449530784 78.62412002565561
56.678466477488705 40.571627601041634 61.321533522511295 49.428372398958366
31.549675144339346 56.72083158167524 40.450324855660654 61.27916841832476
39.75067216557351 75.19975413631943 46.24932783442649 82.80024586368057
84.19210302756673 50.6273650512729 93.80789697243327 53.3726349487271
3.270869155430905 32.669296899439495 10.729130844569095 39.330703100560505
