85.49083511753263 10.83957595303076 94.50916488246737 15.16042404696924
45.07979825414479 52.110272637217825 54.92020174585521 53.889727362782175
27.95210760223736 15.036371368094548 34.047892397762645 22.96362863190545
59.99989559502411 25.00000000109004 60.00010440497589 34.999999998909956
13.375879974344391 73.03910550469216 14.624120025655609 82.96089449530784
58.22709575055757 57.51023994359683 67.77290424944243 60.48976005640317
35.72083158167524 53.549675144339346 40.27916841832476 62.450324855660654
35.199754136319434 78.75067216557352 42.800245863680566 85.24932783442648
69.57090292788475 54.62970396720759 74.42909707211525 63.37029603279241
20.66929689943949 53.2708691554309 27.33070310056051 60.7291308445691
