72.28388844026864 12.339189427969508 81.71611155973136 15.660810572030492
56.07979825414479 49.110272637217825 65.92020174585521 50.889727362782175
22.95210760223736 7.036371368094548 29.04789239776264 14.963628631905452
43.46453992030448 32.464392269371594 50.53546007969552 39.535607730628406
4.0391055046921585 95.37587997434439 13.96089449530784 96.62412002565561
62.22709575055757 63.51023994359683 71.77290424944243 66.48976005640317
45.46476056014296 47.24152967201565 48.53523943985704 56.75847032798435
25.750672165573512 76.19975413631943 32.24932783442649 83.80024586368057
80.19210302756673 55.6273650512729 89.80789697243327 58.3726349487271
22.00794354334788 60.718269040398674 31.99205645665212 61.281730959601326
