75.28388844026864 9.33918942796951 84.71611155973136 12.66081057203049
59.07979825414479 27.11027263721782 68.92020174585521 28.88972736278218
30.352476699059387 5.042105933489606 31.647523300940613 14.957894066510395
55.464392269371594 14.464539920304482 62.535607730628406 21.53546007969552
10.933437364032214 73.05079835920141 17.066562635967788 80.94920164079859
51.571627601041634 45.678466477488705 60.428372398958366 50.321533522511295
37.549675144339346 63.72083158167524 46.450324855660654 68.27916841832476
28.015198633594174 80.61044212563651 37.984801366405826 81.38955787436349
75.57090292788475 46.62970396720759 80.42909707211525 55.37029603279241
8.007943543347881 49.71826904039867 17.99205645665212 50.28173095960133
