89.83957595303076 5.4908351175326215 94.16042404696924 14.509164882467378
50.15002423233039 46.89175972906939 55.84997576766961 55.10824027093061
32.35247669905939 15.042105933489605 33.64752330094061 24.957894066510395
57.464392269371594 13.46453992030448 64.53560773062841 20.53546007969552
10.375879974344391 67.03910550469216 11.624120025655609 76.96089449530784
60.571627601041634 53.678466477488705 69.42837239895837 58.321533522511295
30.72083158167524 51.549675144339346 35.27916841832476 60.450324855660654
41.61044212563651 77.01519863359417 42.38955787436349 86.98480136640583
73.6273650512729 49.19210302756673 76.3726349487271 58.80789697243327
21.270869155430905 56.669296899439495 28.729130844569095 63.330703100560505
