78.49083511753263 2.8395759530307596 87.50916488246737 7.16042404696924
59.89175972906939 35.15002423233039 68.10824027093061 40.84997576766961
24.95210760223736 5.036371368094548 31.04789239776264 12.963628631905452
51.46453992030448 6.464392269371594 58.53546007969552 13.535607730628406
15.933437364032212 70.05079835920141 22.066562635967788 77.94920164079859
55.678466477488705 41.571627601041634 60.321533522511295 50.428372398958366
38.549675144339346 55.72083158167524 47.450324855660654 60.27916841832476
42.61044212563651 74.01519863359417 43.38955787436349 83.98480136640583
86.6273650512729 48.19210302756673 89.3726349487271 57.80789697243327
8.71826904039867 31.00794354334788 9.28173095960133 40.99205645665212
