71.49083511753263 5.83957595303076 80.50916488246737 10.16042404696924
68.1500242323304 33.89175972906939 73.8499757676696 42.10824027093061
18.352476699059387 6.042105933489606 19.647523300940613 15.957894066510395
42.464392269371594 37.46453992030448 49.535607730628406 44.53546007969552
9.03910550469216 84.37587997434439 18.96089449530784 85.62412002565561
64.22709575055757 77.51023994359683 73.77290424944243 80.48976005640317
43.24152967201565 48.46476056014296 52.75847032798435 51.53523943985704
23.750672165573512 75.19975413631943 30.249327834426488 82.80024586368057
86.57090292788475 55.62970396720759 91.42909707211525 64.37029603279241
15.007943543347881 60.718269040398674 24.99205645665212 61.281730959601326
