82.49083511753263 10.83957595303076 91.50916488246737 15.16042404696924
63.07979825414479 36.110272637217825 72.92020174585521 37.889727362782175
20.042105933489605 8.352476699059387 29.957894066510395 9.647523300940613
56.99989559502411 35.000000001090044 57.00010440497589 44.999999998909956
13.375879974344391 86.03910550469216 14.624120025655609 95.96089449530784
61.571627601041634 71.6784664774887 70.42837239895837 76.3215335225113
44.549675144339346 44.72083158167524 53.450324855660654 49.27916841832476
23.750672165573512 78.19975413631943 30.249327834426488 85.80024586368057
85.62970396720759 54.570902927884745 94.37029603279241 59.429097072115255
22.71826904039867 56.00794354334788 23.28173095960133 65.99205645665212
