82.28388844026864 7.339189427969509 91.71611155973136 10.66081057203049
57.110272637217825 47.07979825414479 58.889727362782175 56.92020174585521
31.042105933489605 15.352476699059386 40.95789406651039 16.647523300940613
51.99989559502411 26.00000000109004 52.00010440497589 35.999999998909956
9.933437364032212 77.05079835920141 16.066562635967788 84.94920164079859
65.51023994359683 58.22709575055757 68.48976005640317 67.77290424944243
46.72083158167524 49.549675144339346 51.27916841832476 58.450324855660654
27.750672165573512 76.19975413631943 34.24932783442649 83.80024586368057
80.57090292788475 59.62970396720759 85.42909707211525 68.37029603279241
25.66929689943949 53.2708691554309 32.330703100560505 60.7291308445691
