78.49083511753263 6.83957595303076 87.50916488246737 11.16042404696924
59.15002423233039 27.89175972906939 64.8499757676696 36.10824027093061
23.042105933489605 6.3524766990593875 32.95789406651039 7.6475233009406125
58.99989559502411 10.00000000109004 59.00010440497589 19.99999999890996
15.933437364032214 67.05079835920141 22.066562635967788 74.94920164079859
49.22709575055757 42.51023994359683 58.77290424944243 45.48976005640317
43.24152967201565 56.46476056014296 52.75847032798435 59.53523943985704
35.199754136319434 76.75067216557352 42.800245863680566 83.24932783442648
86.62970396720759 47.570902927884745 95.37029603279241 52.429097072115255
2.2708691554309053 33.66929689943949 9.729130844569095 40.33070310056051
