89.33918942796952 3.2838884402686412 92.66081057203048 12.71611155973136
49.150024232330395 39.89175972906939 54.849975767669605 48.10824027093061
27.042105933489605 19.352476699059387 36.95789406651039 20.647523300940613
56.99989559502411 11.00000000109004 57.00010440497589 20.99999999890996
5.0391055046921585 77.37587997434439 14.96089449530784 78.62412002565561
55.22709575055757 55.51023994359683 64.77290424944243 58.48976005640317
32.549675144339346 54.72083158167524 41.450324855660654 59.27916841832476
35.015198633594174 81.61044212563651 44.984801366405826 82.38955787436349
70.62970396720759 48.570902927884745 79.37029603279241 53.429097072115255
18.66929689943949 54.2708691554309 25.33070310056051 61.7291308445691
