80.33918942796952 4.283888440268641 83.66081057203048 13.71611155973136
62.110272637217825 27.079798254144787 63.889727362782175 36.92020174585521
23.042105933489605 6.3524766990593875 32.95789406651039 7.6475233009406125
57.99989559502411 10.00000000109004 58.00010440497589 19.99999999890996
15.933437364032214 68.05079835920141 22.066562635967788 75.94920164079859
49.22709575055757 42.51023994359683 58.77290424944243 45.48976005640317
43.24152967201565 58.46476056014296 52.75847032798435 61.53523943985704
38.61044212563651 75.01519863359417 39.38955787436349 84.98480136640583
86.62970396720759 47.570902927884745 95.37029603279241 52.429097072115255
2.2708691554309053 34.66929689943949 9.729130844569095 41.33070310056051
