75.33918942796952 4.283888440268641 78.66081057203048 13.71611155973136
66.07979825414479 36.110272637217825 75.92020174585521 37.889727362782175
16.95210760223736 8.036371368094548 23.04789239776264 15.963628631905452
44.464392269371594 36.46453992030448 51.535607730628406 43.53546007969552
9.03910550469216 85.37587997434439 18.96089449530784 86.62412002565561
63.22709575055757 76.51023994359683 72.77290424944243 79.48976005640317
43.24152967201565 48.46476056014296 52.75847032798435 51.53523943985704
27.61044212563651 74.01519863359417 28.38955787436349 83.98480136640583
87.6273650512729 55.19210302756673 90.3726349487271 64.80789697243327
15.007943543347881 59.718269040398674 24.99205645665212 60.281730959601326
