71.28388844026864 12.339189427969508 80.71611155973136 15.660810572030492
59.150024232330395 45.89175972906939 64.8499757676696 54.10824027093061
25.352476699059387 6.042105933489606 26.647523300940613 15.957894066510395
47.99989559502411 30.00000000109004 48.00010440497589 39.999999998909956
4.0391055046921585 95.37587997434439 13.96089449530784 96.62412002565561
63.22709575055757 64.51023994359683 72.77290424944243 67.48976005640317
45.46476056014296 45.24152967201565 48.53523943985704 54.75847032798435
22.015198633594174 79.61044212563651 31.984801366405826 80.38955787436349
81.19210302756673 53.6273650512729 90.80789697243327 56.3726349487271
22.00794354334788 60.718269040398674 31.99205645665212 61.281730959601326
