75.28388844026864 9.33918942796951 84.71611155973136 12.66081057203049
57.89175972906939 27.15002423233039 66.10824027093061 32.84997576766961
24.95210760223736 2.0363713680945477 31.04789239776264 9.963628631905452
58.000000001090044 15.999895595024107 67.99999999890996 16.000104404975893
16.37587997434439 69.03910550469216 17.62412002565561 78.96089449530784
53.22709575055757 46.51023994359683 62.77290424944243 49.48976005640317
40.72083158167524 56.549675144339346 45.27916841832476 65.45032485566065
30.19975413631943 80.75067216557352 37.800245863680566 87.24932783442648
76.19210302756673 49.6273650512729 85.80789697243327 52.3726349487271
7.669296899439492 46.2708691554309 14.330703100560509 53.7291308445691
