76.49083511753263 9.83957595303076 85.50916488246737 14.16042404696924
57.07979825414479 31.11027263721782 66.92020174585521 32.889727362782175
24.95210760223736 3.0363713680945477 31.04789239776264 10.963628631905452
63.99989559502411 10.00000000109004 64.0001044049759 19.99999999890996
12.03910550469216 75.37587997434439 21.96089449530784 76.62412002565561
53.22709575055757 46.51023994359683 62.77290424944243 49.48976005640317
39.24152967201565 58.46476056014296 48.75847032798435 61.53523943985704
33.61044212563651 80.01519863359417 34.38955787436349 89.98480136640583
78.19210302756673 47.6273650512729 87.80789697243327 50.3726349487271
5.0079435433478805 49.71826904039867 14.992056456652119 50.28173095960133
