82.28388844026864 13.339189427969508 91.71611155973136 16.660810572030492
61.15002423233039 37.89175972906939 66.8499757676696 46.10824027093061
23.03637136809455 6.952107602237357 30.96362863190545 13.047892397762643
49.000000001090044 43.99989559502411 58.999999998909956 44.00010440497589
9.03910550469216 90.37587997434439 18.96089449530784 91.62412002565561
65.6784664774887 65.57162760104163 70.3215335225113 74.42837239895837
45.24152967201565 49.46476056014296 54.75847032798435 52.53523943985704
24.015198633594174 78.61044212563651 33.984801366405826 79.38955787436349
85.6273650512729 50.19210302756673 88.3726349487271 59.80789697243327
18.270869155430905 59.669296899439495 25.729130844569095 66.33070310056051
