78.83957595303076 6.4908351175326215 83.16042404696924 15.509164882467378
58.89175972906939 26.15002423233039 67.10824027093061 31.84997576766961
26.042105933489605 9.352476699059386 35.95789406651039 10.647523300940614
59.99989559502411 12.00000000109004 60.00010440497589 21.99999999890996
11.933437364032214 75.05079835920141 18.066562635967788 82.94920164079859
50.571627601041634 43.678466477488705 59.428372398958366 48.321533522511295
38.549675144339346 65.72083158167524 47.450324855660654 70.27916841832476
27.015198633594174 81.61044212563651 36.984801366405826 82.38955787436349
74.19210302756673 47.6273650512729 83.80789697243327 50.3726349487271
9.007943543347881 50.71826904039867 18.99205645665212 51.28173095960133
