74.83957595303076 4.490835117532621 79.16042404696924 13.50916488246738
65.1500242323304 23.89175972906939 70.8499757676696 32.10824027093061
17.95210760223736 12.036371368094548 24.04789239776264 19.96362863190545
32.46453992030448 27.464392269371594 39.53546007969552 34.535607730628406
12.050798359201407 77.93343736403222 19.94920164079859 84.06656263596778
67.22709575055757 80.51023994359683 76.77290424944243 83.48976005640317
41.549675144339346 53.72083158167524 50.450324855660654 58.27916841832476
25.750672165573512 71.19975413631943 32.24932783442649 78.80024586368057
85.62970396720759 56.570902927884745 94.37029603279241 61.429097072115255
12.669296899439491 57.2708691554309 19.33070310056051 64.7291308445691
