76.49083511753263 6.83957595303076 85.50916488246737 11.16042404696924
59.15002423233039 27.89175972906939 64.8499757676696 36.10824027093061
22.042105933489605 5.3524766990593875 31.957894066510395 6.6475233009406125
53.46453992030448 9.464392269371594 60.53546007969552 16.535607730628406
14.933437364032214 66.05079835920141 21.066562635967788 73.94920164079859
46.571627601041634 42.678466477488705 55.428372398958366 47.321533522511295
46.24152967201565 57.46476056014296 55.75847032798435 60.53523943985704
37.61044212563651 74.01519863359417 38.38955787436349 83.98480136640583
84.19210302756673 47.6273650512729 93.80789697243327 50.3726349487271
3.2708691554309053 37.66929689943949 10.729130844569095 44.33070310056051
