73.83957595303076 9.49083511753262 78.16042404696924 18.50916488246738
61.110272637217825 46.07979825414479 62.889727362782175 55.92020174585521
24.352476699059387 6.042105933489606 25.647523300940613 15.957894066510395
46.99989559502411 31.00000000109004 47.00010440497589 40.999999998909956
4.0391055046921585 95.37587997434439 13.96089449530784 96.62412002565561
63.22709575055757 64.51023994359683 72.77290424944243 67.48976005640317
44.72083158167524 45.549675144339346 49.27916841832476 54.450324855660654
22.015198633594174 79.61044212563651 31.984801366405826 80.38955787436349
81.19210302756673 53.6273650512729 90.80789697243327 56.3726349487271
22.00794354334788 59.718269040398674 31.99205645665212 60.281730959601326
