88.33918942796952 6.283888440268641 91.66081057203048 15.71611155973136
44.89175972906939 47.15002423233039 53.10824027093061 52.84997576766961
28.03637136809455 13.952107602237358 35.96362863190545 20.04789239776264
58.99989559502411 16.00000000109004 59.00010440497589 25.99999999890996
8.375879974344391 68.03910550469216 9.624120025655609 77.96089449530784
60.51023994359683 53.22709575055757 63.48976005640317 62.77290424944243
29.464760560142963 50.24152967201565 32.53523943985704 59.75847032798435
37.75067216557351 78.19975413631943 44.24932783442649 85.80024586368057
70.19210302756673 53.6273650512729 79.80789697243327 56.3726349487271
17.00794354334788 60.718269040398674 26.99205645665212 61.281730959601326
