75.49083511753263 8.83957595303076 84.50916488246737 13.16042404696924
59.150024232330395 31.89175972906939 64.8499757676696 40.10824027093061
20.95210760223736 8.036371368094548 27.04789239776264 15.963628631905452
45.000000001090044 37.99989559502411 54.999999998909956 38.00010440497589
10.933437364032214 88.05079835920141 17.066562635967788 95.94920164079859
63.22709575055757 73.51023994359683 72.77290424944243 76.48976005640317
43.72083158167524 47.549675144339346 48.27916841832476 56.450324855660654
23.015198633594174 77.61044212563651 32.984801366405826 78.38955787436349
87.57090292788475 50.62970396720759 92.42909707211525 59.37029603279241
21.71826904039867 52.00794354334788 22.28173095960133 61.99205645665212
