77.49083511753263 2.8395759530307596 86.50916488246737 7.16042404696924
59.07979825414479 34.110272637217825 68.92020174585521 35.889727362782175
23.95210760223736 5.036371368094548 30.04789239776264 12.963628631905452
50.000000001090044 10.999895595024107 59.999999998909956 11.000104404975893
18.375879974344393 67.03910550469216 19.624120025655607 76.96089449530784
55.678466477488705 41.571627601041634 60.321533522511295 50.428372398958366
41.72083158167524 55.549675144339346 46.27916841832476 64.45032485566065
38.199754136319434 73.7506721655735 45.800245863680566 80.2493278344265
85.19210302756673 51.6273650512729 94.80789697243327 54.3726349487271
9.71826904039867 32.00794354334788 10.28173095960133 41.99205645665212
