83.83957595303076 4.490835117532621 88.16042404696924 13.50916488246738
48.89175972906939 36.15002423233039 57.10824027093061 41.84997576766961
29.042105933489605 25.352476699059387 38.95789406651039 26.647523300940613
57.99989559502411 8.00000000109004 58.00010440497589 17.99999999890996
11.933437364032212 71.05079835920141 18.066562635967788 78.94920164079859
56.22709575055757 54.51023994359683 65.77290424944243 57.48976005640317
37.46476056014296 52.24152967201565 40.53523943985704 61.75847032798435
29.750672165573512 72.19975413631943 36.24932783442649 79.80024586368057
62.19210302756673 51.6273650512729 71.80789697243327 54.3726349487271
10.007943543347881 55.71826904039867 19.99205645665212 56.28173095960133
