79.49083511753263 3.8395759530307596 88.50916488246737 8.16042404696924
61.07979825414479 30.11027263721782 70.92020174585521 31.88972736278218
30.95210760223736 5.036371368094548 37.047892397762645 12.963628631905452
56.000000001090044 12.999895595024107 65.99999999890996 13.000104404975893
12.050798359201409 67.93343736403222 19.94920164079859 74.06656263596778
55.678466477488705 44.571627601041634 60.321533522511295 53.428372398958366
43.24152967201565 56.46476056014296 52.75847032798435 59.53523943985704
40.61044212563651 77.01519863359417 41.38955787436349 86.98480136640583
80.57090292788475 47.62970396720759 85.42909707211525 56.37029603279241
13.71826904039867 43.00794354334788 14.28173095960133 52.99205645665212
