80.83957595303076 3.4908351175326215 85.16042404696924 12.509164882467378
58.07979825414479 31.11027263721782 67.92020174585521 32.889727362782175
24.95210760223736 2.0363713680945477 31.04789239776264 9.963628631905452
54.000000001090044 10.999895595024107 63.999999998909956 11.000104404975893
11.050798359201407 65.93343736403222 18.94920164079859 72.06656263596778
49.22709575055757 41.51023994359683 58.77290424944243 44.48976005640317
45.46476056014296 54.24152967201565 48.53523943985704 63.75847032798435
31.015198633594174 79.61044212563651 40.984801366405826 80.38955787436349
82.57090292788475 46.62970396720759 87.42909707211525 55.37029603279241
8.71826904039867 37.00794354334788 9.28173095960133 46.99205645665212
