82.83957595303076 4.4908351175326215 87.16042404696924 13.509164882467378
60.110272637217825 25.079798254144787 61.889727362782175 34.92020174585521
22.042105933489605 7.3524766990593875 31.957894066510395 8.647523300940613
55.46453992030448 11.464392269371594 62.53546007969552 18.535607730628406
11.03910550469216 72.37587997434439 20.96089449530784 73.62412002565561
50.22709575055757 42.51023994359683 59.77290424944243 45.48976005640317
41.549675144339346 57.72083158167524 50.450324855660654 62.27916841832476
34.199754136319434 75.75067216557352 41.800245863680566 82.24932783442648
84.6273650512729 44.19210302756673 87.3726349487271 53.80789697243327
4.0079435433478805 41.71826904039867 13.992056456652119 42.28173095960133
