82.49083511753263 6.839575953030759 91.50916488246737 11.16042404696924
56.110272637217825 50.07979825414479 57.889727362782175 59.92020174585521
28.95210760223736 15.036371368094548 35.047892397762645 22.96362863190545
57.99989559502411 20.00000000109004 58.00010440497589 29.99999999890996
12.375879974344391 75.03910550469216 13.624120025655609 84.96089449530784
61.571627601041634 57.678466477488705 70.42837239895837 62.321533522511295
45.46476056014296 54.24152967201565 48.53523943985704 63.75847032798435
30.015198633594174 81.61044212563651 39.984801366405826 82.38955787436349
76.19210302756673 56.6273650512729 85.80789697243327 59.3726349487271
23.00794354334788 57.718269040398674 32.99205645665212 58.281730959601326
