76.33918942796952 6.283888440268641 79.66081057203048 15.71611155973136
57.110272637217825 29.079798254144787 58.889727362782175 38.92020174585521
31.03637136809455 21.952107602237355 38.96362863190545 28.047892397762645
53.000000001090044 11.999895595024107 62.999999998909956 12.000104404975893
12.933437364032214 75.05079835920141 19.066562635967788 82.94920164079859
50.571627601041634 45.678466477488705 59.428372398958366 50.321533522511295
33.24152967201565 52.46476056014296 42.75847032798435 55.53523943985704
31.61044212563651 74.01519863359417 32.38955787436349 83.98480136640583
69.57090292788475 51.62970396720759 74.42909707211525 60.37029603279241
10.270869155430905 48.669296899439495 17.729130844569095 55.330703100560505
