74.28388844026864 9.33918942796951 83.71611155973136 12.66081057203049
59.15002423233039 24.89175972906939 64.8499757676696 33.10824027093061
29.95210760223736 13.036371368094548 36.047892397762645 20.96362863190545
56.000000001090044 18.999895595024107 65.99999999890996 19.000104404975893
12.03910550469216 77.37587997434439 21.96089449530784 78.62412002565561
50.571627601041634 44.678466477488705 59.428372398958366 49.321533522511295
38.46476056014296 57.24152967201565 41.53523943985704 66.75847032798434
26.015198633594174 80.61044212563651 35.984801366405826 81.38955787436349
71.57090292788475 46.62970396720759 76.42909707211525 55.37029603279241
8.669296899439491 49.2708691554309 15.330703100560509 56.7291308445691
