85.49083511753263 7.839575953030759 94.50916488246737 12.16042404696924
44.07979825414479 45.110272637217825 53.92020174585521 46.889727362782175
27.95210760223736 17.03637136809455 34.047892397762645 24.96362863190545
52.000000001090044 13.999895595024107 61.999999998909956 14.000104404975893
8.375879974344391 69.03910550469216 9.624120025655609 78.96089449530784
57.678466477488705 55.571627601041634 62.321533522511295 64.42837239895837
35.72083158167524 54.549675144339346 40.27916841832476 63.450324855660654
39.61044212563651 80.01519863359417 40.38955787436349 89.98480136640583
70.6273650512729 44.19210302756673 73.3726349487271 53.80789697243327
13.270869155430905 55.669296899439495 20.729130844569095 62.330703100560505
