81.33918942796952 2.2838884402686412 84.66081057203048 11.71611155973136
58.89175972906939 35.15002423233039 67.10824027093061 40.84997576766961
23.03637136809455 6.952107602237357 30.96362863190545 13.047892397762643
49.000000001090044 11.999895595024107 58.999999998909956 12.000104404975893
20.375879974344393 70.03910550469216 21.624120025655607 79.96089449530784
57.678466477488705 44.571627601041634 62.321533522511295 53.428372398958366
34.72083158167524 54.549675144339346 39.27916841832476 63.450324855660654
38.199754136319434 73.7506721655735 45.800245863680566 80.2493278344265
85.19210302756673 51.6273650512729 94.80789697243327 54.3726349487271
2.669296899439492 32.2708691554309 9.330703100560509 39.7291308445691
