64.28388844026864 12.339189427969508 73.71611155973136 15.660810572030492
72.11027263721782 30.079798254144787 73.88972736278218 39.92020174585521
13.042105933489605 14.352476699059386 22.957894066510395 15.647523300940614
37.99989559502411 30.00000000109004 38.00010440497589 39.999999998909956
11.933437364032212 82.05079835920141 18.066562635967788 89.94920164079859
68.51023994359683 81.22709575055757 71.48976005640317 90.77290424944243
38.24152967201565 52.46476056014296 47.75847032798435 55.53523943985704
29.19975413631943 75.75067216557352 36.800245863680566 82.24932783442648
92.6273650512729 51.19210302756673 95.3726349487271 60.80789697243327
15.007943543347881 60.71826904039867 24.99205645665212 61.28173095960133
