76.28388844026864 10.33918942796951 85.71611155973136 13.66081057203049
57.89175972906939 28.15002423233039 66.10824027093061 33.84997576766961
24.95210760223736 2.0363713680945477 31.04789239776264 9.963628631905452
58.000000001090044 14.999895595024107 67.99999999890996 15.000104404975893
13.050798359201407 71.93343736403222 20.94920164079859 78.06656263596778
54.22709575055757 46.51023994359683 63.77290424944243 49.48976005640317
38.24152967201565 59.46476056014296 47.75847032798435 62.53523943985704
30.19975413631943 80.75067216557352 37.800245863680566 87.24932783442648
77.19210302756673 49.6273650512729 86.80789697243327 52.3726349487271
7.669296899439492 47.2708691554309 14.330703100560509 54.7291308445691
