80.28388844026864 7.339189427969509 89.71611155973136 10.66081057203049
55.89175972906939 26.15002423233039 64.10824027093061 31.84997576766961
23.03637136809455 2.9521076022373576 30.96362863190545 9.047892397762642
58.99989559502411 9.00000000109004 59.00010440497589 18.99999999890996
11.03910550469216 71.37587997434439 20.96089449530784 72.62412002565561
50.571627601041634 41.678466477488705 59.428372398958366 46.321533522511295
41.549675144339346 57.72083158167524 50.450324855660654 62.27916841832476
33.75067216557351 75.19975413631943 40.24932783442649 82.80024586368057
82.57090292788475 46.62970396720759 87.42909707211525 55.37029603279241
6.669296899439492 38.2708691554309 13.330703100560509 45.7291308445691
