79.28388844026864 3.339189427969509 88.71611155973136 6.660810572030491
55.89175972906939 30.15002423233039 64.10824027093061 35.84997576766961
25.042105933489605 7.3524766990593875 34.95789406651039 8.647523300940613
55.46453992030448 9.464392269371594 62.53546007969552 16.535607730628406
16.37587997434439 66.03910550469216 17.62412002565561 75.96089449530784
53.678466477488705 42.571627601041634 58.321533522511295 51.428372398958366
39.549675144339346 59.72083158167524 48.450324855660654 64.27916841832476
38.75067216557351 72.19975413631943 45.24932783442649 79.80024586368057
79.62970396720759 45.570902927884745 88.37029603279241 50.429097072115255
8.270869155430905 42.669296899439495 15.729130844569095 49.330703100560505
