80.83957595303076 3.4908351175326207 85.16042404696924 12.50916488246738
57.89175972906939 29.15002423233039 66.10824027093061 34.84997576766961
27.042105933489605 7.3524766990593875 36.95789406651039 8.647523300940613
59.000000001090044 11.999895595024107 68.99999999890996 12.000104404975893
13.933437364032212 70.05079835920141 20.066562635967788 77.94920164079859
52.22709575055757 46.51023994359683 61.77290424944243 49.48976005640317
41.24152967201565 56.46476056014296 50.75847032798435 59.53523943985704
33.75067216557351 79.19975413631943 40.24932783442649 86.80024586368057
80.6273650512729 47.19210302756673 83.3726349487271 56.80789697243327
10.669296899439491 48.2708691554309 17.33070310056051 55.7291308445691
