84.33918942796952 8.28388844026864 87.66081057203048 17.71611155973136
50.89175972906939 54.15002423233039 59.10824027093061 59.84997576766961
26.042105933489605 23.352476699059387 35.95789406651039 24.647523300940613
57.99989559502411 22.00000000109004 58.00010440497589 31.99999999890996
9.050798359201409 74.93343736403222 16.94920164079859 81.06656263596778
61.571627601041634 54.678466477488705 70.42837239895837 59.321533522511295
44.46476056014296 53.24152967201565 47.53523943985704 62.75847032798435
31.750672165573512 79.19975413631943 38.24932783442649 86.80024586368057
74.6273650512729 51.19210302756673 77.3726349487271 60.80789697243327
22.71826904039867 55.00794354334788 23.28173095960133 64.99205645665212
