83.33918942796952 2.2838884402686412 86.66081057203048 11.71611155973136
53.89175972906939 46.15002423233039 62.10824027093061 51.84997576766961
34.35247669905939 8.042105933489605 35.64752330094061 17.957894066510395
47.000000001090044 34.99989559502411 56.999999998909956 35.00010440497589
12.375879974344391 81.03910550469216 13.624120025655609 90.96089449530784
65.51023994359683 58.22709575055757 68.48976005640317 67.77290424944243
43.549675144339346 50.72083158167524 52.450324855660654 55.27916841832476
27.015198633594174 78.61044212563651 36.984801366405826 79.38955787436349
83.57090292788475 54.62970396720759 88.42909707211525 63.37029603279241
26.00794354334788 57.718269040398674 35.99205645665212 58.281730959601326
