84.28388844026864 8.339189427969508 93.71611155973136 11.660810572030492
47.150024232330395 39.89175972906939 52.849975767669605 48.10824027093061
31.352476699059387 14.042105933489605 32.64752330094061 23.957894066510395
55.464392269371594 11.464539920304482 62.535607730628406 18.53546007969552
5.0391055046921585 76.37587997434439 14.96089449530784 77.62412002565561
55.571627601041634 56.678466477488705 64.42837239895837 61.321533522511295
32.24152967201565 55.46476056014296 41.75847032798435 58.53523943985704
36.199754136319434 78.75067216557352 43.800245863680566 85.24932783442648
68.62970396720759 46.570902927884745 77.37029603279241 51.429097072115255
18.71826904039867 54.00794354334788 19.28173095960133 63.99205645665212
