80.83957595303076 5.490835117532621 85.16042404696924 14.50916488246738
60.150024232330395 30.89175972906939 65.8499757676696 39.10824027093061
19.95210760223736 9.036371368094548 26.04789239776264 16.96362863190545
49.464392269371594 34.46453992030448 56.535607730628406 41.53546007969552
10.050798359201409 88.93343736403222 17.94920164079859 95.06656263596778
63.22709575055757 73.51023994359683 72.77290424944243 76.48976005640317
43.72083158167524 47.549675144339346 48.27916841832476 56.450324855660654
24.015198633594174 78.61044212563651 33.984801366405826 79.38955787436349
86.57090292788475 51.62970396720759 91.42909707211525 60.37029603279241
19.270869155430905 55.669296899439495 26.729130844569095 62.330703100560505
