86.83957595303076 4.490835117532621 91.16042404696924 13.50916488246738
45.89175972906939 41.15002423233039 54.10824027093061 46.84997576766961
28.95210760223736 15.036371368094548 35.047892397762645 22.96362863190545
55.464392269371594 13.464539920304482 62.535607730628406 20.53546007969552
6.050798359201407 73.93343736403222 13.949201640798593 80.06656263596778
57.678466477488705 54.571627601041634 62.321533522511295 63.428372398958366
34.46476056014296 52.24152967201565 37.53523943985704 61.75847032798435
37.199754136319434 79.75067216557352 44.800245863680566 86.24932783442648
68.62970396720759 47.570902927884745 77.37029603279241 52.429097072115255
16.66929689943949 55.2708691554309 23.33070310056051 62.7291308445691
