74.28388844026864 10.339189427969512 83.71611155973136 13.660810572030488
65.11027263721782 38.07979825414479 66.88972736278218 47.92020174585521
22.042105933489605 8.352476699059387 31.957894066510395 9.647523300940613
51.99989559502411 10.00000000109004 52.00010440497589 19.99999999890996
21.37587997434439 75.03910550469216 22.62412002565561 84.96089449530784
55.51023994359683 37.22709575055757 58.48976005640317 46.77290424944243
35.24152967201565 57.46476056014296 44.75847032798435 60.53523943985704
45.61044212563651 82.01519863359417 46.38955787436349 91.98480136640583
80.62970396720759 51.570902927884745 89.37029603279241 56.429097072115255
3.270869155430905 32.669296899439495 10.729130844569095 39.330703100560505
