78.28388844026864 5.339189427969509 87.71611155973136 8.66081057203049
57.07979825414479 36.110272637217825 66.92020174585521 37.889727362782175
23.03637136809455 4.952107602237357 30.96362863190545 11.047892397762643
49.000000001090044 10.999895595024107 58.999999998909956 11.000104404975893
16.933437364032212 71.05079835920141 23.066562635967788 78.94920164079859
56.678466477488705 45.571627601041634 61.321533522511295 54.428372398958366
37.46476056014296 55.24152967201565 40.53523943985704 64.75847032798434
38.199754136319434 74.7506721655735 45.800245863680566 81.2493278344265
84.19210302756673 51.6273650512729 93.80789697243327 54.3726349487271
7.7182690403986705 31.00794354334788 8.28173095960133 40.99205645665212
