74.83957595303076 6.4908351175326215 79.16042404696924 15.509164882467378
61.89175972906939 40.15002423233039 70.10824027093061 45.84997576766961
22.03637136809455 7.952107602237358 29.96362863190545 14.047892397762642
49.46453992030448 10.464392269371594 56.53546007969552 17.535607730628406
23.37587997434439 75.03910550469216 24.62412002565561 84.96089449530784
55.678466477488705 37.571627601041634 60.321533522511295 46.428372398958366
34.549675144339346 56.72083158167524 43.450324855660654 61.27916841832476
42.75067216557351 82.19975413631943 49.24932783442649 89.80024586368057
83.57090292788475 48.62970396720759 88.42909707211525 57.37029603279241
5.669296899439492 33.2708691554309 12.330703100560509 40.7291308445691
