84.33918942796952 9.28388844026864 87.66081057203048 18.71611155973136
62.150024232330395 32.89175972906939 67.8499757676696 41.10824027093061
21.042105933489605 8.352476699059386 30.957894066510395 9.647523300940614
55.99989559502411 34.000000001090044 56.00010440497589 43.999999998909956
8.03910550469216 92.37587997434439 17.96089449530784 93.62412002565561
64.6784664774887 69.57162760104163 69.3215335225113 78.42837239895837
44.24152967201565 48.46476056014296 53.75847032798435 51.53523943985704
24.19975413631943 78.75067216557352 31.80024586368057 85.24932783442648
85.62970396720759 53.570902927884745 94.37029603279241 58.429097072115255
20.270869155430905 58.66929689943949 27.729130844569095 65.33070310056051
