88.33918942796952 7.283888440268641 91.66081057203048 16.71611155973136
43.07979825414479 50.110272637217825 52.92020174585521 51.889727362782175
28.03637136809455 8.952107602237358 35.96362863190545 15.047892397762642
53.46453992030448 24.464392269371594 60.53546007969552 31.535607730628406
7.050798359201407 72.93343736403222 14.949201640798593 79.06656263596778
58.571627601041634 56.678466477488705 67.42837239895837 61.321533522511295
32.24152967201565 57.46476056014296 41.75847032798435 60.53523943985704
38.75067216557351 78.19975413631943 45.24932783442649 85.80024586368057
70.19210302756673 57.6273650512729 79.80789697243327 60.3726349487271
21.71826904039867 55.00794354334788 22.28173095960133 64.99205645665212
