84.49083511753263 9.83957595303076 93.50916488246737 14.16042404696924
62.89175972906939 39.15002423233039 71.10824027093061 44.84997576766961
23.352476699059387 5.042105933489606 24.647523300940613 14.957894066510395
52.46453992030448 38.464392269371594 59.53546007969552 45.535607730628406
11.933437364032212 88.05079835920141 18.066562635967788 95.94920164079859
68.6784664774887 66.57162760104163 73.3215335225113 75.42837239895837
45.24152967201565 46.46476056014296 54.75847032798435 49.53523943985704
21.19975413631943 76.75067216557352 28.80024586368057 83.24932783442648
82.19210302756673 52.6273650512729 91.80789697243327 55.3726349487271
13.007943543347881 63.71826904039867 22.99205645665212 64.28173095960133
