78.33918942796952 5.283888440268641 81.66081057203048 14.71611155973136
60.07979825414479 38.110272637217825 69.92020174585521 39.889727362782175
21.042105933489605 9.352476699059386 30.957894066510395 10.647523300940614
51.46453992030448 9.464392269371594 58.53546007969552 16.535607730628406
20.37587997434439 73.03910550469216 21.62412002565561 82.96089449530784
54.22709575055757 42.51023994359683 63.77290424944243 45.48976005640317
36.46476056014296 53.24152967201565 39.53523943985704 62.75847032798435
39.75067216557351 77.19975413631943 46.24932783442649 84.80024586368057
82.19210302756673 50.6273650512729 91.80789697243327 53.3726349487271
5.270869155430905 30.66929689943949 12.729130844569095 37.330703100560505
