83.33918942796952 2.2838884402686412 86.66081057203048 11.71611155973136
59.89175972906939 26.15002423233039 68.10824027093061 31.84997576766961
27.95210760223736 5.036371368094548 34.047892397762645 12.963628631905452
56.46453992030448 8.464392269371594 63.53546007969552 15.535607730628406
13.03910550469216 68.37587997434439 22.96089449530784 69.62412002565561
56.678466477488705 45.571627601041634 61.321533522511295 54.428372398958366
40.549675144339346 59.72083158167524 49.450324855660654 64.27916841832476
40.61044212563651 74.01519863359417 41.38955787436349 83.98480136640583
80.57090292788475 47.62970396720759 85.42909707211525 56.37029603279241
9.007943543347881 46.718269040398674 18.99205645665212 47.281730959601326
