75.83957595303076 2.4908351175326215 80.16042404696924 11.509164882467378
64.07979825414479 37.110272637217825 73.92020174585521 38.889727362782175
17.95210760223736 8.036371368094548 24.04789239776264 15.963628631905452
43.000000001090044 38.99989559502411 52.999999998909956 39.00010440497589
11.050798359201407 84.93343736403222 18.94920164079859 91.06656263596778
66.22709575055757 75.51023994359683 75.77290424944243 78.48976005640317
42.24152967201565 48.46476056014296 51.75847032798435 51.53523943985704
25.61044212563651 73.01519863359417 26.38955787436349 82.98480136640583
86.62970396720759 53.570902927884745 95.37029603279241 58.429097072115255
14.007943543347881 57.718269040398674 23.99205645665212 58.281730959601326
