84.28388844026864 9.33918942796951 93.71611155973136 12.66081057203049
63.89175972906939 38.15002423233039 72.10824027093061 43.84997576766961
23.352476699059387 4.042105933489606 24.647523300940613 13.957894066510395
52.46453992030448 38.464392269371594 59.53546007969552 45.535607730628406
10.933437364032212 88.05079835920141 17.066562635967788 95.94920164079859
68.6784664774887 67.57162760104163 73.3215335225113 76.42837239895837
45.24152967201565 46.46476056014296 54.75847032798435 49.53523943985704
24.61044212563651 76.01519863359417 25.38955787436349 85.98480136640583
83.62970396720759 51.570902927884745 92.37029603279241 56.429097072115255
15.270869155430905 59.66929689943949 22.729130844569095 66.33070310056051
