76.83957595303076 2.4908351175326215 81.16042404696924 11.509164882467378
69.11027263721782 33.07979825414479 70.88972736278218 42.92020174585521
16.95210760223736 7.036371368094548 23.04789239776264 14.963628631905452
47.99989559502411 35.000000001090044 48.00010440497589 44.999999998909956
13.375879974344391 81.03910550469216 14.624120025655609 90.96089449530784
63.22709575055757 75.51023994359683 72.77290424944243 78.48976005640317
42.549675144339346 46.72083158167524 51.450324855660654 51.27916841832476
21.015198633594174 78.61044212563651 30.984801366405826 79.38955787436349
88.57090292788475 52.62970396720759 93.42909707211525 61.37029603279241
15.007943543347881 57.718269040398674 24.99205645665212 58.281730959601326
