79.28388844026864 10.339189427969508 88.71611155973136 13.660810572030492
53.07979825414479 48.110272637217825 62.92020174585521 49.889727362782175
28.042105933489605 9.352476699059386 37.95789406651039 10.647523300940614
50.46453992030448 36.464392269371594 57.53546007969552 43.535607730628406
8.050798359201409 82.93343736403222 15.949201640798591 89.06656263596778
66.6784664774887 57.571627601041634 71.3215335225113 66.42837239895837
48.72083158167524 48.549675144339346 53.27916841832476 57.450324855660654
24.015198633594174 79.61044212563651 33.984801366405826 80.38955787436349
80.6273650512729 53.19210302756673 83.3726349487271 62.80789697243327
25.00794354334788 57.718269040398674 34.99205645665212 58.281730959601326
