67.49083511753263 7.83957595303076 76.50916488246737 12.16042404696924
72.11027263721782 31.079798254144787 73.88972736278218 40.92020174585521
13.036371368094548 7.952107602237358 20.96362863190545 14.047892397762642
42.464392269371594 35.46453992030448 49.535607730628406 42.53546007969552
10.933437364032212 83.05079835920141 17.066562635967788 90.94920164079859
65.57162760104163 77.6784664774887 74.42837239895837 82.3215335225113
40.549675144339346 47.72083158167524 49.450324855660654 52.27916841832476
26.750672165573512 77.19975413631943 33.24932783442649 84.80024586368057
91.6273650512729 55.19210302756673 94.3726349487271 64.80789697243327
18.71826904039867 57.00794354334788 19.28173095960133 66.99205645665212
