80.49083511753263 6.839575953030759 89.50916488246737 11.16042404696924
58.110272637217825 44.07979825414479 59.889727362782175 53.92020174585521
30.95210760223736 7.036371368094548 37.047892397762645 14.963628631905452
47.000000001090044 36.99989559502411 56.999999998909956 37.00010440497589
12.375879974344391 82.03910550469216 13.624120025655609 91.96089449530784
63.571627601041634 60.678466477488705 72.42837239895837 65.3215335225113
48.46476056014296 46.24152967201565 51.53523943985704 55.75847032798435
29.015198633594174 78.61044212563651 38.984801366405826 79.38955787436349
79.62970396720759 56.570902927884745 88.37029603279241 61.429097072115255
26.66929689943949 54.2708691554309 33.330703100560505 61.7291308445691
