86.28388844026864 6.339189427969509 95.71611155973136 9.660810572030492
48.89175972906939 43.15002423233039 57.10824027093061 48.84997576766961
28.95210760223736 17.03637136809455 35.047892397762645 24.96362863190545
55.99989559502411 9.00000000109004 56.00010440497589 18.99999999890996
8.03910550469216 77.37587997434439 17.96089449530784 78.62412002565561
57.571627601041634 54.678466477488705 66.42837239895837 59.321533522511295
33.24152967201565 54.46476056014296 42.75847032798435 57.53523943985704
37.199754136319434 78.75067216557352 44.800245863680566 85.24932783442648
67.19210302756673 48.6273650512729 76.80789697243327 51.3726349487271
16.00794354334788 57.71826904039867 25.99205645665212 58.28173095960133
