77.28388844026864 9.339189427969508 86.71611155973136 12.660810572030492
55.110272637217825 45.07979825414479 56.889727362782175 54.92020174585521
27.042105933489605 9.352476699059386 36.95789406651039 10.647523300940614
48.000000001090044 39.99989559502411 57.999999998909956 40.00010440497589
11.375879974344391 84.03910550469216 12.624120025655609 93.96089449530784
65.6784664774887 58.571627601041634 70.3215335225113 67.42837239895837
47.72083158167524 48.549675144339346 52.27916841832476 57.450324855660654
25.015198633594174 77.61044212563651 34.984801366405826 78.38955787436349
79.62970396720759 55.570902927884745 88.37029603279241 60.429097072115255
24.66929689943949 55.2708691554309 31.33070310056051 62.7291308445691
