79.28388844026864 2.339189427969509 88.71611155973136 5.660810572030491
67.11027263721782 30.079798254144787 68.88972736278218 39.92020174585521
19.042105933489605 7.352476699059387 28.957894066510395 8.647523300940614
50.46453992030448 10.464392269371594 57.53546007969552 17.535607730628406
17.05079835920141 69.93343736403222 24.94920164079859 76.06656263596778
53.51023994359683 43.22709575055757 56.48976005640317 52.77290424944243
41.24152967201565 60.46476056014296 50.75847032798435 63.53523943985704
36.015198633594174 78.61044212563651 45.984801366405826 79.38955787436349
88.57090292788475 50.62970396720759 93.42909707211525 59.37029603279241
4.718269040398671 33.00794354334788 5.281730959601329 42.99205645665212
