83.49083511753263 2.839575953030759 92.50916488246737 7.160424046969241
52.89175972906939 53.15002423233039 61.10824027093061 58.84997576766961
27.042105933489605 19.352476699059387 36.95789406651039 20.647523300940613
59.99989559502411 20.00000000109004 60.00010440497589 29.99999999890996
6.0391055046921585 78.37587997434439 15.96089449530784 79.62412002565561
65.51023994359683 55.22709575055757 68.48976005640317 64.77290424944243
44.72083158167524 57.549675144339346 49.27916841832476 66.45032485566065
33.61044212563651 77.01519863359417 34.38955787436349 86.98480136640583
80.19210302756673 55.6273650512729 89.80789697243327 58.3726349487271
26.270869155430905 54.669296899439495 33.7291308445691 61.330703100560505
