76.49083511753263 6.83957595303076 85.50916488246737 11.16042404696924
60.15002423233039 28.89175972906939 65.8499757676696 37.10824027093061
22.042105933489605 5.3524766990593875 31.957894066510395 6.6475233009406125
53.46453992030448 9.464392269371594 60.53546007969552 16.535607730628406
14.933437364032214 66.05079835920141 21.066562635967788 73.94920164079859
46.571627601041634 42.678466477488705 55.428372398958366 47.321533522511295
45.24152967201565 57.46476056014296 54.75847032798435 60.53523943985704
37.61044212563651 74.01519863359417 38.38955787436349 83.98480136640583
84.62970396720759 46.570902927884745 93.37029603279241 51.429097072115255
2.0079435433478805 39.71826904039867 11.992056456652119 40.28173095960133
