74.83957595303076 2.4908351175326207 79.16042404696924 11.50916488246738
65.1500242323304 23.89175972906939 70.8499757676696 32.10824027093061
16.042105933489605 15.352476699059387 25.957894066510395 16.647523300940613
32.46453992030448 27.464392269371594 39.53546007969552 34.535607730628406
14.375879974344391 76.03910550469216 15.624120025655609 85.96089449530784
67.22709575055757 80.51023994359683 76.77290424944243 83.48976005640317
41.549675144339346 53.72083158167524 50.450324855660654 58.27916841832476
28.61044212563651 70.01519863359417 29.38955787436349 79.98480136640583
86.62970396720759 55.570902927884745 95.37029603279241 60.429097072115255
12.669296899439491 57.2708691554309 19.33070310056051 64.7291308445691
