88.83957595303076 7.490835117532621 93.16042404696924 16.50916488246738
43.89175972906939 50.15002423233039 52.10824027093061 55.84997576766961
27.042105933489605 16.352476699059387 36.95789406651039 17.647523300940613
56.99989559502411 22.00000000109004 57.00010440497589 31.99999999890996
9.050798359201407 74.93343736403222 16.94920164079859 81.06656263596778
57.22709575055757 56.51023994359683 66.77290424944243 59.48976005640317
34.46476056014296 53.24152967201565 37.53523943985704 62.75847032798435
35.199754136319434 77.75067216557352 42.800245863680566 84.24932783442648
69.57090292788475 53.62970396720759 74.42909707211525 62.37029603279241
19.270869155430905 53.66929689943949 26.729130844569095 60.33070310056051
