88.33918942796952 4.283888440268641 91.66081057203048 13.71611155973136
45.07979825414479 49.110272637217825 54.92020174585521 50.889727362782175
28.042105933489605 17.352476699059387 37.95789406651039 18.647523300940613
55.46453992030448 17.464392269371594 62.53546007969552 24.535607730628406
6.933437364032213 68.05079835920141 13.066562635967788 75.94920164079859
61.51023994359683 51.22709575055757 64.48976005640317 60.77290424944243
30.464760560142963 50.24152967201565 33.53523943985704 59.75847032798435
39.75067216557351 78.19975413631943 46.24932783442649 85.80024586368057
72.57090292788475 50.62970396720759 77.42909707211525 59.37029603279241
18.00794354334788 59.718269040398674 27.99205645665212 60.281730959601326
