78.28388844026864 3.339189427969509 87.71611155973136 6.660810572030491
60.07979825414479 33.110272637217825 69.92020174585521 34.889727362782175
25.352476699059387 3.042105933489606 26.647523300940613 12.957894066510395
50.46453992030448 10.464392269371594 57.53546007969552 17.535607730628406
17.05079835920141 68.93343736403222 24.94920164079859 75.06656263596778
49.22709575055757 46.51023994359683 58.77290424944243 49.48976005640317
40.24152967201565 57.46476056014296 49.75847032798435 60.53523943985704
38.75067216557351 75.19975413631943 45.24932783442649 82.80024586368057
85.19210302756673 50.6273650512729 94.80789697243327 53.3726349487271
6.718269040398671 31.00794354334788 7.281730959601329 40.99205645665212
