74.28388844026864 13.339189427969508 83.71611155973136 16.660810572030492
58.110272637217825 49.07979825414479 59.889727362782175 58.92020174585521
27.352476699059387 5.042105933489606 28.647523300940613 14.957894066510395
45.46453992030448 35.464392269371594 52.53546007969552 42.535607730628406
8.03910550469216 95.37587997434439 17.96089449530784 96.62412002565561
64.6784664774887 58.571627601041634 69.3215335225113 67.42837239895837
47.72083158167524 48.549675144339346 52.27916841832476 57.450324855660654
26.750672165573512 76.19975413631943 33.24932783442649 83.80024586368057
80.57090292788475 54.62970396720759 85.42909707211525 63.37029603279241
22.00794354334788 61.718269040398674 31.99205645665212 62.281730959601326
