84.33918942796952 9.28388844026864 87.66081057203048 18.71611155973136
50.110272637217825 50.07979825414479 51.889727362782175 59.92020174585521
26.042105933489605 18.352476699059387 35.95789406651039 19.647523300940613
58.99989559502411 25.00000000109004 59.00010440497589 34.999999998909956
9.050798359201409 74.93343736403222 16.94920164079859 81.06656263596778
62.678466477488705 53.571627601041634 67.3215335225113 62.428372398958366
38.72083158167524 52.549675144339346 43.27916841832476 61.450324855660654
33.199754136319434 80.75067216557352 40.800245863680566 87.24932783442648
68.57090292788475 50.62970396720759 73.42909707211525 59.37029603279241
19.66929689943949 53.2708691554309 26.33070310056051 60.7291308445691
