80.83957595303076 10.49083511753262 85.16042404696924 19.50916488246738
62.110272637217825 42.07979825414479 63.889727362782175 51.92020174585521
24.03637136809455 6.952107602237357 31.96362863190545 13.047892397762643
46.464392269371594 35.46453992030448 53.535607730628406 42.53546007969552
7.0391055046921585 95.37587997434439 16.96089449530784 96.62412002565561
66.51023994359683 62.22709575055757 69.48976005640317 71.77290424944243
46.72083158167524 44.549675144339346 51.27916841832476 53.450324855660654
27.19975413631943 76.75067216557352 34.800245863680566 83.24932783442648
86.19210302756673 52.6273650512729 95.80789697243327 55.3726349487271
21.270869155430905 59.66929689943949 28.729130844569095 66.33070310056051
