82.33918942796952 6.283888440268641 85.66081057203048 15.71611155973136
53.07979825414479 48.110272637217825 62.92020174585521 49.889727362782175
28.042105933489605 8.352476699059386 37.95789406651039 9.647523300940614
49.46453992030448 36.464392269371594 56.53546007969552 43.535607730628406
7.050798359201408 82.93343736403222 14.949201640798591 89.06656263596778
67.51023994359683 57.22709575055757 70.48976005640317 66.77290424944243
48.72083158167524 49.549675144339346 53.27916841832476 58.450324855660654
24.015198633594174 79.61044212563651 33.984801366405826 80.38955787436349
77.62970396720759 55.570902927884745 86.37029603279241 60.429097072115255
25.00794354334788 57.718269040398674 34.99205645665212 58.281730959601326
