71.49083511753263 5.83957595303076 80.50916488246737 10.16042404696924
68.1500242323304 33.89175972906939 73.8499757676696 42.10824027093061
18.352476699059387 6.042105933489606 19.647523300940613 15.957894066510395
44.464392269371594 36.46453992030448 51.535607730628406 43.53546007969552
9.03910550469216 85.37587997434439 18.96089449530784 86.62412002565561
63.22709575055757 77.51023994359683 72.77290424944243 80.48976005640317
42.24152967201565 48.46476056014296 51.75847032798435 51.53523943985704
27.61044212563651 74.01519863359417 28.38955787436349 83.98480136640583
87.6273650512729 55.19210302756673 90.3726349487271 64.80789697243327
15.007943543347881 59.718269040398674 24.99205645665212 60.281730959601326
