87.83957595303076 7.490835117532621 92.16042404696924 16.50916488246738
43.07979825414479 49.110272637217825 52.92020174585521 50.889727362782175
28.03637136809455 9.952107602237358 35.96362863190545 16.04789239776264
53.46453992030448 23.464392269371594 60.53546007969552 30.535607730628406
7.050798359201407 73.93343736403222 14.949201640798593 80.06656263596778
58.571627601041634 56.678466477488705 67.42837239895837 61.321533522511295
31.549675144339346 55.72083158167524 40.450324855660654 60.27916841832476
38.75067216557351 78.19975413631943 45.24932783442649 85.80024586368057
72.57090292788475 54.62970396720759 77.42909707211525 63.37029603279241
22.71826904039867 55.00794354334788 23.28173095960133 64.99205645665212
