89.83957595303076 6.4908351175326215 94.16042404696924 15.509164882467378
47.07979825414479 49.110272637217825 56.92020174585521 50.889727362782175
29.03637136809455 16.95210760223736 36.96362863190545 23.04789239776264
56.464392269371594 13.46453992030448 63.535607730628406 20.53546007969552
7.050798359201408 69.93343736403222 14.949201640798591 76.06656263596778
60.571627601041634 53.678466477488705 69.42837239895837 58.321533522511295
30.72083158167524 51.549675144339346 35.27916841832476 60.450324855660654
41.61044212563651 77.01519863359417 42.38955787436349 86.98480136640583
73.6273650512729 49.19210302756673 76.3726349487271 58.80789697243327
21.270869155430905 56.669296899439495 28.729130844569095 63.330703100560505
