76.49083511753263 9.83957595303076 85.50916488246737 14.16042404696924
57.89175972906939 28.15002423233039 66.10824027093061 33.84997576766961
32.952107602237355 17.03637136809455 39.047892397762645 24.96362863190545
57.000000001090044 15.999895595024107 66.99999999890996 16.000104404975893
14.050798359201407 75.93343736403222 21.94920164079859 82.06656263596778
51.678466477488705 45.571627601041634 56.321533522511295 54.428372398958366
36.72083158167524 56.549675144339346 41.27916841832476 65.45032485566065
28.750672165573512 76.19975413631943 35.24932783442649 83.80024586368057
70.6273650512729 48.19210302756673 73.3726349487271 57.80789697243327
8.270869155430905 50.669296899439495 15.729130844569095 57.330703100560505
