75.28388844026864 14.339189427969508 84.71611155973136 17.660810572030492
56.110272637217825 49.07979825414479 57.889727362782175 58.92020174585521
27.352476699059387 6.042105933489606 28.647523300940613 15.957894066510395
43.000000001090044 38.99989559502411 52.999999998909956 39.00010440497589
8.03910550469216 95.37587997434439 17.96089449530784 96.62412002565561
65.51023994359683 58.22709575055757 68.48976005640317 67.77290424944243
46.72083158167524 48.549675144339346 51.27916841832476 57.450324855660654
25.750672165573512 76.19975413631943 32.24932783442649 83.80024586368057
80.57090292788475 55.62970396720759 85.42909707211525 64.37029603279241
22.00794354334788 61.718269040398674 31.99205645665212 62.281730959601326
