72.49083511753263 7.83957595303076 81.50916488246737 12.16042404696924
66.11027263721782 34.07979825414479 67.88972736278218 43.92020174585521
27.95210760223736 8.036371368094548 34.047892397762645 15.963628631905452
48.46453992030448 9.464392269371594 55.53546007969552 16.535607730628406
20.37587997434439 75.03910550469216 21.62412002565561 84.96089449530784
51.22709575055757 41.51023994359683 60.77290424944243 44.48976005640317
34.24152967201565 57.46476056014296 43.75847032798435 60.53523943985704
38.015198633594174 79.61044212563651 47.984801366405826 80.38955787436349
83.57090292788475 48.62970396720759 88.42909707211525 57.37029603279241
5.669296899439491 30.270869155430905 12.330703100560509 37.7291308445691
