85.33918942796952 8.28388844026864 88.66081057203048 17.71611155973136
64.1500242323304 32.89175972906939 69.8499757676696 41.10824027093061
21.03637136809455 5.952107602237358 28.96362863190545 12.047892397762642
56.99989559502411 35.000000001090044 57.00010440497589 44.999999998909956
13.375879974344391 86.03910550469216 14.624120025655609 95.96089449530784
61.571627601041634 71.6784664774887 70.42837239895837 76.3215335225113
44.549675144339346 45.72083158167524 53.450324855660654 50.27916841832476
22.015198633594174 82.61044212563651 31.984801366405826 83.38955787436349
89.6273650512729 52.19210302756673 92.3726349487271 61.80789697243327
19.270869155430905 57.66929689943949 26.729130844569095 64.33070310056051
