76.49083511753263 4.83957595303076 85.50916488246737 9.16042404696924
56.07979825414479 38.110272637217825 65.92020174585521 39.889727362782175
24.042105933489605 9.352476699059386 33.95789406651039 10.647523300940614
48.000000001090044 13.999895595024107 57.999999998909956 14.000104404975893
20.933437364032212 70.05079835920141 27.066562635967788 77.94920164079859
55.22709575055757 46.51023994359683 64.77290424944243 49.48976005640317
32.549675144339346 58.72083158167524 41.450324855660654 63.27916841832476
36.199754136319434 75.7506721655735 43.800245863680566 82.2493278344265
84.19210302756673 50.6273650512729 93.80789697243327 53.3726349487271
2.669296899439492 33.2708691554309 9.330703100560509 40.7291308445691
