82.49083511753263 5.839575953030759 91.50916488246737 10.16042404696924
56.110272637217825 50.07979825414479 57.889727362782175 59.92020174585521
28.95210760223736 14.036371368094548 35.047892397762645 21.96362863190545
57.99989559502411 20.00000000109004 58.00010440497589 29.99999999890996
13.375879974344391 76.03910550469216 14.624120025655609 85.96089449530784
61.571627601041634 57.678466477488705 70.42837239895837 62.321533522511295
44.46476056014296 54.24152967201565 47.53523943985704 63.75847032798435
31.015198633594174 81.61044212563651 40.984801366405826 82.38955787436349
76.19210302756673 56.6273650512729 85.80789697243327 59.3726349487271
23.66929689943949 55.2708691554309 30.33070310056051 62.7291308445691
