76.49083511753263 9.83957595303076 85.50916488246737 14.16042404696924
59.150024232330395 27.89175972906939 64.8499757676696 36.10824027093061
26.95210760223736 3.0363713680945477 33.047892397762645 10.963628631905452
63.99989559502411 10.00000000109004 64.0001044049759 19.99999999890996
14.050798359201407 72.93343736403222 21.94920164079859 79.06656263596778
53.22709575055757 46.51023994359683 62.77290424944243 49.48976005640317
41.72083158167524 55.549675144339346 46.27916841832476 64.45032485566065
33.61044212563651 80.01519863359417 34.38955787436349 89.98480136640583
78.62970396720759 47.570902927884745 87.37029603279241 52.429097072115255
5.0079435433478805 49.71826904039867 14.992056456652119 50.28173095960133
