85.28388844026864 8.339189427969508 94.71611155973136 11.660810572030492
43.07979825414479 45.110272637217825 52.92020174585521 46.889727362782175
26.95210760223736 18.03637136809455 33.047892397762645 25.96362863190545
53.000000001090044 12.999895595024107 62.999999998909956 13.000104404975893
9.375879974344391 69.03910550469216 10.624120025655609 78.96089449530784
55.678466477488705 55.571627601041634 60.321533522511295 64.42837239895837
37.46476056014296 54.24152967201565 40.53523943985704 63.75847032798435
35.015198633594174 84.61044212563651 44.984801366405826 85.38955787436349
66.19210302756673 48.6273650512729 75.80789697243327 51.3726349487271
13.270869155430905 54.669296899439495 20.729130844569095 61.330703100560505
