80.28388844026864 7.339189427969509 89.71611155973136 10.66081057203049
55.89175972906939 27.15002423233039 64.10824027093061 32.84997576766961
22.042105933489605 5.3524766990593875 31.957894066510395 6.6475233009406125
58.99989559502411 9.00000000109004 59.00010440497589 18.99999999890996
12.933437364032212 68.05079835920141 19.066562635967788 75.94920164079859
50.571627601041634 40.678466477488705 59.428372398958366 45.321533522511295
41.549675144339346 57.72083158167524 50.450324855660654 62.27916841832476
32.015198633594174 79.61044212563651 41.984801366405826 80.38955787436349
82.57090292788475 46.62970396720759 87.42909707211525 55.37029603279241
5.669296899439492 38.2708691554309 12.330703100560509 45.7291308445691
