77.49083511753263 12.83957595303076 86.50916488246737 17.16042404696924
61.110272637217825 41.07979825414479 62.889727362782175 50.92020174585521
22.042105933489605 11.352476699059386 31.957894066510395 12.647523300940614
45.464392269371594 35.46453992030448 52.535607730628406 42.53546007969552
7.0391055046921585 95.37587997434439 16.96089449530784 96.62412002565561
67.51023994359683 63.22709575055757 70.48976005640317 72.77290424944243
46.72083158167524 44.549675144339346 51.27916841832476 53.450324855660654
26.19975413631943 76.75067216557352 33.800245863680566 83.24932783442648
85.19210302756673 52.6273650512729 94.80789697243327 55.3726349487271
20.00794354334788 63.71826904039867 29.99205645665212 64.28173095960133
