88.33918942796952 3.2838884402686412 91.66081057203048 12.71611155973136
51.110272637217825 40.07979825414479 52.889727362782175 49.92020174585521
28.95210760223736 16.03637136809455 35.047892397762645 23.96362863190545
58.99989559502411 11.00000000109004 59.00010440497589 20.99999999890996
5.0391055046921585 76.37587997434439 14.96089449530784 77.62412002565561
55.22709575055757 56.51023994359683 64.77290424944243 59.48976005640317
31.549675144339346 54.72083158167524 40.450324855660654 59.27916841832476
36.199754136319434 79.75067216557352 43.800245863680566 86.24932783442648
70.62970396720759 47.570902927884745 79.37029603279241 52.429097072115255
16.66929689943949 54.2708691554309 23.33070310056051 61.7291308445691
