75.83957595303076 8.49083511753262 80.16042404696924 17.50916488246738
61.110272637217825 47.07979825414479 62.889727362782175 56.92020174585521
25.352476699059387 6.042105933489606 26.647523300940613 15.957894066510395
44.46453992030448 33.464392269371594 51.53546007969552 40.535607730628406
4.0391055046921585 95.37587997434439 13.96089449530784 96.62412002565561
66.6784664774887 61.571627601041634 71.3215335225113 70.42837239895837
44.72083158167524 45.549675144339346 49.27916841832476 54.450324855660654
22.19975413631943 76.75067216557352 29.80024586368057 83.24932783442648
81.19210302756673 52.6273650512729 90.80789697243327 55.3726349487271
23.00794354334788 60.718269040398674 32.99205645665212 61.281730959601326
