76.83957595303076 9.49083511753262 81.16042404696924 18.50916488246738
54.89175972906939 49.15002423233039 63.10824027093061 54.84997576766961
23.95210760223736 7.036371368094548 30.04789239776264 14.963628631905452
43.000000001090044 37.99989559502411 52.999999998909956 38.00010440497589
8.03910550469216 95.37587997434439 17.96089449530784 96.62412002565561
62.22709575055757 63.51023994359683 71.77290424944243 66.48976005640317
49.46476056014296 47.24152967201565 52.53523943985704 56.75847032798435
24.750672165573512 75.19975413631943 31.249327834426488 82.80024586368057
82.6273650512729 53.19210302756673 85.3726349487271 62.80789697243327
22.00794354334788 61.718269040398674 31.99205645665212 62.281730959601326
