80.28388844026864 4.339189427969509 89.71611155973136 7.660810572030491
58.89175972906939 28.15002423233039 67.10824027093061 33.84997576766961
28.95210760223736 5.036371368094548 35.047892397762645 12.963628631905452
56.464392269371594 9.464539920304482 63.535607730628406 16.53546007969552
18.375879974344393 65.03910550469216 19.624120025655607 74.96089449530784
57.678466477488705 42.571627601041634 62.321533522511295 51.428372398958366
39.549675144339346 57.72083158167524 48.450324855660654 62.27916841832476
38.199754136319434 73.75067216557352 45.800245863680566 80.24932783442648
77.19210302756673 51.6273650512729 86.80789697243327 54.3726349487271
11.007943543347881 47.718269040398674 20.99205645665212 48.281730959601326
