81.83957595303076 10.49083511753262 86.16042404696924 19.50916488246738
59.150024232330395 44.89175972906939 64.8499757676696 53.10824027093061
25.352476699059387 7.042105933489606 26.647523300940613 16.957894066510395
45.000000001090044 35.99989559502411 54.999999998909956 36.00010440497589
6.0391055046921585 95.37587997434439 15.96089449530784 96.62412002565561
65.57162760104163 65.6784664774887 74.42837239895837 70.3215335225113
45.549675144339346 46.72083158167524 54.450324855660654 51.27916841832476
22.015198633594174 79.61044212563651 31.984801366405826 80.38955787436349
88.57090292788475 50.62970396720759 93.42909707211525 59.37029603279241
24.71826904039867 57.00794354334788 25.28173095960133 66.99205645665212
