74.83957595303076 3.4908351175326215 79.16042404696924 12.509164882467378
66.1500242323304 30.89175972906939 71.8499757676696 39.10824027093061
17.042105933489605 10.352476699059386 26.957894066510395 11.647523300940614
43.000000001090044 37.99989559502411 52.999999998909956 38.00010440497589
14.933437364032214 84.05079835920141 21.066562635967788 91.94920164079859
67.57162760104163 74.6784664774887 76.42837239895837 79.3215335225113
44.72083158167524 46.549675144339346 49.27916841832476 55.450324855660654
22.19975413631943 73.75067216557352 29.80024586368057 80.24932783442648
87.62970396720759 53.570902927884745 96.37029603279241 58.429097072115255
18.71826904039867 51.00794354334788 19.28173095960133 60.99205645665212
