77.49083511753263 8.83957595303076 86.50916488246737 13.16042404696924
57.89175972906939 29.15002423233039 66.10824027093061 34.84997576766961
24.95210760223736 3.0363713680945477 31.04789239776264 10.963628631905452
60.46453992030448 11.464392269371594 67.53546007969553 18.535607730628406
13.050798359201407 71.93343736403222 20.94920164079859 78.06656263596778
53.22709575055757 46.51023994359683 62.77290424944243 49.48976005640317
39.24152967201565 58.46476056014296 48.75847032798435 61.53523943985704
30.19975413631943 80.75067216557352 37.800245863680566 87.24932783442648
78.19210302756673 48.6273650512729 87.80789697243327 51.3726349487271
5.0079435433478805 50.71826904039867 14.992056456652119 51.28173095960133
