76.83957595303076 2.4908351175326215 81.16042404696924 11.509164882467378
65.89175972906939 35.15002423233039 74.10824027093061 40.84997576766961
16.95210760223736 7.036371368094548 23.04789239776264 14.963628631905452
47.99989559502411 35.000000001090044 48.00010440497589 44.999999998909956
10.050798359201407 83.93343736403222 17.94920164079859 90.06656263596778
63.22709575055757 74.51023994359683 72.77290424944243 77.48976005640317
42.24152967201565 47.46476056014296 51.75847032798435 50.53523943985704
22.750672165573512 76.19975413631943 29.249327834426488 83.80024586368057
86.19210302756673 54.6273650512729 95.80789697243327 57.3726349487271
16.270869155430905 54.669296899439495 23.729130844569095 61.330703100560505
