85.49083511753263 9.83957595303076 94.50916488246737 14.16042404696924
44.89175972906939 47.15002423233039 53.10824027093061 52.84997576766961
29.03637136809455 14.952107602237358 36.96362863190545 21.04789239776264
55.46453992030448 17.464392269371594 62.53546007969552 24.535607730628406
4.0391055046921585 71.37587997434439 13.96089449530784 72.62412002565561
60.51023994359683 52.22709575055757 63.48976005640317 61.77290424944243
29.464760560142963 50.24152967201565 32.53523943985704 59.75847032798435
38.75067216557351 78.19975413631943 45.24932783442649 85.80024586368057
71.62970396720759 52.570902927884745 80.37029603279241 57.429097072115255
18.00794354334788 59.718269040398674 27.99205645665212 60.281730959601326
