81.28388844026864 3.339189427969509 90.71611155973136 6.660810572030491
59.07979825414479 32.110272637217825 68.92020174585521 33.889727362782175
22.95210760223736 3.0363713680945477 29.04789239776264 10.963628631905452
52.46453992030448 12.464392269371594 59.53546007969552 19.535607730628406
18.05079835920141 69.93343736403222 25.94920164079859 76.06656263596778
51.571627601041634 43.678466477488705 60.428372398958366 48.321533522511295
44.46476056014296 55.24152967201565 47.53523943985704 64.75847032798434
37.61044212563651 74.01519863359417 38.38955787436349 83.98480136640583
92.6273650512729 48.19210302756673 95.3726349487271 57.80789697243327
3.718269040398671 34.00794354334788 4.281730959601329 43.99205645665212
