64.49083511753263 9.83957595303076 73.50916488246737 14.16042404696924
66.07979825414479 35.110272637217825 75.92020174585521 36.889727362782175
18.352476699059387 11.042105933489605 19.647523300940613 20.957894066510395
31.464392269371594 31.46453992030448 38.535607730628406 38.53546007969552
9.03910550469216 82.37587997434439 18.96089449530784 83.62412002565561
70.22709575055757 84.51023994359683 79.77290424944243 87.48976005640317
38.24152967201565 52.46476056014296 47.75847032798435 55.53523943985704
25.015198633594174 74.61044212563651 34.984801366405826 75.38955787436349
92.6273650512729 52.19210302756673 95.3726349487271 61.80789697243327
14.007943543347881 60.718269040398674 23.99205645665212 61.281730959601326
