73.49083511753263 7.83957595303076 82.50916488246737 12.16042404696924
66.11027263721782 34.07979825414479 67.88972736278218 43.92020174585521
26.03637136809455 6.952107602237357 33.96362863190545 13.047892397762643
50.46453992030448 10.464392269371594 57.53546007969552 17.535607730628406
20.37587997434439 75.03910550469216 21.62412002565561 84.96089449530784
55.678466477488705 39.571627601041634 60.321533522511295 48.428372398958366
34.549675144339346 57.72083158167524 43.450324855660654 62.27916841832476
38.015198633594174 80.61044212563651 47.984801366405826 81.38955787436349
84.6273650512729 47.19210302756673 87.3726349487271 56.80789697243327
5.669296899439491 30.270869155430905 12.330703100560509 37.7291308445691
