78.33918942796952 3.2838884402686412 81.66081057203048 12.71611155973136
60.07979825414479 39.110272637217825 69.92020174585521 40.889727362782175
22.042105933489605 9.352476699059386 31.957894066510395 10.647523300940614
51.46453992030448 9.464392269371594 58.53546007969552 16.535607730628406
15.03910550469216 77.37587997434439 24.96089449530784 78.62412002565561
55.678466477488705 41.571627601041634 60.321533522511295 50.428372398958366
31.549675144339346 56.72083158167524 40.450324855660654 61.27916841832476
42.61044212563651 74.01519863359417 43.38955787436349 83.98480136640583
84.19210302756673 51.6273650512729 93.80789697243327 54.3726349487271
2.0079435433478805 33.718269040398674 11.992056456652119 34.281730959601326
