79.49083511753263 6.83957595303076 88.50916488246737 11.16042404696924
57.07979825414479 32.110272637217825 66.92020174585521 33.889727362782175
22.042105933489605 6.3524766990593875 31.957894066510395 7.6475233009406125
58.99989559502411 9.00000000109004 59.00010440497589 18.99999999890996
15.933437364032214 67.05079835920141 22.066562635967788 74.94920164079859
49.22709575055757 42.51023994359683 58.77290424944243 45.48976005640317
42.24152967201565 56.46476056014296 51.75847032798435 59.53523943985704
38.61044212563651 76.01519863359417 39.38955787436349 85.98480136640583
86.62970396720759 49.570902927884745 95.37029603279241 54.429097072115255
2.2708691554309053 35.66929689943949 9.729130844569095 42.33070310056051
