64.28388844026864 11.339189427969508 73.71611155973136 14.660810572030492
68.89175972906939 32.15002423233039 77.10824027093061 37.84997576766961
17.352476699059387 10.042105933489605 18.647523300940613 19.957894066510395
30.00000000109004 34.99989559502411 39.999999998909956 35.00010440497589
8.03910550469216 82.37587997434439 17.96089449530784 83.62412002565561
70.22709575055757 84.51023994359683 79.77290424944243 87.48976005640317
41.72083158167524 48.549675144339346 46.27916841832476 57.450324855660654
26.015198633594174 74.61044212563651 35.984801366405826 75.38955787436349
93.6273650512729 52.19210302756673 96.3726349487271 61.80789697243327
14.007943543347881 61.718269040398674 23.99205645665212 62.281730959601326
