76.49083511753263 9.83957595303076 85.50916488246737 14.16042404696924
56.110272637217825 29.079798254144787 57.889727362782175 38.92020174585521
30.042105933489605 23.352476699059387 39.95789406651039 24.647523300940613
51.46453992030448 9.464392269371594 58.53546007969552 16.535607730628406
13.933437364032214 74.05079835920141 20.066562635967788 81.94920164079859
49.571627601041634 49.678466477488705 58.428372398958366 54.321533522511295
34.24152967201565 50.46476056014296 43.75847032798435 53.53523943985704
33.61044212563651 74.01519863359417 34.38955787436349 83.98480136640583
70.57090292788475 48.62970396720759 75.42909707211525 57.37029603279241
9.007943543347881 51.718269040398674 18.99205645665212 52.281730959601326
