64.28388844026864 12.339189427969508 73.71611155973136 15.660810572030492
71.11027263721782 31.079798254144787 72.88972736278218 40.92020174585521
13.036371368094548 11.952107602237357 20.96362863190545 18.047892397762645
36.99989559502411 30.00000000109004 37.00010440497589 39.999999998909956
10.933437364032212 82.05079835920141 17.066562635967788 89.94920164079859
68.51023994359683 81.22709575055757 71.48976005640317 90.77290424944243
38.24152967201565 52.46476056014296 47.75847032798435 55.53523943985704
29.19975413631943 74.75067216557352 36.800245863680566 81.24932783442648
92.6273650512729 51.19210302756673 95.3726349487271 60.80789697243327
16.270869155430905 57.66929689943949 23.729130844569095 64.33070310056051
