85.83957595303076 4.490835117532621 90.16042404696924 13.50916488246738
52.89175972906939 52.15002423233039 61.10824027093061 57.84997576766961
27.042105933489605 18.352476699059387 36.95789406651039 19.647523300940613
56.99989559502411 22.00000000109004 57.00010440497589 31.99999999890996
10.933437364032212 77.05079835920141 17.066562635967788 84.94920164079859
65.51023994359683 53.22709575055757 68.48976005640317 62.77290424944243
42.24152967201565 56.46476056014296 51.75847032798435 59.53523943985704
31.015198633594174 82.61044212563651 40.984801366405826 83.38955787436349
77.57090292788475 53.62970396720759 82.42909707211525 62.37029603279241
22.270869155430905 54.669296899439495 29.729130844569095 61.330703100560505
