78.49083511753263 11.83957595303076 87.50916488246737 16.16042404696924
60.15002423233039 26.89175972906939 65.8499757676696 35.10824027093061
28.03637136809455 11.952107602237358 35.96362863190545 18.04789239776264
57.46453992030448 15.464392269371594 64.53546007969553 22.535607730628406
12.050798359201407 74.93343736403222 19.94920164079859 81.06656263596778
51.571627601041634 43.678466477488705 60.428372398958366 48.321533522511295
40.46476056014296 60.24152967201565 43.53523943985704 69.75847032798434
28.19975413631943 78.75067216557352 35.800245863680566 85.24932783442648
71.57090292788475 45.62970396720759 76.42909707211525 54.37029603279241
6.0079435433478805 50.71826904039867 15.992056456652119 51.28173095960133
