78.33918942796952 7.283888440268641 81.66081057203048 16.71611155973136
59.15002423233039 25.89175972906939 64.8499757676696 34.10824027093061
30.95210760223736 13.036371368094548 37.047892397762645 20.96362863190545
57.000000001090044 18.999895595024107 66.99999999890996 19.000104404975893
13.03910550469216 77.37587997434439 22.96089449530784 78.62412002565561
50.571627601041634 44.678466477488705 59.428372398958366 49.321533522511295
39.46476056014296 57.24152967201565 42.53523943985704 66.75847032798434
27.19975413631943 77.75067216557352 34.800245863680566 84.24932783442648
68.19210302756673 49.6273650512729 77.80789697243327 52.3726349487271
8.007943543347881 52.71826904039867 17.99205645665212 53.28173095960133
