77.49083511753263 2.8395759530307596 86.50916488246737 7.16042404696924
61.150024232330395 31.89175972906939 66.8499757676696 40.10824027093061
23.95210760223736 3.0363713680945477 30.04789239776264 10.963628631905452
51.46453992030448 6.464392269371594 58.53546007969552 13.535607730628406
15.933437364032212 70.05079835920141 22.066562635967788 77.94920164079859
55.678466477488705 41.571627601041634 60.321533522511295 50.428372398958366
41.72083158167524 55.549675144339346 46.27916841832476 64.45032485566065
39.199754136319434 73.7506721655735 46.800245863680566 80.2493278344265
87.57090292788475 49.62970396720759 92.42909707211525 58.37029603279241
10.71826904039867 32.00794354334788 11.28173095960133 41.99205645665212
