80.28388844026864 2.339189427969509 89.71611155973136 5.660810572030491
67.11027263721782 31.079798254144787 68.88972736278218 40.92020174585521
20.03637136809455 5.952107602237357 27.96362863190545 12.047892397762643
53.99989559502411 9.00000000109004 54.00010440497589 18.99999999890996
18.05079835920141 69.93343736403222 25.94920164079859 76.06656263596778
53.51023994359683 41.22709575055757 56.48976005640317 50.77290424944243
42.72083158167524 57.549675144339346 47.27916841832476 66.45032485566065
35.015198633594174 76.61044212563651 44.984801366405826 77.38955787436349
87.19210302756673 51.6273650512729 96.80789697243327 54.3726349487271
3.718269040398671 33.00794354334788 4.281730959601329 42.99205645665212
