79.83957595303076 7.490835117532621 84.16042404696924 16.50916488246738
58.110272637217825 45.07979825414479 59.889727362782175 54.92020174585521
28.042105933489605 9.352476699059386 37.95789406651039 10.647523300940614
49.000000001090044 39.99989559502411 58.999999998909956 40.00010440497589
8.933437364032212 85.05079835920141 15.066562635967788 92.94920164079859
63.22709575055757 61.51023994359683 72.77290424944243 64.48976005640317
47.72083158167524 49.549675144339346 52.27916841832476 58.450324855660654
28.61044212563651 74.01519863359417 29.38955787436349 83.98480136640583
79.6273650512729 53.19210302756673 82.3726349487271 62.80789697243327
25.66929689943949 54.2708691554309 32.330703100560505 61.7291308445691
