82.28388844026864 13.339189427969508 91.71611155973136 16.660810572030492
62.15002423233039 37.89175972906939 67.8499757676696 46.10824027093061
24.03637136809455 6.952107602237357 31.96362863190545 13.047892397762643
50.46453992030448 40.464392269371594 57.53546007969552 47.535607730628406
9.03910550469216 90.37587997434439 18.96089449530784 91.62412002565561
65.6784664774887 65.57162760104163 70.3215335225113 74.42837239895837
47.72083158167524 46.549675144339346 52.27916841832476 55.450324855660654
24.015198633594174 77.61044212563651 33.984801366405826 78.38955787436349
85.6273650512729 50.19210302756673 88.3726349487271 59.80789697243327
18.270869155430905 60.669296899439495 25.729130844569095 67.33070310056051
