69.83957595303076 6.4908351175326215 74.16042404696924 15.509164882467378
72.11027263721782 31.079798254144787 73.88972736278218 40.92020174585521
13.036371368094548 7.952107602237358 20.96362863190545 14.047892397762642
39.000000001090044 39.99989559502411 48.999999998909956 40.00010440497589
13.375879974344391 81.03910550469216 14.624120025655609 90.96089449530784
69.51023994359683 75.22709575055757 72.48976005640317 84.77290424944243
40.24152967201565 47.46476056014296 49.75847032798435 50.53523943985704
26.015198633594174 79.61044212563651 35.984801366405826 80.38955787436349
92.6273650512729 55.19210302756673 95.3726349487271 64.80789697243327
15.669296899439491 56.2708691554309 22.33070310056051 63.7291308445691
