83.28388844026864 3.339189427969509 92.71611155973136 6.660810572030491
53.89175972906939 52.15002423233039 62.10824027093061 57.84997576766961
35.35247669905939 15.042105933489605 36.64752330094061 24.957894066510395
54.464392269371594 21.46453992030448 61.535607730628406 28.53546007969552
6.0391055046921585 78.37587997434439 15.96089449530784 79.62412002565561
65.51023994359683 55.22709575055757 68.48976005640317 64.77290424944243
43.24152967201565 60.46476056014296 52.75847032798435 63.53523943985704
33.61044212563651 77.01519863359417 34.38955787436349 86.98480136640583
79.62970396720759 56.570902927884745 88.37029603279241 61.429097072115255
27.270869155430905 55.669296899439495 34.7291308445691 62.330703100560505
