86.33918942796952 2.2838884402686412 89.66081057203048 11.71611155973136
52.89175972906939 51.15002423233039 61.10824027093061 56.84997576766961
33.952107602237355 12.036371368094548 40.047892397762645 19.96362863190545
53.99989559502411 27.00000000109004 54.00010440497589 36.999999998909956
11.375879974344391 75.03910550469216 12.624120025655609 84.96089449530784
65.51023994359683 57.22709575055757 68.48976005640317 66.77290424944243
44.549675144339346 53.72083158167524 53.450324855660654 58.27916841832476
29.61044212563651 75.01519863359417 30.38955787436349 84.98480136640583
78.19210302756673 64.6273650512729 87.80789697243327 67.3726349487271
25.270869155430905 54.669296899439495 32.7291308445691 61.330703100560505
