83.83957595303076 8.49083511753262 88.16042404696924 17.50916488246738
48.110272637217825 40.07979825414479 49.889727362782175 49.92020174585521
28.352476699059387 18.042105933489605 29.647523300940613 27.957894066510395
58.99989559502411 8.00000000109004 59.00010440497589 17.99999999890996
11.375879974344391 69.03910550469216 12.624120025655609 78.96089449530784
58.678466477488705 51.571627601041634 63.321533522511295 60.428372398958366
36.72083158167524 54.549675144339346 41.27916841832476 63.450324855660654
35.015198633594174 82.61044212563651 44.984801366405826 83.38955787436349
65.57090292788475 46.62970396720759 70.42909707211525 55.37029603279241
13.270869155430905 53.66929689943949 20.729130844569095 60.33070310056051
