81.28388844026864 3.339189427969509 90.71611155973136 6.660810572030491
60.07979825414479 32.110272637217825 69.92020174585521 33.889727362782175
23.03637136809455 3.9521076022373567 30.96362863190545 10.047892397762643
49.000000001090044 15.999895595024107 58.999999998909956 16.000104404975893
18.05079835920141 68.93343736403222 25.94920164079859 75.06656263596778
50.571627601041634 43.678466477488705 59.428372398958366 48.321533522511295
41.24152967201565 58.46476056014296 50.75847032798435 61.53523943985704
34.75067216557351 76.19975413631943 41.24932783442649 83.80024586368057
92.6273650512729 48.19210302756673 95.3726349487271 57.80789697243327
4.718269040398671 33.00794354334788 5.281730959601329 42.99205645665212
