75.49083511753263 9.83957595303076 84.50916488246737 14.16042404696924
61.110272637217825 26.079798254144787 62.889727362782175 35.92020174585521
24.03637136809455 2.9521076022373576 31.96362863190545 9.047892397762642
58.46453992030448 13.464392269371594 65.53546007969553 20.535607730628406
10.03910550469216 75.37587997434439 19.96089449530784 76.62412002565561
55.51023994359683 44.22709575055757 58.48976005640317 53.77290424944243
37.24152967201565 61.46476056014296 46.75847032798435 64.53523943985704
33.61044212563651 80.01519863359417 34.38955787436349 89.98480136640583
76.57090292788475 45.62970396720759 81.42909707211525 54.37029603279241
6.0079435433478805 50.71826904039867 15.992056456652119 51.28173095960133
