78.49083511753263 4.83957595303076 87.50916488246737 9.16042404696924
58.89175972906939 35.15002423233039 67.10824027093061 40.84997576766961
24.03637136809455 6.952107602237357 31.96362863190545 13.047892397762643
49.000000001090044 11.999895595024107 58.999999998909956 12.000104404975893
19.933437364032212 70.05079835920141 26.066562635967788 77.94920164079859
53.22709575055757 47.51023994359683 62.77290424944243 50.48976005640317
36.46476056014296 57.24152967201565 39.53523943985704 66.75847032798434
37.199754136319434 73.7506721655735 44.800245863680566 80.2493278344265
86.57090292788475 48.62970396720759 91.42909707211525 57.37029603279241
5.7182690403986705 31.00794354334788 6.2817309596013295 40.99205645665212
