76.83957595303076 7.4908351175326215 81.16042404696924 16.509164882467378
60.15002423233039 26.89175972906939 65.8499757676696 35.10824027093061
25.042105933489605 8.352476699059386 34.95789406651039 9.647523300940614
58.46453992030448 13.464392269371594 65.53546007969553 20.535607730628406
14.375879974344391 72.03910550469216 15.624120025655609 81.96089449530784
55.51023994359683 44.22709575055757 58.48976005640317 53.77290424944243
40.72083158167524 60.549675144339346 45.27916841832476 69.45032485566065
29.015198633594174 83.61044212563651 38.984801366405826 84.38955787436349
74.19210302756673 48.6273650512729 83.80789697243327 51.3726349487271
11.71826904039867 46.00794354334788 12.28173095960133 55.99205645665212
