81.33918942796952 2.2838884402686412 84.66081057203048 11.71611155973136
57.07979825414479 31.11027263721782 66.92020174585521 32.889727362782175
27.042105933489605 8.352476699059387 36.95789406651039 9.647523300940613
59.000000001090044 11.999895595024107 68.99999999890996 12.000104404975893
16.375879974344393 68.03910550469216 17.624120025655607 77.96089449530784
52.571627601041634 45.678466477488705 61.428372398958366 50.321533522511295
41.24152967201565 56.46476056014296 50.75847032798435 59.53523943985704
33.75067216557351 79.19975413631943 40.24932783442649 86.80024586368057
80.6273650512729 47.19210302756673 83.3726349487271 56.80789697243327
10.669296899439491 49.2708691554309 17.33070310056051 56.7291308445691
