83.83957595303076 4.4908351175326215 88.16042404696924 13.509164882467378
56.150024232330395 47.89175972906939 61.849975767669605 56.10824027093061
34.03637136809455 11.952107602237358 41.96362863190545 18.04789239776264
47.46453992030448 27.464392269371594 54.53546007969552 34.535607730628406
8.933437364032212 78.05079835920141 15.066562635967788 85.94920164079859
65.51023994359683 60.22709575055757 68.48976005640317 69.77290424944243
48.72083158167524 49.549675144339346 53.27916841832476 58.450324855660654
28.750672165573512 76.19975413631943 35.24932783442649 83.80024586368057
80.57090292788475 59.62970396720759 85.42909707211525 68.37029603279241
28.71826904039867 50.00794354334788 29.28173095960133 59.99205645665212
