76.28388844026864 10.33918942796951 85.71611155973136 13.66081057203049
60.110272637217825 26.079798254144787 61.889727362782175 35.92020174585521
31.042105933489605 21.352476699059387 40.95789406651039 22.647523300940613
55.46453992030448 10.464392269371594 62.53546007969552 17.535607730628406
19.37587997434439 76.03910550469216 20.62412002565561 85.96089449530784
49.571627601041634 47.678466477488705 58.428372398958366 52.321533522511295
34.549675144339346 55.72083158167524 43.450324855660654 60.27916841832476
29.19975413631943 77.75067216557352 36.800245863680566 84.24932783442648
68.57090292788475 48.62970396720759 73.42909707211525 57.37029603279241
9.270869155430905 52.669296899439495 16.729130844569095 59.330703100560505
