83.83957595303076 5.490835117532621 88.16042404696924 14.50916488246738
46.89175972906939 42.15002423233039 55.10824027093061 47.84997576766961
28.352476699059387 18.042105933489605 29.647523300940613 27.957894066510395
58.99989559502411 8.00000000109004 59.00010440497589 17.99999999890996
7.0391055046921585 73.37587997434439 16.96089449530784 74.62412002565561
55.22709575055757 53.51023994359683 64.77290424944243 56.48976005640317
37.46476056014296 54.24152967201565 40.53523943985704 63.75847032798435
35.015198633594174 80.61044212563651 44.984801366405826 81.38955787436349
64.19210302756673 49.6273650512729 73.80789697243327 52.3726349487271
11.669296899439491 51.2708691554309 18.33070310056051 58.7291308445691
