77.28388844026864 10.339189427969508 86.71611155973136 13.660810572030492
58.110272637217825 46.07979825414479 59.889727362782175 55.92020174585521
28.03637136809455 5.952107602237357 35.96362863190545 12.047892397762643
45.464392269371594 37.46453992030448 52.535607730628406 44.53546007969552
8.03910550469216 95.37587997434439 17.96089449530784 96.62412002565561
62.22709575055757 62.51023994359683 71.77290424944243 65.48976005640317
45.549675144339346 50.72083158167524 54.450324855660654 55.27916841832476
25.19975413631943 77.75067216557352 32.800245863680566 84.24932783442648
78.62970396720759 57.570902927884745 87.37029603279241 62.429097072115255
25.270869155430905 55.669296899439495 32.7291308445691 62.330703100560505
