89.33918942796952 3.2838884402686412 92.66081057203048 12.71611155973136
51.110272637217825 40.07979825414479 52.889727362782175 49.92020174585521
26.042105933489605 19.352476699059387 35.95789406651039 20.647523300940613
55.99989559502411 10.00000000109004 56.00010440497589 19.99999999890996
7.0391055046921585 77.37587997434439 16.96089449530784 78.62412002565561
57.571627601041634 54.678466477488705 66.42837239895837 59.321533522511295
33.24152967201565 54.46476056014296 42.75847032798435 57.53523943985704
36.015198633594174 82.61044212563651 45.984801366405826 83.38955787436349
70.62970396720759 47.570902927884745 79.37029603279241 52.429097072115255
18.66929689943949 54.2708691554309 25.33070310056051 61.7291308445691
