81.28388844026864 14.339189427969508 90.71611155973136 17.660810572030492
64.11027263721782 38.07979825414479 65.88972736278218 47.92020174585521
26.352476699059387 5.042105933489606 27.647523300940613 14.957894066510395
49.464392269371594 40.46453992030448 56.535607730628406 47.53546007969552
10.03910550469216 90.37587997434439 19.96089449530784 91.62412002565561
65.6784664774887 65.57162760104163 70.3215335225113 74.42837239895837
46.24152967201565 50.46476056014296 55.75847032798435 53.53523943985704
24.015198633594174 78.61044212563651 33.984801366405826 79.38955787436349
84.19210302756673 53.6273650512729 93.80789697243327 56.3726349487271
18.00794354334788 61.718269040398674 27.99205645665212 62.281730959601326
