79.28388844026864 7.339189427969509 88.71611155973136 10.66081057203049
61.110272637217825 28.079798254144787 62.889727362782175 37.92020174585521
24.03637136809455 6.952107602237357 31.96362863190545 13.047892397762643
52.46453992030448 10.464392269371594 59.53546007969552 17.535607730628406
16.933437364032212 66.05079835920141 23.066562635967788 73.94920164079859
53.51023994359683 37.22709575055757 56.48976005640317 46.77290424944243
45.72083158167524 52.549675144339346 50.27916841832476 61.450324855660654
33.199754136319434 78.75067216557352 40.800245863680566 85.24932783442648
90.6273650512729 45.19210302756673 93.3726349487271 54.80789697243327
2.2708691554309053 34.66929689943949 9.729130844569095 41.33070310056051
