90.33918942796952 2.2838884402686412 93.66081057203048 11.71611155973136
51.110272637217825 42.07979825414479 52.889727362782175 51.92020174585521
31.03637136809455 17.95210760223736 38.96362863190545 24.04789239776264
56.99989559502411 9.00000000109004 57.00010440497589 18.99999999890996
8.933437364032212 72.05079835920141 15.066562635967788 79.94920164079859
61.678466477488705 49.571627601041634 66.3215335225113 58.428372398958366
33.549675144339346 52.72083158167524 42.450324855660654 57.27916841832476
35.015198633594174 80.61044212563651 44.984801366405826 81.38955787436349
69.19210302756673 50.6273650512729 78.80789697243327 53.3726349487271
17.00794354334788 58.71826904039867 26.99205645665212 59.28173095960133
