81.83957595303076 9.49083511753262 86.16042404696924 18.50916488246738
57.89175972906939 44.15002423233039 66.10824027093061 49.84997576766961
22.042105933489605 10.352476699059386 31.957894066510395 11.647523300940614
45.464392269371594 36.46453992030448 52.535607730628406 43.53546007969552
8.03910550469216 95.37587997434439 17.96089449530784 96.62412002565561
67.51023994359683 63.22709575055757 70.48976005640317 72.77290424944243
44.549675144339346 47.72083158167524 53.450324855660654 52.27916841832476
28.61044212563651 76.01519863359417 29.38955787436349 85.98480136640583
86.62970396720759 49.570902927884745 95.37029603279241 54.429097072115255
23.71826904039867 59.00794354334788 24.28173095960133 68.99205645665212
