82.33918942796952 8.28388844026864 85.66081057203048 17.71611155973136
62.110272637217825 30.079798254144787 63.889727362782175 39.92020174585521
21.95210760223736 5.036371368094548 28.04789239776264 12.963628631905452
50.46453992030448 35.464392269371594 57.53546007969552 42.535607730628406
10.933437364032214 89.05079835920141 17.066562635967788 96.94920164079859
64.22709575055757 74.51023994359683 73.77290424944243 77.48976005640317
45.46476056014296 49.24152967201565 48.53523943985704 58.75847032798435
27.750672165573512 78.19975413631943 34.24932783442649 85.80024586368057
85.19210302756673 54.6273650512729 94.80789697243327 57.3726349487271
20.270869155430905 57.669296899439495 27.729130844569095 64.33070310056051
