77.49083511753263 12.83957595303076 86.50916488246737 17.16042404696924
57.89175972906939 43.15002423233039 66.10824027093061 48.84997576766961
23.03637136809455 6.952107602237357 30.96362863190545 13.047892397762643
46.464392269371594 38.46453992030448 53.535607730628406 45.53546007969552
9.03910550469216 93.37587997434439 18.96089449530784 94.62412002565561
67.51023994359683 63.22709575055757 70.48976005640317 72.77290424944243
46.549675144339346 48.72083158167524 55.450324855660654 53.27916841832476
24.015198633594174 79.61044212563651 33.984801366405826 80.38955787436349
86.62970396720759 48.570902927884745 95.37029603279241 53.429097072115255
20.270869155430905 59.669296899439495 27.729130844569095 66.33070310056051
