64.28388844026864 11.339189427969508 73.71611155973136 14.660810572030492
68.89175972906939 32.15002423233039 77.10824027093061 37.84997576766961
13.036371368094548 12.952107602237357 20.96362863190545 19.047892397762645
31.00000000109004 34.99989559502411 40.999999998909956 35.00010440497589
9.050798359201407 79.93343736403222 16.94920164079859 86.06656263596778
70.51023994359683 80.22709575055757 73.48976005640317 89.77290424944243
40.72083158167524 48.549675144339346 45.27916841832476 57.450324855660654
27.015198633594174 75.61044212563651 36.984801366405826 76.38955787436349
91.6273650512729 52.19210302756673 94.3726349487271 61.80789697243327
18.71826904039867 57.00794354334788 19.28173095960133 66.99205645665212
