73.49083511753263 5.83957595303076 82.50916488246737 10.16042404696924
67.1500242323304 33.89175972906939 72.8499757676696 42.10824027093061
15.036371368094548 6.952107602237358 22.96362863190545 13.047892397762642
42.464392269371594 35.46453992030448 49.535607730628406 42.53546007969552
10.050798359201409 80.93343736403222 17.94920164079859 87.06656263596778
66.6784664774887 76.57162760104163 71.3215335225113 85.42837239895837
42.24152967201565 49.46476056014296 51.75847032798435 52.53523943985704
27.61044212563651 75.01519863359417 28.38955787436349 84.98480136640583
86.57090292788475 54.62970396720759 91.42909707211525 63.37029603279241
15.007943543347881 60.718269040398674 24.99205645665212 61.281730959601326
