87.28388844026864 8.33918942796951 96.71611155973136 11.66081057203049
47.07979825414479 50.110272637217825 56.92020174585521 51.889727362782175
32.35247669905939 16.042105933489605 33.64752330094061 25.957894066510395
56.000000001090044 16.999895595024107 65.99999999890996 17.000104404975893
10.375879974344391 67.03910550469216 11.624120025655609 76.96089449530784
60.571627601041634 54.678466477488705 69.42837239895837 59.321533522511295
30.72083158167524 51.549675144339346 35.27916841832476 60.450324855660654
38.199754136319434 78.75067216557352 45.800245863680566 85.24932783442648
74.6273650512729 49.19210302756673 77.3726349487271 58.80789697243327
21.270869155430905 56.669296899439495 28.729130844569095 63.330703100560505
