76.28388844026864 10.339189427969508 85.71611155973136 13.660810572030492
55.89175972906939 48.15002423233039 64.10824027093061 53.84997576766961
28.03637136809455 4.952107602237357 35.96362863190545 11.047892397762643
45.000000001090044 39.99989559502411 54.999999998909956 40.00010440497589
7.0391055046921585 92.37587997434439 16.96089449530784 93.62412002565561
63.22709575055757 61.51023994359683 72.77290424944243 64.48976005640317
45.24152967201565 50.46476056014296 54.75847032798435 53.53523943985704
24.750672165573512 76.19975413631943 31.249327834426488 83.80024586368057
79.57090292788475 55.62970396720759 84.42909707211525 64.37029603279241
25.270869155430905 56.669296899439495 32.7291308445691 63.330703100560505
