78.28388844026864 3.339189427969509 87.71611155973136 6.660810572030491
56.89175972906939 29.15002423233039 65.10824027093061 34.84997576766961
27.042105933489605 5.3524766990593875 36.95789406651039 6.6475233009406125
56.46453992030448 8.464392269371594 63.53546007969552 15.535607730628406
15.03910550469216 70.37587997434439 24.96089449530784 71.62412002565561
54.571627601041634 45.678466477488705 63.428372398958366 50.321533522511295
42.72083158167524 55.549675144339346 47.27916841832476 64.45032485566065
37.199754136319434 70.75067216557352 44.800245863680566 77.24932783442648
79.57090292788475 48.62970396720759 84.42909707211525 57.37029603279241
9.270869155430905 44.669296899439495 16.729130844569095 51.330703100560505
