81.28388844026864 8.339189427969508 90.71611155973136 11.660810572030492
55.110272637217825 49.07979825414479 56.889727362782175 58.92020174585521
27.042105933489605 21.352476699059387 36.95789406651039 22.647523300940613
58.99989559502411 21.00000000109004 59.00010440497589 30.99999999890996
11.375879974344391 74.03910550469216 12.624120025655609 83.96089449530784
63.571627601041634 55.678466477488705 72.42837239895837 60.321533522511295
44.72083158167524 54.549675144339346 49.27916841832476 63.450324855660654
31.19975413631943 78.75067216557352 38.800245863680566 85.24932783442648
74.6273650512729 53.19210302756673 77.3726349487271 62.80789697243327
22.270869155430905 57.669296899439495 29.729130844569095 64.33070310056051
