75.49083511753263 7.839575953030758 84.50916488246737 12.160424046969242
64.07979825414479 41.110272637217825 73.92020174585521 42.889727362782175
22.042105933489605 10.352476699059384 31.957894066510395 11.647523300940616
48.99989559502411 10.00000000109004 49.00010440497589 19.99999999890996
19.03910550469216 83.3758799743444 28.96089449530784 84.6241200256556
57.51023994359683 38.22709575055757 60.48976005640317 47.77290424944243
37.72083158167524 59.549675144339346 42.27916841832476 68.45032485566065
41.75067216557351 87.19975413631943 48.24932783442649 94.80024586368057
79.19210302756673 52.6273650512729 88.80789697243327 55.3726349487271
3.669296899439492 34.2708691554309 10.330703100560509 41.7291308445691
